Results for game StaticBoard5 against Gambler
Each cycle contains 100 games, where first half of games StaticBoard5 is black and second half Gambler is black
Number of cycles: 10
In first two columns winner gets 1 looser 0
last two columns refers to number of disc each player has at the end of the game

Cycle: 0
StaticBoard5,Gambler,Discs_StaticBoard5,Discs_Gambler
1,0,40,24
1,0,44,20
1,0,52,12
1,0,54,10
1,0,36,28
1,0,47,17
1,0,44,20
1,0,44,20
1,0,45,19
1,0,64,0
1,0,35,29
1,0,57,7
1,0,50,14
1,0,56,8
0,1,28,36
1,0,44,20
0,1,26,38
1,0,52,12
1,0,48,16
1,0,45,19
1,0,44,20
1,0,45,19
1,0,54,10
1,0,45,19
1,0,44,20
0,1,30,34
1,0,58,6
1,0,45,19
1,0,49,15
1,0,40,24
1,0,46,18
1,0,41,23
1,0,53,11
1,0,49,15
1,0,46,18
1,0,64,0
1,0,44,20
1,0,50,14
1,0,46,18
1,0,54,10
1,0,36,28
1,0,64,0
1,0,44,20
1,0,38,26
1,0,33,31
1,0,50,14
1,0,39,25
1,0,43,21
1,0,43,21
1,0,46,18
1,0,56,8
1,0,45,19
1,0,45,19
1,0,51,13
1,0,47,17
1,0,41,23
1,0,47,17
1,0,56,8
1,0,50,14
1,0,48,16
1,0,45,19
1,0,50,14
1,0,47,17
1,0,41,23
1,0,44,20
1,0,50,14
1,0,47,17
1,0,45,19
1,0,45,19
1,0,47,17
1,0,39,25
1,0,45,19
1,0,41,23
1,0,49,15
1,0,54,10
1,0,53,11
1,0,47,17
1,0,48,16
1,0,43,21
1,0,45,19
1,0,54,10
1,0,40,24
1,0,37,27
1,0,42,22
1,0,41,23
1,0,42,22
1,0,41,23
1,0,49,15
1,0,46,18
1,0,53,11
1,0,47,17
1,0,35,29
1,0,45,19
1,0,46,18
1,0,47,17
1,0,41,23
1,0,49,15
1,0,41,23
1,0,50,14
1,0,51,13

Cycle: 1
StaticBoard5,Gambler,Discs_StaticBoard5,Discs_Gambler
1,0,42,22
1,0,51,13
1,0,39,25
1,0,64,0
1,0,52,12
1,0,55,9
1,0,36,28
1,0,50,14
1,0,47,17
1,0,36,28
1,0,37,27
1,0,39,25
1,0,52,12
1,0,35,29
1,0,48,16
1,0,34,30
1,0,52,12
1,0,47,17
1,0,50,14
1,0,44,20
1,0,46,18
1,0,35,29
1,0,46,18
1,0,45,19
1,0,42,22
1,0,52,12
0,1,31,33
1,0,41,23
0,0,32,32
1,0,49,15
1,0,51,13
1,0,44,20
1,0,44,20
1,0,43,21
1,0,50,14
1,0,40,24
1,0,58,6
1,0,46,18
1,0,41,23
1,0,46,18
1,0,54,10
1,0,45,19
1,0,50,14
1,0,48,16
1,0,53,11
1,0,44,20
1,0,46,18
1,0,41,23
1,0,36,28
1,0,41,23
1,0,45,19
1,0,38,26
1,0,51,13
1,0,46,18
1,0,44,20
1,0,46,18
1,0,45,19
1,0,43,21
1,0,39,25
1,0,49,15
1,0,46,18
1,0,37,27
1,0,42,22
1,0,46,18
1,0,39,25
1,0,49,15
1,0,35,29
1,0,40,24
1,0,49,15
1,0,42,22
1,0,41,23
1,0,50,14
1,0,48,16
1,0,53,11
1,0,44,20
1,0,51,13
1,0,48,16
1,0,44,20
1,0,41,23
1,0,54,10
1,0,52,12
1,0,41,23
1,0,47,17
1,0,39,25
1,0,49,15
1,0,39,25
1,0,51,13
1,0,43,21
1,0,46,18
1,0,41,23
1,0,44,20
1,0,50,14
1,0,40,24
1,0,54,10
1,0,45,19
1,0,45,19
1,0,51,13
1,0,47,17
1,0,50,14
1,0,42,22

Cycle: 2
StaticBoard5,Gambler,Discs_StaticBoard5,Discs_Gambler
0,0,32,32
1,0,42,22
1,0,36,28
1,0,45,19
1,0,45,19
1,0,48,16
1,0,50,14
1,0,48,16
1,0,51,13
1,0,49,15
1,0,64,0
1,0,47,17
1,0,50,14
1,0,38,26
1,0,48,16
1,0,51,13
1,0,49,15
1,0,40,24
1,0,45,19
1,0,47,17
1,0,49,15
1,0,64,0
1,0,42,22
1,0,50,14
1,0,33,31
1,0,44,20
0,1,30,34
1,0,43,21
1,0,37,27
1,0,50,14
1,0,44,20
1,0,44,20
1,0,47,17
1,0,48,16
1,0,36,28
1,0,45,19
1,0,34,30
1,0,49,15
1,0,50,14
1,0,45,19
1,0,47,17
1,0,43,21
1,0,35,29
1,0,41,23
1,0,44,20
1,0,40,24
1,0,51,13
1,0,36,28
1,0,43,21
1,0,37,27
1,0,45,19
1,0,49,15
1,0,54,10
1,0,43,21
1,0,51,13
1,0,46,18
1,0,40,24
1,0,44,20
1,0,40,24
1,0,45,19
1,0,50,14
1,0,48,16
1,0,35,29
1,0,41,23
1,0,48,16
1,0,44,20
1,0,45,19
1,0,37,27
1,0,45,19
1,0,57,7
1,0,43,21
1,0,49,15
1,0,43,21
1,0,50,14
1,0,37,27
1,0,45,19
1,0,55,9
1,0,46,18
1,0,51,13
1,0,48,16
1,0,47,17
1,0,42,22
1,0,35,29
1,0,54,10
1,0,45,19
1,0,44,20
1,0,45,19
1,0,48,16
1,0,45,19
1,0,49,15
1,0,50,14
1,0,50,14
1,0,48,16
1,0,45,19
1,0,57,7
1,0,54,10
1,0,50,14
1,0,51,13
1,0,41,23
1,0,39,25

Cycle: 3
StaticBoard5,Gambler,Discs_StaticBoard5,Discs_Gambler
1,0,49,15
1,0,39,25
1,0,48,16
1,0,36,28
1,0,50,14
1,0,39,25
1,0,47,17
0,1,31,33
1,0,55,9
1,0,36,28
1,0,54,10
1,0,49,15
1,0,37,27
1,0,49,15
1,0,57,7
1,0,45,19
1,0,48,16
1,0,44,20
1,0,44,20
1,0,42,22
1,0,44,20
1,0,50,14
0,1,29,35
1,0,44,20
1,0,42,22
1,0,51,13
1,0,43,21
1,0,33,31
1,0,36,28
1,0,52,12
1,0,44,20
1,0,50,14
1,0,51,13
1,0,39,25
1,0,41,23
1,0,37,27
1,0,51,13
1,0,52,12
1,0,46,18
1,0,43,21
1,0,47,17
1,0,47,17
1,0,43,21
1,0,54,10
1,0,48,16
1,0,41,23
1,0,52,12
1,0,50,14
1,0,52,12
1,0,44,20
1,0,44,20
1,0,49,15
1,0,46,18
1,0,54,10
1,0,43,21
0,0,32,32
1,0,46,18
1,0,51,13
1,0,44,20
1,0,43,21
1,0,43,21
1,0,44,20
1,0,37,27
1,0,54,10
1,0,38,26
1,0,41,23
0,1,22,42
1,0,50,14
1,0,42,22
1,0,48,16
1,0,49,15
1,0,40,24
1,0,41,23
1,0,50,14
1,0,44,20
1,0,55,9
1,0,50,14
1,0,44,20
1,0,46,18
1,0,45,19
1,0,48,16
1,0,53,11
1,0,48,16
1,0,50,14
1,0,52,12
1,0,51,13
1,0,47,17
1,0,41,23
1,0,43,21
1,0,45,19
1,0,44,20
1,0,45,19
1,0,46,18
1,0,49,15
1,0,43,21
1,0,46,18
1,0,49,15
1,0,48,16
1,0,46,18
1,0,45,19

Cycle: 4
StaticBoard5,Gambler,Discs_StaticBoard5,Discs_Gambler
1,0,46,18
1,0,50,14
1,0,50,14
1,0,34,30
1,0,40,24
1,0,48,16
1,0,52,12
1,0,39,25
1,0,44,20
1,0,38,26
1,0,45,19
1,0,52,12
1,0,46,18
1,0,51,13
1,0,50,14
1,0,45,19
1,0,50,14
0,1,28,36
1,0,46,18
1,0,54,10
1,0,58,6
1,0,55,9
1,0,64,0
1,0,41,23
1,0,44,20
1,0,53,11
1,0,44,20
1,0,52,12
1,0,45,19
1,0,43,21
1,0,42,22
1,0,47,17
1,0,39,25
1,0,39,25
1,0,50,14
1,0,40,24
1,0,40,24
1,0,45,19
1,0,64,0
1,0,45,19
1,0,50,14
1,0,33,31
1,0,37,27
1,0,42,22
1,0,46,18
1,0,55,9
1,0,51,13
1,0,64,0
1,0,54,10
1,0,40,24
1,0,53,11
1,0,48,16
1,0,43,21
1,0,50,14
1,0,44,20
1,0,45,19
1,0,50,14
1,0,45,19
1,0,49,15
1,0,48,16
1,0,50,14
1,0,54,10
1,0,45,19
1,0,50,14
1,0,51,13
1,0,48,16
1,0,44,20
1,0,48,16
1,0,46,18
1,0,48,16
1,0,55,9
1,0,44,20
1,0,44,20
1,0,46,18
1,0,45,19
1,0,49,15
1,0,50,14
1,0,50,14
1,0,52,12
1,0,43,21
1,0,52,12
1,0,45,19
1,0,41,23
1,0,51,13
1,0,48,16
1,0,43,21
1,0,52,12
1,0,42,22
1,0,56,8
1,0,44,20
1,0,45,19
1,0,45,19
1,0,42,22
1,0,45,19
1,0,53,11
1,0,48,16
1,0,54,10
1,0,45,19
1,0,47,17
1,0,43,21

Cycle: 5
StaticBoard5,Gambler,Discs_StaticBoard5,Discs_Gambler
1,0,48,16
1,0,44,20
1,0,51,13
1,0,50,14
1,0,36,28
1,0,50,14
1,0,44,20
1,0,49,15
1,0,42,22
1,0,48,16
1,0,55,9
1,0,52,12
1,0,46,18
1,0,49,15
1,0,49,15
1,0,54,10
1,0,53,11
1,0,46,18
0,1,30,34
1,0,43,21
1,0,41,23
1,0,41,23
1,0,50,14
1,0,47,17
1,0,50,14
1,0,46,18
1,0,48,16
1,0,43,21
1,0,49,15
1,0,47,17
1,0,47,17
1,0,56,8
1,0,49,15
1,0,49,15
1,0,50,14
1,0,51,13
1,0,33,31
1,0,43,21
1,0,57,7
1,0,53,11
1,0,53,11
1,0,46,18
1,0,43,21
1,0,51,13
1,0,45,19
1,0,51,13
1,0,44,20
1,0,47,17
1,0,44,20
1,0,42,22
1,0,45,19
1,0,51,13
1,0,33,31
1,0,42,22
1,0,44,20
1,0,58,6
1,0,49,15
1,0,49,15
1,0,47,17
1,0,51,13
1,0,45,19
1,0,47,17
1,0,48,16
1,0,50,14
1,0,40,24
1,0,46,18
1,0,35,29
1,0,43,21
1,0,37,27
1,0,48,16
1,0,48,16
1,0,46,18
1,0,52,12
1,0,51,13
1,0,46,18
1,0,43,21
1,0,44,20
1,0,48,16
1,0,45,19
1,0,39,25
1,0,50,14
1,0,42,22
1,0,49,15
1,0,54,10
1,0,52,12
1,0,40,24
1,0,47,17
1,0,49,15
1,0,48,16
1,0,53,11
1,0,51,13
1,0,46,18
1,0,43,21
1,0,46,18
1,0,49,15
1,0,44,20
1,0,48,16
1,0,41,23
1,0,45,19
1,0,47,17

Cycle: 6
StaticBoard5,Gambler,Discs_StaticBoard5,Discs_Gambler
1,0,52,12
1,0,38,26
1,0,50,14
1,0,47,17
1,0,49,15
1,0,49,15
1,0,42,22
1,0,47,17
1,0,59,5
1,0,38,26
1,0,45,19
1,0,47,17
1,0,50,14
1,0,46,18
1,0,40,24
1,0,50,14
1,0,48,16
1,0,45,19
1,0,48,16
1,0,42,22
1,0,49,15
1,0,42,22
1,0,44,20
1,0,51,13
1,0,51,13
1,0,48,16
1,0,48,16
1,0,46,18
1,0,46,18
1,0,52,12
1,0,48,16
1,0,52,12
1,0,41,23
1,0,36,28
1,0,42,22
1,0,55,9
1,0,51,13
1,0,52,12
1,0,50,14
1,0,44,20
1,0,46,18
1,0,39,25
1,0,52,12
1,0,54,10
1,0,51,13
1,0,46,18
1,0,42,22
1,0,51,13
1,0,53,11
1,0,46,18
1,0,48,16
1,0,35,29
1,0,38,26
1,0,43,21
1,0,49,15
1,0,47,17
1,0,49,15
1,0,46,18
1,0,41,23
1,0,48,16
1,0,47,17
1,0,42,22
1,0,39,25
1,0,52,12
1,0,47,17
1,0,46,18
1,0,51,13
1,0,49,15
1,0,52,12
1,0,40,24
1,0,43,21
1,0,50,14
1,0,48,16
1,0,51,13
1,0,51,13
1,0,56,8
1,0,43,21
1,0,49,15
1,0,43,21
1,0,45,19
1,0,49,15
1,0,46,18
1,0,41,23
1,0,33,31
1,0,47,17
1,0,45,19
1,0,51,13
1,0,42,22
1,0,48,16
1,0,49,15
1,0,54,10
1,0,43,21
1,0,49,15
1,0,40,24
1,0,53,11
1,0,45,19
1,0,48,16
1,0,48,16
1,0,48,16
1,0,50,14

Cycle: 7
StaticBoard5,Gambler,Discs_StaticBoard5,Discs_Gambler
1,0,38,26
1,0,44,20
1,0,52,12
1,0,41,23
1,0,57,7
1,0,44,20
1,0,47,17
1,0,48,16
1,0,43,21
1,0,64,0
1,0,50,14
1,0,50,14
1,0,44,20
1,0,47,17
1,0,58,6
1,0,39,25
1,0,55,9
1,0,36,28
1,0,46,18
1,0,46,18
1,0,46,18
1,0,43,21
1,0,51,13
1,0,47,17
1,0,43,21
1,0,41,23
1,0,37,27
1,0,49,15
1,0,51,13
1,0,44,20
1,0,40,24
1,0,42,22
1,0,41,23
1,0,36,28
1,0,42,22
1,0,44,20
1,0,46,18
1,0,41,23
1,0,51,13
1,0,53,11
1,0,41,23
1,0,51,13
1,0,47,17
1,0,48,16
1,0,50,14
1,0,47,17
1,0,51,13
1,0,53,11
1,0,52,12
1,0,35,29
1,0,42,22
1,0,41,23
1,0,39,25
1,0,43,21
1,0,55,9
1,0,50,14
1,0,43,21
1,0,41,23
1,0,48,16
1,0,50,14
1,0,43,21
1,0,45,19
1,0,39,25
1,0,45,19
1,0,43,21
1,0,46,18
1,0,55,9
1,0,47,17
1,0,38,26
1,0,46,18
1,0,48,16
1,0,54,10
1,0,47,17
1,0,44,20
1,0,47,17
1,0,40,24
1,0,40,24
1,0,46,18
1,0,50,14
1,0,53,11
1,0,50,14
1,0,40,24
1,0,45,19
1,0,47,17
1,0,48,16
1,0,47,17
1,0,40,24
1,0,39,25
1,0,50,14
1,0,49,15
1,0,48,16
1,0,46,18
1,0,48,16
1,0,54,10
1,0,45,19
1,0,42,22
1,0,45,19
1,0,53,11
1,0,50,14
1,0,48,16

Cycle: 8
StaticBoard5,Gambler,Discs_StaticBoard5,Discs_Gambler
1,0,41,23
1,0,46,18
1,0,55,9
1,0,52,12
1,0,37,27
1,0,45,19
1,0,43,21
1,0,38,26
1,0,50,14
1,0,55,9
1,0,48,16
1,0,49,15
1,0,50,14
1,0,40,24
1,0,55,9
1,0,45,19
1,0,50,14
1,0,47,17
1,0,54,10
1,0,45,19
1,0,39,25
1,0,48,16
1,0,64,0
1,0,42,22
1,0,42,22
1,0,64,0
1,0,46,18
1,0,50,14
1,0,43,21
1,0,43,21
1,0,33,31
1,0,37,27
1,0,60,4
1,0,48,16
1,0,64,0
1,0,43,21
0,1,29,35
1,0,54,10
1,0,45,19
1,0,51,13
1,0,57,7
1,0,50,14
1,0,47,17
1,0,48,16
1,0,48,16
1,0,35,29
1,0,49,15
1,0,48,16
1,0,43,21
1,0,46,18
1,0,49,15
1,0,46,18
1,0,45,19
1,0,51,13
1,0,52,12
1,0,44,20
1,0,56,8
1,0,52,12
1,0,41,23
1,0,37,27
1,0,38,26
1,0,41,23
1,0,52,12
1,0,46,18
1,0,49,15
1,0,51,13
1,0,35,29
1,0,35,29
1,0,51,13
1,0,45,19
1,0,47,17
1,0,48,16
1,0,34,30
1,0,40,24
1,0,47,17
1,0,48,16
1,0,35,29
1,0,42,22
1,0,41,23
1,0,40,24
1,0,51,13
1,0,46,18
1,0,34,30
1,0,56,8
1,0,46,18
1,0,49,15
1,0,41,23
1,0,46,18
1,0,57,7
0,1,27,37
1,0,44,20
1,0,43,21
1,0,44,20
1,0,47,17
1,0,47,17
1,0,42,22
1,0,49,15
1,0,37,27
0,1,31,33
1,0,49,15

Cycle: 9
StaticBoard5,Gambler,Discs_StaticBoard5,Discs_Gambler
1,0,50,14
1,0,48,16
1,0,40,24
1,0,56,8
1,0,52,12
1,0,42,22
1,0,48,16
1,0,45,19
1,0,42,22
1,0,42,22
1,0,41,23
1,0,41,23
1,0,46,18
1,0,64,0
1,0,41,23
1,0,51,13
1,0,54,10
1,0,43,21
1,0,46,18
1,0,55,9
1,0,48,16
1,0,43,21
1,0,42,22
1,0,52,12
1,0,43,21
1,0,46,18
1,0,35,29
1,0,52,12
1,0,47,17
1,0,54,10
1,0,49,15
1,0,51,13
1,0,47,17
1,0,39,25
1,0,39,25
1,0,38,26
1,0,38,26
1,0,39,25
1,0,42,22
1,0,44,20
1,0,38,26
1,0,47,17
1,0,47,17
1,0,44,20
1,0,39,25
1,0,43,21
1,0,43,21
1,0,50,14
1,0,55,9
1,0,54,10
1,0,49,15
1,0,39,25
1,0,40,24
1,0,52,12
1,0,48,16
1,0,53,11
1,0,52,12
1,0,47,17
1,0,46,18
1,0,47,17
1,0,44,20
1,0,52,12
1,0,47,17
1,0,51,13
1,0,50,14
1,0,47,17
1,0,49,15
1,0,48,16
1,0,47,17
1,0,45,19
1,0,41,23
1,0,46,18
1,0,44,20
1,0,42,22
1,0,48,16
1,0,48,16
1,0,54,10
1,0,50,14
1,0,51,13
1,0,64,0
1,0,52,12
1,0,54,10
1,0,50,14
1,0,50,14
1,0,36,28
1,0,51,13
1,0,47,17
1,0,44,20
1,0,48,16
1,0,50,14
1,0,41,23
1,0,44,20
1,0,51,13
1,0,47,17
1,0,48,16
1,0,51,13
1,0,37,27
1,0,43,21
1,0,45,19
1,0,42,22
