Contains move time for player StaticBoard17; opponent is DynamicRoxanne
Colums refer to move number, rows to game number
game,1,2,3,4,5,6,7,8,9,10,11,12,13,14,15,16,17,18,19,20,21,22,23,24,25,26,27,28,29,30,31,32,33,34,35,36,37,38,39,40,41,42,43,44,45,46,47,48,49,50,total
1,7.504564546048641,12.281893003731966,25.132030963897705,75.71866542100906,113.34771132841706,98.27804463356733,81.12403424084187,39.520022977143526,91.82897312939167,55.554731875658035,76.49767629429698,189.23279881104827,121.66845112293959,187.44929097220302,1115.9297328405082,92.37075990438461,49.98087676987052,20.55545712262392,39.8121141679585,21.436194520443678,129.09927938133478,11.510420221835375,2.1655807681381702,1.4936914257705212,0.9968407228589058,0.35963616892695427,0.25974367931485176,0.04131929203867912,0.0044119954109191895,0.0007120072841644287,0.0001473166048526764,0.0,0.0,0.0,0.0,0.0,0.0,0.0,0.0,0.0,0.0,0.0,0.0,0.0,0.0,0.0,0.0,0.0,0.0,0.0,2661.1558076255023
2,7.347521189600229,12.108484406024218,36.26607125997543,80.22587499022484,52.26723346486688,135.7648269981146,109.60413641110063,235.02889814600348,179.02931274473667,139.77870350703597,500.0726475119591,391.2157977037132,264.2931538335979,142.6319292858243,160.5779308527708,197.8149064257741,116.6212646663189,194.91562690585852,121.72145491093397,71.35606337338686,22.013876914978027,16.961847186088562,3.8906807750463486,5.036324840039015,2.5959299206733704,1.019695296883583,0.28107840195298195,0.05728231370449066,0.006576862186193466,0.0005701445043087006,0.0,0.0,0.0,0.0,0.0,0.0,0.0,0.0,0.0,0.0,0.0,0.0,0.0,0.0,0.0,0.0,0.0,0.0,0.0,0.0,3200.5057012438774
3,7.321145780384541,23.45584700629115,31.91089065000415,44.07052204012871,24.39739031344652,0.004925627261400223,0.0,0.0,0.0,0.0,0.0,0.0,0.0,0.0,0.0,0.0,0.0,0.0,0.0,0.0,0.0,0.0,0.0,0.0,0.0,0.0,0.0,0.0,0.0,0.0,0.0,0.0,0.0,0.0,0.0,0.0,0.0,0.0,0.0,0.0,0.0,0.0,0.0,0.0,0.0,0.0,0.0,0.0,0.0,0.0,131.16072141751647
4,7.353023566305637,12.06618944182992,36.09696717187762,79.61979641392827,79.30732147023082,93.0532067194581,74.87751312926412,103.77630141749978,77.57260295376182,33.18673401325941,66.32300414517522,172.64124410972,137.38274642452598,143.370382219553,127.73055172711611,479.11390279605985,123.33215705677867,125.70466208457947,196.498694781214,29.045548904687166,16.282850980758667,9.936623465269804,4.638332922011614,1.943252194672823,1.6678119450807571,0.7349549159407616,0.3243384286761284,0.14391005784273148,0.023539170622825623,0.001499127596616745,0.0001642070710659027,0.0,0.0,0.0,0.0,0.0,0.0,0.0,0.0,0.0,0.0,0.0,0.0,0.0,0.0,0.0,0.0,0.0,0.0,0.0,2233.7498279623687
5,7.338413152843714,23.5119643881917,19.347491551190615,74.90161576494575,79.96221560239792,85.00423294305801,27.397374104708433,128.72508650273085,105.32292298972607,127.77348394319415,301.8963704109192,92.111792370677,37.46717547625303,137.2313199788332,53.26010762527585,66.99525551870465,50.14583373814821,47.559091344475746,15.198610778898,13.421467501670122,12.655389457941055,25.68420186638832,11.127119328826666,6.350894294679165,0.5713829174637794,0.7361885234713554,0.2470075972378254,0.03125328943133354,0.017323564738035202,0.0021209418773651123,0.0006908439099788666,0.0001440867781639099,0.0,0.0,0.0,0.0,0.0,0.0,0.0,0.0,0.0,0.0,0.0,0.0,0.0,0.0,0.0,0.0,0.0,0.0,1551.9955423995852
6,11.70494206622243,22.794099062681198,50.71357602626085,47.45080541819334,88.8925009444356,236.80338776111603,381.39345843344927,61.474773950874805,6.681030299514532,4.944808162748814,27.61845998466015,43.10611242428422,17.813839104026556,22.009381026029587,34.19312230497599,19.04073140397668,14.829324174672365,9.857636161148548,11.323699720203876,15.063459899276495,7.635617941617966,7.33339061960578,4.675726521760225,3.1033717058598995,2.001030083745718,0.9681364111602306,0.4197170026600361,0.019667640328407288,0.003436073660850525,0.0004192441701889038,0.0,0.0,0.0,0.0,0.0,0.0,0.0,0.0,0.0,0.0,0.0,0.0,0.0,0.0,0.0,0.0,0.0,0.0,0.0,0.0,1153.8696615733206
7,15.937261655926704,48.72284425422549,123.600360840559,138.5638618245721,149.29593163728714,171.829820394516,203.84707140177488,336.0707848407328,226.0923805423081,337.409791469574,215.1408782824874,54.322162348777056,63.310659907758236,145.33270631358027,115.0564594604075,85.57460997998714,13.891245946288109,47.789144948124886,23.481493812054396,17.243174199014902,9.863031230866909,3.434406667947769,2.4124485850334167,1.333517674356699,1.2183455117046833,0.303190965205431,0.08518513664603233,0.021169334650039673,0.0019279159605503082,0.000163394957780838,0.0,0.0,0.0,0.0,0.0,0.0,0.0,0.0,0.0,0.0,0.0,0.0,0.0,0.0,0.0,0.0,0.0,0.0,0.0,0.0,2551.1860304772854
8,11.534943830221891,20.64446797966957,46.240834817290306,110.78749275580049,138.07024297490716,139.21505721658468,145.36881363391876,179.09879729151726,187.77094802632928,177.17623332887888,207.28474532812834,22.77745258808136,36.51038996502757,36.03108066320419,76.78045230731368,40.31765056401491,16.06928275898099,31.079285863786936,44.856903083622456,15.148334234952927,43.85987904295325,2.743117481470108,2.0053674057126045,1.82498462125659,0.3074231259524822,0.16816499084234238,0.10500892996788025,0.01964891329407692,0.003848947584629059,0.0004083700478076935,0.0,0.0,0.0,0.0,0.0,0.0,0.0,0.0,0.0,0.0,0.0,0.0,0.0,0.0,0.0,0.0,0.0,0.0,0.0,0.0,1733.8012610413134
9,17.208336103707552,22.472272392362356,37.56224313750863,36.60559682548046,136.87277922406793,110.8207010999322,202.51128838211298,124.17173701897264,23.06656750291586,46.64693282917142,54.37787936255336,38.443077117204666,19.400239296257496,17.74544170126319,22.51884775981307,34.38046733662486,12.876477438956499,18.4424060434103,35.10674633085728,33.962763991206884,16.49063616245985,3.002293013036251,8.890020489692688,14.512106452137232,1.5616897828876972,0.20935336500406265,0.08636731281876564,0.012619342654943466,0.001486707478761673,0.00014734268188476562,0.0,0.0,0.0,0.0,0.0,0.0,0.0,0.0,0.0,0.0,0.0,0.0,0.0,0.0,0.0,0.0,0.0,0.0,0.0,0.0,1089.9595208652318
10,15.90524112060666,21.29698095843196,35.40229145810008,34.49889953806996,130.80736823007464,59.199908062815666,71.53472478315234,87.06255619227886,58.45992048084736,57.88224298506975,63.842140547931194,168.2284658588469,83.39427623897791,30.480690900236368,72.13679936528206,114.3010736964643,40.93394906446338,20.176940701901913,27.479042679071426,16.059165216982365,17.037361454218626,11.723803251981735,7.771173778921366,3.0886226519942284,0.9246710538864136,0.2742220237851143,0.07078477367758751,0.02173241227865219,0.002532441169023514,0.0006555430591106415,0.00011821463704109192,0.0,0.0,0.0,0.0,0.0,0.0,0.0,0.0,0.0,0.0,0.0,0.0,0.0,0.0,0.0,0.0,0.0,0.0,0.0,1249.998355679214
11,7.367513116449118,12.242136001586914,34.98102995380759,22.62926410138607,125.49486047029495,121.47565160691738,125.42634113132954,242.2597217001021,162.69462279602885,63.82282819226384,157.99082835763693,121.97884764894843,136.46314739063382,1438.484997022897,51.190315924584866,58.17662078887224,54.38149040937424,140.04853695258498,25.93960402533412,9.859506104141474,4.417646802961826,8.276327695697546,2.9607297219336033,1.2881833761930466,0.6599939689040184,0.61525509506464,0.08078895881772041,0.023324444890022278,0.0030633509159088135,0.0007191933691501617,0.00015693902969360352,0.0,0.0,0.0,0.0,0.0,0.0,0.0,0.0,0.0,0.0,0.0,0.0,0.0,0.0,0.0,0.0,0.0,0.0,0.0,3131.2340532429516
12,7.484190806746483,12.176489766687155,25.128582701086998,75.94320587441325,113.59491362422705,100.15335506945848,80.64003805443645,39.19273991510272,93.28344952315092,40.431127686053514,71.10110267624259,15.044496420770884,50.038156505674124,13.021108273416758,12.583123367279768,25.196033399552107,22.03167038038373,15.26749088615179,35.41053744778037,16.290581945329905,14.060655146837234,3.9670434705913067,9.57651450112462,8.391896467655897,3.700840674340725,0.2125205509364605,0.24892329797148705,0.04091474413871765,0.004240997135639191,0.00022452324628829956,0.00015255436301231384,0.0,0.0,0.0,0.0,0.0,0.0,0.0,0.0,0.0,0.0,0.0,0.0,0.0,0.0,0.0,0.0,0.0,0.0,0.0,904.2163212522864
13,7.975955199450254,12.549901075661182,25.478755623102188,54.47142415121198,124.37215019017458,160.73152559250593,199.76319512724876,171.44064567238092,92.22144123911858,130.59083819761872,47.639037899672985,238.85553289949894,297.62564500793815,190.8308127373457,111.54662637412548,100.74351741746068,50.87430280819535,145.35927161201835,88.72246343269944,83.43106860667467,150.90767873451114,18.931479435414076,16.989777259528637,4.718037903308868,1.0218770019710064,0.2321239896118641,0.13860202580690384,0.030278541147708893,0.0035852231085300446,0.0007158778607845306,0.0001623295247554779,0.0,0.0,0.0,0.0,0.0,0.0,0.0,0.0,0.0,0.0,0.0,0.0,0.0,0.0,0.0,0.0,0.0,0.0,0.0,2528.198429185897
14,7.264762416481972,23.383268851786852,31.685570120811462,44.35948087647557,23.90040347352624,0.004894517362117767,0.0,0.0,0.0,0.0,0.0,0.0,0.0,0.0,0.0,0.0,0.0,0.0,0.0,0.0,0.0,0.0,0.0,0.0,0.0,0.0,0.0,0.0,0.0,0.0,0.0,0.0,0.0,0.0,0.0,0.0,0.0,0.0,0.0,0.0,0.0,0.0,0.0,0.0,0.0,0.0,0.0,0.0,0.0,0.0,130.59838025644422
15,7.255357086658478,11.958361603319645,35.90502259880304,46.153455544263124,102.75773879140615,139.6683121882379,74.26003328338265,87.9195400737226,120.08682513237,76.13281198590994,29.526545744389296,64.22118851542473,48.3465356901288,71.40210571140051,40.603584080934525,56.80181751772761,21.49042770266533,31.537837982177734,11.353149324655533,7.148982580751181,4.462787996977568,1.229454841464758,0.6367675624787807,1.140988975763321,0.39367563277482986,0.18199661746621132,0.09274500980973244,0.03354344144463539,0.0028422921895980835,0.00041209161281585693,0.0,0.0,0.0,0.0,0.0,0.0,0.0,0.0,0.0,0.0,0.0,0.0,0.0,0.0,0.0,0.0,0.0,0.0,0.0,0.0,1092.704847600311
16,15.873297698795795,19.47633058577776,26.478405967354774,42.70994147285819,77.67310977727175,58.58265520259738,50.80963744968176,217.28340286388993,142.7035844027996,95.17979830130935,51.08513640612364,114.15702915936708,135.88906217738986,79.98510704934597,85.95830136165023,30.88095175847411,24.40737684443593,9.389263857156038,15.057594075798988,11.085555199533701,5.596430893987417,5.833356112241745,8.59669492393732,4.735194392502308,3.859896693378687,0.5532914586365223,0.13055645301938057,0.013897649943828583,0.002177216112613678,0.0001553669571876526,0.0,0.0,0.0,0.0,0.0,0.0,0.0,0.0,0.0,0.0,0.0,0.0,0.0,0.0,0.0,0.0,0.0,0.0,0.0,0.0,1333.9871927723289
17,11.761400062590837,32.83655707910657,95.14577786251903,117.28896053507924,70.47978860139847,102.66737950593233,33.95918995514512,136.20790111646056,174.66576306894422,99.58454499021173,41.535119604319334,177.17344406992197,52.474188573658466,89.34493048861623,99.05352443084121,450.62041246145964,35.7008845731616,21.658428203314543,21.105807278305292,15.239006459712982,8.887126676738262,3.223952230066061,1.9274570643901825,2.0777655616402626,0.9902384430170059,0.3890589326620102,0.09325883910059929,0.010157007724046707,0.0021354742348194122,0.0006010346114635468,0.0001346580684185028,0.0,0.0,0.0,0.0,0.0,0.0,0.0,0.0,0.0,0.0,0.0,0.0,0.0,0.0,0.0,0.0,0.0,0.0,0.0,1896.1048948429525
18,10.87233329564333,29.97942592576146,68.69271190464497,47.926029808819294,192.01600838452578,211.70560264587402,180.88858091831207,284.79039485380054,189.19132187962532,52.67157993093133,205.303845603019,165.31220998615026,72.77178540453315,22.29122069850564,25.33210840448737,13.344969477504492,11.441222485154867,8.510290883481503,7.092973697930574,5.519750721752644,6.6112932078540325,8.502348143607378,2.9570891931653023,3.5517447106540203,3.6253703385591507,1.7186436504125595,0.3676616996526718,0.042055901139974594,0.005202554166316986,0.0006582178175449371,0.00014310702681541443,0.0,0.0,0.0,0.0,0.0,0.0,0.0,0.0,0.0,0.0,0.0,0.0,0.0,0.0,0.0,0.0,0.0,0.0,0.0,1833.0365776345134
19,11.142580058425665,30.29314959794283,56.75078235939145,58.07912268489599,85.36164778470993,23.709475427865982,51.59884674102068,108.21277543157339,105.21349020302296,202.90734733641148,59.10109604150057,31.259885523468256,17.429678361862898,27.60554402694106,23.39127377793193,34.74524434283376,61.648727618157864,37.591065246611834,22.93927915021777,13.258026346564293,7.912334267050028,3.8491706289350986,1.6655609272420406,0.6582114845514297,0.24466165900230408,0.4007473438978195,0.176685880869627,0.01711249351501465,0.0025930553674697876,0.0007857605814933777,0.00013667717576026917,0.0,0.0,0.0,0.0,0.0,0.0,0.0,0.0,0.0,0.0,0.0,0.0,0.0,0.0,0.0,0.0,0.0,0.0,0.0,1077.1670382395387
20,11.389690328389406,15.91842669993639,31.289776116609573,34.292015589773655,94.94965212792158,123.23156121373177,117.71880159527063,122.76491287350655,96.3675191514194,101.69595941156149,189.13777482509613,72.29444467648864,154.22394537180662,123.27263487130404,104.43443702533841,57.8317697532475,45.70025455951691,50.0232656262815,20.62321176379919,16.07430247962475,106.0757133550942,4.451702915132046,3.4805195964872837,2.5353515557944775,0.9841795936226845,0.3656950555741787,0.13632381707429886,0.010521728545427322,0.0016917362809181213,0.00014303624629974365,0.0,0.0,0.0,0.0,0.0,0.0,0.0,0.0,0.0,0.0,0.0,0.0,0.0,0.0,0.0,0.0,0.0,0.0,0.0,0.0,1701.276198450476
21,6.858247138559818,11.451658826321363,34.25527527555823,35.27074360474944,56.3932084068656,42.57417709752917,87.96814566478133,67.69644396752119,172.51020158827305,145.47088995575905,38.782702930271626,70.68054224178195,129.95940931141376,58.93933431059122,77.9955193027854,151.14517766982317,43.86907758191228,57.05814904347062,43.08523769676685,62.6781695894897,16.54567675665021,12.594383522868156,10.373142823576927,2.3708129823207855,0.9040726013481617,0.26864786818623543,0.06309091672301292,0.01729140430688858,0.0032723024487495422,0.0005827024579048157,0.0,0.0,0.0,0.0,0.0,0.0,0.0,0.0,0.0,0.0,0.0,0.0,0.0,0.0,0.0,0.0,0.0,0.0,0.0,0.0,1437.7832850851119
22,6.552594296634197,10.888103734701872,31.18712543323636,20.006054900586605,107.97763476893306,105.0749699510634,107.16546264663339,199.1136399768293,205.83687678724527,161.22616727650166,49.83502430468798,119.45507150143385,132.7619015686214,53.249265391379595,44.153416965156794,50.478471737354994,12.602657575160265,15.173794440925121,14.102857414633036,14.13570411130786,8.304117780178785,15.20522290840745,31.823213528841734,4.968503154814243,2.8284972235560417,0.6024738475680351,0.2861068733036518,0.0212097205221653,0.004176545888185501,0.0004943571984767914,0.0,0.0,0.0,0.0,0.0,0.0,0.0,0.0,0.0,0.0,0.0,0.0,0.0,0.0,0.0,0.0,0.0,0.0,0.0,0.0,1525.0208107233047
23,6.3184552155435085,10.346981137990952,29.13843373581767,47.24253025278449,50.74988777562976,118.31202813610435,99.28392269089818,95.61713830754161,88.26894296333194,112.19312404841185,148.66470235213637,19.87617677822709,34.13877563551068,28.93598422035575,17.742815047502518,22.16845903918147,14.709959093481302,4.055473618209362,8.735722877085209,10.279283706098795,10.031810782849789,11.762196969240904,8.661933429539204,1.7590739652514458,0.9968969374895096,0.19104238599538803,0.1279093325138092,0.024298831820487976,0.003355950117111206,0.0012657493352890015,0.00010592862963676453,0.0,0.0,0.0,0.0,0.0,0.0,0.0,0.0,0.0,0.0,0.0,0.0,0.0,0.0,0.0,0.0,0.0,0.0,0.0,1000.3386868946254
24,6.259613547474146,10.3257024474442,20.459186505526304,45.388466607779264,61.10759386047721,133.74224320799112,138.30818104371428,106.1988862529397,77.54945977777243,46.04185524955392,146.23504314944148,89.63031899183989,209.13270409032702,77.15412522107363,92.23973290994763,311.5339369960129,35.97445408627391,8.637102887034416,8.984109807759523,8.328190002590418,2.802370321005583,2.5480436012148857,4.54232731461525,0.6179124787449837,1.0239985659718513,0.39728789404034615,0.09664630889892578,0.01984453573822975,0.008350938558578491,0.0023537464439868927,0.0006799660623073578,0.00012572482228279114,0.0,0.0,0.0,0.0,0.0,0.0,0.0,0.0,0.0,0.0,0.0,0.0,0.0,0.0,0.0,0.0,0.0,0.0,1645.2908480390906
25,6.263022858649492,20.696520283818245,28.395819198340178,38.879404831677675,21.20191477239132,0.004539720714092255,0.0,0.0,0.0,0.0,0.0,0.0,0.0,0.0,0.0,0.0,0.0,0.0,0.0,0.0,0.0,0.0,0.0,0.0,0.0,0.0,0.0,0.0,0.0,0.0,0.0,0.0,0.0,0.0,0.0,0.0,0.0,0.0,0.0,0.0,0.0,0.0,0.0,0.0,0.0,0.0,0.0,0.0,0.0,0.0,115.441221665591
26,13.968947019428015,41.937252286821604,71.35314647480845,72.1563945710659,41.23977817222476,101.33392187952995,65.02770525589585,40.63585965335369,25.55950576812029,103.61123820766807,143.97758317738771,200.4608074761927,104.74662466719747,136.62263057008386,106.81117068603635,147.71453725546598,447.9900805838406,35.53503901511431,28.82239793613553,13.413542825728655,14.728979211300611,5.607172790914774,2.7263818085193634,1.919184073805809,1.1967292502522469,0.6252878494560719,0.09645228460431099,0.01957366243004799,0.006242986768484116,0.0015880540013313293,0.00042137131094932556,0.00010036677122116089,0.0,0.0,0.0,0.0,0.0,0.0,0.0,0.0,0.0,0.0,0.0,0.0,0.0,0.0,0.0,0.0,0.0,0.0,1969.846277192235
27,11.065040230751038,18.538121320307255,41.75940473750234,68.36404511332512,91.03259869664907,239.522024538368,102.66157692670822,66.89569644257426,85.46982808411121,18.402179524302483,92.05255645513535,89.18165703490376,60.55043285340071,58.45689865201712,32.74817514419556,38.2383133135736,18.037285786122084,24.5690126568079,24.002053383737803,22.750509656965733,13.564432483166456,22.704534742981195,4.724901765584946,1.1292760856449604,0.4484235681593418,0.12097522616386414,0.06496203690767288,0.010814651846885681,0.0016872473061084747,0.00013502687215805054,0.0,0.0,0.0,0.0,0.0,0.0,0.0,0.0,0.0,0.0,0.0,0.0,0.0,0.0,0.0,0.0,0.0,0.0,0.0,0.0,1247.0675533860922
28,9.956344783306122,19.50542590394616,43.4495109282434,40.552403166890144,76.4207128547132,204.8400921188295,325.5463368706405,52.39653616026044,5.769230008125305,4.292794499546289,26.619246523827314,21.51119716092944,15.576485320925713,23.29952760413289,22.968255825340748,14.411777582019567,17.224324956536293,9.969226829707623,7.780744232237339,6.945405051112175,9.584657575935125,11.036935269832611,23.98803736269474,2.315973561257124,1.459985662251711,0.4252387583255768,0.22344071045517921,0.05014308914542198,0.013422071933746338,0.0013975165784358978,0.00014207884669303894,0.0,0.0,0.0,0.0,0.0,0.0,0.0,0.0,0.0,0.0,0.0,0.0,0.0,0.0,0.0,0.0,0.0,0.0,0.0,998.1349520385265
29,11.082075785845518,15.057566456496716,36.29995362460613,89.46009752899408,91.2060576044023,231.11057758703828,274.56806118413806,117.68689355999231,46.09476174414158,73.50595357269049,129.37243720516562,62.73809477314353,106.82266511023045,64.13190755620599,59.4030754044652,16.540768790990114,22.67521297186613,15.428922474384308,9.425236627459526,5.795182954519987,7.4879085794091225,6.704314924776554,2.836951546370983,1.607588890939951,1.4002318754792213,1.1709807887673378,0.4502346105873585,0.050677694380283356,0.005258645862340927,0.0004993416368961334,0.0,0.0,0.0,0.0,0.0,0.0,0.0,0.0,0.0,0.0,0.0,0.0,0.0,0.0,0.0,0.0,0.0,0.0,0.0,0.0,1500.1201494149864
30,11.095389101654291,18.797418247908354,83.9152880050242,55.05531705543399,105.5029933527112,105.32679813355207,84.41430486738682,314.3987764790654,227.2484754435718,105.6641138754785,48.06190633773804,153.3844714872539,87.20407396182418,28.99835040792823,103.80521260946989,68.19077307730913,31.37972155958414,26.63924453034997,6.3947005569934845,12.769987557083368,7.511953365057707,6.579324796795845,3.042196035385132,2.995788186788559,1.026302233338356,0.2576523572206497,0.19564402475953102,0.009673330932855606,0.0013639628887176514,0.00013023242354393005,0.0,0.0,0.0,0.0,0.0,0.0,0.0,0.0,0.0,0.0,0.0,0.0,0.0,0.0,0.0,0.0,0.0,0.0,0.0,0.0,1699.8673451729119
31,6.275929130613804,10.32896650582552,29.170393656939268,64.90518274530768,62.990984834730625,119.981310762465,28.251968026161194,92.48540147766471,85.01162651181221,39.99507484212518,26.076057393103838,16.399672355502844,25.645571511238813,16.681374717503786,9.013774137943983,21.087965462356806,90.34711689502001,386.7166410200298,4.661376621574163,6.821738496422768,6.2490050829946995,5.478425238281488,11.766280271112919,7.50416998192668,3.5623080544173717,1.4524423740804195,0.16727542877197266,0.02763235941529274,0.004375923424959183,0.0005201809108257294,0.0,0.0,0.0,0.0,0.0,0.0,0.0,0.0,0.0,0.0,0.0,0.0,0.0,0.0,0.0,0.0,0.0,0.0,0.0,0.0,1179.0605619996786
32,6.252437476068735,10.308444298803806,29.110721975564957,64.68100591748953,101.16358158364892,71.97078673541546,68.6204109787941,74.63451785594225,91.42324148491025,154.75028428062797,35.13485324755311,155.69903770834208,1844.3323329985142,294.6260347738862,135.4918145723641,174.01534754410386,38.22012156620622,217.40278455615044,31.138120509684086,38.73746137320995,21.50039381161332,18.379055805504322,10.666552562266588,2.445046052336693,0.7821812406182289,0.35367824509739876,0.09894456714391708,0.03127294033765793,0.005430981516838074,0.0005915388464927673,0.0,0.0,0.0,0.0,0.0,0.0,0.0,0.0,0.0,0.0,0.0,0.0,0.0,0.0,0.0,0.0,0.0,0.0,0.0,0.0,3691.9764891825616
33,7.3156826086342335,12.211720071732998,25.148838981986046,87.00100238248706,56.64742410928011,121.32801499217749,134.84555901959538,104.16213492676616,104.4834905564785,89.615723695606,516.0672796368599,451.55071909353137,321.0051443949342,206.0996142104268,401.2155895754695,275.13244929537177,248.29711757972836,86.18652821704745,66.19107470661402,38.713990319520235,22.073391187936068,6.30947856977582,5.208733540028334,3.0544728599488735,2.6994110010564327,0.4036044776439667,0.11038250103592873,0.03352997824549675,0.003885887563228607,0.0008056052029132843,0.00015691667795181274,0.0,0.0,0.0,0.0,0.0,0.0,0.0,0.0,0.0,0.0,0.0,0.0,0.0,0.0,0.0,0.0,0.0,0.0,0.0,3393.1169508993626
34,7.1427508145570755,11.81426851823926,35.4188627935946,36.71129009872675,120.84906996414065,157.75679149851203,197.9350715726614,170.06057863682508,90.93966789916158,34.175343330949545,59.7447865344584,124.53060241416097,71.72161597758532,80.39366099983454,34.516475047916174,19.255297865718603,23.341024100780487,18.59789076447487,17.936683651059866,15.689965412020683,7.56492742523551,8.95829938352108,4.166812248528004,3.4888344183564186,1.7863624207675457,1.1834500320255756,0.5726167671382427,0.03613809868693352,0.007050622254610062,0.0007149092853069305,0.00015387684106826782,0.0,0.0,0.0,0.0,0.0,0.0,0.0,0.0,0.0,0.0,0.0,0.0,0.0,0.0,0.0,0.0,0.0,0.0,0.0,1356.2970580980182
35,7.319660037755966,12.193291071802378,32.390502244234085,67.37034147977829,200.71646950766444,137.49963180720806,58.01459972560406,42.19567160308361,108.06010792404413,113.56054164841771,27.552532628178596,137.09695528820157,213.21403465420008,5802.993169222027,123.43179708719254,68.11486536636949,37.67630195617676,26.796709455549717,20.327546946704388,9.441371776163578,8.328816551715136,6.578757386654615,2.1852062307298183,6.904910549521446,0.9239292666316032,0.23574700206518173,0.1180947870016098,0.036786701530218124,0.0061980076134204865,0.0016339458525180817,0.000159531831741333,0.0,0.0,0.0,0.0,0.0,0.0,0.0,0.0,0.0,0.0,0.0,0.0,0.0,0.0,0.0,0.0,0.0,0.0,0.0,7271.286341391504
36,11.83979045972228,19.760124891996384,81.38564176112413,46.91453053429723,85.12979038059711,88.34598486870527,123.7349020279944,144.0609967522323,109.95156160742044,101.46458960324526,97.44176164641976,116.33743157982826,110.42982472479343,82.99424725025892,17.583913799375296,152.24793288111687,343.84680994972587,564.7374663315713,38.12678077444434,17.790700186043978,17.264897640794516,11.598397646099329,2.5473343543708324,1.8125991895794868,0.8154485784471035,0.25521625205874443,0.11308395862579346,0.009042393416166306,0.0014571323990821838,0.00013219192624092102,0.0,0.0,0.0,0.0,0.0,0.0,0.0,0.0,0.0,0.0,0.0,0.0,0.0,0.0,0.0,0.0,0.0,0.0,0.0,0.0,2388.54239134863
37,10.168639238923788,28.394187189638615,51.92426460981369,53.15621900931001,79.18898347765207,46.643993984907866,79.7222857400775,30.242142107337713,92.30875226482749,92.68731433153152,83.9548846706748,55.42326237261295,25.707684200257063,57.25303641334176,21.833415564149618,32.65626755729318,14.820743177086115,16.75594925135374,16.509135615080595,6.721871804445982,6.795303400605917,5.4479823261499405,1.8377620466053486,1.10044514387846,0.721422590315342,0.546209953725338,0.20605303719639778,0.011313274502754211,0.0017506703734397888,0.00014748424291610718,0.0,0.0,0.0,0.0,0.0,0.0,0.0,0.0,0.0,0.0,0.0,0.0,0.0,0.0,0.0,0.0,0.0,0.0,0.0,0.0,912.7414225079119
38,15.062785178422928,26.60678492859006,37.3140646032989,150.19194430485368,87.80882291868329,169.14436599984765,47.13913914561272,23.858914755284786,130.57392949983478,81.14518728479743,137.1457802951336,100.66947213187814,80.76469111815095,83.57309257239103,143.06533224508166,118.42801152542233,358.80544197931886,71.87401929870248,37.85478539764881,5.765411578118801,8.287172585725784,2.518319685012102,4.208588194102049,3.79179884493351,1.1772353574633598,0.7783688008785248,0.16085904836654663,0.015590399503707886,0.0013551712036132812,0.00015261024236679077,0.0,0.0,0.0,0.0,0.0,0.0,0.0,0.0,0.0,0.0,0.0,0.0,0.0,0.0,0.0,0.0,0.0,0.0,0.0,0.0,1927.7314174585044
39,15.996211513876915,21.501993089914322,33.2421332038939,33.92606449499726,203.66933167353272,151.72109039872885,47.58761157467961,106.25239292532206,27.068186677992344,137.52345126122236,117.06011121720076,94.570074275136,29.359628561884165,30.941194351762533,40.35667622461915,61.9936380200088,82.06553876772523,32.8354183472693,259.59644639864564,9.40313471481204,4.978550478816032,2.32828176766634,1.6288364045321941,0.43198104947805405,0.23521852120757103,0.14299611002206802,0.04366837441921234,0.013217780739068985,0.0013308562338352203,0.0001486651599407196,0.0,0.0,0.0,0.0,0.0,0.0,0.0,0.0,0.0,0.0,0.0,0.0,0.0,0.0,0.0,0.0,0.0,0.0,0.0,0.0,1546.4745577014983
40,15.99223205819726,19.693411577492952,26.77701587229967,43.22726744413376,62.21128323301673,78.6954637914896,138.832909245044,132.3495128750801,230.95440282300115,266.5319089591503,202.6841139756143,194.1032487563789,177.73276771232486,98.68586366996169,129.85612378269434,311.73527493700385,75.09226866438985,33.011201083660126,40.805470891296864,20.205685943365097,17.452279154211283,3.9351929165422916,4.174578886479139,2.9344505667686462,0.6300824731588364,0.2813410870730877,0.08106525242328644,0.011449091136455536,0.0032739005982875824,0.0007636360824108124,0.000135127454996109,0.0,0.0,0.0,0.0,0.0,0.0,0.0,0.0,0.0,0.0,0.0,0.0,0.0,0.0,0.0,0.0,0.0,0.0,0.0,2328.682039387524
41,6.352706294506788,10.585501700639725,22.231127064675093,74.5018089748919,112.73191648721695,98.0287156701088,81.13505416736007,39.40038747340441,95.7888991869986,92.60351280868053,37.80891818553209,46.60133894905448,32.273846961557865,9.937158219516277,12.932010110467672,13.979746643453836,8.705143954604864,9.276080559939146,18.360498797148466,9.847635641694069,10.782050728797913,12.674354113638401,8.66877081245184,2.9804224483668804,1.4636101126670837,0.8869844414293766,0.333439439535141,0.04901619255542755,0.0030728839337825775,0.0005973838269710541,0.0,0.0,0.0,0.0,0.0,0.0,0.0,0.0,0.0,0.0,0.0,0.0,0.0,0.0,0.0,0.0,0.0,0.0,0.0,0.0,870.9243264086545
42,7.381019048392773,12.28434169664979,32.63769556954503,68.0942825190723,106.43511428311467,55.939251247793436,67.93312587961555,46.152215763926506,25.27029800787568,49.667050287127495,37.46873017400503,63.19120091199875,56.06345549225807,23.30035787820816,14.774623051285744,25.748741675168276,25.755458425730467,31.412255968898535,14.321221232414246,9.182579778134823,8.33759655430913,5.100432891398668,3.3311589434742928,4.0291826613247395,2.947397857904434,0.9328433461487293,0.18566342815756798,0.040125522762537,0.004152543842792511,0.0007086656987667084,0.00015909969806671143,0.0,0.0,0.0,0.0,0.0,0.0,0.0,0.0,0.0,0.0,0.0,0.0,0.0,0.0,0.0,0.0,0.0,0.0,0.0,797.922440405935
43,7.458019182085991,23.69511128216982,19.560874987393618,75.76810899376869,79.63779317215085,142.68810575827956,128.27070046961308,32.159438248723745,57.23680432885885,66.25443615019321,67.11917715892196,54.15666452422738,69.10120941326022,111.99846100062132,39.13870291784406,94.73163903132081,71.83483073860407,67.82102324813604,44.243502236902714,40.92806543037295,13.91889363154769,11.657231498509645,6.608886677771807,5.181750480085611,2.9369672909379005,1.1326986998319626,0.38496284559369087,0.04393010959029198,0.005349535495042801,0.000586874783039093,0.0,0.0,0.0,0.0,0.0,0.0,0.0,0.0,0.0,0.0,0.0,0.0,0.0,0.0,0.0,0.0,0.0,0.0,0.0,0.0,1335.6739259175956
44,7.363407086580992,12.280456885695457,32.61099037155509,68.3126168884337,150.5946731157601,91.15285720676184,99.7749883942306,41.956618934869766,41.610431261360645,105.58749783411622,0.004156772047281265,0.0,0.0,0.0,0.0,0.0,0.0,0.0,0.0,0.0,0.0,0.0,0.0,0.0,0.0,0.0,0.0,0.0,0.0,0.0,0.0,0.0,0.0,0.0,0.0,0.0,0.0,0.0,0.0,0.0,0.0,0.0,0.0,0.0,0.0,0.0,0.0,0.0,0.0,0.0,651.2486947514117
45,7.387129280716181,23.817045252770185,32.27704967558384,44.820780113339424,24.698705192655325,0.004915513098239899,0.0,0.0,0.0,0.0,0.0,0.0,0.0,0.0,0.0,0.0,0.0,0.0,0.0,0.0,0.0,0.0,0.0,0.0,0.0,0.0,0.0,0.0,0.0,0.0,0.0,0.0,0.0,0.0,0.0,0.0,0.0,0.0,0.0,0.0,0.0,0.0,0.0,0.0,0.0,0.0,0.0,0.0,0.0,0.0,133.0056250281632
46,11.751949962228537,22.937238670885563,51.23855350539088,67.61953301355243,130.75254954397678,92.61350102350116,44.80408147349954,90.91945854946971,120.36699211969972,133.8378997594118,126.30634395778179,86.07767418771982,101.81397284939885,107.72222132980824,39.2332306727767,60.597716096788645,75.5281961299479,59.57129268348217,39.885750986635685,23.778761062771082,14.24231368675828,2.4749500304460526,3.0379986837506294,2.3107175268232822,0.7525068446993828,0.6304292678833008,0.0948270745575428,0.017534635961055756,0.004142798483371735,0.0005699582397937775,0.0,0.0,0.0,0.0,0.0,0.0,0.0,0.0,0.0,0.0,0.0,0.0,0.0,0.0,0.0,0.0,0.0,0.0,0.0,0.0,1510.9229080863297
47,11.893963854759932,34.46638035401702,19.070333391427994,53.416534051299095,116.2725792452693,148.37263621762395,109.91781824082136,57.56483559682965,271.91038692370057,102.15409275889397,212.46451017260551,169.08513916283846,180.16951752081513,45.29616018384695,39.867295794188976,23.145371198654175,20.701896347105503,8.154425788670778,21.560356810688972,21.6741707585752,12.934194192290306,10.120220176875591,3.976759124547243,4.179716978222132,0.5288363173604012,0.06925814598798752,0.032186295837163925,0.013705503195524216,0.0027449466288089752,0.0006941035389900208,0.00015554577112197876,0.0,0.0,0.0,0.0,0.0,0.0,0.0,0.0,0.0,0.0,0.0,0.0,0.0,0.0,0.0,0.0,0.0,0.0,0.0,1699.0168757028878
48,11.77849355712533,16.68857380002737,45.835590578615665,159.1358274333179,208.7726981714368,131.38663413748145,84.07965562865138,29.10333565622568,50.789585053920746,33.44991813972592,39.705797016620636,130.4231288768351,41.16754511371255,12.07014537975192,11.839094206690788,62.287983279675245,45.359320029616356,17.696150943636894,33.27514436095953,109.9871091581881,5.79321813583374,12.624281883239746,5.1505823619663715,1.3880770802497864,0.6583254300057888,0.39365052804350853,0.02431974932551384,0.005049265921115875,0.0003711134195327759,0.000276908278465271,0.00014647096395492554,0.0,0.0,0.0,0.0,0.0,0.0,0.0,0.0,0.0,0.0,0.0,0.0,0.0,0.0,0.0,0.0,0.0,0.0,0.0,1300.870029449463
49,12.982343815267086,17.56053165346384,42.449022363871336,46.975407127290964,112.72280357033014,244.6855445317924,135.3836701065302,113.60034823045135,65.85074880719185,36.22927910089493,32.7485658749938,60.567116253077984,78.43271439895034,51.01683424040675,19.98153154924512,23.980144318193197,35.392719838768244,17.950529638677835,26.030356664210558,18.368559811264277,21.344375539571047,12.981529127806425,4.488033786416054,2.3251379132270813,1.622485939413309,0.8175489827990532,0.07498004660010338,0.0075937360525131226,0.0016524754464626312,0.00015982240438461304,0.0,0.0,0.0,0.0,0.0,0.0,0.0,0.0,0.0,0.0,0.0,0.0,0.0,0.0,0.0,0.0,0.0,0.0,0.0,0.0,1236.5722692646086
50,12.920908860862255,17.498259231448174,42.298435654491186,46.92225631698966,112.53344314172864,123.96214607357979,106.35355984792113,162.16600300371647,230.6732089035213,178.87482878938317,72.59311604499817,134.49283406883478,127.80636869370937,139.24329509586096,100.16848722100258,109.34314666315913,39.25053730979562,55.81184770166874,56.33051797747612,35.433713007718325,18.453124687075615,19.501956894993782,10.197820741683245,2.3068577870726585,0.7264604791998863,0.442761842161417,0.17346687242388725,0.010568376630544662,0.002301551401615143,0.000583115965127945,0.0,0.0,0.0,0.0,0.0,0.0,0.0,0.0,0.0,0.0,0.0,0.0,0.0,0.0,0.0,0.0,0.0,0.0,0.0,0.0,1956.4928159564734

total time per move x,497.59826251864433,962.3404733985662,2016.1144298687577,3132.3234931081533,4922.181366287172,5725.667639017105,5280.003887191415,5298.965769011527,5096.832280073315,4523.886749222875,5118.156968064606,5190.269892588258,6214.138074669987,10703.134629383683,4224.444560445845,4427.154449366033,3045.8601306006312,2895.1398827806115,1702.2112115733325,1006.2308539934456,900.7320009805262,404.00421611592174,282.93734281137586,145.6388252004981,63.58118676394224,24.441691920161247,7.9251538179814816,1.2274318300187588,0.19964323192834854,0.029345545917749405,0.004422761499881744,0.00037017837166786194,0,0,0,0,0,0,0,0,0,0,0,0,0,0,0,0,0,0,83813.3766343221
average time per move x,9.951965250372886,19.246809467971325,40.322288597375156,62.646469862163066,98.44362732574344,114.5133527803421,114.78269319981337,115.19490802198972,110.80070174072424,98.34536411354075,111.26428191444796,115.33933094640572,138.0919572148886,237.8474362085263,93.87654578768544,98.38120998591185,67.68578068001403,64.33644183956915,37.82691581274072,22.36068564429879,20.016266688456138,8.977871469242706,6.287496506919464,3.2364183377888467,1.4129152614209386,0.5431487093369166,0.17611452928847737,0.02727626288930575,0.004436516265074412,0.0006521232426166534,0.00021060769047055925,0.00012339279055595398,nan,nan,nan,nan,nan,nan,nan,nan,nan,nan,nan,nan,nan,nan,nan,nan,nan,nan,1676.267532686442
std of time per move x,3.3113024442127132,8.43278079470414,20.537960525373897,29.99442915922338,44.680792826205696,61.10891523891027,73.83774710873602,77.10976809632638,66.26476949158612,64.92773520998765,108.8772867260065,88.10403938527983,270.4972737410839,874.4260302312334,169.3041748362315,109.58363656425229,95.42435331648863,103.59472815149934,47.381417819930405,21.603123346945832,30.585538969531992,5.87775411457382,5.9186646306438755,2.5196361675441747,1.0051613140620566,0.37858255610216857,0.1232542483158065,0.022412652878499664,0.004222793513140463,0.0005227595612118596,0.00016945084940218254,2.195309843165053e-05,nan,nan,nan,nan,nan,nan,nan,nan,nan,nan,nan,nan,nan,nan,nan,nan,nan,nan,1140.1506954435708
err of average time,0.4682888825724798,1.192575296838996,2.9045062318467023,4.241852851261274,6.3188183192402585,8.64210567127748,10.88678187178264,11.36921504677284,9.770207237992807,9.573072288067769,16.053080135720016,13.133774743853632,40.323352787562165,130.35173632615493,25.238376253888198,16.335764038619974,14.225022714975072,15.442990283824242,7.0632047410456185,3.2204034886722437,4.55942295095616,0.8762038503477433,0.8823024300095593,0.3756051832797216,0.14984060177305158,0.056435755369338446,0.018373658516652153,0.003341081026162105,0.0006294968900218152,7.792839431717868e-05,3.697720685524115e-05,1.2674627289059786e-05,nan,nan,nan,nan,nan,nan,nan,nan,nan,nan,nan,nan,nan,nan,nan,nan,nan,nan,161.2416576645414
