Contains move time for player MCTSRemMaxIter1; opponent is DynamicRoxanne
Colums refer to move number, rows to game number
game,1,2,3,4,5,6,7,8,9,10,11,12,13,14,15,16,17,18,19,20,21,22,23,24,25,26,27,28,29,30,31,32,33,34,35,36,37,38,39,40,41,42,43,44,45,46,47,48,49,50,total
1,16.957525823265314,14.478907387703657,13.401926424354315,14.008272603154182,12.298008143901825,12.266558412462473,11.220761112868786,10.01013359054923,9.567817956209183,8.65436701476574,7.827292256057262,7.135905258357525,6.036718115210533,5.675121802836657,5.09788728505373,4.4095053263008595,3.8254379481077194,3.2290611788630486,2.7362212873995304,2.2341627404093742,1.8012430965900421,1.3797533698379993,1.0980043783783913,0.7943215556442738,0.5760642699897289,0.31484057009220123,0.1317128688097,0.22311650589108467,0.00775562971830368,6.023794412612915e-06,0.0,0.0,0.0,0.0,0.0,0.0,0.0,0.0,0.0,0.0,0.0,0.0,0.0,0.0,0.0,0.0,0.0,0.0,0.0,0.0,177.39840993657708
2,16.877628970891237,15.629435390233994,13.31966658309102,13.863095574080944,13.074546825140715,11.731179051101208,11.29885358735919,10.748572435230017,9.54880341887474,8.793417282402515,7.931657992303371,7.133800990879536,6.528243213891983,5.710753630846739,5.093355167657137,4.567682266235352,3.820168349891901,3.3430323973298073,2.9845378287136555,2.3382917642593384,1.9620690047740936,1.5678241699934006,1.176439318805933,0.8493856973946095,0.5916009545326233,0.3282442130148411,0.09411249309778214,0.045857783406972885,0.392396055161953,0.0025148801505565643,4.712492227554321e-06,0.0,0.0,0.0,0.0,0.0,0.0,0.0,0.0,0.0,0.0,0.0,0.0,0.0,0.0,0.0,0.0,0.0,0.0,0.0,181.3471720032394
3,16.80252142623067,15.373829141259193,13.661559842526913,12.777566071599722,12.480751503258944,11.930655967444181,10.323298126459122,10.350214209407568,9.168510228395462,8.722309909760952,7.893051665276289,6.233149632811546,6.306300461292267,5.759336926043034,5.036273453384638,4.397919066250324,3.932240631431341,3.1953589506447315,2.5904181338846684,2.1597160436213017,1.9045316763222218,1.5152110680937767,1.3481192588806152,0.8268426731228828,0.5956093072891235,0.3384147249162197,0.11629606038331985,7.394701242446899e-06,0.005317505449056625,6.116926670074463e-06,0.0,0.0,0.0,0.0,0.0,0.0,0.0,0.0,0.0,0.0,0.0,0.0,0.0,0.0,0.0,0.0,0.0,0.0,0.0,0.0,175.745337177068
4,16.97864620387554,16.040735859423876,14.227979939430952,13.962431281805038,13.403358932584524,12.282812096178532,11.299755748361349,10.399915251880884,9.52444588020444,8.645873695611954,7.9286248460412025,6.967069394886494,6.267234288156033,5.608012452721596,4.838755063712597,1.611560583114624e-05,3.7786946073174477,3.1175520196557045,2.849388349801302,2.257588777691126,1.8219334296882153,1.4594746716320515,0.9791951738297939,0.5358334109187126,0.5127986595034599,0.269174687564373,0.16089490428566933,0.05911194905638695,0.0051485225558280945,5.364418029785156e-06,0.0,0.0,0.0,0.0,0.0,0.0,0.0,0.0,0.0,0.0,0.0,0.0,0.0,0.0,0.0,0.0,0.0,0.0,0.0,0.0,176.18246157839894
5,16.90069966390729,13.108368668705225,13.684350982308388,12.98240427300334,12.640106741338968,12.062910813838243,11.143229976296425,10.309813644737005,9.416064847260714,8.662655293941498,7.8398710787296295,6.835258767008781,6.463392730802298,5.69531924277544,5.0534258261322975,4.529820069670677,3.7707892805337906,3.2555614225566387,2.568127825856209,2.472182475030422,1.8656754530966282,1.4634188003838062,1.08245949447155,0.8210619874298573,0.44656334072351456,0.31381335482001305,0.06742726638913155,0.01275697723031044,0.0048896633088588715,5.025416612625122e-06,0.0,0.0,0.0,0.0,0.0,0.0,0.0,0.0,0.0,0.0,0.0,0.0,0.0,0.0,0.0,0.0,0.0,0.0,0.0,0.0,175.47242498770356
6,17.541574891656637,14.960300214588642,12.598260961472988,14.397071160376072,13.711684931069613,12.517654206603765,11.58125988394022,10.925108328461647,9.646146483719349,9.299683697521687,8.422435641288757,7.644749496132135,6.967644792050123,6.237573102116585,5.518744960427284,4.791673228144646,4.16854889318347,3.6652812883257866,2.9822573885321617,2.8014810234308243,2.04171646758914,1.7545572370290756,1.360964111983776,0.9939193278551102,0.6738381795585155,0.4228983111679554,0.20804494991898537,0.05704225227236748,0.004677724093198776,0.0039388276636600494,0.0002511627972126007,0.0,0.0,0.0,0.0,0.0,0.0,0.0,0.0,0.0,0.0,0.0,0.0,0.0,0.0,0.0,0.0,0.0,0.0,0.0,187.9009831249714
7,17.800349608063698,16.04188409820199,15.33584900572896,14.259457908570766,13.20434246584773,12.670413359999657,11.641692012548447,10.963770549744368,9.711202561855316,8.939993016421795,6.941239666193724,7.565816257148981,6.467104196548462,5.5604326613247395,5.5030147805809975,4.813674978911877,4.059845842421055,3.8529234156012535,3.1328228376805782,2.4993598014116287,1.9966383688151836,1.4573399797081947,1.4374353364109993,1.0137659385800362,0.6023094803094864,0.27924756333231926,0.1382528804242611,0.0585155114531517,0.007899418473243713,0.003665182739496231,0.0,0.0,0.0,0.0,0.0,0.0,0.0,0.0,0.0,0.0,0.0,0.0,0.0,0.0,0.0,0.0,0.0,0.0,0.0,0.0,187.9602586850524
8,17.506364334374666,15.184618707746267,13.887605920433998,14.700649041682482,14.208299223333597,12.935944747179747,11.500055439770222,10.872061885893345,10.250544991344213,9.298506930470467,8.588275402784348,7.728124141693115,6.867733348160982,6.221943970769644,5.417202010750771,4.875419203191996,4.385717019438744,3.6491605900228024,2.9895502477884293,2.5901106484234333,2.318907231092453,1.6474216468632221,1.2627284824848175,0.9263284392654896,0.6175870001316071,0.41940026730298996,0.20531494915485382,0.024412203580141068,0.0047309547662734985,0.0033602938055992126,0.0002646595239639282,0.0,0.0,0.0,0.0,0.0,0.0,0.0,0.0,0.0,0.0,0.0,0.0,0.0,0.0,0.0,0.0,0.0,0.0,0.0,191.08834393322468
9,17.476917754858732,13.811447087675333,14.101231385022402,12.695486422628164,12.985734447836876,12.857934456318617,11.714737471193075,10.64636641740799,9.737565021961927,9.215413980185986,8.50529457628727,7.827884770929813,6.995346911251545,6.191423673182726,5.707920841872692,4.899897243827581,4.233892057090998,3.7353154495358467,3.3271059840917587,2.6942546255886555,2.1664679013192654,1.6871793270111084,1.2556448802351952,0.8967940583825111,0.7326678037643433,0.4797170087695122,0.2104533612728119,0.07653731852769852,0.0046849921345710754,0.00415671244263649,0.000258568674325943,0.0,0.0,0.0,0.0,0.0,0.0,0.0,0.0,0.0,0.0,0.0,0.0,0.0,0.0,0.0,0.0,0.0,0.0,0.0,186.87573251128197
10,17.827501468360424,14.795627422630787,12.740693219006062,13.74466011300683,12.917205218225718,12.603647835552692,11.3901696652174,11.147768795490265,10.111852768808603,9.181498572230339,8.213479705154896,7.195498898625374,6.045615363866091,6.213972255587578,5.490642566233873,4.845249678939581,4.137796428054571,3.6463586315512657,3.128696169704199,2.637649517506361,2.1385656744241714,1.6657675132155418,1.477141872048378,0.9622127078473568,0.697619516402483,0.4615595117211342,0.24944299831986427,0.04261939972639084,0.00835273414850235,0.0036765262484550476,0.0,0.0,0.0,0.0,0.0,0.0,0.0,0.0,0.0,0.0,0.0,0.0,0.0,0.0,0.0,0.0,0.0,0.0,0.0,0.0,185.7225427478552
11,17.06561654061079,14.89624635130167,14.612922839820385,13.155788775533438,12.756242394447327,12.247717585414648,11.363739643245935,10.492500465363264,9.57671258226037,8.783045716583729,7.601445607841015,7.09021171182394,6.089683119207621,5.523832056671381,4.992627240717411,4.602470446377993,3.8884489573538303,3.260319147258997,2.7155000492930412,2.4601876847445965,1.8095461912453175,1.4548135101795197,1.1288863942027092,0.759527649730444,0.47530682384967804,0.25097156688570976,0.10078268870711327,7.152557373046875e-06,0.0004461556673049927,0.00025162473320961,0.0,0.0,0.0,0.0,0.0,0.0,0.0,0.0,0.0,0.0,0.0,0.0,0.0,0.0,0.0,0.0,0.0,0.0,0.0,0.0,179.15579867362976
12,16.933210123330355,15.277778379619122,13.840127743780613,12.644982926547527,13.15864346921444,12.24088228866458,11.295602072030306,10.152454555034637,9.606328148394823,8.523681152611971,8.062926713377237,7.135934565216303,6.387644000351429,5.764208309352398,5.048982705920935,4.18857965990901,3.8022137507796288,3.3849351592361927,2.864369686692953,2.3714567311108112,1.9235591888427734,1.782034244388342,1.2432894073426723,0.9361426383256912,0.630381066352129,0.41161569207906723,0.21911458671092987,0.053928665816783905,0.005880627781152725,5.301088094711304e-06,0.0,0.0,0.0,0.0,0.0,0.0,0.0,0.0,0.0,0.0,0.0,0.0,0.0,0.0,0.0,0.0,0.0,0.0,0.0,0.0,179.8908935599029
13,16.956978887319565,14.98047099262476,14.992709964513779,13.939445525407791,13.25109113380313,11.723561480641365,11.318877775222063,10.424782570451498,9.467115934938192,8.793257679790258,7.909077361226082,7.159711375832558,6.283705927431583,5.742736801505089,4.7438422702252865,4.028400082141161,3.774455312639475,3.2204695008695126,2.7965693436563015,2.4598432406783104,1.888140644878149,1.515262845903635,1.157755982130766,0.8312529698014259,0.5756382793188095,0.3695922940969467,0.1392417550086975,0.02313242107629776,0.005389563739299774,4.813075065612793e-06,0.0,0.0,0.0,0.0,0.0,0.0,0.0,0.0,0.0,0.0,0.0,0.0,0.0,0.0,0.0,0.0,0.0,0.0,0.0,0.0,180.47251472994685
14,16.907407887279987,15.098560709506273,13.133301962167025,13.653782539069653,12.782434720546007,12.023907002061605,11.326385963708162,10.186202887445688,9.635482002049685,8.788323916494846,8.043862398713827,7.151114042848349,6.321122985333204,5.705173388123512,4.952580437064171,1.8369406461715698e-05,3.828408155590296,3.1582414843142033,2.342444684356451,2.2448599338531494e-05,2.077903740108013,1.4715425707399845,1.149693738669157,0.8278875537216663,0.5846668481826782,0.2756910175085068,1.085922122001648e-05,0.026711363345384598,5.02169132232666e-06,0.0029877685010433197,0.0,0.0,0.0,0.0,0.0,0.0,0.0,0.0,0.0,0.0,0.0,0.0,0.0,0.0,0.0,0.0,0.0,0.0,0.0,0.0,171.45587846636772
15,17.0485064946115,14.670850317925215,14.792684197425842,13.958452612161636,12.911180067807436,12.198998417705297,10.265423756092787,10.443352032452822,9.220649171620607,8.664093278348446,7.713089965283871,7.147076044231653,6.412977430969477,5.793861459940672,5.016193941235542,4.325371015816927,3.8684742227196693,3.1931534484028816,2.808859948068857,2.3563649840652943,1.872376561164856,1.6658175326883793,1.1786551289260387,0.8742024675011635,0.5380072630941868,0.3682974874973297,0.14471976831555367,0.01972569152712822,0.0036031752824783325,6.951391696929932e-06,0.0,0.0,0.0,0.0,0.0,0.0,0.0,0.0,0.0,0.0,0.0,0.0,0.0,0.0,0.0,0.0,0.0,0.0,0.0,0.0,179.47502483427525
16,17.49191839993,14.41581393033266,15.29703589528799,14.39553690329194,13.858730770647526,12.420586489140987,11.924027562141418,10.510212801396847,9.866515904664993,9.508304245769978,8.457974810153246,7.5568920113146305,7.004746578633785,6.238917306065559,5.589661110192537,4.946117538958788,4.33612547069788,3.4695058465003967,1.913309097290039e-05,0.002289924770593643,0.0019641071557998657,1.8784284368157387,1.4824996255338192,1.164808340370655,0.7013550065457821,0.7355929277837276,0.28552935272455215,0.20209449157118797,0.030043121427297592,0.004144299775362015,5.3122639656066895e-06,0.0,0.0,0.0,0.0,0.0,0.0,0.0,0.0,0.0,0.0,0.0,0.0,0.0,0.0,0.0,0.0,0.0,0.0,0.0,183.77739765495062
17,17.51391878351569,14.116419408470392,13.869142889976501,14.382037546485662,13.487900331616402,12.634231235831976,10.910378482192755,9.113460388034582,10.065041147172451,9.027558412402868,7.3865484446287155,7.567309893667698,6.553235307335854,6.084707085043192,5.171462252736092,2.23405659198761e-05,0.002818383276462555,0.002851676195859909,3.554614547640085,3.1409085653722286,2.82007709518075,2.2328895926475525,1.7140528485178947,1.3630923256278038,0.9849230162799358,0.6092289052903652,0.4572552666068077,0.25899457186460495,0.07211154699325562,0.00422755628824234,0.001934535801410675,0.00027345120906829834,0.0,0.0,0.0,0.0,0.0,0.0,0.0,0.0,0.0,0.0,0.0,0.0,0.0,0.0,0.0,0.0,0.0,0.0,175.10362783446908
18,17.485234700143337,14.11322108656168,12.94978440925479,14.638713628053665,13.641132269054651,12.725962724536657,11.798946235328913,10.809675171971321,9.926019910722971,8.967890948057175,8.143526706844568,7.584306143224239,6.85446497797966,5.739793881773949,5.0566122233867645,4.837728165090084,4.261937312781811,3.6156617142260075,3.0164189226925373,2.6031381711363792,1.9512163661420345,1.6961510889232159,1.2879672646522522,0.9167154617607594,0.6322134472429752,0.43547290936112404,0.23732557147741318,0.1258803904056549,0.019894983619451523,0.004667177796363831,0.0,0.0,0.0,0.0,0.0,0.0,0.0,0.0,0.0,0.0,0.0,0.0,0.0,0.0,0.0,0.0,0.0,0.0,0.0,0.0,186.0776739642024
19,17.764675110578537,14.088573344051838,12.921146478503942,13.965854231268167,12.843799978494644,12.809910718351603,11.791936688125134,11.303625527769327,10.322515420615673,9.401010740548372,8.441231366246939,7.680498376488686,7.105030812323093,6.28666927292943,5.588949356228113,4.861743163317442,4.2860419526696205,3.5818719305098057,2.9772029891610146,2.484915178269148,2.038952808827162,1.6154321692883968,1.4374714903533459,0.9580911211669445,0.6913221813738346,0.400808222591877,0.20490672066807747,0.0892830491065979,0.007827125489711761,0.004270594567060471,0.0,0.0,0.0,0.0,0.0,0.0,0.0,0.0,0.0,0.0,0.0,0.0,0.0,0.0,0.0,0.0,0.0,0.0,0.0,0.0,187.95556811988354
20,17.480488557368517,15.493657536804676,13.688963174819946,12.99760802090168,13.66634227335453,12.879404425621033,11.664677560329437,11.159425914287567,10.24505316466093,9.34765737876296,8.396577443927526,7.2925251089036465,6.9462609104812145,6.3293430879712105,5.618531920015812,4.881570246070623,4.463204711675644,3.7680742405354977,3.2542814649641514,2.7198938690125942,2.4561416432261467,1.8039205893874168,1.3996707312762737,1.0309881158173084,0.7099658884108067,0.5295562520623207,0.26649242267012596,0.08426504209637642,0.0068170055747032166,0.003693811595439911,0.0002631358802318573,0.0,0.0,0.0,0.0,0.0,0.0,0.0,0.0,0.0,0.0,0.0,0.0,0.0,0.0,0.0,0.0,0.0,0.0,0.0,190.58531564846635
21,16.917573139071465,16.255046594887972,15.110289350152016,13.10618680715561,13.191229820251465,11.736700762063265,10.445122059434652,9.450462780892849,9.008508529514074,8.606990467756987,7.979165010154247,7.171117626130581,6.432264823466539,5.823011789470911,4.926694482564926,4.35592008382082,3.913356978446245,3.280715234577656,2.702142972499132,2.2064782939851284,1.8724567107856274,1.4911296591162682,1.0790110751986504,0.8454569205641747,0.4936116226017475,1.1201947927474976e-05,0.0008567385375499725,0.0006504617631435394,0.0004536174237728119,0.0002442672848701477,0.0,0.0,0.0,0.0,0.0,0.0,0.0,0.0,0.0,0.0,0.0,0.0,0.0,0.0,0.0,0.0,0.0,0.0,0.0,0.0,178.40285988152027
22,16.94196154549718,14.224162746220827,13.650894206017256,14.069305419921875,12.28126297518611,11.493105944246054,11.587392590939999,10.384153004735708,9.491224318742752,8.780335485935211,7.927938036620617,7.1516078263521194,6.381723832339048,5.783667627722025,5.26780803501606,4.506358426064253,3.892995685338974,3.462994057685137,2.8303165286779404,2.3572276160120964,1.9170924350619316,1.54509711638093,1.1950483955442905,1.0169738084077835,0.5263602361083031,0.26431092992424965,0.16973084956407547,0.02757199853658676,0.004954125732183456,6.295740604400635e-06,0.0,0.0,0.0,0.0,0.0,0.0,0.0,0.0,0.0,0.0,0.0,0.0,0.0,0.0,0.0,0.0,0.0,0.0,0.0,0.0,179.13358210027218
23,16.985285207629204,14.466738682240248,13.991851381957531,13.463186033070087,13.238358348608017,12.141970384866,11.7410735078156,10.446369390934706,9.642542272806168,8.665902875363827,7.739121049642563,7.222219876945019,6.39870036393404,5.684592004865408,5.15223677828908,4.408006340265274,3.741019658744335,3.2729443348944187,2.922112300992012,2.329068813472986,1.9026580415666103,1.4479226991534233,1.0505136363208294,0.7838685512542725,0.5105510279536247,0.30992235988378525,0.13657961040735245,0.006667610257863998,0.0032734014093875885,6.34416937828064e-06,0.0,0.0,0.0,0.0,0.0,0.0,0.0,0.0,0.0,0.0,0.0,0.0,0.0,0.0,0.0,0.0,0.0,0.0,0.0,0.0,179.80526288971305
24,17.14616886153817,13.147672455757856,14.04461508616805,13.244163896888494,13.210953868925571,12.182317171245813,10.795209612697363,10.469591416418552,9.631990600377321,8.868217960000038,7.9730916284024715,7.320672646164894,6.471425354480743,5.7236988842487335,4.9074529483914375,4.443085212260485,3.7588319070637226,3.295180480927229,2.782093659043312,2.5334947295486927,1.9394854344427586,1.553412090986967,1.0974670983850956,0.8213256187736988,0.6050991527736187,0.36825013160705566,0.15331630781292915,0.02228322997689247,0.004970695823431015,4.414469003677368e-06,0.0,0.0,0.0,0.0,0.0,0.0,0.0,0.0,0.0,0.0,0.0,0.0,0.0,0.0,0.0,0.0,0.0,0.0,0.0,0.0,178.5155425556004
25,16.918426409363747,15.51120039075613,14.40567497164011,14.002715434879065,12.905996229499578,11.777549374848604,11.175555881112814,9.772842224687338,9.400345426052809,8.523041196167469,7.858108181506395,7.1957439705729485,6.371971882879734,5.587063793092966,5.067104693502188,4.41423512250185,3.8196263760328293,3.1560782082378864,2.828063640743494,2.1424025893211365,1.8194840215146542,1.505622398108244,1.031874094158411,0.8120751194655895,0.5311253890395164,0.2825559265911579,0.3321176916360855,0.033396363258361816,0.005668461322784424,5.304813385009766e-06,0.0,0.0,0.0,0.0,0.0,0.0,0.0,0.0,0.0,0.0,0.0,0.0,0.0,0.0,0.0,0.0,0.0,0.0,0.0,0.0,179.18767076730728
26,17.529959827661514,15.516675774008036,14.920878104865551,14.723601542413235,12.63415876030922,10.93530236557126,11.39509366452694,11.471224185079336,10.001114923506975,8.480950523167849,8.30701183900237,7.541340414434671,6.9583396054804325,6.3372770473361015,5.593795143067837,5.014026235789061,4.299206241965294,3.6580841317772865,2.9213208816945553,2.7995493188500404,2.1120453253388405,1.635630827397108,1.2577823773026466,0.9392854236066341,0.6966812275350094,0.45311885327100754,0.22814017161726952,0.050687383860349655,0.0060310810804367065,0.0035825148224830627,0.0,0.0,0.0,0.0,0.0,0.0,0.0,0.0,0.0,0.0,0.0,0.0,0.0,0.0,0.0,0.0,0.0,0.0,0.0,0.0,188.42189571633935
27,17.615181758999825,14.446267705410719,11.889426529407501,14.150943797081709,13.936570387333632,12.929938819259405,11.787162344902754,11.039113000035286,10.213977884501219,9.24260162934661,8.762851871550083,7.893071752041578,6.933420591056347,6.160297889262438,5.6159229837358,5.069828517735004,4.45467110350728,3.921083316206932,3.179323900490999,2.7248656675219536,2.3990618102252483,1.763934388756752,1.3372637517750263,0.95944794267416,0.714656125754118,0.4731937199831009,0.28825269266963005,0.12497474998235703,0.01106586679816246,0.0020912401378154755,0.00025121867656707764,0.0,0.0,0.0,0.0,0.0,0.0,0.0,0.0,0.0,0.0,0.0,0.0,0.0,0.0,0.0,0.0,0.0,0.0,0.0,190.04071495682
28,17.551569532603025,14.566940739750862,15.866466641426086,13.56690189242363,13.83707333728671,12.717746082693338,11.704273760318756,11.158228754997253,10.029986944049597,9.234327707439661,8.079404890537262,7.666959796100855,6.922718774527311,6.175058353692293,5.594893231987953,4.963418208062649,4.075955744832754,3.7282603681087494,3.3616484329104424,2.678407121449709,2.2528272569179535,1.815352812409401,1.2846562005579472,0.9698661901056767,0.62550825253129,0.33976001664996147,0.40052375942468643,0.05162297561764717,0.0139956995844841,5.893409252166748e-06,0.0,0.0,0.0,0.0,0.0,0.0,0.0,0.0,0.0,0.0,0.0,0.0,0.0,0.0,0.0,0.0,0.0,0.0,0.0,0.0,191.2343593724072
29,17.447275042533875,15.1542887724936,13.519715644419193,14.639992885291576,12.88997583091259,12.80867249891162,11.816267173737288,11.61094568669796,10.311961594969034,9.481592986732721,8.449436001479626,7.6843965239822865,7.070231221616268,6.166358586400747,5.502845674753189,4.909536421298981,3.7726882435381413,3.454615645110607,2.9118426330387592,2.216376882046461,1.8750632666051388,1.6024011597037315,1.2564406879246235,0.9021831899881363,0.49515798315405846,0.26387063413858414,0.24480950832366943,0.11980104818940163,0.015129335224628448,0.004558313637971878,0.0,0.0,0.0,0.0,0.0,0.0,0.0,0.0,0.0,0.0,0.0,0.0,0.0,0.0,0.0,0.0,0.0,0.0,0.0,0.0,188.59843107685447
30,17.496710546314716,16.04021829366684,13.823522046208382,13.691856250166893,13.549827169626951,12.811164658516645,12.20161347836256,11.034575019031763,10.098427269607782,9.561651352792978,8.819463182240725,7.993543297052383,6.9393736235797405,6.154450796544552,5.722922682762146,4.938166368752718,4.188958004117012,3.4697984009981155,2.541899614036083,1.7702836655080318,0.3802633285522461,1.1539970077574253,6.977468729019165e-06,0.0,0.0,0.0,0.0,0.0,0.0,0.0,0.0,0.0,0.0,0.0,0.0,0.0,0.0,0.0,0.0,0.0,0.0,0.0,0.0,0.0,0.0,0.0,0.0,0.0,0.0,0.0,184.38269303366542
31,17.249458596110344,14.616407465189695,13.567621916532516,13.94112390652299,11.90815806388855,12.28425968810916,11.378165893256664,10.210524711757898,8.985375668853521,8.712821431457996,7.734921976923943,7.228954158723354,6.4661021791398525,5.673622295260429,5.159446686506271,4.4079430885612965,3.718603614717722,3.209689784795046,2.8057577162981033,2.435230828821659,1.7913297191262245,1.5083767250180244,1.0994917377829552,0.8665048331022263,0.5647548846900463,0.35233696177601814,0.0843864269554615,0.009103868156671524,0.004363466054201126,4.954636096954346e-06,0.0,0.0,0.0,0.0,0.0,0.0,0.0,0.0,0.0,0.0,0.0,0.0,0.0,0.0,0.0,0.0,0.0,0.0,0.0,0.0,177.97484324872494
32,17.043821699917316,15.01707662269473,14.679110202938318,14.124210271984339,12.7580039575696,12.208421897143126,10.897778570652008,9.981355145573616,9.318740122020245,8.682399202138186,7.60187953710556,7.1058153957128525,6.355264380574226,5.726282227784395,5.0305977165699005,4.221224792301655,3.7848277278244495,3.3628308437764645,2.665302686393261,2.2258912920951843,1.8660942390561104,1.4483810663223267,1.1023107394576073,0.8671294152736664,0.7462806105613708,0.33326825872063637,0.13526183739304543,0.02170528843998909,0.010085094720125198,0.0006911344826221466,0.00025973841547966003,0.0,0.0,0.0,0.0,0.0,0.0,0.0,0.0,0.0,0.0,0.0,0.0,0.0,0.0,0.0,0.0,0.0,0.0,0.0,179.3223017156124
33,17.947884503751993,15.465900026261806,13.835573397576809,14.181898109614849,13.84052935615182,11.29623368382454,11.590688075870275,9.651512388139963,9.251836702227592,7.7498336173594,7.931039463728666,7.126690827310085,6.647503703832626,5.843182358890772,5.25603386387229,4.507983595132828,3.902897860854864,3.558969359844923,2.7059199288487434,2.4085382036864758,1.8724103942513466,1.5420367494225502,1.383081566542387,0.8586269803345203,0.5148393213748932,0.308454018086195,0.1563510298728943,0.03895953297615051,0.00484529510140419,5.163252353668213e-06,0.0,0.0,0.0,0.0,0.0,0.0,0.0,0.0,0.0,0.0,0.0,0.0,0.0,0.0,0.0,0.0,0.0,0.0,0.0,0.0,181.38025907799602
34,16.915381621569395,15.13286117836833,14.98992757499218,13.350476987659931,12.857871726155281,12.267298318445683,11.274135950952768,10.057317189872265,9.571488689631224,8.26822267845273,7.940949309617281,7.209150955080986,6.307004909962416,5.526694130152464,5.145125813782215,4.467138476669788,3.778114628046751,3.3956286683678627,2.718443877995014,2.317031856626272,1.8707421608269215,1.5753310658037663,1.1523044370114803,0.8286231122910976,0.5329534895718098,0.5363623015582561,0.16956467181444168,0.0725194588303566,0.007660776376724243,5.856156349182129e-06,0.0,0.0,0.0,0.0,0.0,0.0,0.0,0.0,0.0,0.0,0.0,0.0,0.0,0.0,0.0,0.0,0.0,0.0,0.0,0.0,180.23633187264204
35,16.971175964921713,15.141615562140942,14.762814208865166,13.324995715171099,12.303316086530685,11.787629544734955,11.636104103177786,10.399554800242186,9.538885157555342,8.703855030238628,7.917582791298628,7.279527451843023,6.330238912254572,5.290315359830856,5.02080537751317,4.471302606165409,3.7993751019239426,3.2903374060988426,2.7540679052472115,2.4589072056114674,1.8606737777590752,1.5131819806993008,1.14004572853446,0.8299767710268497,0.6049705669283867,0.3473225571215153,0.12002724409103394,0.012722942978143692,0.002468615770339966,4.4442713260650635e-06,0.0,0.0,0.0,0.0,0.0,0.0,0.0,0.0,0.0,0.0,0.0,0.0,0.0,0.0,0.0,0.0,0.0,0.0,0.0,0.0,179.61380092054605
36,17.83393431454897,14.32932060584426,14.644510373473167,13.882076546549797,14.740105956792831,13.354597076773643,11.763199236243963,10.727110274136066,10.099035296589136,9.22372142970562,8.383229963481426,7.517931517213583,6.7995231710374355,6.114782374352217,5.279157981276512,4.549264598637819,4.086895689368248,3.692842546850443,2.99219661206007,2.5944947190582752,2.1189566515386105,1.6384399086236954,1.2118939235806465,1.1541398093104362,0.6739314645528793,0.40737926587462425,0.25155550241470337,0.08270937949419022,0.010683149099349976,5.885958671569824e-06,0.0,0.0,0.0,0.0,0.0,0.0,0.0,0.0,0.0,0.0,0.0,0.0,0.0,0.0,0.0,0.0,0.0,0.0,0.0,0.0,190.1576252244413
37,17.490746941417456,14.973598580807447,14.233770411461592,14.361903611570597,13.552417874336243,12.815891470760107,12.279009390622377,11.072555415332317,10.286992564797401,9.118402224034071,8.534329414367676,7.971008192747831,7.060406107455492,6.35100044682622,5.896647777408361,4.95536682754755,4.3265263475477695,3.92786368355155,3.1986938528716564,2.7168413661420345,2.222215238958597,1.9431554302573204,1.3498780280351639,1.0380479246377945,0.7045594044029713,0.46325870603322983,0.2587696872651577,0.12297100573778152,0.01558179035782814,0.004704561084508896,0.00026131048798561096,0.0,0.0,0.0,0.0,0.0,0.0,0.0,0.0,0.0,0.0,0.0,0.0,0.0,0.0,0.0,0.0,0.0,0.0,0.0,193.2473755888641
38,17.483805064111948,14.55131359398365,14.602730516344309,13.884387340396643,14.214784923940897,12.585767820477486,11.810496393591166,11.080949515104294,10.329969629645348,9.508334144949913,8.45084798708558,7.836801569908857,7.120327726006508,6.271698027849197,5.706983029842377,4.837524995207787,4.132679600268602,3.754324208945036,3.285918515175581,2.678115837275982,2.2079016231000423,1.7790131196379662,1.345793280750513,0.9733473025262356,0.6695762313902378,0.47211620956659317,0.40221670269966125,0.06063171848654747,0.006382238119840622,5.908310413360596e-06,0.0,0.0,0.0,0.0,0.0,0.0,0.0,0.0,0.0,0.0,0.0,0.0,0.0,0.0,0.0,0.0,0.0,0.0,0.0,0.0,192.0447447746992
39,17.541439816355705,14.955761775374413,14.922557722777128,13.576285049319267,13.775055006146431,12.920426487922668,11.908369414508343,11.107266787439585,10.176058687269688,9.352885592728853,8.280790131539106,7.1795572601258755,6.670865599066019,2.0325183868408203e-05,5.576422605663538,4.80704802274704,4.1535132229328156,3.38603512942791,3.2285845279693604,2.550993073731661,2.0830176882445812,1.628674928098917,1.2730306163430214,0.9480082467198372,0.5893656611442566,0.3350929766893387,0.15554878488183022,0.04393332824110985,0.005526013672351837,5.148351192474365e-06,0.0,0.0,0.0,0.0,0.0,0.0,0.0,0.0,0.0,0.0,0.0,0.0,0.0,0.0,0.0,0.0,0.0,0.0,0.0,0.0,183.1321396306157
40,17.519847560673952,13.759059499949217,14.107091445475817,14.2798913680017,13.53325268253684,12.287012532353401,10.845055144280195,10.982372254133224,10.17529422417283,9.104647111147642,8.323290426284075,7.659085087478161,6.763996474444866,6.223609086126089,5.700731083750725,4.896528970450163,4.2482287883758545,3.6838017776608467,3.263503063470125,2.671996269375086,2.117899786680937,1.694675076752901,1.2761050872504711,0.9630003273487091,0.6734562739729881,0.4910876303911209,0.487543236464262,0.11067558079957962,0.012812130153179169,0.007675129920244217,5.8002769947052e-06,0.0,0.0,0.0,0.0,0.0,0.0,0.0,0.0,0.0,0.0,0.0,0.0,0.0,0.0,0.0,0.0,0.0,0.0,0.0,187.8632309101522
41,16.982575349509716,14.220641020685434,14.363287191838026,13.28453866392374,12.078105188906193,11.9683741889894,11.249045766890049,9.768922552466393,9.558176282793283,8.718576282262802,7.984551053494215,7.175119671970606,6.416730519384146,5.77279295399785,5.098317891359329,4.614551607519388,3.8917807079851627,3.4062595516443253,2.896928556263447,2.5639356449246407,1.9937387481331825,1.6264615468680859,1.2543705850839615,0.9276742227375507,0.7887054309248924,0.35631371662020683,0.08267182111740112,0.01210363581776619,0.0033996254205703735,4.94346022605896e-06,0.0,0.0,0.0,0.0,0.0,0.0,0.0,0.0,0.0,0.0,0.0,0.0,0.0,0.0,0.0,0.0,0.0,0.0,0.0,0.0,179.058654922992
42,17.088466454297304,15.727628484368324,14.843175254762173,12.621812783181667,13.07037091255188,11.450706046074629,11.752430893480778,10.42076925188303,9.578094463795424,8.112685710191727,7.954915523529053,7.291132468730211,6.462828539311886,5.745962865650654,5.1601140312850475,4.466095134615898,3.8802863731980324,3.3302046470344067,2.9904996268451214,2.3887003920972347,1.9506393820047379,1.5359304919838905,1.1750483438372612,0.865478340536356,0.7808371335268021,0.3966791592538357,0.16355866566300392,0.019938990473747253,0.004058092832565308,5.368143320083618e-06,0.0,0.0,0.0,0.0,0.0,0.0,0.0,0.0,0.0,0.0,0.0,0.0,0.0,0.0,0.0,0.0,0.0,0.0,0.0,0.0,181.22905382514
43,16.94250387698412,14.381409745663404,13.772312566637993,12.648398835211992,13.132485192269087,12.247179258614779,11.75646622851491,10.462510295212269,9.591276723891497,8.803592301905155,7.868909083306789,7.228865530341864,6.384353224188089,5.510704722255468,5.061123948544264,4.391456797719002,3.876609105616808,3.3084526620805264,2.952075269073248,2.333447478711605,1.9431346580386162,1.5415579490363598,1.1949374079704285,0.8381286300718784,0.6238731443881989,0.31884415075182915,0.3173862025141716,0.013602126389741898,0.004887409508228302,5.5693089962005615e-06,0.0,0.0,0.0,0.0,0.0,0.0,0.0,0.0,0.0,0.0,0.0,0.0,0.0,0.0,0.0,0.0,0.0,0.0,0.0,0.0,179.45049009472132
44,17.049423910677433,15.586835738271475,14.259024240076542,12.976530570536852,12.522656135261059,11.884208384901285,10.845608938485384,10.77993781492114,9.569951929152012,8.706532087177038,7.929917607456446,7.059891909360886,6.411069132387638,5.841529261320829,5.0930414237082005,4.311222471296787,3.932522900402546,3.2412121035158634,2.6502847895026207,2.1767098791897297,1.7088786475360394,1.4133829586207867,1.2719429209828377,0.7809650115668774,0.5983499214053154,0.37710773944854736,0.19638746604323387,0.06926104053854942,0.005577441304922104,5.431473255157471e-06,0.0,0.0,0.0,0.0,0.0,0.0,0.0,0.0,0.0,0.0,0.0,0.0,0.0,0.0,0.0,0.0,0.0,0.0,0.0,0.0,179.24996980652213
45,16.92171923816204,13.832934815436602,13.21049901098013,14.10018390789628,12.478937949985266,11.912112526595592,11.252997007220984,10.02912886440754,9.46189021319151,8.258352041244507,7.574887748807669,6.980324998497963,6.397914443165064,5.6812184154987335,5.0618605725467205,4.40128218755126,3.7438339181244373,3.2181967459619045,2.653803762048483,2.3002492897212505,1.9042491093277931,1.5019287876784801,1.1487125046551228,0.770965363830328,0.511744599789381,1.2658536434173584e-05,0.34226808696985245,1.0188668966293335e-05,0.008179936558008194,5.677342414855957e-06,0.0,0.0,0.0,0.0,0.0,0.0,0.0,0.0,0.0,0.0,0.0,0.0,0.0,0.0,0.0,0.0,0.0,0.0,0.0,0.0,175.66040457040071
46,17.55113087594509,13.890259478241205,13.374081660062075,14.00976176187396,13.280527628958225,12.957141101360321,12.129324179142714,10.695349838584661,10.217741470783949,9.710648503154516,8.546026233583689,7.889985885471106,7.072339881211519,6.263232368975878,5.5233156979084015,4.943135440349579,4.25239322334528,3.6675107777118683,3.081521775573492,2.8970405608415604,2.2417613863945007,1.8409920521080494,1.3631605692207813,0.9828599132597446,0.6385596357285976,0.3392772041261196,0.3763381391763687,0.03195223957300186,0.005275744944810867,0.003698281943798065,0.00028079375624656677,0.0,0.0,0.0,0.0,0.0,0.0,0.0,0.0,0.0,0.0,0.0,0.0,0.0,0.0,0.0,0.0,0.0,0.0,0.0,189.7766243033111
47,17.361032459884882,14.071819569915533,15.406165447086096,14.444995988160372,13.328416112810373,12.29409708827734,11.449023548513651,10.649924274533987,10.654034208506346,9.119784343987703,8.41398424655199,7.603032324463129,6.769986189901829,6.02301499992609,5.537917051464319,4.827182721346617,4.162607345730066,3.4596653692424297,3.206050891429186,2.6342479400336742,2.144276335835457,1.7480346821248531,1.3101889826357365,1.1753951385617256,0.6826829835772514,0.49555109441280365,0.2507489286363125,0.0832655020058155,0.016448762267827988,5.8002769947052e-06,3.1366944313049316e-06,0.0,0.0,0.0,0.0,0.0,0.0,0.0,0.0,0.0,0.0,0.0,0.0,0.0,0.0,0.0,0.0,0.0,0.0,0.0,189.32358346879482
48,17.555227637290955,14.153508640825748,13.369734302163124,12.273236472159624,12.288297016173601,12.97999456897378,11.984359260648489,10.75298623368144,10.117153633385897,9.244449134916067,8.43273700028658,7.850642468780279,6.977663539350033,6.150406714528799,5.3548211716115475,4.872636053711176,4.098648868501186,3.841411132365465,3.2490056566894054,2.725486997514963,2.2298084013164043,1.9558810517191887,1.3129776827991009,0.990882895886898,0.6749719306826591,0.4598080925643444,0.2396588958799839,0.06402246654033661,0.010354969650506973,0.004837695509195328,0.0,0.0,0.0,0.0,0.0,0.0,0.0,0.0,0.0,0.0,0.0,0.0,0.0,0.0,0.0,0.0,0.0,0.0,0.0,0.0,186.21561058610678
49,17.466943584382534,15.129098873585463,15.056138448417187,13.575080644339323,13.31950943917036,12.271817065775394,10.666878622025251,10.71322526410222,9.854300200939178,9.229564536362886,8.383392941206694,7.392749398946762,6.5505587086081505,6.001848690211773,5.19404424354434,4.152364019304514,4.316425610333681,3.556653544306755,2.989202171564102,2.606091011315584,2.147379156202078,1.7290205359458923,1.389407742768526,1.003415834158659,0.6984924599528313,0.39312227815389633,0.17768645286560059,0.03753317520022392,0.008560523390769958,0.0027711130678653717,0.0,0.0,0.0,0.0,0.0,0.0,0.0,0.0,0.0,0.0,0.0,0.0,0.0,0.0,0.0,0.0,0.0,0.0,0.0,0.0,186.0132762901485
50,17.455180022865534,13.85708574950695,14.783039681613445,14.388250708580017,13.71386756747961,12.535332050174475,11.868306208401918,10.987227864563465,10.092703483998775,9.117664005607367,8.343906369060278,7.562695432454348,7.15051731839776,6.17230175063014,5.537166431546211,5.022162478417158,4.288087569177151,3.7110420390963554,3.3454280495643616,2.6408266499638557,2.283945966511965,1.8334729820489883,1.4449985846877098,0.9984932914376259,0.6970444023609161,0.678728636354208,0.26780830323696136,0.10115107893943787,5.561858415603638e-06,0.005566097795963287,5.412846803665161e-06,0.0,0.0,0.0,0.0,0.0,0.0,0.0,0.0,0.0,0.0,0.0,0.0,0.0,0.0,0.0,0.0,0.0,0.0,0.0,190.88401174917817
51,17.026657786220312,14.331080477684736,13.460089914500713,13.709231499582529,13.15395337715745,12.127544410526752,10.905825071036816,10.415799010545015,9.550941538065672,8.708711422979832,7.8579210340976715,6.860271330922842,6.4653839357197285,5.683381449431181,4.6568412855267525,4.571354992687702,3.652029827237129,3.2359776981174946,2.656252320855856,2.1261682584881783,2.073190566152334,1.471141304820776,0.8354930058121681,0.5999469421803951,0.4644123613834381,0.3415428549051285,0.21417540684342384,0.06573089584708214,0.007367070764303207,5.8710575103759766e-06,0.0,0.0,0.0,0.0,0.0,0.0,0.0,0.0,0.0,0.0,0.0,0.0,0.0,0.0,0.0,0.0,0.0,0.0,0.0,0.0,177.22842292115092
52,17.018683832138777,14.604240406304598,13.30652903020382,14.48890458419919,12.18260008096695,12.160342779010534,11.29927110671997,10.346054594963789,8.953366313129663,7.9764587841928005,7.448707655072212,6.9927761778235435,6.120490834116936,5.641647674143314,4.975884091109037,4.094042312353849,3.902415256947279,3.152706429362297,2.7378089539706707,2.2653266713023186,1.8922416269779205,1.686208076775074,1.1642918400466442,0.8693738020956516,0.607076995074749,0.3887746296823025,0.17204834520816803,0.030441202223300934,0.0045053064823150635,0.0022877342998981476,0.000258471816778183,0.0,0.0,0.0,0.0,0.0,0.0,0.0,0.0,0.0,0.0,0.0,0.0,0.0,0.0,0.0,0.0,0.0,0.0,0.0,176.48576559871435
53,16.94714929535985,14.744184978306293,12.871933065354824,13.866136968135834,13.185902077704668,11.554273407906294,10.506094958633184,10.259409815073013,9.512589946389198,8.692946054041386,7.753282897174358,7.21343332901597,6.476412482559681,5.537729151546955,5.216310679912567,4.406419321894646,3.9362373277544975,3.3693992532789707,3.0013680197298527,2.363031093031168,1.896244190633297,1.4454686790704727,1.2006667964160442,0.8970187045633793,0.5785687640309334,0.3332022801041603,0.37446901947259903,0.03525808826088905,0.005213536322116852,5.479902029037476e-06,0.0,0.0,0.0,0.0,0.0,0.0,0.0,0.0,0.0,0.0,0.0,0.0,0.0,0.0,0.0,0.0,0.0,0.0,0.0,0.0,178.18035966157913
54,16.922236405313015,15.217172592878342,14.848590105772018,12.637758031487465,13.150565087795258,12.237210091203451,11.26193993166089,10.059010744094849,9.417455222457647,8.546770237386227,7.798716939985752,7.074577569961548,6.582333464175463,5.7119967974722385,5.131633546203375,4.54791571572423,3.9075320288538933,3.375310856848955,2.8310941383242607,2.490581303834915,1.8786363117396832,1.4605209417641163,1.1272230111062527,0.8407575339078903,0.5349126085639,0.30905182659626007,0.1585773304104805,0.031022340059280396,0.006013814359903336,5.2638351917266846e-06,0.0,0.0,0.0,0.0,0.0,0.0,0.0,0.0,0.0,0.0,0.0,0.0,0.0,0.0,0.0,0.0,0.0,0.0,0.0,0.0,180.09712179377675
55,16.99366718530655,15.28112268075347,14.595508735626936,13.86921126395464,13.13987373188138,12.096004370599985,10.518853392452002,10.245849691331387,9.390095751732588,8.743849460035563,7.9345820136368275,6.971980813890696,6.45793954282999,5.654636308550835,5.06158335134387,4.595856625586748,3.854114092886448,3.326557081192732,2.930112399160862,2.318455081433058,1.8268676362931728,1.468963984400034,1.1738577373325825,0.8581513836979866,0.49141838774085045,0.21611830964684486,0.06479815766215324,0.018578335642814636,0.0022161900997161865,5.520880222320557e-06,0.0,0.0,0.0,0.0,0.0,0.0,0.0,0.0,0.0,0.0,0.0,0.0,0.0,0.0,0.0,0.0,0.0,0.0,0.0,0.0,180.10082921758294
56,17.83654499799013,14.075056102126837,14.071423150599003,14.069503411650658,13.581553727388382,12.372354317456484,11.859775599092245,10.860119994729757,10.182594139128923,9.39365641027689,8.59076552838087,7.647792126983404,6.736418038606644,6.384364381432533,5.635411646217108,5.002990178763866,4.504052333533764,3.778974037617445,3.225254140794277,2.644206255674362,2.198650434613228,1.757219433784485e-05,1.2973522692918777,0.966526698321104,0.6895678117871284,0.4369836188852787,0.2199537381529808,8.005648851394653e-06,0.00046347081661224365,0.00047634541988372803,0.0001586414873600006,0.0,0.0,0.0,0.0,0.0,0.0,0.0,0.0,0.0,0.0,0.0,0.0,0.0,0.0,0.0,0.0,0.0,0.0,0.0,188.26296912506223
57,17.459520261734724,13.973768386989832,14.849199317395687,14.144963059574366,13.179833136498928,12.704496171325445,11.862654820084572,11.108609672635794,10.114950276911259,9.32424983382225,8.431651208549738,7.697310991585255,6.7723292000591755,6.310327410697937,5.493627920746803,4.9168317168951035,4.402140244841576,3.6867903359234333,3.199560794979334,2.6489081494510174,2.2676494531333447,1.661048524081707,1.299523003399372,0.9591855630278587,0.6723786257207394,0.3540286310017109,0.2098570391535759,9.685754776000977e-06,0.00042580440640449524,0.00045382604002952576,0.0002476423978805542,0.0,0.0,0.0,0.0,0.0,0.0,0.0,0.0,0.0,0.0,0.0,0.0,0.0,0.0,0.0,0.0,0.0,0.0,0.0,189.70653070881963
58,17.505661241710186,13.785774353891611,14.665425326675177,14.682454403489828,12.83260053023696,12.914445649832487,12.066939748823643,11.243314951658249,10.459602057933807,9.528239700943232,8.59184267744422,7.861437398940325,7.0403716415166855,6.179203990846872,5.469489239156246,4.945696849375963,4.403233092278242,3.67134802415967,3.1229302994906902,2.8164097145199776,2.105618242174387,1.7557706944644451,1.4330980218946934,1.2249802984297276,0.7850908972322941,0.4843834452331066,0.27567343786358833,0.11019053310155869,0.009041093289852142,0.0034909620881080627,0.000262334942817688,0.0,0.0,0.0,0.0,0.0,0.0,0.0,0.0,0.0,0.0,0.0,0.0,0.0,0.0,0.0,0.0,0.0,0.0,0.0,191.97402085363865
59,17.445968613028526,14.102099806070328,14.17373976483941,14.513491157442331,13.87948838993907,12.566635392606258,11.980644792318344,9.549578607082367,9.90099536255002,9.365461211651564,8.497863881289959,7.642552938312292,6.942988224327564,6.366894748061895,5.397948637604713,4.7637400440871716,4.255101904273033,3.5651069842278957,2.901170250028372,2.415408980101347,1.8837852664291859,1.7313100844621658,1.3217061012983322,0.8979584015905857,0.7062669359147549,0.4037662036716938,0.20275747030973434,7.953494787216187e-06,0.0004218779504299164,0.00045198947191238403,0.00024331733584403992,0.0,0.0,0.0,0.0,0.0,0.0,0.0,0.0,0.0,0.0,0.0,0.0,0.0,0.0,0.0,0.0,0.0,0.0,0.0,187.3755552917719
60,17.466830637305975,16.24707229435444,15.575633708387613,14.16953356191516,13.731385137885809,12.602281618863344,11.268399361521006,10.935306288301945,10.313421845436096,9.384672410786152,8.646897457540035,7.967798367142677,7.006772570312023,6.322935275733471,5.6807578802108765,4.730213649570942,4.273520741611719,3.6068332754075527,3.3200657069683075,2.6032169349491596,2.013749185949564,1.656211245805025,1.2999882064759731,0.880316961556673,0.6300888545811176,0.41723204776644707,0.4200647808611393,0.05655887350440025,0.005527786910533905,0.005325883626937866,5.1371753215789795e-06,0.0,0.0,0.0,0.0,0.0,0.0,0.0,0.0,0.0,0.0,0.0,0.0,0.0,0.0,0.0,0.0,0.0,0.0,0.0,193.23861768841743
61,16.887215740978718,15.935295078903437,14.626720070838928,13.634058304131031,12.969959750771523,11.636067159473896,9.825396727770567,10.21579373255372,9.576507970690727,8.727661397308111,8.014413580298424,7.1382268369197845,6.041205171495676,5.81672453135252,5.022077694535255,4.333230514079332,3.9455429315567017,3.279407776892185,2.83807210996747,2.4082192331552505,2.1184353977441788,1.5119315423071384,1.1937049143016338,0.7966876216232777,0.409312479197979,0.1420215182006359,0.14895444363355637,0.02674676850438118,0.0055261775851249695,5.457550287246704e-06,0.0,0.0,0.0,0.0,0.0,0.0,0.0,0.0,0.0,0.0,0.0,0.0,0.0,0.0,0.0,0.0,0.0,0.0,0.0,0.0,179.22512263432145
62,16.976229462772608,15.643120277673006,14.184618461877108,13.704114392399788,13.00414365530014,12.238400161266327,11.366012681275606,10.38229962065816,9.170940186828375,8.812342319637537,7.295562591403723,7.329512447118759,6.476543020457029,5.806812129914761,5.25012444332242,4.485620968043804,3.8871149234473705,3.3298209942877293,2.9375108182430267,2.3086283169686794,1.9170085154473782,1.5438876040279865,1.1699646562337875,0.8807592839002609,0.596270464360714,0.5399773269891739,0.15484484657645226,8.013099431991577e-06,0.00046233832836151123,0.00024798884987831116,0.0,0.0,0.0,0.0,0.0,0.0,0.0,0.0,0.0,0.0,0.0,0.0,0.0,0.0,0.0,0.0,0.0,0.0,0.0,0.0,181.39290291070938
63,16.958335880190134,14.356169234961271,14.783201217651367,12.430501021444798,13.127252537757158,12.173372346907854,11.600260347127914,10.434249751269817,9.321845669299364,8.74396988376975,7.864452797919512,6.997456908226013,6.47657273337245,5.688080724328756,5.037241771817207,4.505662459880114,3.8460019268095493,3.29136336222291,2.8035042844712734,2.5097345523536205,1.8762302845716476,1.506028302013874,1.18533493578434,0.8766889609396458,0.6046217381954193,0.3419288098812103,0.11891281232237816,0.00919223204255104,0.004389040172100067,4.567205905914307e-06,0.0,0.0,0.0,0.0,0.0,0.0,0.0,0.0,0.0,0.0,0.0,0.0,0.0,0.0,0.0,0.0,0.0,0.0,0.0,0.0,179.4725610949099
64,16.852499786764383,14.306494884192944,14.895112667232752,12.662659615278244,13.00579271838069,12.215944737195969,11.263832997530699,10.429839745163918,9.32022824883461,8.758987341076136,7.819613289088011,7.144973453134298,6.414739906787872,5.722652513533831,4.984677977859974,4.3213803842663765,3.535662405192852,3.23599012196064,2.884109251201153,2.2197399213910103,1.900416560471058,1.4634777046740055,1.1554818488657475,0.8540051281452179,0.5756700746715069,0.35669856891036034,0.34420227631926537,0.02422216162085533,0.003003239631652832,0.00037102773785591125,0.0,0.0,0.0,0.0,0.0,0.0,0.0,0.0,0.0,0.0,0.0,0.0,0.0,0.0,0.0,0.0,0.0,0.0,0.0,0.0,178.6724805571139
65,16.96791333705187,15.037205830216408,14.53520206362009,12.507594507187605,12.372091248631477,12.208944398909807,11.314456757158041,10.769484631717205,9.55714301764965,8.822611145675182,7.897568795830011,7.08429716527462,6.48511815443635,5.116550289094448,5.025385744869709,4.470547575503588,3.7826119884848595,3.265727926045656,2.756972387433052,2.0877986401319504,1.8906738460063934,1.643056571483612,1.0177782289683819,0.8467658907175064,0.5718083269894123,0.32184358686208725,0.11576679721474648,0.027672242373228073,0.005854599177837372,5.453824996948242e-06,0.0,0.0,0.0,0.0,0.0,0.0,0.0,0.0,0.0,0.0,0.0,0.0,0.0,0.0,0.0,0.0,0.0,0.0,0.0,0.0,178.50645114853978
66,17.477911822497845,14.988092370331287,13.497815936803818,14.497959326952696,13.53690867498517,12.582788456231356,11.612112510949373,11.13969437405467,9.90942182019353,9.270729593932629,8.480289276689291,7.587091583758593,6.9526874758303165,6.1320708729326725,5.3721820414066315,4.7464020773768425,4.28038215264678,3.5433595404028893,2.9159825034439564,2.4581196382641792,2.1422120593488216,1.8200396001338959,1.1659308969974518,0.7931222431361675,0.6559869199991226,0.44342198967933655,0.20308379083871841,0.055159784853458405,0.008436549454927444,0.004041902720928192,0.0002692677080631256,0.0,0.0,0.0,0.0,0.0,0.0,0.0,0.0,0.0,0.0,0.0,0.0,0.0,0.0,0.0,0.0,0.0,0.0,0.0,188.27370705455542
67,17.443066515028477,13.77238630130887,15.169847562909126,14.081733796745539,13.277077682316303,12.839967731386423,11.680957861244678,11.061405207961798,10.217597842216492,9.354568727314472,8.5125910975039,7.487111829221249,7.051232855767012,6.089394062757492,5.251385536044836,4.5258768536150455,4.1828322522342205,3.656895462423563,3.058675494045019,2.451687164604664,2.09542652964592,1.4349311999976635,1.2072884403169155,0.9443348571658134,0.5946560092270374,0.4132913239300251,0.1653970219194889,0.025346901267766953,0.006808888167142868,0.0027857646346092224,0.00025011226534843445,0.0,0.0,0.0,0.0,0.0,0.0,0.0,0.0,0.0,0.0,0.0,0.0,0.0,0.0,0.0,0.0,0.0,0.0,0.0,188.0568088851869
68,17.45953345298767,15.332160986959934,14.34935437515378,13.812693450599909,13.312396254390478,12.481700010597706,11.269337959587574,10.60853136703372,9.06545977666974,9.330230247229338,8.6827377602458,7.7866962514817715,6.960780672729015,6.388105869293213,5.571435049176216,4.825400851666927,4.325628466904163,3.616300828754902,3.1004705280065536,2.564325664192438,2.2193771339952946,1.9279489815235138,1.356272891163826,1.0454109646379948,0.7136217541992664,0.40890152007341385,0.22556807100772858,0.055812232196331024,0.007910799235105515,0.00544317439198494,5.39049506187439e-06,0.0,0.0,0.0,0.0,0.0,0.0,0.0,0.0,0.0,0.0,0.0,0.0,0.0,0.0,0.0,0.0,0.0,0.0,0.0,188.80955273658037
69,17.525322299450636,14.838258512318134,14.918975915759802,14.207881197333336,13.598041128367186,12.953514475375414,12.064095851033926,11.024578657001257,10.247077234089375,9.265517733991146,8.411574304103851,7.7668477818369865,6.999527271836996,6.196724187582731,5.459699533879757,4.869531285017729,4.023416895419359,3.864393562078476,3.0513738952577114,2.533334482461214,2.148233138024807,1.5532072000205517,1.2910704240202904,0.9361601285636425,0.8569763787090778,0.40560678392648697,0.1541864275932312,0.07875558361411095,0.008348509669303894,0.00357813760638237,0.0,0.0,0.0,0.0,0.0,0.0,0.0,0.0,0.0,0.0,0.0,0.0,0.0,0.0,0.0,0.0,0.0,0.0,0.0,0.0,191.2558089159429
70,17.478548385202885,13.179064378142357,14.831031866371632,14.284790761768818,13.597935069352388,11.755990821868181,11.744590189307928,10.83768518641591,10.30208956822753,9.277440555393696,8.557106904685497,7.882653497159481,7.165542095899582,6.308099165558815,5.494332544505596,4.961324363946915,4.283447220921516,3.749267339706421,3.155046448111534,2.800939030945301,2.183601550757885,1.8157363943755627,1.3898498006165028,1.0141518414020538,0.7739315442740917,0.48554500937461853,0.4779486581683159,0.08309045061469078,0.013554111123085022,0.007548157125711441,5.844980478286743e-06,0.0,0.0,0.0,0.0,0.0,0.0,0.0,0.0,0.0,0.0,0.0,0.0,0.0,0.0,0.0,0.0,0.0,0.0,0.0,189.89188875630498
71,16.922971185296774,13.044997557997704,14.321336187422276,14.147099070250988,13.080969169735909,11.867964170873165,11.749206002801657,10.417938970029354,9.49761489033699,8.78914500400424,7.941545709967613,7.13021782413125,6.420381955802441,5.705443978309631,4.992341496050358,4.572339788079262,3.7483368255198,3.2994393035769463,2.800276879221201,2.3407251350581646,2.094752538949251,1.4811791740357876,1.160018801689148,0.7769601456820965,0.5719571113586426,0.34522155299782753,0.13161443918943405,0.026954080909490585,0.005675058811903,5.733221769332886e-06,0.0,0.0,0.0,0.0,0.0,0.0,0.0,0.0,0.0,0.0,0.0,0.0,0.0,0.0,0.0,0.0,0.0,0.0,0.0,0.0,179.38462974131107
72,17.032272648066282,15.62988568097353,12.07870639488101,14.536526951938868,13.195025391876698,12.237335789948702,11.312304873019457,10.215730544179678,9.339866578578949,8.737294111400843,7.876638300716877,7.018498361110687,6.453458417207003,5.655412942171097,4.663830805569887,4.3372163735330105,3.767787642776966,3.1105780340731144,2.6629209145903587,2.0737048536539078,1.6923307962715626,1.6097238101065159,1.088633008301258,0.8210105858743191,0.5441613756120205,0.26111816614866257,0.09810169786214828,7.00727105140686e-06,0.005705066025257111,5.491077899932861e-06,0.0,0.0,0.0,0.0,0.0,0.0,0.0,0.0,0.0,0.0,0.0,0.0,0.0,0.0,0.0,0.0,0.0,0.0,0.0,0.0,178.05579261481762
73,17.051230534911156,14.71131606027484,13.860031113028526,14.470630511641502,12.469930704683065,11.436066702008247,11.350554805248976,10.252808693796396,9.446436058729887,8.575322519987822,7.684361878782511,6.970627017319202,6.220773294568062,5.755722690373659,4.993486229330301,4.365118116140366,3.938684392720461,3.2188318595290184,2.7657322995364666,2.28044743090868,1.8572388030588627,1.4964697882533073,1.297586128115654,0.7405056953430176,0.47604019567370415,0.22428206354379654,9.629875421524048e-06,0.0006525442004203796,0.0004590079188346863,0.0002562887966632843,0.0,0.0,0.0,0.0,0.0,0.0,0.0,0.0,0.0,0.0,0.0,0.0,0.0,0.0,0.0,0.0,0.0,0.0,0.0,0.0,177.91161305829883
74,17.067211974412203,13.48561192676425,14.486573942005634,14.153199262917042,11.895355999469757,11.891205620020628,10.478505712002516,10.210422817617655,9.20064977556467,8.669859148561954,7.8110289834439754,7.311785493046045,6.498040299862623,5.641902945935726,5.202409349381924,4.471513193100691,3.892162185162306,3.4637994058430195,2.7765161767601967,2.320974227041006,1.8236094899475574,1.542610615491867,1.3690777271986008,0.8078866638243198,0.5856274291872978,0.32547563686966896,0.1297495737671852,0.023004934191703796,0.005617890506982803,5.9157609939575195e-06,0.0,0.0,0.0,0.0,0.0,0.0,0.0,0.0,0.0,0.0,0.0,0.0,0.0,0.0,0.0,0.0,0.0,0.0,0.0,0.0,177.54139431566
75,17.00288438796997,14.32252474874258,13.610203579068184,13.855648279190063,12.0183881893754,12.22962262481451,11.225072912871838,10.303588517010212,9.389840666204691,8.362572029232979,7.772286385297775,7.0858712792396545,6.084818925708532,5.473805241286755,4.759794503450394,4.437568679451942,3.73105052113533,3.200783859938383,2.756297927349806,2.428195722401142,1.834237277507782,1.4854931943118572,1.1789622157812119,0.7969215624034405,0.45502445474267006,0.23392979055643082,0.09209156408905983,0.04246016964316368,0.005830433219671249,6.530433893203735e-06,0.0,0.0,0.0,0.0,0.0,0.0,0.0,0.0,0.0,0.0,0.0,0.0,0.0,0.0,0.0,0.0,0.0,0.0,0.0,0.0,176.17577617242932
76,17.54289697483182,15.575791213661432,15.231595572084188,13.252503644675016,12.464505039155483,12.79135338589549,11.370601810514927,10.842555928975344,10.08832174167037,9.272374909371138,8.205028992146254,7.653536446392536,6.741461515426636,5.7999000288546085,5.442547537386417,4.744395785033703,4.0644966550171375,3.6129673831164837,3.252067483961582,2.6222133226692677,2.104035533964634,1.7010569050908089,1.2702038809657097,0.9063469283282757,0.7090003304183483,0.6627581939101219,0.26009511575102806,0.0851837769150734,0.010478880256414413,0.0036082081496715546,0.0002611018717288971,0.0,0.0,0.0,0.0,0.0,0.0,0.0,0.0,0.0,0.0,0.0,0.0,0.0,0.0,0.0,0.0,0.0,0.0,0.0,188.28414422646165
77,17.492716442793608,14.303035382181406,14.65367878228426,14.049205340445042,12.714112505316734,13.0069062076509,12.310834717005491,11.039401046931744,10.37433473020792,9.323819998651743,8.558277379721403,7.618198659271002,6.874778639525175,6.112335674464703,5.65887113660574,4.794306229799986,4.2430603466928005,3.6205919943749905,3.0458636730909348,2.565532859414816,2.1987612023949623,1.6667976044118404,1.4152528047561646,1.157006785273552,0.7382141314446926,0.4769158139824867,0.27028411626815796,0.06893131881952286,0.008250679820775986,0.0016280636191368103,0.0,0.0,0.0,0.0,0.0,0.0,0.0,0.0,0.0,0.0,0.0,0.0,0.0,0.0,0.0,0.0,0.0,0.0,0.0,0.0,190.3619042672217
78,17.587490625679493,14.718114707618952,13.95812539756298,13.189675197005272,13.131140302866697,12.87347635999322,11.171074848622084,11.02276822552085,10.336609937250614,9.364640351384878,8.370802111923695,7.645412102341652,6.865556053817272,6.1042784713208675,5.6653738506138325,4.655130200088024,4.190934345126152,3.594368129968643,3.2348974123597145,2.5443180724978447,2.1478958018124104,1.6784549541771412,1.4051319546997547,1.1805933564901352,0.6769604794681072,0.36650319769978523,0.24968452751636505,0.06677352264523506,0.003441203385591507,0.0067334361374378204,5.163252353668213e-06,0.0,0.0,0.0,0.0,0.0,0.0,0.0,0.0,0.0,0.0,0.0,0.0,0.0,0.0,0.0,0.0,0.0,0.0,0.0,188.00636430084705
79,17.548753138631582,15.855526637285948,13.577647171914577,13.955325901508331,12.029747284948826,12.735745277255774,12.145953565835953,10.606121372431517,10.00628974288702,9.400291081517935,8.364771790802479,7.734548602253199,7.062110632658005,6.126659952104092,5.053965613245964,4.693209622055292,3.9497400857508183,3.4654022864997387,3.120472528040409,2.489465329796076,2.0204294249415398,1.5616416931152344e-05,0.0016066543757915497,0.0014943927526474,0.0015170276165008545,0.0014345906674861908,0.5492379404604435,0.3344232626259327,9.715557098388672e-06,0.0006593689322471619,0.00047248974442481995,0.0002518408000469208,0.0,0.0,0.0,0.0,0.0,0.0,0.0,0.0,0.0,0.0,0.0,0.0,0.0,0.0,0.0,0.0,0.0,0.0,182.83329994231462
80,17.494035560637712,16.058038480579853,14.2001423984766,14.551994167268276,13.858139861375093,13.346448961645365,11.7228494733572,11.024832237511873,10.118338122963905,9.104687105864286,8.393601663410664,7.563343811780214,7.037296511232853,6.276893433183432,5.554501887410879,4.854456875473261,4.119846552610397,3.593383926898241,2.9715352654457092,2.353393778204918,2.0695315152406693,1.562872275710106,1.2618942931294441,1.0781150311231613,0.6326160095632076,0.47133176401257515,0.2548662945628166,0.0612991601228714,0.008572325110435486,0.006182290613651276,5.241483449935913e-06,0.0,0.0,0.0,0.0,0.0,0.0,0.0,0.0,0.0,0.0,0.0,0.0,0.0,0.0,0.0,0.0,0.0,0.0,0.0,191.60504627600312
81,16.92739451676607,14.385123334825039,13.840459778904915,13.842268504202366,12.887471809983253,11.931564178317785,11.30917190387845,10.286631748080254,9.53472764045,8.716743476688862,7.841556813567877,7.154465474188328,6.350668080151081,5.687788788229227,5.187832370400429,4.458398122340441,3.845541685819626,3.0950379855930805,2.8999960869550705,2.246129348874092,1.865489922463894,1.4913569167256355,1.1363904029130936,0.7505456171929836,0.46779391914606094,0.2663034535944462,0.1585688591003418,0.3010854087769985,0.0052337199449539185,5.02169132232666e-06,0.0,0.0,0.0,0.0,0.0,0.0,0.0,0.0,0.0,0.0,0.0,0.0,0.0,0.0,0.0,0.0,0.0,0.0,0.0,0.0,178.87174488976598
82,16.993564147502184,15.628329392522573,14.602898489683867,13.977149173617363,13.121968727558851,11.130688611418009,11.26317486166954,9.542833890765905,9.386787571012974,8.456478476524353,7.566259305924177,7.1520805060863495,6.4035305343568325,5.7794603407382965,4.970588184893131,4.002479944378138,3.601982429623604,3.1147252321243286,2.805530395358801,2.2560117319226265,1.8737471029162407,1.5125935822725296,1.359350599348545,0.8182656243443489,0.5786940008401871,0.3117826394736767,0.11811158806085587,0.018108844757080078,6.757676601409912e-06,0.0002465657889842987,0.0,0.0,0.0,0.0,0.0,0.0,0.0,0.0,0.0,0.0,0.0,0.0,0.0,0.0,0.0,0.0,0.0,0.0,0.0,0.0,178.34742925316095
83,17.029404744505882,15.984123669564724,15.034750025719404,14.301215622574091,13.16430887952447,12.25364414229989,11.375693581998348,10.507156431674957,9.559055425226688,8.386359374970198,7.542255487293005,7.098801881074905,6.428026475012302,5.803023584187031,5.034331649541855,4.247900310903788,3.946389138698578,3.2831614948809147,2.5924718268215656,2.2664805240929127,1.8220923021435738,1.2471549101173878,1.2454181388020515,0.7751771025359631,0.5304499566555023,0.3427618108689785,0.14865263178944588,0.03274741768836975,0.005136813968420029,6.7390501499176025e-06,0.0,0.0,0.0,0.0,0.0,0.0,0.0,0.0,0.0,0.0,0.0,0.0,0.0,0.0,0.0,0.0,0.0,0.0,0.0,0.0,181.98815209418535
84,17.034307159483433,14.26932068914175,15.103332176804543,13.368503961712122,13.28202361986041,12.707783088088036,10.609378397464752,10.49956065416336,9.650607202202082,8.625824376940727,7.775016598403454,7.13157906755805,6.129197511821985,5.679171659052372,4.64718634262681,4.295196149498224,3.8115095868706703,2.9865977317094803,2.9413121603429317,2.3140102736651897,1.7378207743167877,1.496650230139494,1.1876141130924225,0.9025794640183449,0.7972206212580204,0.33397195488214493,0.14349287003278732,0.05248590186238289,0.005529820919036865,5.37186861038208e-06,0.0,0.0,0.0,0.0,0.0,0.0,0.0,0.0,0.0,0.0,0.0,0.0,0.0,0.0,0.0,0.0,0.0,0.0,0.0,0.0,179.51878952980042
85,16.970995284616947,13.07126622647047,13.642376985400915,14.133758667856455,12.949127662926912,11.951404824852943,11.771736826747656,10.46357249096036,9.554981745779514,8.650590095669031,7.93996100500226,7.1414211466908455,6.439857721328735,5.747500333935022,4.975935865193605,4.497639577835798,3.7192109413444996,3.183434311300516,2.7079264782369137,2.423048634082079,1.8203684650361538,1.3832203708589077,0.9516880735754967,0.6758821159601212,0.4604150801897049,0.31106414645910263,0.14932086691260338,0.01454693078994751,0.004046764224767685,4.913657903671265e-06,0.0,0.0,0.0,0.0,0.0,0.0,0.0,0.0,0.0,0.0,0.0,0.0,0.0,0.0,0.0,0.0,0.0,0.0,0.0,0.0,177.7063045538962
86,17.492088567465544,14.305688813328743,13.684259872883558,14.847846888005733,13.597351104021072,12.61816482245922,11.893699884414673,10.445057779550552,10.109919380396605,9.370935373008251,8.348594829440117,7.715849336236715,6.695032820105553,5.895807955414057,5.3920826986432076,4.932187877595425,4.056680038571358,3.60627294331789,3.021212514489889,2.687004964798689,2.10495937615633,1.6674599759280682,1.150892723351717,9.760260581970215e-06,0.5998987071216106,0.2770983353257179,0.15832264348864555,0.0517062246799469,6.355345249176025e-06,0.00046136975288391113,0.00025211647152900696,0.0,0.0,0.0,0.0,0.0,0.0,0.0,0.0,0.0,0.0,0.0,0.0,0.0,0.0,0.0,0.0,0.0,0.0,0.0,186.72680605202913
87,17.581099793314934,15.086023483425379,15.475654672831297,13.664609745144844,13.406197786331177,12.197238482534885,11.936479173600674,11.065871726721525,10.16042846441269,9.298958763480186,8.215649131685495,7.4747571013867855,6.946299236267805,6.0843438021838665,5.4470767714083195,4.908543553203344,4.269279319792986,3.801929861307144,3.2497702576220036,2.870914611965418,2.319993857294321,1.8825664035975933,1.4946789778769016,1.1277207359671593,0.8259356021881104,0.707660123705864,0.2954714372754097,0.10736313089728355,0.008874278515577316,0.0031523145735263824,0.00026087090373039246,0.0,0.0,0.0,0.0,0.0,0.0,0.0,0.0,0.0,0.0,0.0,0.0,0.0,0.0,0.0,0.0,0.0,0.0,0.0,191.91480347141623
88,17.540716625750065,14.543915327638388,14.299935411661863,14.00034200027585,13.806335095316172,12.919337075203657,12.37638195604086,11.036785010248423,10.271962642669678,9.537396147847176,8.616786479949951,7.838194690644741,7.1342561058700085,6.20355811715126,5.355885483324528,4.932825863361359,4.3732753321528435,3.7409437857568264,3.198676463216543,2.9094440788030624,2.167009763419628,1.7197472788393497,1.3032819516956806,0.9292782954871655,0.6633519046008587,0.42354724928736687,0.2089230976998806,0.369024395942688,0.00703754648566246,0.002160947769880295,0.0002551525831222534,0.0,0.0,0.0,0.0,0.0,0.0,0.0,0.0,0.0,0.0,0.0,0.0,0.0,0.0,0.0,0.0,0.0,0.0,0.0,192.43057127669454
89,17.599791534245014,14.66838589310646,14.747643679380417,14.519900944083929,12.726755268871784,11.65666625648737,12.045489497482777,11.076665736734867,10.35629304125905,9.417026694864035,8.645993109792471,7.847558978945017,7.0984924249351025,6.380430907011032,5.471994981169701,4.905978798866272,4.339039348065853,3.7095002606511116,3.1589780673384666,2.6386703364551067,2.098302535712719,1.8072366900742054,1.233634565025568,1.4550983905792236e-05,0.8170613572001457,0.5515707172453403,0.31498098373413086,7.737427949905396e-06,0.037130750715732574,0.0024596303701400757,4.537403583526611e-06,0.0,0.0,0.0,0.0,0.0,0.0,0.0,0.0,0.0,0.0,0.0,0.0,0.0,0.0,0.0,0.0,0.0,0.0,0.0,189.87365981563926
90,17.595176622271538,15.09021196141839,15.190305683761835,14.333326112478971,13.57978492230177,12.900970350950956,12.08189582452178,11.045977376401424,10.323967095464468,9.362052451819181,8.660778187215328,7.84916104003787,7.027071360498667,6.321508586406708,5.568330027163029,5.0112603679299355,4.195889238268137,3.613106921315193,3.1176127269864082,2.602626495063305,2.2345621213316917,1.711962629109621,1.3899250216782093,0.8990127891302109,0.3196284919977188,0.37540487572550774,0.21695515513420105,0.06432625278830528,0.007728148251771927,0.002694476395845413,0.0,0.0,0.0,0.0,0.0,0.0,0.0,0.0,0.0,0.0,0.0,0.0,0.0,0.0,0.0,0.0,0.0,0.0,0.0,0.0,192.69321331381798
91,17.123366232961416,14.330424010753632,15.57463026791811,14.006047450006008,13.265095561742783,12.341422475874424,11.373615317046642,9.856909736990929,9.674120478332043,8.687039323151112,7.875028386712074,6.7306357473134995,6.408639680594206,5.4813233353197575,4.89508469030261,4.421125274151564,3.8039959147572517,3.2834355384111404,2.9189043268561363,2.240845952183008,1.784786581993103e-05,1.452279705554247,1.2911856174468994e-05,0.0014436356723308563,0.0011309310793876648,0.001035839319229126,0.0009417608380317688,0.0008419379591941833,0.0954718105494976,7.309019565582275e-06,0.00035294145345687866,0.0002690553665161133,0.00016230344772338867,0.0,0.0,0.0,0.0,0.0,0.0,0.0,0.0,0.0,0.0,0.0,0.0,0.0,0.0,0.0,0.0,0.0,175.84565769135952
92,17.060635190457106,14.921096660196781,14.890991318970919,14.051752246916294,13.394927557557821,12.234082713723183,11.23976979777217,10.300175443291664,9.307157658040524,8.746311571449041,8.001496013253927,7.125216621905565,6.391005888581276,5.845778696238995,5.018462114036083,4.357000511139631,3.8567578233778477,3.423477739095688,2.7857204899191856,2.3321962878108025,1.8628833517432213,1.523629155009985,1.3487154468894005,0.9135281406342983,0.6102356314659119,0.30874086543917656,0.16836713626980782,0.011698149144649506,0.004177957773208618,4.958361387252808e-06,0.0,0.0,0.0,0.0,0.0,0.0,0.0,0.0,0.0,0.0,0.0,0.0,0.0,0.0,0.0,0.0,0.0,0.0,0.0,0.0,182.03599313646555
93,17.110132571309805,14.146639235317707,14.725921612232924,14.193563114851713,13.194940462708473,12.021560467779636,11.290514409542084,9.890827275812626,9.568548835814,8.69173001497984,7.976789426058531,7.139822497963905,6.497602611780167,5.67527611553669,4.993314202874899,4.421240385621786,3.94371772184968,3.095294401049614,2.802965797483921,2.330043401569128,2.0885514356195927,1.510804858058691,1.2023197039961815,0.9210224524140358,0.6166091114282608,0.42014148458838463,0.21728909760713577,0.06457258388400078,0.0062076635658741,5.837529897689819e-06,0.0,0.0,0.0,0.0,0.0,0.0,0.0,0.0,0.0,0.0,0.0,0.0,0.0,0.0,0.0,0.0,0.0,0.0,0.0,0.0,180.75796879082918
94,17.012509047985077,14.658179491758347,13.749141156673431,14.09166044741869,12.949656583368778,12.097538098692894,11.32769238203764,10.29701418057084,9.558013182133436,8.58396839722991,7.85737020522356,7.1660768166184425,6.311529617756605,5.160144932568073,4.958824876695871,4.258103031665087,3.3135950565338135,3.216449052095413,2.3599042147397995,1.5188008546829224e-05,2.3265296891331673,1.654108937829733,1.2842847853899002,0.9466160163283348,0.7056326866149902,0.47061440721154213,0.32472508028149605,0.13007045537233353,0.01799846440553665,0.00232517346739769,0.0,0.0,0.0,0.0,0.0,0.0,0.0,0.0,0.0,0.0,0.0,0.0,0.0,0.0,0.0,0.0,0.0,0.0,0.0,0.0,176.7902916558087
95,17.049849946051836,13.660652242600918,14.497530464082956,14.255589943379164,12.67495196685195,12.250707495957613,11.347701977938414,10.332200903445482,9.551359169185162,8.77327025309205,7.574380643665791,6.972141977399588,6.554274544119835,5.668752819299698,4.874043498188257,4.543283525854349,3.811234977096319,3.234701808542013,2.7672856487333775,2.2917642891407013,2.0104952715337276,1.3846499808132648,1.1150384172797203,0.8563768304884434,0.5631123073399067,0.31629420071840286,0.07276106253266335,0.012933790683746338,0.0034750886261463165,5.0477683544158936e-06,0.0,0.0,0.0,0.0,0.0,0.0,0.0,0.0,0.0,0.0,0.0,0.0,0.0,0.0,0.0,0.0,0.0,0.0,0.0,0.0,179.02082009240985
96,17.493834298104048,15.036687731742859,13.64387110248208,14.558158669620752,14.178374614566565,12.788444723933935,11.297673847526312,10.958327241241932,10.104675337672234,9.422515332698822,8.468578271567822,7.757379226386547,7.154947578907013,6.268840502947569,5.609046831727028,5.163351468741894,4.307375904172659,3.7570848613977432,3.1662886515259743,2.78016459941864,2.034060627222061,1.6007451713085175,1.3590343482792377,0.9498491697013378,0.6329712867736816,0.4607524871826172,0.24497216194868088,0.04627256840467453,0.004736918956041336,0.003845885396003723,0.0,0.0,0.0,0.0,0.0,0.0,0.0,0.0,0.0,0.0,0.0,0.0,0.0,0.0,0.0,0.0,0.0,0.0,0.0,0.0,191.25286142155528
97,17.44261371344328,16.377615969628096,14.272434491664171,13.603867959231138,12.492482021450996,11.86589914932847,11.424753792583942,10.825274892151356,10.412899948656559,9.434749953448772,8.71276642382145,7.841173440217972,7.087818898260593,6.4945293590426445,5.6866669729352,4.937981802970171,4.5621330961585045,3.72537062689662,3.2106829546391964,2.7361788786947727,2.4448118656873703,1.7229740656912327,1.2814472541213036,0.9859732761979103,0.7027435749769211,0.44492121040821075,0.22373299300670624,0.06708727777004242,0.007492370903491974,0.0036459267139434814,0.0,0.0,0.0,0.0,0.0,0.0,0.0,0.0,0.0,0.0,0.0,0.0,0.0,0.0,0.0,0.0,0.0,0.0,0.0,0.0,191.03272416070104
98,17.523950960487127,14.499913793057203,15.078723788261414,13.060506153851748,13.4130322560668,12.554998859763145,11.817843083292246,11.020678512752056,10.126265149563551,9.440526314079762,8.429288890212774,7.626650746911764,6.480438135564327,6.136718925088644,5.6209002658724785,4.905971329659224,4.241411879658699,3.6297597996890545,3.3067868798971176,2.6277890540659428,2.1044866405427456,1.6656851172447205,1.2188564352691174,0.9778428338468075,0.9480482786893845,0.4896295927464962,0.25318532809615135,0.06850414723157883,0.007317636162042618,0.004239439964294434,0.00025846436619758606,0.0,0.0,0.0,0.0,0.0,0.0,0.0,0.0,0.0,0.0,0.0,0.0,0.0,0.0,0.0,0.0,0.0,0.0,0.0,189.2802086919546
99,17.49868343025446,16.24290496483445,14.2711097933352,13.400278344750404,13.648745946586132,12.818371370434761,11.877409487962723,10.510440241545439,10.105210527777672,9.21267045289278,8.133234772831202,7.524949613958597,6.57140963897109,5.995456766337156,5.088454131036997,4.535175766795874,4.116723731160164,3.441511996090412,2.690052181482315,1.475214958190918e-05,2.0617254488170147,1.5680988393723965,1.5221933647990227,0.9319347813725471,0.6485832221806049,0.426327720284462,0.13219834491610527,8.299946784973145e-06,0.03268873319029808,5.863606929779053e-06,0.003113914281129837,0.0,0.0,0.0,0.0,0.0,0.0,0.0,0.0,0.0,0.0,0.0,0.0,0.0,0.0,0.0,0.0,0.0,0.0,0.0,185.0096864439547
100,17.45823672786355,13.507558275014162,15.392465885728598,13.879939671605825,13.640423070639372,12.95608477294445,11.719523586332798,11.156775869429111,10.367553494870663,9.326919190585613,8.582004945725203,7.815131805837154,6.829290714114904,6.3720545917749405,5.543077081441879,4.686581868678331,4.212626721709967,3.795324634760618,3.1445476561784744,2.5588852800428867,2.092792186886072,1.6628760285675526,1.5090264976024628,0.921559751033783,0.6665228568017483,0.4087039679288864,0.21449783444404602,0.07110001146793365,0.007625550031661987,0.003208618611097336,0.0,0.0,0.0,0.0,0.0,0.0,0.0,0.0,0.0,0.0,0.0,0.0,0.0,0.0,0.0,0.0,0.0,0.0,0.0,0.0,190.50291914865375

total time per move x,1727.1698085218668,1474.5688187144697,1424.9698728099465,1383.2394586242735,1313.7042347118258,1232.6428177468479,1145.248026639223,1057.3189447633922,978.8406266868114,895.8822732232511,811.5054379627109,738.5923592299223,663.7230253219604,586.2549855262041,525.7962885312736,448.91639316082,398.0749148875475,342.5661737136543,291.8939017057419,237.53219791129231,197.3288882523775,157.6740506067872,121.47586791589856,86.52909786999226,60.798934906721115,37.192873015999794,20.44984284415841,5.8584220334887505,1.2380240634083748,0.17023685202002525,0.010997653007507324,0.0007943473756313324,0.00016230344772338867,0,0,0,0,0,0,0,0,0,0,0,0,0,0,0,0,0,18367.16875305772
average time per move x,17.271698085218667,14.745688187144697,14.249698728099466,13.832394586242735,13.137042347118259,12.326428177468479,11.45248026639223,10.573189447633922,9.788406266868115,8.95882273223251,8.115054379627109,7.385923592299223,6.637230253219604,5.862549855262041,5.257962885312736,4.4891639316082,3.980749148875475,3.4256617371365428,2.918939017057419,2.375321979112923,1.973288882523775,1.576740506067872,1.2147586791589857,0.8740312916160834,0.6141306556234456,0.3756855860201999,0.20656406913291325,0.05917598013625001,0.012505293569781563,0.001719564161818437,0.0003142186573573521,0.00026478245854377747,0.00016230344772338867,nan,nan,nan,nan,nan,nan,nan,nan,nan,nan,nan,nan,nan,nan,nan,nan,nan,183.67168753057717
std of time per move x,0.29680162773625246,0.7917159213457852,0.7838766148790566,0.5985291049686774,0.5519035766325961,0.4824617514854855,0.4796925895145324,0.47109026804834997,0.40527988041347274,0.3950762247048942,0.3771642949226824,0.33970664873942913,0.31685050258654807,0.6658958474633156,0.29198680975159663,0.8363017723328667,0.47100588415193945,0.4148230727485288,0.37563273348985904,0.5333116014307082,0.37658339935208474,0.27746060739878514,0.25405788279278246,0.21871914825222893,0.14051690304553358,0.12931835435196137,0.10602223874424989,0.06768675536041652,0.04056093272308427,0.002112737155847233,0.0005847658332988455,1.1421285016268853e-05,nan,nan,nan,nan,nan,nan,nan,nan,nan,nan,nan,nan,nan,nan,nan,nan,nan,nan,5.6804442437442795
err of average time,0.029680162773625247,0.07917159213457851,0.07838766148790566,0.05985291049686774,0.0551903576632596,0.04824617514854855,0.04796925895145324,0.047109026804834996,0.040527988041347274,0.039507622470489424,0.037716429492268236,0.033970664873942916,0.031685050258654805,0.06658958474633156,0.029198680975159663,0.08363017723328667,0.04710058841519395,0.04148230727485288,0.037563273348985904,0.05333116014307082,0.03765833993520848,0.027746060739878516,0.025405788279278245,0.021982101491477588,0.01412248012438736,0.012996983633081188,0.01065563591964115,0.006802774872941778,0.004076527120888449,0.00021233807353296646,9.884346640647715e-05,6.594081978634261e-06,nan,nan,nan,nan,nan,nan,nan,nan,nan,nan,nan,nan,nan,nan,nan,nan,nan,nan,0.5680444243744279
