Contains move time for player MCTSMaxIter3; opponent is DynamicRoxanne
Colums refer to move number, rows to game number
game,1,2,3,4,5,6,7,8,9,10,11,12,13,14,15,16,17,18,19,20,21,22,23,24,25,26,27,28,29,30,31,32,33,34,35,36,37,38,39,40,41,42,43,44,45,46,47,48,49,50,total
1,79.69782081618905,73.3175169043243,69.66247097030282,63.93962728604674,60.516828805208206,56.184206150472164,52.14794089272618,48.99931501224637,45.38230016082525,40.417135521769524,36.022548727691174,32.209889870136976,28.698943823575974,26.17517391592264,22.82909468188882,20.28298954293132,16.904784366488457,14.44851527735591,11.582196675240993,9.225766483694315,7.27965198084712,6.359130088239908,4.782722573727369,3.3240757025778294,2.0634631104767323,1.1441434398293495,0.2934807054698467,0.0596180185675621,0.014748971909284592,0.0002264939248561859,0.0,0.0,0.0,0.0,0.0,0.0,0.0,0.0,0.0,0.0,0.0,0.0,0.0,0.0,0.0,0.0,0.0,0.0,0.0,0.0,833.966326970607
2,75.78226889669895,70.90809450298548,68.90586593747139,66.22249460220337,63.85460587590933,59.542863983660936,56.87785339727998,51.207891914993525,47.187268774956465,44.31294409930706,39.29492316395044,35.45218479260802,31.463003765791655,27.166664253920317,24.93283797800541,21.960415109992027,19.070963732898235,16.408744774758816,13.860208246856928,11.575860645622015,9.316707208752632,7.179843753576279,5.424974627792835,3.977620005607605,2.572420723736286,1.4360886104404926,0.28745463863015175,0.0006487593054771423,0.00045137107372283936,0.0002476312220096588,0.0,0.0,0.0,0.0,0.0,0.0,0.0,0.0,0.0,0.0,0.0,0.0,0.0,0.0,0.0,0.0,0.0,0.0,0.0,0.0,876.1844157800078
3,82.68835444375873,77.22818651795387,74.74999129772186,70.38507694005966,64.73922657221556,61.18202504888177,57.116563744843006,52.575255401432514,48.05983654409647,43.49000921472907,39.54630219563842,35.78084656596184,31.789584513753653,28.485023953020573,25.234045457094908,21.965080570429564,19.079127453267574,16.120251968503,13.848106980323792,11.567562345415354,9.311628326773643,7.48179516941309,5.672052651643753,4.301895722746849,2.64496248960495,1.4736187607049942,0.604147844016552,0.06316671147942543,0.016353778541088104,0.0002535916864871979,0.0,0.0,0.0,0.0,0.0,0.0,0.0,0.0,0.0,0.0,0.0,0.0,0.0,0.0,0.0,0.0,0.0,0.0,0.0,0.0,907.200332775712
4,82.86421658471227,77.91427120938897,74.62893940135837,70.32414720579982,66.01191620528698,61.47388491779566,56.377335734665394,51.01479857414961,47.965601064264774,43.61614336818457,38.97682382166386,35.95856376737356,31.962311401963234,28.726221565157175,25.25282956659794,22.10231790691614,19.083736773580313,16.197792768478394,13.968884833157063,11.59560627862811,9.423345543444157,7.435228269547224,5.337008569389582,3.923654917627573,2.5201408229768276,1.336015846580267,0.6232565529644489,0.07287623733282089,0.01846030354499817,0.0002575814723968506,0.0,0.0,0.0,0.0,0.0,0.0,0.0,0.0,0.0,0.0,0.0,0.0,0.0,0.0,0.0,0.0,0.0,0.0,0.0,0.0,906.7065875940025
5,82.05147751793265,77.53577886894345,72.75869182869792,69.463741812855,66.187854308635,61.29581440612674,54.68833780661225,52.47478708997369,47.63350956141949,42.95482164248824,38.55323326960206,35.02885375544429,32.23349116370082,28.56791742146015,25.32241103053093,22.109775196760893,19.20106477290392,16.35125869140029,13.730178665369749,11.693442687392235,9.646187994629145,7.7260312251746655,6.129773784428835,4.533110328018665,2.8811126351356506,1.6870170943439007,0.6667563542723656,0.08246850594878197,0.011533576995134354,0.00015754997730255127,0.0,0.0,0.0,0.0,0.0,0.0,0.0,0.0,0.0,0.0,0.0,0.0,0.0,0.0,0.0,0.0,0.0,0.0,0.0,0.0,903.2005905471742
6,84.76127250120044,81.1125909909606,75.3446458466351,69.97634770348668,66.43371815234423,60.456293288618326,55.9627417512238,51.67586128413677,47.85618048161268,43.410992924124,39.41949585452676,36.033677600324154,31.74100960791111,28.65386324748397,25.66709130629897,21.99335130676627,17.88548592105508,0.00257984921336174,0.0023657679557800293,0.0020768307149410248,0.002096671611070633,7.9389563500881195,6.040550414472818,4.909334257245064,3.64663452655077,2.035537261515856,0.0010536573827266693,0.20761988312005997,0.04339909926056862,0.01340336725115776,0.00014294683933258057,0.0,0.0,0.0,0.0,0.0,0.0,0.0,0.0,0.0,0.0,0.0,0.0,0.0,0.0,0.0,0.0,0.0,0.0,0.0,863.2303706519306
7,83.89903132244945,80.45735432207584,75.27077774703503,70.81006978824735,66.47504629567266,61.144956793636084,56.48735757172108,51.76576913148165,48.2250336073339,44.431011222302914,41.01813220232725,36.29215368255973,32.5831233933568,29.106021743267775,25.481718983501196,22.392177239060402,19.622347470372915,16.39911810681224,13.125945299863815,11.37436731532216,9.165745738893747,7.224901895970106,5.604602660983801,4.104446064680815,2.824518620967865,1.5105124190449715,0.4861767180263996,0.0006868354976177216,0.00039162859320640564,0.014508616179227829,0.0002330690622329712,0.0,0.0,0.0,0.0,0.0,0.0,0.0,0.0,0.0,0.0,0.0,0.0,0.0,0.0,0.0,0.0,0.0,0.0,0.0,917.2982375063002
8,78.36228706687689,74.74621320515871,71.42319108918309,67.7433716095984,62.59916538372636,60.41451819986105,55.359260115772486,50.00028732046485,45.11798344552517,41.21217729523778,37.32326275482774,34.16260118409991,30.79926873371005,27.306573275476694,24.221471186727285,21.11200078204274,18.849252194166183,16.12619974836707,13.631562571972609,11.131275650113821,9.152822900563478,7.157650113105774,5.551710318773985,4.0140553787350655,2.631441343575716,1.438165806233883,0.5329479239881039,0.08567142859101295,0.02336135506629944,0.006701536476612091,0.0002417154610157013,0.0,0.0,0.0,0.0,0.0,0.0,0.0,0.0,0.0,0.0,0.0,0.0,0.0,0.0,0.0,0.0,0.0,0.0,0.0,872.2366926334798
9,80.0678819231689,75.31584992259741,70.14132713526487,62.08585515990853,62.58882765844464,57.916549384593964,53.66344728693366,49.52638863772154,45.56666437909007,42.001027170568705,39.00902468338609,35.195966731756926,31.85829984024167,27.805275853723288,24.976549677550793,21.725347068160772,18.831644777208567,15.997494921088219,13.212979406118393,11.241792179644108,9.325593404471874,7.348161604255438,5.648594383150339,4.138322934508324,2.863706085830927,1.6346295438706875,0.6516382023692131,0.15478040277957916,0.02601248398423195,0.006776195019483566,0.0002385266125202179,0.0,0.0,0.0,0.0,0.0,0.0,0.0,0.0,0.0,0.0,0.0,0.0,0.0,0.0,0.0,0.0,0.0,0.0,0.0,870.5266475640237
10,78.75566669926047,75.0955047160387,71.2645831182599,66.58194014802575,61.050909731537104,60.915151961147785,55.54107342287898,50.19649811834097,46.14660058543086,41.83567386493087,38.33127549290657,34.25995638221502,30.448312185704708,27.378038737922907,24.13233483210206,21.200085680931807,18.310731276869774,16.155000526458025,13.551100391894579,11.485665448009968,9.369278710335493,7.363201729953289,5.666762471199036,4.182208314538002,3.0531604513525963,1.6521305032074451,0.8027978613972664,0.222763329744339,0.030580613762140274,0.007766023278236389,0.0,0.0,0.0,0.0,0.0,0.0,0.0,0.0,0.0,0.0,0.0,0.0,0.0,0.0,0.0,0.0,0.0,0.0,0.0,0.0,874.9867533296347
11,76.49441028013825,73.34308303892612,69.19235685095191,65.36977059021592,61.03399857506156,56.53334121406078,52.624974973499775,48.11607154458761,44.713012389838696,40.51572645828128,36.783907637000084,33.28855597227812,29.878700397908688,26.548519738018513,23.68271192908287,20.638800520449877,17.97279406711459,15.36472188308835,12.855168152600527,10.565475426614285,8.146346546709538,6.285600747913122,4.615492060780525,3.561934996396303,2.491880763322115,1.3845692202448845,0.5729433298110962,0.10179019346833229,0.016470003873109818,0.00024383515119552612,0.0,0.0,0.0,0.0,0.0,0.0,0.0,0.0,0.0,0.0,0.0,0.0,0.0,0.0,0.0,0.0,0.0,0.0,0.0,0.0,842.693373337388
12,75.06704960390925,71.88357971981168,67.28616509959102,64.57927003875375,60.17390499636531,57.10236734896898,53.117541667073965,48.30496208369732,44.20344827696681,39.65099574252963,36.33237895742059,32.760764595121145,29.70660064741969,26.6485625654459,23.48423272743821,20.600547771900892,17.678686797618866,15.361958615481853,12.691424746066332,10.220909368246794,8.45436481013894,6.570470318198204,4.658802296966314,3.2876801304519176,2.195159487426281,1.2457538284361362,0.4182475060224533,0.05889468640089035,0.015052180737257004,0.00023157522082328796,0.0,0.0,0.0,0.0,0.0,0.0,0.0,0.0,0.0,0.0,0.0,0.0,0.0,0.0,0.0,0.0,0.0,0.0,0.0,0.0,833.7600081898272
13,76.26618414372206,71.74384365603328,68.1753636598587,63.454877872020006,60.45580316334963,56.20220283046365,53.84532747045159,48.66203171759844,46.50531889125705,43.85613741353154,39.79774361848831,36.38621645048261,32.43554089218378,28.813273318111897,25.526507034897804,22.40881358459592,19.519268322736025,16.76565645262599,14.100116740912199,11.205882102251053,9.301300123333931,7.119699526578188,5.097340200096369,4.032117206603289,2.4999499693512917,1.4774800725281239,0.3114344887435436,0.062281325459480286,0.01684727892279625,0.00027326494455337524,0.0,0.0,0.0,0.0,0.0,0.0,0.0,0.0,0.0,0.0,0.0,0.0,0.0,0.0,0.0,0.0,0.0,0.0,0.0,0.0,866.0448327921331
14,83.2880117110908,78.88403856754303,74.8989531584084,71.30877665430307,66.16699828580022,62.069402519613504,57.88725280761719,53.11079382896423,48.41426337137818,44.30002858117223,40.06876477599144,36.139521066099405,32.31007611006498,28.828543927520514,25.411356762051582,22.411698438227177,19.41222544386983,16.633251257240772,13.998349003493786,11.67412780597806,8.76333263143897,6.89545739069581,4.559012033045292,0.0014616288244724274,1.8371695391833782,0.0010425262153148651,0.26848114654421806,0.0456184558570385,0.0004950948059558868,0.00014964863657951355,0.0,0.0,0.0,0.0,0.0,0.0,0.0,0.0,0.0,0.0,0.0,0.0,0.0,0.0,0.0,0.0,0.0,0.0,0.0,0.0,909.5886541716754
15,83.74708912149072,79.96167334914207,75.84598691016436,71.06591945141554,67.22563460469246,61.78168981522322,58.014608185738325,52.92973177134991,48.06265103071928,44.16638234257698,40.18517841026187,35.29609256237745,31.594554621726274,29.153806142508984,25.65680581703782,22.708592366427183,19.0088905505836,16.80651195347309,14.480958692729473,11.920205064117908,9.351102318614721,7.2636857479810715,5.221963480114937,3.3466826826334,2.226120814681053,1.2564376927912235,0.3943597413599491,0.04626454412937164,0.015563655644655228,0.00025001540780067444,0.0,0.0,0.0,0.0,0.0,0.0,0.0,0.0,0.0,0.0,0.0,0.0,0.0,0.0,0.0,0.0,0.0,0.0,0.0,0.0,918.7353934571147
16,85.7375689856708,82.14649490267038,76.21888742223382,71.85502875223756,67.61223319172859,62.78692125156522,58.760371800512075,55.012772623449564,50.57265043258667,45.779489159584045,41.49066277220845,37.620218854397535,33.5688471198082,30.04517714306712,27.231106877326965,24.216306868940592,21.250902105122805,18.031553812325,15.025120750069618,12.647929664701223,10.10857431218028,7.939148094505072,6.097380094230175,4.334297761321068,2.939334958791733,1.9298043884336948,1.0579633973538876,0.1732776239514351,0.033635251224040985,0.009460687637329102,0.0,0.0,0.0,0.0,0.0,0.0,0.0,0.0,0.0,0.0,0.0,0.0,0.0,0.0,0.0,0.0,0.0,0.0,0.0,0.0,952.233121059835
17,85.63688819110394,82.22934053838253,77.87840199843049,73.44611513987184,68.13754171133041,63.44638657197356,59.33373934403062,54.24591789767146,50.133288495242596,45.40626124292612,41.069630451500416,37.107130859047174,33.103687684983015,29.421694986522198,26.11192037165165,22.632677800953388,19.627830166369677,16.694206569343805,14.160175014287233,12.10881419852376,9.354399736970663,7.485901366919279,5.7766825668513775,4.525986809283495,3.1326348520815372,1.738788791000843,0.8523798771202564,0.13637052848935127,0.03529131039977074,0.009168695658445358,0.0,0.0,0.0,0.0,0.0,0.0,0.0,0.0,0.0,0.0,0.0,0.0,0.0,0.0,0.0,0.0,0.0,0.0,0.0,0.0,944.9792537689209
18,86.15087477490306,82.12972481176257,77.3840394988656,72.83230013772845,68.15003430098295,63.25362741574645,59.09517125412822,54.64017426595092,50.654056653380394,45.54229159653187,41.66520904749632,37.54183292388916,33.7580991871655,30.346467163413763,26.890511814504862,23.462182722985744,20.292596012353897,17.759544353932142,15.283548038452864,12.795918580144644,10.386999126523733,8.265923168510199,6.4057845659554005,4.55871844291687,3.1102767512202263,1.876912608742714,0.6907572820782661,0.21164974570274353,0.030480697751045227,0.008443374186754227,0.0,0.0,0.0,0.0,0.0,0.0,0.0,0.0,0.0,0.0,0.0,0.0,0.0,0.0,0.0,0.0,0.0,0.0,0.0,0.0,955.1741503179073
19,85.66831570863724,81.95769196376204,77.59550638869405,72.95147053524852,67.743079777807,63.321329317986965,58.95848209038377,54.10890989378095,49.8815843090415,45.04212798550725,41.07289310544729,36.94765355065465,33.90717612951994,30.004811953753233,26.919988106936216,23.395086646080017,20.311818681657314,17.533858001232147,14.931460753083229,12.332921907305717,10.017597172409296,7.955749217420816,6.104569140821695,4.280252937227488,2.873491145670414,0.001164812594652176,0.0008693486452102661,0.17055226117372513,0.0006760172545909882,0.01192721351981163,0.00015898048877716064,0.0,0.0,0.0,0.0,0.0,0.0,0.0,0.0,0.0,0.0,0.0,0.0,0.0,0.0,0.0,0.0,0.0,0.0,0.0,946.0031750537455
20,85.60702634975314,81.69682615250349,77.99388222396374,72.01295846700668,66.7105921395123,63.24346626549959,59.001727636903524,54.5524228066206,50.601674787700176,46.21674504876137,41.63356698676944,37.32433679699898,33.09804492071271,29.777625020593405,26.211202014237642,22.985202834010124,20.17741732671857,17.23311923444271,14.50748411938548,12.015237901359797,9.736790616065264,7.533219691365957,0.0017333850264549255,0.0015320777893066406,2.563791371881962,0.0010251589119434357,1.133816808462143,0.21922868862748146,0.04568125680088997,0.00036297738552093506,0.0003766939043998718,0.0,0.0,0.0,0.0,0.0,0.0,0.0,0.0,0.0,0.0,0.0,0.0,0.0,0.0,0.0,0.0,0.0,0.0,0.0,933.8381177596748
21,82.7828206308186,78.00999695807695,74.83226983621716,69.89363825693727,65.94844229519367,60.99794603511691,56.04368330910802,51.90723794326186,47.81654938682914,43.24109620973468,39.260560758411884,35.50651095807552,31.479884650558233,28.401908565312624,25.123335473239422,21.86073148623109,18.697263903915882,15.57458108663559,12.508030481636524,10.760372947901487,8.876159105449915,7.452135149389505,5.448492929339409,3.9982398189604282,2.6561268977820873,1.3977941386401653,0.3961710184812546,0.06258359551429749,0.01353529468178749,0.00026364997029304504,0.0,0.0,0.0,0.0,0.0,0.0,0.0,0.0,0.0,0.0,0.0,0.0,0.0,0.0,0.0,0.0,0.0,0.0,0.0,0.0,900.9483627714217
22,82.8121982626617,77.87953654304147,73.94454201310873,70.17708814144135,65.66431319713593,61.61103380843997,57.422698590904474,52.78702874854207,48.128303810954094,43.631262678653,40.33187033981085,36.12679773941636,32.51655735448003,28.9608891941607,25.503744028508663,22.37151763960719,19.118620451539755,16.510736223310232,14.006081461906433,11.30994588136673,8.72906218841672,6.612136106938124,4.6626035794615746,3.0443081334233284,2.2818408496677876,1.2442926540970802,0.47486351802945137,0.07975604757666588,0.015436138957738876,0.0002618841826915741,0.0,0.0,0.0,0.0,0.0,0.0,0.0,0.0,0.0,0.0,0.0,0.0,0.0,0.0,0.0,0.0,0.0,0.0,0.0,0.0,907.9593272097409
23,82.86912932246923,77.83766294643283,74.19559909403324,69.25945041328669,63.42680038884282,55.56632634997368,53.66477485746145,50.731562327593565,46.84072748944163,42.69135142117739,39.095917008817196,35.60817766562104,31.41277140006423,27.4313823916018,24.584264487028122,21.479096081107855,19.18334673345089,16.289981074631214,13.728087488561869,11.29670025780797,9.061834681779146,7.0449458360672,5.5485213957726955,3.6605530455708504,2.6199337616562843,1.4934814795851707,0.6984875127673149,0.08845706284046173,0.019388817250728607,0.0016778334975242615,0.0,0.0,0.0,0.0,0.0,0.0,0.0,0.0,0.0,0.0,0.0,0.0,0.0,0.0,0.0,0.0,0.0,0.0,0.0,0.0,887.4303906261921
24,82.65009383112192,77.65537551790476,73.52821088954806,70.22869160398841,65.74412528425455,59.5688063390553,55.890809401869774,51.87146057933569,48.0524751059711,43.90788101404905,39.5916645526886,35.07203347980976,32.02534478157759,28.619545105844736,25.241147208958864,21.846221577376127,19.419120125472546,16.650457207113504,14.018771085888147,11.476572334766388,9.169138293713331,7.108652099967003,5.1215637512505054,3.523985292762518,2.3329270631074905,1.5967335365712643,0.32969266548752785,0.11381461098790169,0.016431964933872223,0.0003162175416946411,0.0,0.0,0.0,0.0,0.0,0.0,0.0,0.0,0.0,0.0,0.0,0.0,0.0,0.0,0.0,0.0,0.0,0.0,0.0,0.0,902.372062522918
25,82.35644971579313,77.80772647634149,74.63139459118247,69.67808081954718,65.24658225476742,60.728909622877836,56.17732607200742,51.92195564508438,47.87535375356674,43.843803495168686,39.48975105956197,36.0057033970952,32.23932246863842,28.103738456964493,24.118780836462975,21.84339926019311,19.258522361516953,16.407121848315,13.616200163960457,11.113068461418152,9.063347864896059,6.926094092428684,4.777039907872677,3.4620904065668583,2.158336326479912,1.3101845644414425,0.5795439593493938,0.10020972415804863,0.01911555603146553,0.000265367329120636,0.0,0.0,0.0,0.0,0.0,0.0,0.0,0.0,0.0,0.0,0.0,0.0,0.0,0.0,0.0,0.0,0.0,0.0,0.0,0.0,900.8594185300171
26,84.86166017502546,81.05772396177053,76.89680346474051,72.34047642350197,67.09192529320717,62.48122829571366,57.70206502079964,53.17723325639963,48.44445639848709,44.624875750392675,41.04663758352399,36.99347139149904,32.67719496041536,29.093902610242367,25.775036472827196,22.563178837299347,19.524257943034172,16.667941957712173,14.3743417263031,11.96022180467844,9.808445423841476,7.9340488985180855,6.013624355196953,4.563629325479269,3.2630355022847652,2.1307583302259445,1.0528793334960938,0.26044126972556114,0.03935709223151207,0.009167976677417755,0.0,0.0,0.0,0.0,0.0,0.0,0.0,0.0,0.0,0.0,0.0,0.0,0.0,0.0,0.0,0.0,0.0,0.0,0.0,0.0,934.4300208352506
27,84.76915545016527,80.78194868192077,75.93314569070935,71.62828025594354,66.8966213464737,62.56366977468133,58.08838325738907,53.61705455183983,49.46186315640807,44.41731157153845,41.70662923902273,37.7163314409554,33.57380935922265,29.720618572086096,25.92067728191614,22.430192343890667,19.83996244892478,17.618610851466656,14.560867100954056,12.262856546789408,9.810426980257034,7.675123877823353,5.856603506952524,4.207640063017607,2.84292871132493,1.657507061958313,0.44132445380091667,0.08781839534640312,0.000554010272026062,0.00022964179515838623,0.00024046748876571655,0.0,0.0,0.0,0.0,0.0,0.0,0.0,0.0,0.0,0.0,0.0,0.0,0.0,0.0,0.0,0.0,0.0,0.0,0.0,936.088386092335
28,84.78898239135742,80.46212730556726,76.39370723441243,72.12808118388057,67.65847140923142,63.01376197114587,58.65446535125375,53.716800812631845,49.20852482691407,44.755770582705736,40.57529705017805,36.46374778077006,31.73395897075534,26.31213553249836,25.274462398141623,22.337746866047382,19.968386474996805,16.900245938450098,14.431537259370089,12.06521937996149,9.965436697006226,7.9602709747850895,6.02682114392519,4.621323499828577,3.241587072610855,2.225410185754299,0.9626869112253189,0.13433844968676567,0.08382797241210938,0.008497562259435654,0.0,0.0,0.0,0.0,0.0,0.0,0.0,0.0,0.0,0.0,0.0,0.0,0.0,0.0,0.0,0.0,0.0,0.0,0.0,0.0,932.0736311897635
29,84.44757544621825,81.03894001618028,76.10456873849034,71.58535873517394,64.74136420711875,59.10371978208423,54.70888751000166,51.183437149971724,46.19894524291158,42.25443869829178,38.55735642835498,34.78980490937829,31.167782925069332,27.549203474074602,24.232932414859533,21.29689744487405,15.863630838692188,15.075738977640867,0.0023808106780052185,10.942858844995499,9.044218495488167,7.355526007711887,5.631232742220163,4.014286682009697,2.2891864478588104,1.4923313669860363,0.32854872569441795,0.10856013372540474,0.01905212178826332,0.00033937767148017883,0.0,0.0,0.0,0.0,0.0,0.0,0.0,0.0,0.0,0.0,0.0,0.0,0.0,0.0,0.0,0.0,0.0,0.0,0.0,0.0,881.1291046962142
30,80.15581917762756,76.92890458926558,73.00658151134849,67.89068520069122,63.47758565470576,59.28818079456687,53.536473888903856,41.45088876783848,46.44266515597701,42.57641497626901,37.98907086625695,33.99775210022926,29.914400421082973,27.40587217360735,24.73866620287299,22.480705678462982,18.891056649386883,16.299808405339718,13.69999285787344,11.15138528496027,9.36912040412426,7.375748101621866,5.528085175901651,4.242442887276411,2.915013913065195,1.8977739065885544,0.8077424727380276,0.12067342549562454,0.023683249950408936,0.007969643920660019,0.0,0.0,0.0,0.0,0.0,0.0,0.0,0.0,0.0,0.0,0.0,0.0,0.0,0.0,0.0,0.0,0.0,0.0,0.0,0.0,873.6111635379493
31,78.109764482826,74.8164112009108,70.56857288256288,65.53994628041983,63.236754067242146,58.229992903769016,54.16710339859128,50.196792639791965,46.20165487751365,41.34977123141289,37.11204079538584,33.508388571441174,30.09482879191637,26.552985563874245,23.755770448595285,20.7143072783947,17.860842052847147,15.152342550456524,12.639770105481148,10.52581476047635,8.737160939723253,6.925092451274395,5.074820816516876,3.4559925571084023,2.267412856221199,1.1627468541264534,0.4255340024828911,0.07715893536806107,0.01812801882624626,0.00023915618658065796,0.0,0.0,0.0,0.0,0.0,0.0,0.0,0.0,0.0,0.0,0.0,0.0,0.0,0.0,0.0,0.0,0.0,0.0,0.0,0.0,858.4781414717436
32,76.55975675955415,72.67868975549936,69.08750141784549,66.48915081843734,62.613261725753546,57.387447729706764,53.209192380309105,48.84653486683965,44.862649228423834,41.095397513359785,37.26393674686551,33.51174133643508,29.847887337207794,26.626662962138653,23.120607931166887,20.09386146813631,17.779201924800873,15.102971229702234,12.663374606519938,10.710427239537239,8.684998881071806,6.961032669991255,5.061152573674917,3.5803351514041424,2.4755944833159447,1.2172127589583397,0.4730159007012844,0.06498892232775688,0.017862584441900253,0.0002438463270664215,0.0,0.0,0.0,0.0,0.0,0.0,0.0,0.0,0.0,0.0,0.0,0.0,0.0,0.0,0.0,0.0,0.0,0.0,0.0,0.0,848.086692750454
33,77.02407421544194,72.87467788159847,68.90005269274116,65.60431054607034,61.08782700449228,57.07946390658617,52.37599280849099,48.24782793596387,44.21716422960162,40.67419179901481,37.01788388565183,33.12067350745201,29.106964863836765,26.7829729616642,23.3092087097466,20.64354982972145,17.459683880209923,14.974161434918642,12.87932238727808,10.636313300579786,8.678047329187393,6.781368114054203,5.015360053628683,3.5412305407226086,2.373790167272091,1.3278181329369545,0.34149136766791344,0.04630414769053459,0.012600153684616089,0.00023650750517845154,0.0,0.0,0.0,0.0,0.0,0.0,0.0,0.0,0.0,0.0,0.0,0.0,0.0,0.0,0.0,0.0,0.0,0.0,0.0,0.0,842.1345642954111
34,76.4048173725605,71.71533153578639,67.24568254873157,63.63625355064869,60.248993683606386,57.57165312767029,51.93804197013378,46.93561252206564,42.892388701438904,39.12395016103983,36.33458410575986,31.993787687271833,29.548644099384546,26.418129820376635,22.627979181706905,20.408274982124567,17.50830727443099,15.094564784318209,12.857906267046928,10.373647466301918,8.009164307266474,6.206905514001846,4.43993603438139,3.162900112569332,2.1723474971950054,1.0738863162696362,0.36397815495729446,0.07066933810710907,0.015414610505104065,0.00023163482546806335,0.0,0.0,0.0,0.0,0.0,0.0,0.0,0.0,0.0,0.0,0.0,0.0,0.0,0.0,0.0,0.0,0.0,0.0,0.0,0.0,826.393984362483
35,76.31741826608777,72.57051070034504,68.21324750036001,64.87530390918255,60.33979909867048,56.49402806907892,50.6778677739203,46.65914048999548,43.27138728275895,39.67334194853902,36.36286425590515,33.15536657348275,30.0283357873559,26.626724056899548,23.7603298984468,20.469464547932148,17.742368534207344,14.933531615883112,12.4365178309381,10.357694070786238,8.395010974258184,6.135524798184633,4.654885098338127,3.4453959316015244,2.2338350005447865,1.3519366718828678,0.30757972970604897,0.10431442782282829,0.014273129403591156,0.00024073943495750427,0.0,0.0,0.0,0.0,0.0,0.0,0.0,0.0,0.0,0.0,0.0,0.0,0.0,0.0,0.0,0.0,0.0,0.0,0.0,0.0,831.6082387119532
36,78.31571951881051,74.39084997400641,71.0256482027471,66.23740439116955,61.94026467576623,57.80713635310531,53.550890769809484,50.39506581425667,46.58875368535519,42.470528699457645,38.33464242890477,34.39406722038984,30.88690134137869,27.430951207876205,23.662861589342356,20.60829236358404,18.275168903172016,15.363306976854801,13.03732043504715,11.064212553203106,9.052542105317116,7.188664276152849,4.977157603949308,0.0014073364436626434,2.298056673258543,1.5219313651323318,0.0008605793118476868,0.07328100129961967,0.000508330762386322,0.00023105740547180176,0.00023671984672546387,0.0,0.0,0.0,0.0,0.0,0.0,0.0,0.0,0.0,0.0,0.0,0.0,0.0,0.0,0.0,0.0,0.0,0.0,0.0,860.8948641531169
37,78.46977714449167,74.85103918984532,71.29021768271923,66.20574568212032,62.63601826503873,57.652122274041176,53.05409522354603,50.089761190116405,46.05297018587589,41.58716739714146,38.408551163971424,35.117488484829664,31.912304800003767,28.581414233893156,24.933612413704395,21.997127890586853,19.136611562222242,16.341591719537973,13.786426428705454,11.369920212775469,9.216217339038849,7.211724199354649,5.647240333259106,4.338777448982,2.9989748373627663,1.9288346953690052,0.9325014837086201,0.18290898948907852,0.028944827616214752,0.010354474186897278,0.0,0.0,0.0,0.0,0.0,0.0,0.0,0.0,0.0,0.0,0.0,0.0,0.0,0.0,0.0,0.0,0.0,0.0,0.0,0.0,875.9704417735338
38,79.01499259471893,77.78974713757634,72.71774985641241,68.01319009810686,63.010455437004566,57.873685859143734,51.680728528648615,49.91050785779953,46.958454605191946,42.230132065713406,38.3252824395895,34.182227693498135,30.9462373778224,27.368115179240704,24.422711677849293,21.112516827881336,18.499734789133072,15.84853219985962,13.434120655059814,11.733548354357481,9.363024339079857,7.390424769371748,5.71731024608016,3.6802981346845627,1.4155193269252777,1.427863422781229,1.0301796905696392,0.2892651781439781,0.06311768665909767,0.016944702714681625,0.00024266168475151062,0.0,0.0,0.0,0.0,0.0,0.0,0.0,0.0,0.0,0.0,0.0,0.0,0.0,0.0,0.0,0.0,0.0,0.0,0.0,875.4668613933027
39,78.88453958928585,74.72183054313064,71.66616727784276,67.17478741705418,63.11129941046238,58.22070328518748,54.51327469199896,49.51681661605835,45.14218005910516,41.41221010312438,38.02624446898699,33.980025473982096,30.16640642657876,26.844476457685232,24.584059543907642,21.267984990030527,18.605009112507105,15.753802720457315,13.547754123806953,11.124807074666023,9.13972881808877,7.300765201449394,5.653405115008354,4.1882723197340965,2.786192450672388,1.6073278933763504,0.7929145768284798,0.15185309574007988,0.033635854721069336,0.010497871786355972,0.0,0.0,0.0,0.0,0.0,0.0,0.0,0.0,0.0,0.0,0.0,0.0,0.0,0.0,0.0,0.0,0.0,0.0,0.0,0.0,869.9289725832641
40,79.02708901464939,75.8121922314167,71.47445713728666,66.93202038109303,62.610860262066126,58.14691174402833,53.961479891091585,49.21309453248978,45.19706840068102,41.661038633435965,40.64210596680641,36.682958640158176,31.97367798537016,27.666401613503695,23.506273314356804,20.035831477493048,17.452322885394096,15.305377554148436,12.725733954459429,10.700663357973099,8.951095644384623,7.020928915590048,5.543163567781448,4.2070585414767265,3.000474911183119,1.7813292890787125,0.8711668774485588,0.1664627380669117,0.03344215452671051,0.009195968508720398,0.0,0.0,0.0,0.0,0.0,0.0,0.0,0.0,0.0,0.0,0.0,0.0,0.0,0.0,0.0,0.0,0.0,0.0,0.0,0.0,872.3118775859475
41,73.14647071808577,67.91249611973763,63.95450393110514,60.51218888908625,60.53145747259259,54.86941457167268,52.29900008067489,49.08528192713857,44.98199298605323,40.867498222738504,37.00731648877263,33.46487545222044,29.990904938429594,26.471579637378454,23.436291243880987,20.568667728453875,17.766515642404556,15.089851222932339,12.518564566969872,9.872952796518803,8.398881487548351,6.7977501302957535,5.152996573597193,3.774251878261566,2.2934451289474964,1.2515383027493954,0.4021468050777912,0.06375834718346596,0.015076905488967896,0.00031559914350509644,0.0,0.0,0.0,0.0,0.0,0.0,0.0,0.0,0.0,0.0,0.0,0.0,0.0,0.0,0.0,0.0,0.0,0.0,0.0,0.0,822.4979857951403
42,76.60449516028166,73.82279837876558,69.82536297291517,64.77524553611875,60.476257760077715,56.85938538238406,53.246980149298906,48.77057499811053,45.078768473118544,39.561998441815376,34.85511348769069,33.04958260059357,29.75405914336443,25.783421728760004,23.36535829678178,21.249110851436853,18.360619191080332,15.556082867085934,13.195353202521801,10.62376656755805,8.534896645694971,6.454178236424923,3.6421174369752407,3.214681565761566,1.9251318648457527,0.9831823892891407,0.34227581694722176,0.07123206183314323,0.017789777368307114,0.00023593008518218994,0.0,0.0,0.0,0.0,0.0,0.0,0.0,0.0,0.0,0.0,0.0,0.0,0.0,0.0,0.0,0.0,0.0,0.0,0.0,0.0,840.0000569149852
43,76.82849384099245,72.38044448941946,68.60674689337611,64.54972736909986,61.35648813098669,56.45340048894286,52.53962944447994,48.56860379502177,44.96651115268469,40.764788281172514,36.70626627653837,33.08489040657878,29.459823049604893,26.31850489601493,23.296684928238392,20.537623647600412,17.833729695528746,15.278826232999563,12.760937925428152,10.199191760271788,8.094661947339773,6.362570311874151,4.80459463223815,3.419227484613657,2.109605811536312,0.8311480097472668,0.5987580679357052,0.3144809603691101,0.07115278393030167,0.015505678951740265,0.00023501738905906677,0.0,0.0,0.0,0.0,0.0,0.0,0.0,0.0,0.0,0.0,0.0,0.0,0.0,0.0,0.0,0.0,0.0,0.0,0.0,839.1132534109056
44,76.62619456648827,72.61415767297149,69.51122343167663,66.8706145696342,62.16083688288927,57.11175111308694,51.8175252713263,48.844550639390945,44.9489801377058,41.38643353804946,37.19380245730281,33.50840501487255,30.649484310299158,26.701742440462112,23.914474457502365,20.52847757562995,17.694960176944733,15.240253817290068,12.370992351323366,10.291262563318014,8.312639541924,6.263206999748945,4.616221606731415,3.236439824104309,2.166110012680292,1.2977699413895607,0.4219498410820961,0.07169384136795998,0.01627015694975853,0.00022503361105918884,0.0,0.0,0.0,0.0,0.0,0.0,0.0,0.0,0.0,0.0,0.0,0.0,0.0,0.0,0.0,0.0,0.0,0.0,0.0,0.0,846.3886497877538
45,76.88473539054394,72.26888644322753,69.46627869084477,65.53772684186697,61.60436164215207,56.68761056289077,52.35283304750919,48.04675783589482,44.485586516559124,41.10581011325121,38.433310367166996,35.12406416982412,29.74118372797966,25.871453244239092,22.902332354336977,20.027863331139088,16.726154163479805,14.31975968182087,12.68200682848692,10.397075742483139,8.348347552120686,6.474928006529808,4.892474070191383,3.392137613147497,2.4003596492111683,1.2195174396038055,0.3489985354244709,0.06911076977849007,0.015229687094688416,0.0002442486584186554,0.0,0.0,0.0,0.0,0.0,0.0,0.0,0.0,0.0,0.0,0.0,0.0,0.0,0.0,0.0,0.0,0.0,0.0,0.0,0.0,841.8271382674575
46,78.68262591585517,74.90568384900689,70.845917660743,66.30591270700097,62.983554031699896,58.994080014526844,54.61934278905392,49.05753022432327,45.64550254121423,41.95662156492472,37.98130803927779,34.142782151699066,30.9045144431293,27.778283808380365,24.81247567385435,21.673517487943172,18.69477905705571,16.202676717191935,13.490327838808298,11.301070369780064,9.263910796493292,7.343007437884808,5.652095403522253,4.192159790545702,2.708181470632553,1.3273552171885967,0.46892741322517395,0.1340017355978489,0.02706703171133995,0.00846196711063385,0.0,0.0,0.0,0.0,0.0,0.0,0.0,0.0,0.0,0.0,0.0,0.0,0.0,0.0,0.0,0.0,0.0,0.0,0.0,0.0,872.1036751493812
47,79.38931738212705,78.1185672134161,71.73920050263405,65.93396037444472,61.44519432634115,57.353108908981085,50.50413269922137,49.16415233910084,45.29234314709902,41.12311481311917,37.11303808167577,34.13705886155367,31.305418208241463,27.30830378830433,24.566261917352676,21.41373050585389,17.9946059435606,15.686652887612581,13.426591321825981,11.189251381903887,9.612537018954754,7.399978663772345,5.793977938592434,4.1789174899458885,2.9392314441502094,1.8245531022548676,1.172599796205759,0.3115064650774002,0.03177207335829735,0.0003270953893661499,0.0,0.0,0.0,0.0,0.0,0.0,0.0,0.0,0.0,0.0,0.0,0.0,0.0,0.0,0.0,0.0,0.0,0.0,0.0,0.0,867.4694056920707
48,78.83665253594518,75.71411805599928,70.8763218484819,62.66871404647827,62.230746012181044,58.24409459158778,54.66310554742813,49.3136138767004,45.519815403968096,41.61655920743942,37.661525167524815,33.848257690668106,30.660881511867046,27.421427484601736,24.247693981975317,21.241961862891912,18.29417909309268,15.798343755304813,13.206822134554386,10.719628132879734,8.759722888469696,7.229172807186842,5.660582274198532,4.377882309257984,2.7548992969095707,1.6252097561955452,0.8780347220599651,0.24650229886174202,0.0354856513440609,0.00033619627356529236,0.0,0.0,0.0,0.0,0.0,0.0,0.0,0.0,0.0,0.0,0.0,0.0,0.0,0.0,0.0,0.0,0.0,0.0,0.0,0.0,864.3522901423275
49,78.48288206756115,75.16006307303905,70.9430686160922,66.66551975533366,62.15194111317396,57.514586858451366,53.934205897152424,49.63135198876262,45.47587161883712,40.93986349925399,36.973287135362625,32.8516309261322,28.833983525633812,26.252705167979002,23.773971736431122,20.80931745097041,18.05375214666128,15.152375366538763,12.738772373646498,0.0021154917776584625,0.001822143793106079,6.435069501399994,5.889233559370041,4.818064272403717,3.4421832598745823,2.170014191418886,0.975784707814455,0.40607433393597603,0.05000390112400055,0.01358122006058693,0.00029101595282554626,0.0,0.0,0.0,0.0,0.0,0.0,0.0,0.0,0.0,0.0,0.0,0.0,0.0,0.0,0.0,0.0,0.0,0.0,0.0,840.5433879159391
50,78.45598991960287,74.93731516227126,70.82445269823074,66.35215071588755,62.37511905282736,57.918849505484104,53.49872086569667,48.96268571540713,45.308212876319885,41.18839740008116,37.16488387435675,33.424631498754025,30.299906462430954,27.024026729166508,23.639217350631952,20.666413441300392,18.006228782236576,15.655901119112968,13.392859019339085,11.130587510764599,9.061007846146822,7.205557156354189,5.495040204375982,3.780481930822134,2.297266073524952,1.5405467487871647,0.5491201318800449,0.09209127724170685,0.00039894506335258484,0.0004212483763694763,0.00022531300783157349,0.0,0.0,0.0,0.0,0.0,0.0,0.0,0.0,0.0,0.0,0.0,0.0,0.0,0.0,0.0,0.0,0.0,0.0,0.0,860.2487065754831
51,76.38881125301123,71.71083103492856,65.36768161132932,62.932612769305706,60.022053722292185,56.52606949582696,51.898798543959856,48.3339229375124,44.892983965575695,40.67995059117675,36.13978083431721,32.091747868806124,29.77527743577957,25.73194971680641,23.311819542199373,20.349489901214838,17.726973589509726,15.108993366360664,12.850473340600729,10.464644320309162,8.695041596889496,6.899940639734268,4.900787979364395,3.507576745003462,2.3957036063075066,1.2776348516345024,0.549430675804615,0.045786816626787186,0.014873277395963669,0.0002315044403076172,0.0,0.0,0.0,0.0,0.0,0.0,0.0,0.0,0.0,0.0,0.0,0.0,0.0,0.0,0.0,0.0,0.0,0.0,0.0,0.0,830.5918735340238
52,81.255610704422,77.53235064819455,68.49925097078085,69.73492538183928,66.40420304611325,61.65244689211249,57.01785554736853,52.69165548682213,48.41257140412927,43.95290644839406,39.280833676457405,35.87240278720856,32.02924944832921,28.53987816721201,25.24141789600253,22.052111953496933,18.559955298900604,15.757237553596497,13.808468859642744,11.603335071355104,9.39351473748684,7.026777405291796,5.516797810792923,3.7627914249897003,2.3022858053445816,0.8359081372618675,0.19551463425159454,0.056273385882377625,0.017559219151735306,0.00025971606373786926,0.0,0.0,0.0,0.0,0.0,0.0,0.0,0.0,0.0,0.0,0.0,0.0,0.0,0.0,0.0,0.0,0.0,0.0,0.0,0.0,899.0063495188951
53,79.88940102234483,78.7306248433888,74.53830228000879,63.77796562388539,61.75763679668307,59.183063831180334,50.689613591879606,45.524787086993456,41.98682231456041,37.87612473219633,35.119694620370865,31.920447822660208,29.214487988501787,25.58159475028515,23.04211624339223,20.099502623081207,17.06931222975254,14.462075855582952,12.606247678399086,10.28164079785347,8.366661984473467,6.534625694155693,4.886171229183674,3.55806827545166,2.290661893785,1.219869963824749,0.2817310467362404,0.05386738479137421,0.015311460942029953,0.00024108588695526123,0.0,0.0,0.0,0.0,0.0,0.0,0.0,0.0,0.0,0.0,0.0,0.0,0.0,0.0,0.0,0.0,0.0,0.0,0.0,0.0,840.5586727522314
54,73.84847066178918,69.72814397513866,64.99460122734308,64.24027686938643,58.08394930511713,56.41486620903015,52.11575152724981,48.80939827859402,43.191981203854084,40.38563568890095,35.76293681934476,32.57372514158487,29.1328144967556,25.512890323996544,19.48372755944729,19.56750912964344,16.73921349644661,12.111893117427826,12.102446738630533,9.84446357563138,7.7306401915848255,6.035135056823492,4.375494599342346,3.2203901894390583,1.9942638166248798,1.1722063310444355,0.3993724472820759,0.05820358544588089,0.017287269234657288,0.0002435334026813507,0.0,0.0,0.0,0.0,0.0,0.0,0.0,0.0,0.0,0.0,0.0,0.0,0.0,0.0,0.0,0.0,0.0,0.0,0.0,0.0,809.6479323655367
55,76.39800006896257,72.40872257947922,68.36678403243423,64.64491083845496,59.7245668284595,55.40009467676282,52.38985822349787,48.541516058146954,44.04639020562172,39.970198288559914,35.81595400720835,31.51982916519046,29.279736422002316,25.80311495065689,22.397796284407377,19.1121788918972,16.32449334859848,13.703771714121103,11.464064188301563,9.183870505541563,8.001118805259466,6.5559452548623085,4.659565221518278,3.273974683135748,1.9150684401392937,1.0858371183276176,0.3420083001255989,0.06287014111876488,0.017767995595932007,0.00023533403873443604,0.0,0.0,0.0,0.0,0.0,0.0,0.0,0.0,0.0,0.0,0.0,0.0,0.0,0.0,0.0,0.0,0.0,0.0,0.0,0.0,822.4102425724268
56,78.82009453698993,74.71385152637959,69.64118219539523,67.82931824401021,63.22677520290017,57.61325669288635,53.3326794244349,47.11798881739378,45.06025103107095,41.65360802784562,37.154675368219614,32.224537413567305,28.466101944446564,25.607548128813505,22.970963422209024,19.986315228044987,17.15720572322607,14.722285319119692,12.510962374508381,10.5156756862998,8.628131993114948,6.772445648908615,5.144534774124622,3.6814872696995735,2.6239851377904415,1.1256761327385902,0.5228575132787228,0.09167809411883354,0.02035372704267502,0.007090918719768524,0.0,0.0,0.0,0.0,0.0,0.0,0.0,0.0,0.0,0.0,0.0,0.0,0.0,0.0,0.0,0.0,0.0,0.0,0.0,0.0,848.9435175172985
57,72.77289709448814,69.86960689350963,66.35906250402331,62.38013518974185,57.76227721571922,53.384103428572416,49.63557303696871,45.82945824414492,43.94748095050454,39.72690957039595,35.318773809820414,32.27035266906023,28.079175774008036,25.293149266391993,23.016151666641235,20.560946587473154,17.207819815725088,14.681267455220222,12.312589220702648,10.416074898093939,8.258899200707674,6.528926465660334,5.063586246222258,3.418693833053112,2.4515737779438496,1.494880959391594,0.30570125579833984,0.0006294026970863342,0.0003730654716491699,0.00029077380895614624,0.00021576136350631714,0.00021597370505332947,0.0,0.0,0.0,0.0,0.0,0.0,0.0,0.0,0.0,0.0,0.0,0.0,0.0,0.0,0.0,0.0,0.0,0.0,808.347792007029
58,73.26867597177625,75.15523590147495,70.23917101323605,61.823511239141226,60.98177160695195,58.2371195666492,54.518942300230265,49.93677857890725,45.45946215093136,41.792613852769136,37.748117208480835,34.02224650979042,31.245867304503918,28.393342174589634,25.125959258526564,21.943220764398575,19.084733821451664,16.518979385495186,13.88808111473918,11.639671705663204,9.583661194890738,7.700170800089836,5.886959660798311,4.4551849737763405,3.0008635446429253,1.8091966398060322,0.7849985510110855,0.22646355256438255,0.0297834649682045,0.0003317706286907196,0.0,0.0,0.0,0.0,0.0,0.0,0.0,0.0,0.0,0.0,0.0,0.0,0.0,0.0,0.0,0.0,0.0,0.0,0.0,0.0,864.5011155828834
59,78.48422479256988,74.93515893444419,70.12974468246102,65.77027356624603,62.03790631890297,57.49621954932809,53.356915667653084,35.49200635030866,44.97595043852925,41.122342467308044,37.643251314759254,34.55727095529437,31.01228952407837,27.701572220772505,23.712088093161583,21.12280260398984,18.589311689138412,16.054029025137424,13.729533668607473,11.272179566323757,9.007639475166798,7.136244889348745,5.56666100397706,3.9128986708819866,2.8999448493123055,1.696512047201395,0.7586500756442547,0.08990909904241562,0.021866966038942337,0.0003376975655555725,0.0,0.0,0.0,0.0,0.0,0.0,0.0,0.0,0.0,0.0,0.0,0.0,0.0,0.0,0.0,0.0,0.0,0.0,0.0,0.0,850.2857362031937
60,78.39148562401533,73.44240772724152,71.19231175258756,66.51236391812563,62.00390399619937,57.65346395224333,53.520401518791914,49.12747820466757,45.30928052961826,41.488744519650936,37.832052394747734,33.63523643091321,30.279402669519186,26.517701264470816,23.315918400883675,19.969618126749992,0.0026442669332027435,14.879836343228817,13.005109794437885,11.153568491339684,9.148012176156044,7.141964849084616,5.655044347047806,4.116696421056986,2.7519733011722565,1.5766134038567543,0.9315058812499046,0.18474939838051796,0.029515277594327927,0.00033373385667800903,0.0,0.0,0.0,0.0,0.0,0.0,0.0,0.0,0.0,0.0,0.0,0.0,0.0,0.0,0.0,0.0,0.0,0.0,0.0,0.0,840.7693387158215
61,76.03867653012276,71.48821893706918,67.69656093418598,62.00965475291014,57.152693182229996,55.319882944226265,52.58901631459594,45.31706181168556,44.24534226208925,39.2084208317101,35.34496771544218,31.98478862643242,29.328293658792973,26.26437195390463,23.464738376438618,20.910602543503046,18.073589496314526,15.498942170292139,12.988516140729189,10.90345910564065,8.59948867559433,6.8162903524935246,4.9595942832529545,3.361350029706955,2.359043177217245,1.2204257920384407,0.36726393550634384,0.03807656839489937,0.013194609433412552,0.0002401396632194519,0.0,0.0,0.0,0.0,0.0,0.0,0.0,0.0,0.0,0.0,0.0,0.0,0.0,0.0,0.0,0.0,0.0,0.0,0.0,0.0,823.5627658516169
62,76.77057217434049,72.60397385060787,69.08373534679413,63.90439873561263,60.961805298924446,57.4176086448133,52.058249197900295,48.8666886202991,44.77014869451523,41.19216592609882,37.824370216578245,34.01173761114478,30.447646092623472,26.973846957087517,23.687455136328936,20.541505929082632,17.874045234173536,14.898229021579027,12.574807655066252,10.294838838279247,8.147799272090197,6.2402987368404865,4.612949077039957,3.46948941424489,2.2976630963385105,1.301345381885767,0.3794284723699093,0.09268269315361977,0.015339687466621399,0.00023498758673667908,0.0,0.0,0.0,0.0,0.0,0.0,0.0,0.0,0.0,0.0,0.0,0.0,0.0,0.0,0.0,0.0,0.0,0.0,0.0,0.0,843.3150600008667
63,76.46886993944645,72.15918320044875,69.19169917330146,64.47788372635841,61.03763522580266,58.041486624628305,53.7243044488132,49.01938087493181,44.655448626726866,40.654184609651566,37.034305199980736,33.44819028675556,29.957069635391235,26.750084340572357,23.541676107794046,20.72827347368002,18.13942563533783,15.465594604611397,12.849134966731071,10.802636835724115,8.790741790086031,6.872771173715591,5.129952993243933,3.932749219238758,2.6351001411676407,1.4036468155682087,0.640720222145319,0.11707675457000732,0.018280088901519775,0.00023288652300834656,0.0,0.0,0.0,0.0,0.0,0.0,0.0,0.0,0.0,0.0,0.0,0.0,0.0,0.0,0.0,0.0,0.0,0.0,0.0,0.0,847.6877396218479
64,76.53403604775667,74.32203458249569,71.39084193855524,64.88555342331529,60.858345445245504,57.15072316303849,53.19457983970642,48.946996342390776,44.81789227575064,40.99077235534787,36.86027913913131,33.22141982987523,29.033390767872334,26.177248869091272,23.964994587004185,21.154496628791094,18.29948892444372,15.461033374071121,12.834373097866774,10.4515609331429,8.530849132686853,6.7810124307870865,5.106742829084396,3.8985705077648163,2.538118924945593,1.2457312308251858,0.4844627194106579,0.06255446746945381,0.013839874416589737,0.00023279711604118347,0.0,0.0,0.0,0.0,0.0,0.0,0.0,0.0,0.0,0.0,0.0,0.0,0.0,0.0,0.0,0.0,0.0,0.0,0.0,0.0,849.2121764793992
65,76.5758467130363,72.30868192389607,68.16536409407854,64.60297949239612,58.30482540279627,56.519214142113924,51.95691718161106,49.28193600848317,45.9695167131722,41.154003884643316,37.154949225485325,33.38483419269323,29.207777600735426,26.38300959393382,23.149552512913942,20.545832574367523,17.015149526298046,14.757541965693235,12.613106191158295,10.21689759194851,8.293364267796278,6.230590157210827,4.572591915726662,3.1722401566803455,1.7781977280974388,0.9315796867012978,0.19292129203677177,0.026362642645835876,0.009096037596464157,0.005491860210895538,0.00023631379008293152,0.0,0.0,0.0,0.0,0.0,0.0,0.0,0.0,0.0,0.0,0.0,0.0,0.0,0.0,0.0,0.0,0.0,0.0,0.0,834.4806085899472
66,78.67724564671516,74.31114603579044,71.88005961477757,68.46397491917014,62.65093605220318,58.159350514411926,53.77448129653931,49.69855722412467,45.136191703379154,41.501907646656036,37.6995044760406,34.421141017228365,31.291039533913136,27.56051031127572,24.180743701756,21.342059291899204,18.55573359876871,15.924368482083082,13.562749080359936,11.265686422586441,9.372274488210678,7.366163019090891,5.594916068017483,4.181710049510002,2.8000909984111786,1.6179403439164162,0.7079470865428448,0.32073312997817993,0.024959582835435867,0.0003323890268802643,0.0,0.0,0.0,0.0,0.0,0.0,0.0,0.0,0.0,0.0,0.0,0.0,0.0,0.0,0.0,0.0,0.0,0.0,0.0,0.0,872.0444537252188
67,79.21658117324114,74.88174453750253,70.34928143396974,66.21671910956502,61.97096515074372,57.86914274469018,53.94058737158775,49.174219254404306,45.16513505578041,42.05853011086583,37.40621509030461,34.409262638539076,30.995565984398127,27.611011780798435,24.163830373436213,21.28650700300932,18.776566553860903,15.614716850221157,13.451254155486822,11.229940865188837,9.161866802722216,7.124743405729532,5.40046463906765,3.8239512406289577,2.8506279475986958,1.747890803962946,0.6464192345738411,0.16228564083576202,0.07604623585939407,0.018148720264434814,0.00022950023412704468,0.0,0.0,0.0,0.0,0.0,0.0,0.0,0.0,0.0,0.0,0.0,0.0,0.0,0.0,0.0,0.0,0.0,0.0,0.0,866.8004514090717
68,78.42551580816507,75.00130965560675,71.51607227697968,67.2892110273242,62.235963091254234,57.700705610215664,53.12948776781559,49.539755415171385,45.54994481429458,41.6257319226861,38.16925820335746,34.373997539281845,31.20481039583683,28.004901234060526,25.05457980185747,21.547654680907726,18.840245470404625,16.057534869760275,13.31838297471404,10.878067050129175,8.814722131937742,6.408840831369162,0.001601334661245346,0.0014125145971775055,2.499689780175686,0.001047816127538681,0.0007593929767608643,0.0007766522467136383,0.0005913600325584412,0.00041439011693000793,0.00022633373737335205,0.0,0.0,0.0,0.0,0.0,0.0,0.0,0.0,0.0,0.0,0.0,0.0,0.0,0.0,0.0,0.0,0.0,0.0,0.0,857.1932121478021
69,78.61258519813418,75.10675251111388,70.79418897628784,66.62329429015517,62.422350730746984,57.55292972177267,53.15476443991065,49.05153505504131,45.65650724992156,41.513579431921244,38.24858429282904,34.031117387115955,30.717861529439688,27.497666113078594,24.2336040250957,21.54188234359026,18.24408834800124,16.016214795410633,13.321633122861385,11.055590249598026,9.067249223589897,7.141962684690952,5.592455610632896,4.024898160248995,2.6129600554704666,0.0010562017560005188,0.000865451991558075,0.0006956830620765686,0.0005042590200901031,0.00021912157535552979,0.00023233890533447266,0.0,0.0,0.0,0.0,0.0,0.0,0.0,0.0,0.0,0.0,0.0,0.0,0.0,0.0,0.0,0.0,0.0,0.0,0.0,863.8398286029696
70,78.26809553802013,74.81371941789985,70.60592146962881,66.73199958354235,57.92231220379472,57.60939263179898,53.70725218579173,49.997101213783026,45.930689971894026,42.39391710981727,39.40479702875018,35.18974852189422,31.54007863625884,27.93168345466256,24.615683302283287,21.195729702711105,17.4615442417562,15.058266941457987,12.971548143774271,10.49126049131155,8.470969036221504,7.2119395062327385,5.630669463425875,4.367968458682299,2.953305158764124,1.7387581653892994,0.7330860234797001,0.14574401825666428,0.027030501514673233,0.006294801831245422,0.00023021548986434937,0.0,0.0,0.0,0.0,0.0,0.0,0.0,0.0,0.0,0.0,0.0,0.0,0.0,0.0,0.0,0.0,0.0,0.0,0.0,865.1267371401191
71,76.1544914804399,71.69803048297763,68.06320529803634,64.93609364703298,60.8252911940217,56.72789456695318,52.3315402045846,48.145792443305254,44.26337539404631,39.99869463965297,36.81253715604544,33.34640070423484,29.87038591504097,27.020984400063753,23.57318341732025,20.537234149873257,17.64648237451911,15.170589048415422,12.912591710686684,10.50350945442915,8.342024572193623,6.733262553811073,5.12294078245759,3.8428035639226437,1.9710039719939232,0.9179485961794853,0.1635218933224678,0.03600539639592171,0.0004117600619792938,0.0001323409378528595,0.0,0.0,0.0,0.0,0.0,0.0,0.0,0.0,0.0,0.0,0.0,0.0,0.0,0.0,0.0,0.0,0.0,0.0,0.0,0.0,837.6683631129563
72,76.27551044523716,71.58624955266714,67.07686794921756,63.402663208544254,60.34768799319863,56.79226706922054,52.20549796521664,49.03764948993921,44.646323289722204,40.66948051378131,35.869922518730164,31.28572579845786,29.343980584293604,25.821944527328014,23.448217418044806,20.57859206944704,17.69714928418398,14.90753511339426,11.776214767247438,10.590556427836418,8.751770544797182,6.844325266778469,4.990483526140451,3.4351404197514057,2.134617906063795,1.1572345159947872,0.0007841214537620544,0.000594165176153183,0.00041282549500465393,0.00023054331541061401,0.0,0.0,0.0,0.0,0.0,0.0,0.0,0.0,0.0,0.0,0.0,0.0,0.0,0.0,0.0,0.0,0.0,0.0,0.0,0.0,830.6756298206747
73,75.27996757999063,71.21169240772724,68.23236480355263,65.22900639474392,61.44004125148058,56.67294227704406,52.21222956106067,48.003927167505026,43.62971865013242,40.35017726570368,36.637707240879536,33.292897652834654,29.589749671518803,26.212275870144367,23.112912878394127,20.577838752418756,17.96838080510497,15.389246299862862,13.033794306218624,10.845481000840664,8.555665872991085,6.619603399187326,4.9397786520421505,3.570694100111723,2.3958788961172104,1.2646755911409855,0.44174784421920776,0.07486565411090851,0.01413014531135559,0.0002452284097671509,0.0,0.0,0.0,0.0,0.0,0.0,0.0,0.0,0.0,0.0,0.0,0.0,0.0,0.0,0.0,0.0,0.0,0.0,0.0,0.0,836.7996372207999
74,77.7652537599206,72.15985906496644,68.10385809466243,64.94264989346266,60.933461513370275,57.00184666737914,52.63745818659663,48.24532165378332,44.31378602609038,40.734439972788095,38.04545186460018,33.672324649989605,30.595642149448395,26.211004871875048,22.81959069892764,19.8476972989738,16.604977823793888,13.099309526383877,12.108043570071459,10.304688047617674,8.502640571445227,6.62654210999608,5.036463748663664,3.48819487914443,2.324569307267666,1.3508123457431793,0.4321516416966915,0.08659640327095985,0.015126552432775497,0.00023871660232543945,0.0,0.0,0.0,0.0,0.0,0.0,0.0,0.0,0.0,0.0,0.0,0.0,0.0,0.0,0.0,0.0,0.0,0.0,0.0,0.0,838.0100016109645
75,76.66399220749736,71.87571702897549,67.59830533340573,63.320486947894096,60.72098532691598,58.9945949241519,54.004547253251076,48.433020155876875,44.15321386605501,40.43955987691879,36.860070906579494,33.00234304741025,29.506653182208538,25.989143699407578,23.2348500713706,19.73012374714017,17.567901998758316,15.17903320863843,12.78149650618434,10.628344997763634,8.431227471679449,6.376014176756144,4.71232508122921,3.2610555067658424,2.279758207499981,1.4034615829586983,0.4449475444853306,0.07789496332406998,0.016199544072151184,0.00030467286705970764,0.0,0.0,0.0,0.0,0.0,0.0,0.0,0.0,0.0,0.0,0.0,0.0,0.0,0.0,0.0,0.0,0.0,0.0,0.0,0.0,837.6875730380416
76,78.69892016798258,76.30486698448658,72.25154775381088,66.51536238193512,62.47909476235509,58.26563026756048,54.166028060019016,49.82703875377774,45.597936652600765,41.93036646395922,38.21940753236413,34.33342891559005,30.80401051416993,27.781795408576727,24.53351739794016,21.78836040943861,18.702369060367346,16.134962681680918,13.328508771955967,11.035428557544947,8.916082356125116,7.157971680164337,5.528697058558464,3.966584987938404,2.7299113161861897,1.8164058066904545,0.9058135598897934,0.15517611429095268,0.028581786900758743,0.008319605141878128,0.0,0.0,0.0,0.0,0.0,0.0,0.0,0.0,0.0,0.0,0.0,0.0,0.0,0.0,0.0,0.0,0.0,0.0,0.0,0.0,873.9121257700026
77,78.4853170439601,75.26744640618563,71.34491882100701,66.86623196303844,62.46870851889253,58.174084074795246,55.58011757954955,52.04518585652113,47.03557717427611,42.03458536043763,38.391819924116135,34.561302207410336,31.5180234760046,27.826435267925262,25.1208715736866,22.09936936572194,19.02841116115451,16.261022720485926,13.642718479037285,11.575699511915445,9.38420395180583,7.5023234859108925,4.957647975534201,0.0013657398521900177,0.0013808086514472961,2.254431650042534,1.092619001865387,0.27903352677822113,0.08486723154783249,0.015524636954069138,0.00024132803082466125,0.0,0.0,0.0,0.0,0.0,0.0,0.0,0.0,0.0,0.0,0.0,0.0,0.0,0.0,0.0,0.0,0.0,0.0,0.0,874.9014858230948
78,81.53056007996202,77.53839354589581,75.14307312294841,69.71538192778826,64.31898016482592,59.84074656665325,55.56098444387317,51.83347675949335,48.59813819825649,44.413824900984764,40.239087142050266,37.04414897039533,33.78454151377082,29.737215790897608,26.676417633891106,23.198807507753372,20.133129324764013,17.51474652811885,14.514083188027143,12.13530833274126,9.662707101553679,7.503359470516443,5.83046056702733,3.9779337979853153,3.0987362898886204,1.3817603029310703,0.0009814389050006866,0.09922798350453377,0.00043888017535209656,0.00046792998909950256,0.0002568438649177551,0.0,0.0,0.0,0.0,0.0,0.0,0.0,0.0,0.0,0.0,0.0,0.0,0.0,0.0,0.0,0.0,0.0,0.0,0.0,915.0273762494326
79,85.64852428808808,81.31049583852291,77.484470307827,72.95495635643601,68.17201210558414,63.59042724221945,58.82904537394643,54.3785305917263,50.51096374541521,45.23152485117316,41.326567247509956,37.517373971641064,33.48999880626798,30.230087380856276,26.639585573226213,23.685892835259438,20.433223206549883,17.490117348730564,14.785114645957947,12.083100818097591,9.976656462997198,7.810290675610304,5.922965455800295,4.496834136545658,3.1140097565948963,1.8973656222224236,0.8895104601979256,0.18149881064891815,0.03036731854081154,0.009340643882751465,0.0,0.0,0.0,0.0,0.0,0.0,0.0,0.0,0.0,0.0,0.0,0.0,0.0,0.0,0.0,0.0,0.0,0.0,0.0,0.0,950.1208518780768
80,85.6617233119905,82.00091033428907,77.63969491422176,72.36671762540936,66.9929148517549,62.78041747957468,58.096656654030085,51.99900022894144,44.23384426534176,44.96648655086756,40.32229175418615,36.0552739687264,32.864699985831976,29.702620431780815,26.10835462063551,22.649393666535616,19.864039041101933,17.506389934569597,14.96663036569953,12.186915967613459,10.051470935344696,8.044144846498966,6.284969218075275,4.638853784650564,3.317630857229233,2.11506574973464,1.0866093188524246,0.21326341107487679,0.03670110926032066,0.005986060947179794,0.0002508983016014099,0.0,0.0,0.0,0.0,0.0,0.0,0.0,0.0,0.0,0.0,0.0,0.0,0.0,0.0,0.0,0.0,0.0,0.0,0.0,934.7599221430719
81,83.39391317218542,78.4291478767991,73.92617913335562,68.35809394344687,65.02662698924541,59.74219151586294,56.60734808817506,52.336577117443085,48.038604378700256,44.17107265815139,39.58100849017501,35.856030475348234,31.24181330576539,28.506689492613077,24.57855288684368,20.997595861554146,19.1956757158041,16.19177630916238,13.61546054109931,11.28188694640994,9.08869556710124,7.074472937732935,5.1194451823830605,3.6705087907612324,2.265640765428543,1.0665400549769402,0.33207838982343674,0.08287796005606651,0.01740247756242752,0.0002635382115840912,0.0,0.0,0.0,0.0,0.0,0.0,0.0,0.0,0.0,0.0,0.0,0.0,0.0,0.0,0.0,0.0,0.0,0.0,0.0,0.0,899.7941705621779
82,83.09849102795124,78.2474532276392,74.07797526568174,70.02680583298206,64.87777729332447,61.861207369714975,57.39843999966979,52.95525271072984,48.561639700084925,44.1012359932065,39.5426483489573,36.04047517850995,32.236219715327024,29.031113028526306,25.328132275491953,21.963226225227118,19.074111975729465,16.240459609776735,13.209192417562008,10.684930048882961,9.223746422678232,7.275201186537743,5.230467099696398,3.5030959099531174,2.2964642234146595,1.510945402085781,0.5417518317699432,0.04815906658768654,0.00048123300075531006,0.0002504587173461914,0.0,0.0,0.0,0.0,0.0,0.0,0.0,0.0,0.0,0.0,0.0,0.0,0.0,0.0,0.0,0.0,0.0,0.0,0.0,0.0,908.1873500794172
83,83.28845336660743,78.28766920417547,75.93094950541854,71.08539481088519,66.01183555275202,62.068031433969736,57.83269818127155,52.552394926548004,48.657435450702906,44.517730452120304,40.38733648881316,36.2781103849411,32.84353768453002,29.282376054674387,25.9179094620049,22.881283968687057,19.780398450791836,16.932407185435295,14.23371934145689,11.911716487258673,9.437592428177595,7.573585491627455,5.426866311579943,3.1998062133789062,2.074067145586014,1.1280604414641857,0.2730674743652344,0.05167079344391823,0.013577654957771301,0.0002599284052848816,0.0,0.0,0.0,0.0,0.0,0.0,0.0,0.0,0.0,0.0,0.0,0.0,0.0,0.0,0.0,0.0,0.0,0.0,0.0,0.0,919.8599422760308
84,83.444172013551,79.18391744047403,75.2429044060409,70.57275257259607,65.21999633312225,61.66227589920163,57.78246971964836,52.222137071192265,48.091201946139336,43.860271576792,39.930801168084145,36.02144691348076,32.09140679612756,28.248291961848736,25.041853673756123,21.49756307899952,18.445800006389618,16.1342857144773,13.665297612547874,10.39694468677044,9.183577824383974,7.187365673482418,5.371262386441231,3.8385127894580364,2.6764387413859367,1.5058803521096706,0.7130813598632812,0.07525375857949257,0.016932222992181778,0.0002601444721221924,0.0,0.0,0.0,0.0,0.0,0.0,0.0,0.0,0.0,0.0,0.0,0.0,0.0,0.0,0.0,0.0,0.0,0.0,0.0,0.0,909.3243558444083
85,83.0212250687182,78.4226786494255,74.58944146707654,70.62609336152673,66.33816000819206,61.311122197657824,56.855554699897766,52.15489034727216,47.84589043259621,43.88044258952141,40.37620064616203,36.433425549417734,32.33220240473747,28.470977663993835,24.841323401778936,21.59142104908824,18.77688802778721,16.073837261646986,13.606517661362886,11.395721390843391,9.261208724230528,7.285939536988735,5.577407363802195,3.97453797981143,2.7213142588734627,1.4447418823838234,0.30123288929462433,0.0516907162964344,0.013586629182100296,0.00013164430856704712,0.0,0.0,0.0,0.0,0.0,0.0,0.0,0.0,0.0,0.0,0.0,0.0,0.0,0.0,0.0,0.0,0.0,0.0,0.0,0.0,909.575805503875
86,84.82676724717021,80.6974987462163,76.28366380184889,71.53336550667882,67.15409576147795,62.403087593615055,58.21488389745355,53.81462426483631,49.303344663232565,45.25513098016381,40.782242350280285,36.47791274636984,32.841665621846914,29.05159341171384,25.958552829921246,23.135167099535465,20.089080672711134,17.2668275013566,14.660512067377567,12.196612171828747,10.05785097181797,7.995024144649506,6.080907855182886,4.36960207298398,2.5590460561215878,1.4666946344077587,0.7285359539091587,0.2336496151983738,0.036029424518346786,0.009069535881280899,0.0,0.0,0.0,0.0,0.0,0.0,0.0,0.0,0.0,0.0,0.0,0.0,0.0,0.0,0.0,0.0,0.0,0.0,0.0,0.0,935.4830392003059
87,84.28237022832036,80.44844734296203,75.76912375167012,71.00568400323391,66.6166051402688,61.98001243174076,57.50864649191499,51.336894150823355,45.16636201739311,44.02611290663481,40.6730795763433,37.538980443030596,33.34139011055231,29.852783899754286,26.45613596215844,23.219646144658327,20.001266665756702,17.22928925603628,14.753376945853233,12.373902466148138,9.912743598222733,7.885012820363045,6.0548260398209095,4.524817742407322,3.027872446924448,1.7016727179288864,0.6121726296842098,0.09452169388532639,0.02082565426826477,0.014197885990142822,0.00025007501244544983,0.0,0.0,0.0,0.0,0.0,0.0,0.0,0.0,0.0,0.0,0.0,0.0,0.0,0.0,0.0,0.0,0.0,0.0,0.0,927.4290232397616
88,84.49441611394286,81.07241319864988,76.88256218656898,71.4842371866107,66.98921659961343,62.538866985589266,57.43560956791043,53.30219258368015,48.93320298194885,44.26029831171036,40.17253839224577,36.40375202894211,32.75590783730149,29.084667649120092,25.84114032611251,23.059547688812017,20.242408014833927,17.45469493791461,14.674244925379753,12.170192949473858,9.958423808217049,7.937951028347015,5.8365053571760654,4.207306247204542,3.0113045647740364,1.8495590798556805,0.5322029627859592,0.0007563009858131409,0.035025760531425476,0.00038628652691841125,0.0,0.0,0.0,0.0,0.0,0.0,0.0,0.0,0.0,0.0,0.0,0.0,0.0,0.0,0.0,0.0,0.0,0.0,0.0,0.0,932.6215318627656
89,85.1241032332182,81.28883954882622,77.2311534434557,72.14945083111525,67.79885433614254,62.88339410349727,58.52123089507222,53.88609927892685,49.25520608946681,45.24148907139897,41.57228968665004,37.40848271548748,33.987847071141005,29.89132597669959,26.404478956013918,22.654517006129026,19.660682257264853,17.014081373810768,14.45768417418003,12.11020090803504,9.772780306637287,7.851459711790085,5.954915214329958,4.37204584479332,2.803000994026661,1.497396420687437,0.8097112886607647,0.14253996312618256,0.02729254588484764,0.009059760719537735,0.0,0.0,0.0,0.0,0.0,0.0,0.0,0.0,0.0,0.0,0.0,0.0,0.0,0.0,0.0,0.0,0.0,0.0,0.0,0.0,941.7816130071878
90,85.02465596795082,81.28538753837347,77.44751385599375,72.06814444437623,68.18274529650807,62.550472769886255,57.56641338393092,53.07456844300032,49.1870530731976,45.32623691856861,42.03261540830135,37.76995315402746,33.64246388524771,29.970382675528526,26.867543905973434,23.589653309434652,20.579705987125635,17.635141994804144,14.809337981045246,12.236466318368912,9.88534041494131,7.859738487750292,6.137490909546614,4.328144837170839,2.7971184626221657,1.834209866821766,1.0720231235027313,0.184730626642704,0.029137715697288513,0.008292384445667267,0.0,0.0,0.0,0.0,0.0,0.0,0.0,0.0,0.0,0.0,0.0,0.0,0.0,0.0,0.0,0.0,0.0,0.0,0.0,0.0,944.9826831407845
91,82.78269803896546,78.24749258160591,74.96369608491659,70.43542443215847,66.46595022827387,61.85890045389533,56.81023247167468,52.043284989893436,47.26863765716553,43.34195618331432,39.2675555460155,35.2552054412663,31.76633134484291,28.41167539358139,25.35271517932415,21.81258410587907,19.20097776502371,16.13589370250702,13.224705569446087,11.281033612787724,8.768916465342045,7.080116558820009,5.203947927802801,3.5323121696710587,2.451223112642765,1.214109804481268,0.5277404189109802,0.07022371888160706,0.016965825110673904,0.0002558119595050812,0.0,0.0,0.0,0.0,0.0,0.0,0.0,0.0,0.0,0.0,0.0,0.0,0.0,0.0,0.0,0.0,0.0,0.0,0.0,0.0,904.7927625961602
92,82.85382978245616,78.26156294345856,73.63836523145437,70.24449823051691,66.1096167974174,61.290019404143095,56.24066485092044,51.6177096888423,46.78629070147872,42.666043389588594,39.739707700908184,36.22394924983382,32.337850365787745,28.975212417542934,25.57933032885194,22.50409485772252,19.287794418632984,16.69427602738142,13.996800146996975,11.539548389613628,8.984447456896305,6.727199628949165,5.025022495537996,3.2779156863689423,1.6999185271561146,0.0010290704667568207,0.0008427910506725311,0.031504224985837936,0.00035163387656211853,0.0002461932599544525,0.00013181939721107483,0.0,0.0,0.0,0.0,0.0,0.0,0.0,0.0,0.0,0.0,0.0,0.0,0.0,0.0,0.0,0.0,0.0,0.0,0.0,902.3357744514942
93,82.60014681518078,78.50026700645685,74.16709591075778,69.77392913401127,64.61179429292679,60.03770288079977,56.19422226771712,51.69978553056717,47.5674760825932,43.71534260362387,40.04882389679551,36.00571181997657,32.18683721870184,28.944057922810316,25.202597089111805,22.01660020276904,19.204712618142366,15.979378763586283,13.417350206524134,10.989262897521257,8.81445611640811,7.137661315500736,5.531810536980629,3.6838539093732834,2.363281521946192,1.3764680437743664,0.2986207604408264,0.03378739953041077,0.00046436116099357605,0.00025344640016555786,0.0,0.0,0.0,0.0,0.0,0.0,0.0,0.0,0.0,0.0,0.0,0.0,0.0,0.0,0.0,0.0,0.0,0.0,0.0,0.0,902.1037525720894
94,82.58512358367443,78.2342544272542,74.87287008017302,70.83192965760827,66.33405041322112,61.3523780927062,56.744724217802286,50.72221773862839,47.30321039631963,42.995348777621984,38.84342759475112,35.614996157586575,31.683236587792635,28.32618634030223,25.082521308213472,21.81024380028248,19.007013354450464,15.855602905154228,13.16712149232626,11.136820413172245,8.955314468592405,6.9251862317323685,5.185839202255011,3.5298345498740673,2.1711392514407635,1.277363657951355,0.3436775542795658,0.0520518459379673,0.016116183251142502,0.0002539604902267456,0.0,0.0,0.0,0.0,0.0,0.0,0.0,0.0,0.0,0.0,0.0,0.0,0.0,0.0,0.0,0.0,0.0,0.0,0.0,0.0,900.9600542448461
95,82.60807022824883,78.45590203255415,74.63477404043078,70.35464292019606,65.69847467169166,61.20488654449582,57.01132357493043,52.49758753925562,48.40731827169657,43.74512529745698,39.794155184179544,35.83938790112734,32.09684593230486,28.505685597658157,25.15901166573167,21.654426392167807,19.167982056736946,16.21881354600191,13.703947462141514,10.999734953045845,8.91979218646884,7.000910844653845,5.3682095892727375,3.8597121238708496,2.6394372917711735,1.3921297118067741,0.545282170176506,0.0936773531138897,0.013762541115283966,0.0001478828489780426,0.0,0.0,0.0,0.0,0.0,0.0,0.0,0.0,0.0,0.0,0.0,0.0,0.0,0.0,0.0,0.0,0.0,0.0,0.0,0.0,907.5911575071514
96,85.36501181125641,80.51734625920653,75.65771456807852,71.64993602409959,66.9394286237657,62.30125906318426,57.89325040951371,53.76772804930806,49.09295950084925,44.53068099170923,40.60959282144904,37.51419711485505,33.507153913378716,29.877914022654295,26.357482966035604,22.896549731492996,19.750545497983694,17.28146443516016,14.519125234335661,12.038891419768333,9.754700936377048,7.722397744655609,6.023282438516617,4.396285004913807,3.0530083999037743,1.9227780848741531,0.8473107516765594,0.2104126140475273,0.034887898713350296,0.008985336869955063,0.0,0.0,0.0,0.0,0.0,0.0,0.0,0.0,0.0,0.0,0.0,0.0,0.0,0.0,0.0,0.0,0.0,0.0,0.0,0.0,936.0422816686332
97,84.99368971586227,81.10484435409307,77.01747600734234,71.75347626581788,66.96368861570954,62.58599665015936,58.256715312600136,54.177012749016285,50.183799382299185,45.91509721800685,41.6259247623384,37.199004486203194,34.159320306032896,30.324464336037636,26.983685698360205,23.222451578825712,20.07758753374219,17.00944545865059,14.421348929405212,11.924883887171745,9.827837225049734,7.9325280375778675,6.143281612545252,4.536579396575689,3.068095602095127,1.978892408311367,0.9473903514444828,0.23180598765611649,0.024217013269662857,0.00037555769085884094,0.0,0.0,0.0,0.0,0.0,0.0,0.0,0.0,0.0,0.0,0.0,0.0,0.0,0.0,0.0,0.0,0.0,0.0,0.0,0.0,944.5909164398909
98,85.33215538039804,81.64804058894515,77.04951702058315,71.61684872955084,66.44880205020308,61.6171575114131,57.282569624483585,53.546690940856934,49.6956289447844,43.93218947201967,40.38030555099249,36.079193498939276,32.8367785140872,29.097883116453886,24.944609474390745,22.460477460175753,19.450837034732103,16.236085209995508,14.296828012913465,11.475763142108917,9.216532703489065,7.51433040946722,5.868547443300486,4.159253042191267,2.888900339603424,1.8469248227775097,0.9570287615060806,0.2337215468287468,0.02370823547244072,0.0003371499478816986,0.0,0.0,0.0,0.0,0.0,0.0,0.0,0.0,0.0,0.0,0.0,0.0,0.0,0.0,0.0,0.0,0.0,0.0,0.0,0.0,928.1376457326114
99,83.7653441503644,80.0064995251596,74.60682728886604,71.18824177980423,65.19441904872656,61.241485722362995,56.05019785091281,51.75471404567361,48.20252289623022,43.43704570457339,39.39423006772995,36.06048612296581,32.18845161423087,28.500922586768866,25.111709963530302,22.275926768779755,19.483753748238087,16.630226340144873,14.05653839558363,11.525068867951632,9.38779916241765,7.590488947927952,5.9666419960558414,4.264585021883249,2.707832705229521,1.3788484707474709,0.7295783348381519,0.26472116634249687,0.029221519827842712,0.009007535874843597,0.0,0.0,0.0,0.0,0.0,0.0,0.0,0.0,0.0,0.0,0.0,0.0,0.0,0.0,0.0,0.0,0.0,0.0,0.0,0.0,913.0033373497427
100,81.66326149180532,78.22894886881113,73.79074389860034,69.9993708692491,66.03370077162981,61.208015248179436,56.532909628003836,52.37022719159722,48.02664149925113,43.58812382444739,39.76214284077287,36.05391265824437,32.3095797598362,28.607262641191483,25.338153813034296,22.236817095428705,19.121821638196707,16.24359952658415,13.906298704445362,11.427861664444208,9.273702029138803,7.44207789003849,5.687207225710154,3.877363007515669,2.669236060231924,1.312483236193657,0.617971632629633,0.12941638007760048,0.02828460931777954,0.008922785520553589,0.0,0.0,0.0,0.0,0.0,0.0,0.0,0.0,0.0,0.0,0.0,0.0,0.0,0.0,0.0,0.0,0.0,0.0,0.0,0.0,907.4960584901273

total time per move x,8028.97124280408,7635.869383189827,7225.589895967394,6783.958698391914,6359.153533451259,5933.100464753807,5495.425059285015,5039.021312829107,4656.178342569619,4250.109506260604,3864.362490899861,3486.7001211307943,3127.784514196217,2781.720784395933,2460.617710351944,2156.612375922501,1846.5871587842703,1578.1008204706013,1320.2931862846017,1093.995530076325,887.4490293897688,713.8055620715022,526.7740232497454,369.59143518283963,254.4938581958413,139.94847586005926,54.83635462448001,11.69928801804781,2.1731246672570705,0.3610549755394459,0.005364555865526199,0.00021597370505332947,0,0,0,0,0,0,0,0,0,0,0,0,0,0,0,0,0,0,88085.28991878033
average time per move x,80.2897124280408,76.35869383189828,72.25589895967394,67.83958698391915,63.59153533451259,59.331004647538066,54.95425059285015,50.39021312829107,46.56178342569619,42.50109506260603,38.64362490899861,34.867001211307944,31.27784514196217,27.81720784395933,24.60617710351944,21.56612375922501,18.465871587842702,15.781008204706014,13.202931862846016,10.93995530076325,8.874490293897688,7.138055620715022,5.267740232497454,3.6959143518283963,2.544938581958413,1.3994847586005925,0.5483635462448001,0.1169928801804781,0.021731246672570707,0.0036105497553944586,0.00023324155937070432,0.00021597370505332947,nan,nan,nan,nan,nan,nan,nan,nan,nan,nan,nan,nan,nan,nan,nan,nan,nan,nan,880.8528991878032
std of time per move x,3.5892863831677064,3.5599295751434052,3.4424418575131064,3.2454650703651766,2.8259152370825755,2.4634620842900627,2.4188633661839645,2.84218417110902,2.0260535112043696,1.8408238986740781,1.785115654860855,1.6703579053750466,1.466821893441311,1.3458679198628785,1.2756537443286717,1.0590495306446663,2.1373690407457078,1.881949051138889,2.0593019329607087,1.7235107862329255,1.40082306615803,0.515340309504878,0.9120300326062599,0.9576517533251256,0.47690233040499797,0.4695753627205685,0.2961748768166778,0.08409347333626567,0.016961899006284274,0.005021952914359835,4.75747536281494e-05,nan,nan,nan,nan,nan,nan,nan,nan,nan,nan,nan,nan,nan,nan,nan,nan,nan,nan,nan,39.01356752165769
err of average time,0.35892863831677063,0.3559929575143405,0.34424418575131066,0.32454650703651766,0.2825915237082576,0.24634620842900629,0.24188633661839645,0.284218417110902,0.20260535112043693,0.18408238986740783,0.17851156548608552,0.16703579053750467,0.1466821893441311,0.13458679198628784,0.12756537443286717,0.10590495306446664,0.21373690407457077,0.1881949051138889,0.20593019329607087,0.17235107862329255,0.140082306615803,0.051534030950487794,0.091203003260626,0.09576517533251257,0.047690233040499797,0.04695753627205685,0.029617487681667783,0.008409347333626567,0.0016961899006284274,0.0005021952914359835,9.920021876683263e-06,nan,nan,nan,nan,nan,nan,nan,nan,nan,nan,nan,nan,nan,nan,nan,nan,nan,nan,nan,3.901356752165769
