Contains move time for player DynamicRoxanne; opponent is AlphaBeta62
Colums refer to move number, rows to game number
game,1,2,3,4,5,6,7,8,9,10,11,12,13,14,15,16,17,18,19,20,21,22,23,24,25,26,27,28,29,30,31,32,33,34,35,36,37,38,39,40,41,42,43,44,45,46,47,48,49,50,total
1,0.006794031709432602,0.005855593830347061,0.005815427750349045,0.005659926682710648,0.005580861121416092,0.0056488998234272,0.005520042032003403,0.005094226449728012,0.004810228943824768,0.0045662522315979,0.004366990178823471,0.004440475255250931,0.0038811825215816498,0.0035148002207279205,0.0033061355352401733,0.0030968524515628815,0.0028887316584587097,0.0027115345001220703,0.0024488717317581177,0.0023036301136016846,0.002205364406108856,0.0018928758800029755,0.0016268230974674225,0.0014355666935443878,0.0012530721724033356,0.001103576272726059,0.0009269975125789642,0.0007449313998222351,0.0005013085901737213,0.0002888403832912445,0.0,0.0,0.0,0.0,0.0,0.0,0.0,0.0,0.0,0.0,0.0,0.0,0.0,0.0,0.0,0.0,0.0,0.0,0.0,0.0,0.10028405115008354
2,0.0059524960815906525,0.005722057074308395,0.005592629313468933,0.005423460155725479,0.005535762757062912,0.005520761013031006,0.00538485124707222,0.0051652975380420685,0.004935711622238159,0.004980593919754028,0.00454585999250412,0.00447290763258934,0.0043925270438194275,0.004210848361253738,0.003958895802497864,0.003596823662519455,0.003243058919906616,0.003067523241043091,0.0026239193975925446,0.002528958022594452,0.002142392098903656,0.001970238983631134,0.0018567070364952087,0.0016641020774841309,0.0013750344514846802,0.00116715207695961,0.0009604878723621368,0.0007449723780155182,0.0005100443959236145,0.0002878941595554352,0.00014190003275871277,0.0,0.0,0.0,0.0,0.0,0.0,0.0,0.0,0.0,0.0,0.0,0.0,0.0,0.0,0.0,0.0,0.0,0.0,0.0,0.10367586836218834
3,0.005838949233293533,0.005789726972579956,0.005760859698057175,0.005677688866853714,0.0053072646260261536,0.005303405225276947,0.0051137544214725494,0.005099188536405563,0.004800286144018173,0.004670195281505585,0.004503592848777771,0.004173465073108673,0.003915853798389435,0.0036391690373420715,0.003488447517156601,0.003267776221036911,0.0029949210584163666,0.002847835421562195,0.0026553869247436523,0.00231035053730011,0.0023900456726551056,0.0022207237780094147,0.001882266253232956,0.0016863122582435608,0.0014123134315013885,0.0012307316064834595,0.0010087862610816956,0.0006458796560764313,0.0005716457962989807,0.00039735063910484314,0.00013972073793411255,0.0,0.0,0.0,0.0,0.0,0.0,0.0,0.0,0.0,0.0,0.0,0.0,0.0,0.0,0.0,0.0,0.0,0.0,0.0,0.10074389353394508
4,0.005835670977830887,0.005684427917003632,0.0055976249277591705,0.005560129880905151,0.005537655204534531,0.005533389747142792,0.005318436771631241,0.005200721323490143,0.004906948655843735,0.004831850528717041,0.00470685213804245,0.004237405955791473,0.004212625324726105,0.003829449415206909,0.0033300556242465973,0.003022417426109314,0.0027664974331855774,0.0027249306440353394,0.002470768988132477,0.0022479742765426636,0.0023142024874687195,0.0020798146724700928,0.0018393397331237793,0.0014528371393680573,0.0012589581310749054,0.0010614581406116486,0.0008961819112300873,0.0007060393691062927,0.0004775337874889374,0.0002394840121269226,0.00016031041741371155,0.0,0.0,0.0,0.0,0.0,0.0,0.0,0.0,0.0,0.0,0.0,0.0,0.0,0.0,0.0,0.0,0.0,0.0,0.0,0.10004199296236038
5,0.0058786384761333466,0.005789700895547867,0.0056356750428676605,0.005340952426195145,0.005669299513101578,0.005377914756536484,0.005338110029697418,0.005249060690402985,0.0050223395228385925,0.004728212952613831,0.004324086010456085,0.004319086670875549,0.003893941640853882,0.00359981507062912,0.0032514147460460663,0.003061816096305847,0.002989552915096283,0.0027304962277412415,0.0025900453329086304,0.002391241490840912,0.0022234171628952026,0.0020502544939517975,0.001870870590209961,0.001716066151857376,0.0015235580503940582,0.0012544170022010803,0.0009593591094017029,0.0007312670350074768,0.0004808679223060608,0.0002702474594116211,0.0,0.0,0.0,0.0,0.0,0.0,0.0,0.0,0.0,0.0,0.0,0.0,0.0,0.0,0.0,0.0,0.0,0.0,0.0,0.0,0.10026172548532486
6,0.005769889801740646,0.0056606680154800415,0.005530845373868942,0.005669292062520981,0.0056602247059345245,0.0052646249532699585,0.0051872506737709045,0.00494268536567688,0.004852294921875,0.004798993468284607,0.00468512624502182,0.004133380949497223,0.004107646644115448,0.003946647047996521,0.003532934933900833,0.0030665993690490723,0.0029477663338184357,0.0026819296181201935,0.002383120357990265,0.002136591821908951,0.001957237720489502,0.0017319880425930023,0.0015771985054016113,0.001359596848487854,0.0011679604649543762,0.0009506344795227051,0.0007722228765487671,0.0005609765648841858,0.0004033520817756653,0.00015877187252044678,0.0,0.0,0.0,0.0,0.0,0.0,0.0,0.0,0.0,0.0,0.0,0.0,0.0,0.0,0.0,0.0,0.0,0.0,0.0,0.0,0.09759845212101936
7,0.006548281759023666,0.005664896219968796,0.005536749958992004,0.0055585578083992004,0.005738358944654465,0.005565274506807327,0.005204673856496811,0.004701301455497742,0.004513245075941086,0.004252605140209198,0.004099342972040176,0.0041014328598976135,0.003862660378217697,0.00348832830786705,0.003350093960762024,0.003062587231397629,0.0029856599867343903,0.002802196890115738,0.0024427734315395355,0.002280190587043762,0.002098478376865387,0.0018395967781543732,0.0016127526760101318,0.0014176331460475922,0.0011474043130874634,0.0009883902966976166,0.0007747597992420197,0.0005644224584102631,0.00037413835525512695,0.0001358725130558014,0.0,0.0,0.0,0.0,0.0,0.0,0.0,0.0,0.0,0.0,0.0,0.0,0.0,0.0,0.0,0.0,0.0,0.0,0.0,0.0,0.09671266004443169
8,0.005770161747932434,0.005643688142299652,0.005357198417186737,0.005531497299671173,0.005405280739068985,0.005356956273317337,0.005211971700191498,0.005268178880214691,0.0051278769969940186,0.0045761838555336,0.004492916166782379,0.004271261394023895,0.003995202481746674,0.004356406629085541,0.0033662915229797363,0.0032000094652175903,0.002716515213251114,0.002926792949438095,0.0024271532893180847,0.00231170654296875,0.0019509829580783844,0.0019102171063423157,0.001759704202413559,0.0015278458595275879,0.0014108270406723022,0.0011587999761104584,0.001144208014011383,0.0009191744029521942,0.0007783286273479462,0.0005098767578601837,0.00027342140674591064,0.0,0.0,0.0,0.0,0.0,0.0,0.0,0.0,0.0,0.0,0.0,0.0,0.0,0.0,0.0,0.0,0.0,0.0,0.0,0.10065663605928421
9,0.005835969001054764,0.005683492869138718,0.0055070966482162476,0.005618579685688019,0.005463380366563797,0.005343269556760788,0.005092807114124298,0.005180984735488892,0.0050035081803798676,0.004799369722604752,0.004508316516876221,0.004667706787586212,0.004463221877813339,0.0041374266147613525,0.003718774765729904,0.003404684364795685,0.003159608691930771,0.0028199367225170135,0.002600204199552536,0.0023474395275115967,0.002065695822238922,0.0018690265715122223,0.00167166069149971,0.0014210641384124756,0.0011199675500392914,0.001028452068567276,0.001035645604133606,0.0007385946810245514,0.0006677322089672089,0.0004473775625228882,0.0002737902104854584,0.0,0.0,0.0,0.0,0.0,0.0,0.0,0.0,0.0,0.0,0.0,0.0,0.0,0.0,0.0,0.0,0.0,0.0,0.0,0.10169478505849838
10,0.0057480111718177795,0.005627647042274475,0.005525745451450348,0.005600016564130783,0.005638740956783295,0.005454149097204208,0.005084685981273651,0.004792671650648117,0.004612859338521957,0.004394553601741791,0.004146266728639603,0.003918249160051346,0.0037109777331352234,0.0035659484565258026,0.003488142043352127,0.003300100564956665,0.003073282539844513,0.0028807148337364197,0.0027174092829227448,0.0024276860058307648,0.0021905414760112762,0.0020850561559200287,0.001826174557209015,0.0016822442412376404,0.0013688914477825165,0.001137610524892807,0.0008830726146697998,0.0006161816418170929,0.00040655210614204407,0.00017611682415008545,0.0,0.0,0.0,0.0,0.0,0.0,0.0,0.0,0.0,0.0,0.0,0.0,0.0,0.0,0.0,0.0,0.0,0.0,0.0,0.0,0.09808029979467392
11,0.00589548796415329,0.005795668810606003,0.00566796213388443,0.005568627268075943,0.005584679543972015,0.005595117807388306,0.005603451281785965,0.005320478230714798,0.0051111578941345215,0.004896596074104309,0.004599373787641525,0.0043967366218566895,0.004337243735790253,0.004033200442790985,0.0037436001002788544,0.003473132848739624,0.003042779862880707,0.002961520105600357,0.002721603959798813,0.002526901662349701,0.0021796077489852905,0.0020651444792747498,0.001789882779121399,0.0015321187674999237,0.0013185739517211914,0.0010564625263214111,0.000995095819234848,0.0008094683289527893,0.0006098374724388123,0.0003844946622848511,0.0001269131898880005,0.0,0.0,0.0,0.0,0.0,0.0,0.0,0.0,0.0,0.0,0.0,0.0,0.0,0.0,0.0,0.0,0.0,0.0,0.0,0.10374291986227036
12,0.005901109427213669,0.005698014050722122,0.005552902817726135,0.005539346486330032,0.005398955196142197,0.005552016198635101,0.005205988883972168,0.004920445382595062,0.004609759896993637,0.004559431225061417,0.004532072693109512,0.004419051110744476,0.003922797739505768,0.003632802516222,0.0035326331853866577,0.003137189894914627,0.0029934756457805634,0.0026511140167713165,0.002619680017232895,0.0022519752383232117,0.0021548792719841003,0.0018222630023956299,0.0015388838946819305,0.0014970041811466217,0.0015024878084659576,0.001224365085363388,0.0011734627187252045,0.0009442418813705444,0.0008107759058475494,0.0005712509155273438,0.00031418725848197937,0.0002217330038547516,0.00013899430632591248,0.0,0.0,0.0,0.0,0.0,0.0,0.0,0.0,0.0,0.0,0.0,0.0,0.0,0.0,0.0,0.0,0.0,0.10054529085755348
13,0.0058029815554618835,0.005580458790063858,0.005715284496545792,0.005343258380889893,0.005461264401674271,0.005293648689985275,0.0049950480461120605,0.005026467144489288,0.004735305905342102,0.004761692136526108,0.004311904311180115,0.004208110272884369,0.004212234169244766,0.004068661481142044,0.0036420151591300964,0.0036516301333904266,0.0031577125191688538,0.0028328783810138702,0.0025332197546958923,0.002515353262424469,0.0020910389721393585,0.0019078291952610016,0.0017494969069957733,0.00158647820353508,0.0012654885649681091,0.0011006444692611694,0.0008940361440181732,0.000671088695526123,0.0004575587809085846,0.0002719275653362274,0.0,0.0,0.0,0.0,0.0,0.0,0.0,0.0,0.0,0.0,0.0,0.0,0.0,0.0,0.0,0.0,0.0,0.0,0.0,0.0,0.09984471648931503
14,0.005773380398750305,0.0055179111659526825,0.005423929542303085,0.0052838921546936035,0.0050354525446891785,0.00532497838139534,0.005190208554267883,0.00520947203040123,0.0053432397544384,0.004691965878009796,0.004311937838792801,0.004273593425750732,0.003916583955287933,0.003601349890232086,0.003568030893802643,0.0032506920397281647,0.0029671266674995422,0.0026121139526367188,0.0025011375546455383,0.00235883891582489,0.0022696256637573242,0.0019774511456489563,0.00177779421210289,0.0014883168041706085,0.001326054334640503,0.0010531209409236908,0.00083952397108078,0.0006002038717269897,0.000583551824092865,0.0003718920052051544,0.00011942163109779358,0.0,0.0,0.0,0.0,0.0,0.0,0.0,0.0,0.0,0.0,0.0,0.0,0.0,0.0,0.0,0.0,0.0,0.0,0.0,0.09856279194355011
15,0.005565878003835678,0.005535654723644257,0.005360256880521774,0.005231786519289017,0.005067229270935059,0.005101360380649567,0.005037486553192139,0.004972930997610092,0.0046096742153167725,0.004281528294086456,0.0042234621942043304,0.003906726837158203,0.003740370273590088,0.0034118853509426117,0.003196515142917633,0.0029819123446941376,0.002660047262907028,0.002473965287208557,0.0023772120475769043,0.0021576322615146637,0.0019948743283748627,0.0018278621137142181,0.0016543492674827576,0.0014571323990821838,0.0013385117053985596,0.0010792426764965057,0.0008792765438556671,0.0007176399230957031,0.0005374141037464142,0.00037429481744766235,0.00014914199709892273,0.0,0.0,0.0,0.0,0.0,0.0,0.0,0.0,0.0,0.0,0.0,0.0,0.0,0.0,0.0,0.0,0.0,0.0,0.0,0.09390325471758842
16,0.005370941013097763,0.005250867456197739,0.005069337785243988,0.004990298300981522,0.0049797482788562775,0.005121320486068726,0.004792362451553345,0.004530515521764755,0.004587925970554352,0.004589684307575226,0.0043961480259895325,0.003977499902248383,0.0038613975048065186,0.0035440102219581604,0.003246631473302841,0.002993207424879074,0.003084830939769745,0.0027139298617839813,0.002370387315750122,0.0022114142775535583,0.0020243264734745026,0.0017174556851387024,0.0015464536845684052,0.0012963637709617615,0.001141328364610672,0.0009994730353355408,0.0008130520582199097,0.0006232447922229767,0.0004210621118545532,0.0001695007085800171,0.0,0.0,0.0,0.0,0.0,0.0,0.0,0.0,0.0,0.0,0.0,0.0,0.0,0.0,0.0,0.0,0.0,0.0,0.0,0.0,0.09243471920490265
17,0.005341812968254089,0.005237694829702377,0.005154203623533249,0.005162626504898071,0.005179867148399353,0.004899062216281891,0.005068112164735794,0.004949737340211868,0.004694856703281403,0.004607152193784714,0.004295825958251953,0.004253968596458435,0.0038867145776748657,0.004029266536235809,0.0033468902111053467,0.0030698850750923157,0.002906840294599533,0.0027473829686641693,0.0026653334498405457,0.002549998462200165,0.002290140837430954,0.0019495785236358643,0.0017984434962272644,0.0014825575053691864,0.001280076801776886,0.0010174401104450226,0.0007568486034870148,0.0006642229855060577,0.0005445368587970734,0.0004687868058681488,0.00028890371322631836,0.0,0.0,0.0,0.0,0.0,0.0,0.0,0.0,0.0,0.0,0.0,0.0,0.0,0.0,0.0,0.0,0.0,0.0,0.0,0.09658876806497574
18,0.005763493478298187,0.005689244717359543,0.005585290491580963,0.005630366504192352,0.005521584302186966,0.005395900458097458,0.005118664354085922,0.004922114312648773,0.004831228405237198,0.0046707578003406525,0.0045498572289943695,0.004538178443908691,0.004189703613519669,0.003841254860162735,0.003578450530767441,0.003291439265012741,0.003045402467250824,0.002954762428998947,0.002725854516029358,0.002346120774745941,0.0021364502608776093,0.0018121786415576935,0.0016169585287570953,0.0014059767127037048,0.0011769868433475494,0.0009584985673427582,0.0009169168770313263,0.0006823353469371796,0.0005071759223937988,0.0002525821328163147,0.0,0.0,0.0,0.0,0.0,0.0,0.0,0.0,0.0,0.0,0.0,0.0,0.0,0.0,0.0,0.0,0.0,0.0,0.0,0.0,0.09965572878718376
19,0.005759451538324356,0.005641896277666092,0.005555152893066406,0.005567323416471481,0.005566243082284927,0.0054398030042648315,0.005380276590585709,0.0049982741475105286,0.004643820226192474,0.0045302435755729675,0.004536963999271393,0.004253804683685303,0.0039372555911540985,0.0038125887513160706,0.0035239942371845245,0.003468077629804611,0.003112606704235077,0.0027658380568027496,0.0027289986610412598,0.0024102889001369476,0.002165757119655609,0.002032056450843811,0.0017359405755996704,0.0014381259679794312,0.0012699291110038757,0.0009937621653079987,0.0007446035742759705,0.0006900690495967865,0.0004975758492946625,0.00022803619503974915,0.0001668110489845276,0.0,0.0,0.0,0.0,0.0,0.0,0.0,0.0,0.0,0.0,0.0,0.0,0.0,0.0,0.0,0.0,0.0,0.0,0.0,0.0995955690741539
20,0.0057954005897045135,0.005714554339647293,0.005537860095500946,0.005564045161008835,0.005547478795051575,0.0053126998245716095,0.005467399954795837,0.0051748305559158325,0.004709810018539429,0.0046310462057590485,0.00434064120054245,0.004359059035778046,0.0042088814079761505,0.0037198998034000397,0.003674197942018509,0.003573678433895111,0.003130964934825897,0.0029195137321949005,0.002823818475008011,0.002427469938993454,0.0020446181297302246,0.0019577480852603912,0.0015342533588409424,0.0015499778091907501,0.0012687481939792633,0.0012194402515888214,0.0011599287390708923,0.0009120963513851166,0.0008082091808319092,0.0007550008594989777,0.0005179494619369507,0.0,0.0,0.0,0.0,0.0,0.0,0.0,0.0,0.0,0.0,0.0,0.0,0.0,0.0,0.0,0.0,0.0,0.0,0.0,0.10236122086644173
21,0.005830980837345123,0.0056985728442668915,0.0054229795932769775,0.005361668765544891,0.0055227093398571014,0.0052308738231658936,0.005152124911546707,0.005047250539064407,0.0047614797949790955,0.004646293818950653,0.004556804895401001,0.004256770014762878,0.0038068220019340515,0.003556288778781891,0.0033370889723300934,0.003094259649515152,0.0030135400593280792,0.0027395039796829224,0.002550683915615082,0.0021935440599918365,0.002093438059091568,0.0018360577523708344,0.0015542581677436829,0.0014410316944122314,0.0012490972876548767,0.0011260658502578735,0.0008945576846599579,0.000720880925655365,0.00046155601739883423,0.00028244778513908386,0.0,0.0,0.0,0.0,0.0,0.0,0.0,0.0,0.0,0.0,0.0,0.0,0.0,0.0,0.0,0.0,0.0,0.0,0.0,0.0,0.09743963181972504
22,0.0058341361582279205,0.005627468228340149,0.005482599139213562,0.00559583306312561,0.005679745227098465,0.005375955253839493,0.005310695618391037,0.0057303570210933685,0.004715271294116974,0.004660665988922119,0.004383258521556854,0.004261240363121033,0.004125673323869705,0.003799956291913986,0.003620881587266922,0.0034675896167755127,0.003318559378385544,0.0029078759253025055,0.0027075298130512238,0.0026709064841270447,0.0029009319841861725,0.002242542803287506,0.002056654542684555,0.0016905106604099274,0.001573421061038971,0.001276552677154541,0.0010112971067428589,0.0008145049214363098,0.0005371049046516418,0.0002720095217227936,0.0,0.0,0.0,0.0,0.0,0.0,0.0,0.0,0.0,0.0,0.0,0.0,0.0,0.0,0.0,0.0,0.0,0.0,0.0,0.0,0.1036517284810543
23,0.0059179700911045074,0.005769312381744385,0.006397850811481476,0.005519449710845947,0.005608357489109039,0.005582001060247421,0.005086470395326614,0.004805073142051697,0.0047666653990745544,0.004528507590293884,0.004666678607463837,0.003901556134223938,0.0037402287125587463,0.003568992018699646,0.0034572742879390717,0.0030566975474357605,0.002947930246591568,0.0026755593717098236,0.00249355286359787,0.002291858196258545,0.002059806138277054,0.0018565729260444641,0.001659192144870758,0.0015920177102088928,0.0014885589480400085,0.0014063604176044464,0.0,0.0,0.0,0.0,0.0,0.0,0.0,0.0,0.0,0.0,0.0,0.0,0.0,0.0,0.0,0.0,0.0,0.0,0.0,0.0,0.0,0.0,0.0,0.0,0.09684449434280396
24,0.005899734795093536,0.005770113319158554,0.0055540986359119415,0.005453068763017654,0.005559522658586502,0.005491327494382858,0.0054327622056007385,0.005437120795249939,0.005039442330598831,0.005100321024656296,0.004422247409820557,0.00433991476893425,0.004049818962812424,0.0038360953330993652,0.0035667158663272858,0.0035058222711086273,0.0031688399612903595,0.002976793795824051,0.0028202682733535767,0.0025825537741184235,0.0023715123534202576,0.0021864846348762512,0.001988328993320465,0.001750260591506958,0.0015979558229446411,0.0012468770146369934,0.0009349323809146881,0.0007290281355381012,0.0005157031118869781,0.00025733932852745056,0.0,0.0,0.0,0.0,0.0,0.0,0.0,0.0,0.0,0.0,0.0,0.0,0.0,0.0,0.0,0.0,0.0,0.0,0.0,0.0,0.10358500480651855
25,0.005891889333724976,0.005748964846134186,0.0057234615087509155,0.005894236266613007,0.005630020052194595,0.00553121417760849,0.005462203174829483,0.0051685720682144165,0.004974618554115295,0.004641532897949219,0.004366539418697357,0.0041428543627262115,0.003942716866731644,0.0038209930062294006,0.0035826414823532104,0.0031635984778404236,0.0031207241117954254,0.0029479004442691803,0.002889912575483322,0.0025824345648288727,0.002203289419412613,0.0020302794873714447,0.0016800351440906525,0.0017795450985431671,0.0013997815549373627,0.0011363998055458069,0.0009221211075782776,0.0006939209997653961,0.000601641833782196,0.0003403760492801666,0.00027748942375183105,0.0,0.0,0.0,0.0,0.0,0.0,0.0,0.0,0.0,0.0,0.0,0.0,0.0,0.0,0.0,0.0,0.0,0.0,0.0,0.10229190811514854
26,0.00577346608042717,0.005639918148517609,0.005533140152692795,0.0054813288152217865,0.005506396293640137,0.005576033145189285,0.005185361951589584,0.005119495093822479,0.004874169826507568,0.004685502499341965,0.004323132336139679,0.0038552917540073395,0.0037562549114227295,0.003598436713218689,0.003598816692829132,0.003335956484079361,0.002943437546491623,0.00267033651471138,0.002444632351398468,0.0022509396076202393,0.002039629966020584,0.0017914250493049622,0.0015819817781448364,0.0014446079730987549,0.0012342855334281921,0.001010362058877945,0.0008325204253196716,0.0006254352629184723,0.0003790147602558136,0.00013592466711997986,0.0,0.0,0.0,0.0,0.0,0.0,0.0,0.0,0.0,0.0,0.0,0.0,0.0,0.0,0.0,0.0,0.0,0.0,0.0,0.0,0.09722723439335823
27,0.00556902214884758,0.005741342902183533,0.005583673715591431,0.0055967457592487335,0.005539789795875549,0.005534626543521881,0.0052313432097435,0.0049934424459934235,0.00479256734251976,0.004664916545152664,0.004171725362539291,0.003914635628461838,0.003718595951795578,0.0035068802535533905,0.0031888410449028015,0.0031694769859313965,0.003047782927751541,0.0027619004249572754,0.0024870485067367554,0.0022085271775722504,0.00214405357837677,0.0019301436841487885,0.001721806824207306,0.0015032067894935608,0.0012687519192695618,0.001026928424835205,0.0007823966443538666,0.0006576813757419586,0.00041182711720466614,0.00012545660138130188,0.0,0.0,0.0,0.0,0.0,0.0,0.0,0.0,0.0,0.0,0.0,0.0,0.0,0.0,0.0,0.0,0.0,0.0,0.0,0.0,0.09699513763189316
28,0.0055376142263412476,0.0054199546575546265,0.005330421030521393,0.005195256322622299,0.005179151892662048,0.005274884402751923,0.005270153284072876,0.004999198019504547,0.005026735365390778,0.005043152719736099,0.004570871591567993,0.004359845072031021,0.004140496253967285,0.003988351672887802,0.003513723611831665,0.0031068548560142517,0.002998657524585724,0.0026780404150485992,0.0024961456656455994,0.002263817936182022,0.002093616873025894,0.0019357874989509583,0.0016683563590049744,0.0015012659132480621,0.0012857988476753235,0.0009709373116493225,0.0007248446345329285,0.0005490221083164215,0.0002973973751068115,0.0002459809184074402,0.0,0.0,0.0,0.0,0.0,0.0,0.0,0.0,0.0,0.0,0.0,0.0,0.0,0.0,0.0,0.0,0.0,0.0,0.0,0.0,0.09766633436083794
29,0.0053271278738975525,0.005226176232099533,0.005363009870052338,0.005437422543764114,0.004979036748409271,0.005056537687778473,0.004855971783399582,0.0046445392072200775,0.004709266126155853,0.004567340016365051,0.004432853311300278,0.004329990595579147,0.004128862172365189,0.003537967801094055,0.0032207556068897247,0.0030301064252853394,0.0028230957686901093,0.002640374004840851,0.002354491502046585,0.0022088997066020966,0.0020374171435832977,0.0017674043774604797,0.0016915760934352875,0.001398574560880661,0.0011733733117580414,0.000936601310968399,0.0007591843605041504,0.0005676150321960449,0.0003495924174785614,0.00011364743113517761,0.0,0.0,0.0,0.0,0.0,0.0,0.0,0.0,0.0,0.0,0.0,0.0,0.0,0.0,0.0,0.0,0.0,0.0,0.0,0.0,0.09366881102323532
30,0.005334056913852692,0.005245666950941086,0.005205079913139343,0.005086641758680344,0.005046609789133072,0.0061476826667785645,0.004852317273616791,0.004909541457891464,0.004645124077796936,0.004403706640005112,0.004206247627735138,0.003913283348083496,0.0036613494157791138,0.0035808980464935303,0.0033098049461841583,0.0030227191746234894,0.00284527987241745,0.002613469958305359,0.0024079307913780212,0.0022221654653549194,0.001974143087863922,0.0017247609794139862,0.001572590321302414,0.0013393796980381012,0.001163821667432785,0.0009245909750461578,0.0007105208933353424,0.0005310475826263428,0.0003879740834236145,0.0001558065414428711,0.0,0.0,0.0,0.0,0.0,0.0,0.0,0.0,0.0,0.0,0.0,0.0,0.0,0.0,0.0,0.0,0.0,0.0,0.0,0.0,0.09314421191811562
31,0.005571015179157257,0.005253907293081284,0.005204252898693085,0.005057431757450104,0.00507601723074913,0.005109261721372604,0.004929207265377045,0.004940096288919449,0.0044256821274757385,0.0043084509670734406,0.004128806293010712,0.003887668251991272,0.0036673322319984436,0.0033781789243221283,0.0032204054296016693,0.003265906125307083,0.0032242126762866974,0.0029480867087841034,0.0025077350437641144,0.0023238547146320343,0.00205828994512558,0.0018053948879241943,0.001695007085800171,0.0014949366450309753,0.0012035965919494629,0.0009901151061058044,0.0007720179855823517,0.0006626658141613007,0.000618666410446167,0.0004203207790851593,0.0003588274121284485,0.00014707818627357483,0.0,0.0,0.0,0.0,0.0,0.0,0.0,0.0,0.0,0.0,0.0,0.0,0.0,0.0,0.0,0.0,0.0,0.0,0.09465442597866058
32,0.00554952397942543,0.005298975855112076,0.0052819810807704926,0.005226746201515198,0.0051672980189323425,0.004968676716089249,0.004724450409412384,0.004779532551765442,0.005223844200372696,0.004399169236421585,0.004755042493343353,0.003924582153558731,0.003987494856119156,0.0036499537527561188,0.003251701593399048,0.0030159801244735718,0.002657473087310791,0.002453424036502838,0.0022787638008594513,0.0020689330995082855,0.0018523037433624268,0.0017813481390476227,0.0017383992671966553,0.0015034042298793793,0.0014702677726745605,0.0012666024267673492,0.0010774508118629456,0.0008999109268188477,0.0007010996341705322,0.00065632164478302,0.0004492439329624176,0.0002519935369491577,0.0,0.0,0.0,0.0,0.0,0.0,0.0,0.0,0.0,0.0,0.0,0.0,0.0,0.0,0.0,0.0,0.0,0.0,0.09631189331412315
33,0.005578216165304184,0.005260389298200607,0.005134515464305878,0.0050019919872283936,0.005099348723888397,0.0050771646201610565,0.004871152341365814,0.004784662276506424,0.0045716650784015656,0.004263602197170258,0.004279810935258865,0.004006724804639816,0.0038481727242469788,0.0033705420792102814,0.0031289905309677124,0.0029212869703769684,0.002884484827518463,0.002819456160068512,0.0026024095714092255,0.0025291219353675842,0.0022317953407764435,0.0019372552633285522,0.0018896721303462982,0.0015943385660648346,0.001327425241470337,0.0010783560574054718,0.0009077079594135284,0.0007142238318920135,0.0004910454154014587,0.0002559944987297058,0.0,0.0,0.0,0.0,0.0,0.0,0.0,0.0,0.0,0.0,0.0,0.0,0.0,0.0,0.0,0.0,0.0,0.0,0.0,0.0,0.09446152299642563
34,0.005540952086448669,0.005294423550367355,0.005703087896108627,0.005244765430688858,0.005180686712265015,0.005006317049264908,0.004956521093845367,0.004760455340147018,0.004419010132551193,0.0045678988099098206,0.004471782594919205,0.004291415214538574,0.004136785864830017,0.0037277303636074066,0.0035088956356048584,0.0034205615520477295,0.002991747111082077,0.0029072798788547516,0.0025701336562633514,0.002477753907442093,0.0021448545157909393,0.001971326768398285,0.001720663160085678,0.0015831813216209412,0.0013255290687084198,0.0011600442230701447,0.0008635297417640686,0.0006412863731384277,0.0004535205662250519,0.00021090731024742126,0.00015467405319213867,0.0,0.0,0.0,0.0,0.0,0.0,0.0,0.0,0.0,0.0,0.0,0.0,0.0,0.0,0.0,0.0,0.0,0.0,0.0,0.09740772098302841
35,0.0055463798344135284,0.005239065736532211,0.005431663244962692,0.005676329135894775,0.0053916312754154205,0.0049938298761844635,0.004872273653745651,0.004567738622426987,0.0042237937450408936,0.004043761640787125,0.003966100513935089,0.003795437514781952,0.0038257353007793427,0.003627300262451172,0.003366369754076004,0.003111165016889572,0.0028646625578403473,0.002667125314474106,0.0023543722927570343,0.0022203288972377777,0.0020584911108016968,0.0017453879117965698,0.0015708021819591522,0.0013529397547245026,0.0012044459581375122,0.0010244399309158325,0.0008524246513843536,0.0006221979856491089,0.00044358521699905396,0.00022071972489356995,0.00015017017722129822,0.0,0.0,0.0,0.0,0.0,0.0,0.0,0.0,0.0,0.0,0.0,0.0,0.0,0.0,0.0,0.0,0.0,0.0,0.0,0.0930306687951088
36,0.005314841866493225,0.005204223096370697,0.005063794553279877,0.005345165729522705,0.005080673843622208,0.004963815212249756,0.0049536339938640594,0.004681061953306198,0.004450492560863495,0.004160944372415543,0.003992535173892975,0.0037990882992744446,0.003524612635374069,0.0034345947206020355,0.0031516924500465393,0.0029985755681991577,0.0027448423206806183,0.002543210983276367,0.0024790093302726746,0.0021057575941085815,0.0019970163702964783,0.0016383528709411621,0.0015067867934703827,0.0013592131435871124,0.001352895051240921,0.0010376833379268646,0.0009056776762008667,0.0006874874234199524,0.0004781894385814667,0.00026538223028182983,0.0,0.0,0.0,0.0,0.0,0.0,0.0,0.0,0.0,0.0,0.0,0.0,0.0,0.0,0.0,0.0,0.0,0.0,0.0,0.0,0.09122125059366226
37,0.005782753229141235,0.005235183984041214,0.005465168505907059,0.00492483377456665,0.005277089774608612,0.005333710461854935,0.0048883408308029175,0.004658311605453491,0.004405956715345383,0.004044424742460251,0.004004601389169693,0.0038352832198143005,0.0035729259252548218,0.0034380853176116943,0.0033057034015655518,0.0030701644718647003,0.0028253942728042603,0.002675142139196396,0.002452488988637924,0.00241248682141304,0.0020804107189178467,0.0018201172351837158,0.001573454588651657,0.001416325569152832,0.0012561343610286713,0.0010411515831947327,0.0008371025323867798,0.0006308741867542267,0.00036579743027687073,0.0001261010766029358,0.0,0.0,0.0,0.0,0.0,0.0,0.0,0.0,0.0,0.0,0.0,0.0,0.0,0.0,0.0,0.0,0.0,0.0,0.0,0.0,0.0927555188536644
38,0.0053231194615364075,0.0051994286477565765,0.005137640982866287,0.005205851048231125,0.005223184823989868,0.004839323461055756,0.004734952002763748,0.0045733265578746796,0.004566647112369537,0.004047568887472153,0.003709457814693451,0.0038660839200019836,0.0034375451505184174,0.0031354576349258423,0.0029437243938446045,0.002771317958831787,0.0026792921125888824,0.002345692366361618,0.0021117962896823883,0.002076011151075363,0.0020140111446380615,0.0020674392580986023,0.001656465232372284,0.001450657844543457,0.0012119747698307037,0.0011277012526988983,0.001164119690656662,0.0009576939046382904,0.0007175542414188385,0.0006437785923480988,0.0005462802946567535,0.00046084821224212646,0.0,0.0,0.0,0.0,0.0,0.0,0.0,0.0,0.0,0.0,0.0,0.0,0.0,0.0,0.0,0.0,0.0,0.0,0.09194594621658325
39,0.005335107445716858,0.0052323900163173676,0.005126163363456726,0.005004964768886566,0.005050156265497208,0.004951078444719315,0.0049319788813591,0.004765667021274567,0.004786830395460129,0.004421301186084747,0.004336189478635788,0.003845803439617157,0.0036399774253368378,0.003436639904975891,0.0031626634299755096,0.0029010772705078125,0.002851288765668869,0.0026729553937911987,0.002450026571750641,0.0022913701832294464,0.0021676085889339447,0.0019381307065486908,0.0016321539878845215,0.0013808086514472961,0.0011246688663959503,0.0009649172425270081,0.0008498392999172211,0.0006553642451763153,0.00047679245471954346,0.00024976953864097595,0.0,0.0,0.0,0.0,0.0,0.0,0.0,0.0,0.0,0.0,0.0,0.0,0.0,0.0,0.0,0.0,0.0,0.0,0.0,0.0,0.0926336832344532
40,0.0055557116866111755,0.0054356977343559265,0.005338098853826523,0.00521126389503479,0.005077823996543884,0.004903800785541534,0.004662849009037018,0.004573926329612732,0.00435589998960495,0.004546787589788437,0.00387447327375412,0.003764912486076355,0.0039467476308345795,0.0034722834825515747,0.003393523395061493,0.003306921571493149,0.0029939934611320496,0.0026733465492725372,0.002570178359746933,0.0022311992943286896,0.002023562788963318,0.001950923353433609,0.0017519034445285797,0.0014925859868526459,0.0012777261435985565,0.001028742641210556,0.0008682496845722198,0.0006344802677631378,0.00037723034620285034,0.0001539662480354309,0.0,0.0,0.0,0.0,0.0,0.0,0.0,0.0,0.0,0.0,0.0,0.0,0.0,0.0,0.0,0.0,0.0,0.0,0.0,0.0,0.09344881027936935
41,0.00555868074297905,0.005330752581357956,0.005189131945371628,0.0051577128469944,0.00520547479391098,0.004937320947647095,0.004767656326293945,0.004417087882757187,0.004696346819400787,0.0041869282722473145,0.004290182143449783,0.003946460783481598,0.0036367475986480713,0.0034011267125606537,0.0035445280373096466,0.00308411568403244,0.00295855849981308,0.002723459154367447,0.0025436319410800934,0.0022975020110607147,0.0019928961992263794,0.0018444843590259552,0.0015817433595657349,0.0013401024043560028,0.0011144690215587616,0.0010923594236373901,0.0009476132690906525,0.000740639865398407,0.0006134361028671265,0.0003646835684776306,0.0001225881278514862,0.0,0.0,0.0,0.0,0.0,0.0,0.0,0.0,0.0,0.0,0.0,0.0,0.0,0.0,0.0,0.0,0.0,0.0,0.0,0.0936284214258194
42,0.005559857934713364,0.005342401564121246,0.005103711038827896,0.004982393234968185,0.005074754357337952,0.0051897987723350525,0.0048258937895298,0.00465436652302742,0.004659578204154968,0.004201836884021759,0.0041207559406757355,0.0041790492832660675,0.0037818364799022675,0.0036137066781520844,0.0034685060381889343,0.003323722630739212,0.0032401978969573975,0.003001231700181961,0.002862643450498581,0.002452455461025238,0.002017635852098465,0.0018307752907276154,0.0016892589628696442,0.00144248828291893,0.001240406185388565,0.0010659582912921906,0.000818297266960144,0.0006790384650230408,0.0004461519420146942,0.00023753196001052856,0.00012763217091560364,0.0,0.0,0.0,0.0,0.0,0.0,0.0,0.0,0.0,0.0,0.0,0.0,0.0,0.0,0.0,0.0,0.0,0.0,0.0,0.09523387253284454
43,0.005514577031135559,0.005699444562196732,0.005197055637836456,0.005701687186956406,0.005112934857606888,0.0051622092723846436,0.004895668476819992,0.004528012126684189,0.0043960921466350555,0.004265278577804565,0.003948293626308441,0.00385352224111557,0.003570087254047394,0.00337035208940506,0.003270912915468216,0.003024272620677948,0.002786625176668167,0.002688813954591751,0.002422008663415909,0.0023226886987686157,0.002109367400407791,0.001824740320444107,0.001623537391424179,0.0014383047819137573,0.001206807792186737,0.0009676478803157806,0.0009180270135402679,0.000723525881767273,0.0006780698895454407,0.0004207789897918701,0.0003647319972515106,0.00013475865125656128,0.0,0.0,0.0,0.0,0.0,0.0,0.0,0.0,0.0,0.0,0.0,0.0,0.0,0.0,0.0,0.0,0.0,0.0,0.09414083510637283
44,0.005491666495800018,0.0053183697164058685,0.005143169313669205,0.00502072274684906,0.0050707049667835236,0.005117278546094894,0.00501859188079834,0.004732728004455566,0.004506934434175491,0.004190504550933838,0.004073411226272583,0.00411422923207283,0.003585539758205414,0.003292880952358246,0.0031093060970306396,0.0029815323650836945,0.002721305936574936,0.002552412450313568,0.002255357801914215,0.002136602997779846,0.0018165558576583862,0.001619931310415268,0.0015271566808223724,0.0013402700424194336,0.0011920593678951263,0.0009650439023971558,0.0009013526141643524,0.0009080804884433746,0.0006760470569133759,0.000464659184217453,0.00024481862783432007,0.0,0.0,0.0,0.0,0.0,0.0,0.0,0.0,0.0,0.0,0.0,0.0,0.0,0.0,0.0,0.0,0.0,0.0,0.0,0.0920892246067524
45,0.005498919636011124,0.004942797124385834,0.004808396100997925,0.00466301292181015,0.004710990935564041,0.004968974739313126,0.004585325717926025,0.004720412194728851,0.004200223833322525,0.004155449569225311,0.004010260105133057,0.0037273652851581573,0.0035366415977478027,0.003336474299430847,0.0031013227999210358,0.0028223805129528046,0.0026434622704982758,0.0024860911071300507,0.002367701381444931,0.0020679570734500885,0.0019260235130786896,0.0018000528216362,0.0015463829040527344,0.0012712068855762482,0.0011207647621631622,0.0009670406579971313,0.0009306222200393677,0.0007599219679832458,0.0005586817860603333,0.0004990957677364349,0.0003275536000728607,0.00014233961701393127,0.0,0.0,0.0,0.0,0.0,0.0,0.0,0.0,0.0,0.0,0.0,0.0,0.0,0.0,0.0,0.0,0.0,0.0,0.0892038457095623
46,0.004943385720252991,0.004869580268859863,0.004749778658151627,0.004822716116905212,0.0046806856989860535,0.0047136880457401276,0.0044853053987026215,0.004439402371644974,0.00413314625620842,0.004198651760816574,0.004154782742261887,0.003755781799554825,0.003607608377933502,0.0034727975726127625,0.0032561570405960083,0.0030034519731998444,0.0030764415860176086,0.0024517998099327087,0.0022941194474697113,0.0021316520869731903,0.0019225329160690308,0.0017579123377799988,0.001504506915807724,0.0013448931276798248,0.0011932626366615295,0.0009366609156131744,0.0007334239780902863,0.0005159005522727966,0.00031925737857818604,0.00011806562542915344,0.0,0.0,0.0,0.0,0.0,0.0,0.0,0.0,0.0,0.0,0.0,0.0,0.0,0.0,0.0,0.0,0.0,0.0,0.0,0.0,0.08758734911680222
47,0.00496305525302887,0.004890073090791702,0.0047485195100307465,0.004758402705192566,0.004883039742708206,0.004513461142778397,0.004322279244661331,0.0044535622000694275,0.004196677356958389,0.004181269556283951,0.003940906375646591,0.0035283155739307404,0.003389686346054077,0.003190562129020691,0.0029491260647773743,0.0031884536147117615,0.0026122629642486572,0.0024993233382701874,0.002281397581100464,0.0021612271666526794,0.0019039623439311981,0.0016525797545909882,0.001459795981645584,0.0012426301836967468,0.001026444137096405,0.0008040256798267365,0.0007577799260616302,0.0005919821560382843,0.0003672577440738678,0.0003191046416759491,0.00014440715312957764,0.0,0.0,0.0,0.0,0.0,0.0,0.0,0.0,0.0,0.0,0.0,0.0,0.0,0.0,0.0,0.0,0.0,0.0,0.0,0.08592157065868378
48,0.005033060908317566,0.004854094237089157,0.004747845232486725,0.004678238183259964,0.004686053842306137,0.00458114966750145,0.004523318260908127,0.004300620406866074,0.004227515310049057,0.00443369522690773,0.003821440041065216,0.0038226209580898285,0.003365401178598404,0.0032191984355449677,0.003159027546644211,0.0030041001737117767,0.0028045959770679474,0.0028656721115112305,0.0023650601506233215,0.002230580896139145,0.002011246979236603,0.001766052097082138,0.0016823448240756989,0.0014459453523159027,0.0011131837964057922,0.0009123831987380981,0.0006797127425670624,0.0004979223012924194,0.00032126903533935547,0.00014445185661315918,0.0,0.0,0.0,0.0,0.0,0.0,0.0,0.0,0.0,0.0,0.0,0.0,0.0,0.0,0.0,0.0,0.0,0.0,0.0,0.0,0.08729780092835426
49,0.004975795745849609,0.004861027002334595,0.004783220589160919,0.004816234111785889,0.004836771637201309,0.004769176244735718,0.0045077987015247345,0.004338439553976059,0.004150815308094025,0.0038336627185344696,0.003620445728302002,0.003863595426082611,0.003687828779220581,0.0031296350061893463,0.003050081431865692,0.002771195024251938,0.0029223524034023285,0.002626970410346985,0.002338666468858719,0.0020840317010879517,0.0018617808818817139,0.0016762502491474152,0.0014631450176239014,0.001230001449584961,0.0010346435010433197,0.0008205287158489227,0.0007810406386852264,0.000578753650188446,0.0005059018731117249,0.0002961456775665283,0.0002444833517074585,0.0,0.0,0.0,0.0,0.0,0.0,0.0,0.0,0.0,0.0,0.0,0.0,0.0,0.0,0.0,0.0,0.0,0.0,0.0,0.0864604189991951
50,0.004997614771127701,0.004899296909570694,0.004845831543207169,0.005278203636407852,0.004775814712047577,0.00463513657450676,0.004443258047103882,0.004771482199430466,0.00414874404668808,0.00411011278629303,0.004009872674942017,0.0037138424813747406,0.0037781596183776855,0.00340091809630394,0.0030716732144355774,0.0028865039348602295,0.0026585645973682404,0.0025407597422599792,0.002325262874364853,0.0020923055708408356,0.002012498676776886,0.0017475597560405731,0.00166403129696846,0.001405227929353714,0.0012391656637191772,0.0010020211338996887,0.0008114054799079895,0.0005601458251476288,0.00034635886549949646,0.00014154240489006042,0.0,0.0,0.0,0.0,0.0,0.0,0.0,0.0,0.0,0.0,0.0,0.0,0.0,0.0,0.0,0.0,0.0,0.0,0.0,0.0,0.08831331506371498

total time per move x,0.28149227052927017,0.2723328769207001,0.26828137412667274,0.2659219913184643,0.2637918069958687,0.2609408609569073,0.25105544179677963,0.24401506409049034,0.23351331427693367,0.224322147667408,0.21408704668283463,0.2041192650794983,0.19324670732021332,0.18087703734636307,0.16865500062704086,0.15779627859592438,0.14723698794841766,0.1365809179842472,0.12551185861229897,0.1152312308549881,0.10501036047935486,0.09419683367013931,0.08391794562339783,0.07366718351840973,0.06359688937664032,0.05309877172112465,0.04348423704504967,0.03383828327059746,0.02484692633152008,0.014897909015417099,0.006185371428728104,0.0013587512075901031,0.00013899430632591248,0,0,0,0,0,0,0,0,0,0,0,0,0,0,0,0,0,4.8072479367256165
average time per move x,0.005629845410585404,0.0054466575384140015,0.005365627482533455,0.005318439826369286,0.005275836139917374,0.005218817219138146,0.005021108835935592,0.0048803012818098065,0.004670266285538674,0.00448644295334816,0.004281740933656693,0.004082385301589966,0.0038649341464042663,0.003617540746927261,0.0033731000125408173,0.0031559255719184874,0.0029447397589683535,0.002731618359684944,0.0025102371722459794,0.002304624617099762,0.002100207209587097,0.0018839366734027863,0.0016783589124679565,0.0014733436703681946,0.0012719377875328064,0.001061975434422493,0.0008874334090826463,0.0006905772096040297,0.0005070801292146955,0.00030403895949830814,0.00024741485714912414,0.00022645853459835052,0.00013899430632591248,nan,nan,nan,nan,nan,nan,nan,nan,nan,nan,nan,nan,nan,nan,nan,nan,nan,0.09614495873451233
std of time per move x,0.0003491015985801044,0.0002927179721423737,0.00032392128244455555,0.0003015094682860704,0.00029533059460885733,0.00031923539178732677,0.0003014674042848646,0.00030072477768913866,0.0002945480329169717,0.000284082283064663,0.00026642810907891065,0.0002575382818231228,0.00025894979714002485,0.0002767813086386062,0.0002176688420679502,0.00021367563921141002,0.00017690865293562788,0.00016515157234569085,0.00017016560057849143,0.00015415072063521627,0.0001718464888285746,0.00014606827771963858,0.00013204675922424557,0.0001284242111333895,0.0001309383265414622,0.00012044666692844241,0.00012134460805899066,0.00011390090666417996,0.00012962136968957736,0.00015256880909773592,0.00012587826205240577,0.00012441783519451897,nan,nan,nan,nan,nan,nan,nan,nan,nan,nan,nan,nan,nan,nan,nan,nan,nan,nan,0.004760059416402245
err of average time,4.937042153581118e-05,4.139657261540947e-05,4.5809387077437636e-05,4.263987792340613e-05,4.1766053227955646e-05,4.514670206551261e-05,4.263392917530684e-05,4.2528905914961384e-05,4.165538229214982e-05,4.01753017539959e-05,3.7678624525681374e-05,3.642141309845246e-05,3.662103150891848e-05,3.9142788048809035e-05,3.0783022855854247e-05,3.0218298692151634e-05,2.501866162827198e-05,2.3355959345851737e-05,2.4065050018746558e-05,2.1800203977190896e-05,2.4302763514756673e-05,2.0657173938359266e-05,1.8674231776234267e-05,1.8161926112190524e-05,1.851747572293728e-05,1.7033730991283818e-05,1.733494400842724e-05,1.6271558094882852e-05,1.851733852708248e-05,2.1795544156819418e-05,2.5175652410481154e-05,5.079336852137702e-05,nan,nan,nan,nan,nan,nan,nan,nan,nan,nan,nan,nan,nan,nan,nan,nan,nan,nan,0.0006731740584377814
