Contains move time for player DynamicRoxanne; opponent is StaticBoard27
Colums refer to move number, rows to game number
game,1,2,3,4,5,6,7,8,9,10,11,12,13,14,15,16,17,18,19,20,21,22,23,24,25,26,27,28,29,30,31,32,33,34,35,36,37,38,39,40,41,42,43,44,45,46,47,48,49,50,total
1,0.005857277661561966,0.005679301917552948,0.005504045635461807,0.005511432886123657,0.005330082029104233,0.005095761269330978,0.004959236830472946,0.004755627363920212,0.004612866789102554,0.004327930510044098,0.004184149205684662,0.0040169768035411835,0.00378219410777092,0.003585323691368103,0.0034831203520298004,0.003346674144268036,0.003186386078596115,0.0028028078377246857,0.0026144906878471375,0.002330109477043152,0.002130746841430664,0.0019585639238357544,0.001721799373626709,0.0015415027737617493,0.0012961998581886292,0.0010655224323272705,0.0008841864764690399,0.0006570406258106232,0.00040076300501823425,0.0001279786229133606,0.0,0.0,0.0,0.0,0.0,0.0,0.0,0.0,0.0,0.0,0.0,0.0,0.0,0.0,0.0,0.0,0.0,0.0,0.0,0.0,0.09675009921193123
2,0.005771800875663757,0.005618713796138763,0.005566705018281937,0.005435612052679062,0.0052469708025455475,0.005090288817882538,0.004982762038707733,0.004703983664512634,0.00459766760468483,0.004493050277233124,0.0043061524629592896,0.004095844924449921,0.0038795731961727142,0.0036236830055713654,0.0032526515424251556,0.0031384751200675964,0.002877321094274521,0.0026349276304244995,0.0023795217275619507,0.002157077193260193,0.001978866755962372,0.0017843656241893768,0.001646481454372406,0.0013802386820316315,0.0012281537055969238,0.0011200346052646637,0.0008099675178527832,0.0005830526351928711,0.0004200972616672516,0.00016792863607406616,0.0,0.0,0.0,0.0,0.0,0.0,0.0,0.0,0.0,0.0,0.0,0.0,0.0,0.0,0.0,0.0,0.0,0.0,0.0,0.0,0.09497196972370148
3,0.005842622369527817,0.005756806582212448,0.005457472056150436,0.005467791110277176,0.0052288733422756195,0.005071535706520081,0.0049326978623867035,0.004811454564332962,0.004717152565717697,0.00449356809258461,0.004312653094530106,0.004060462117195129,0.0039008334279060364,0.0036773979663848877,0.00418848916888237,0.0032215453684329987,0.0029501765966415405,0.002621568739414215,0.002547603100538254,0.0023315660655498505,0.0021080821752548218,0.0019205845892429352,0.0017237067222595215,0.0014551915228366852,0.001232679933309555,0.0010366514325141907,0.0007985420525074005,0.0005851686000823975,0.0004154704511165619,0.0001735873520374298,0.0,0.0,0.0,0.0,0.0,0.0,0.0,0.0,0.0,0.0,0.0,0.0,0.0,0.0,0.0,0.0,0.0,0.0,0.0,0.0,0.09704193472862244
4,0.005809284746646881,0.0057860687375068665,0.005545314401388168,0.00548466295003891,0.00531623512506485,0.005202796310186386,0.0049632154405117035,0.004677560180425644,0.0044710151851177216,0.004449669271707535,0.004427872598171234,0.004105012863874435,0.0037825405597686768,0.0035342462360858917,0.003478802740573883,0.0033762380480766296,0.0031403452157974243,0.0028883516788482666,0.002702191472053528,0.0024150311946868896,0.0022248588502407074,0.0019824206829071045,0.0017791427671909332,0.0015467777848243713,0.0013658739626407623,0.001138530671596527,0.0008909329771995544,0.0006244219839572906,0.00039013102650642395,0.00016712769865989685,0.0,0.0,0.0,0.0,0.0,0.0,0.0,0.0,0.0,0.0,0.0,0.0,0.0,0.0,0.0,0.0,0.0,0.0,0.0,0.0,0.0976666733622551
5,0.0058644674718379974,0.005622725933790207,0.005479298532009125,0.0054387860000133514,0.0053207725286483765,0.005294241011142731,0.004938878118991852,0.004657696932554245,0.004512455314397812,0.004289716482162476,0.004183314740657806,0.0037971287965774536,0.003629077225923538,0.0035030171275138855,0.003211621195077896,0.003055635839700699,0.0028602592647075653,0.00265444815158844,0.0025090910494327545,0.0022095926105976105,0.0020478181540966034,0.0018062815070152283,0.0016723982989788055,0.001424010843038559,0.0012441202998161316,0.0010098852217197418,0.0009615197777748108,0.0005726926028728485,0.00034141167998313904,0.0002723522484302521,0.0,0.0,0.0,0.0,0.0,0.0,0.0,0.0,0.0,0.0,0.0,0.0,0.0,0.0,0.0,0.0,0.0,0.0,0.0,0.0,0.09438471496105194
6,0.006120074540376663,0.005810108035802841,0.005594644695520401,0.0054560452699661255,0.00551755353808403,0.005180280655622482,0.005081251263618469,0.0048469193279743195,0.004682786762714386,0.004495400935411453,0.004217885434627533,0.004001490771770477,0.003664132207632065,0.0035602375864982605,0.0032364651560783386,0.002953954041004181,0.0028555653989315033,0.0027615688741207123,0.0025414377450942993,0.0022621378302574158,0.0022140033543109894,0.01590493693947792,0.0019305311143398285,0.0017302818596363068,0.0015018768608570099,0.0012639276683330536,0.0010497532784938812,0.0009214170277118683,0.0006981045007705688,0.0004923492670059204,0.000286199152469635,0.0,0.0,0.0,0.0,0.0,0.0,0.0,0.0,0.0,0.0,0.0,0.0,0.0,0.0,0.0,0.0,0.0,0.0,0.0,0.11283332109451294
7,0.005933754146099091,0.005736298859119415,0.005726028233766556,0.0055398717522621155,0.005321480333805084,0.005209878087043762,0.005006831139326096,0.004996433854103088,0.004837512969970703,0.004539430141448975,0.004440043121576309,0.004212621599435806,0.004000701010227203,0.0038737021386623383,0.00368354469537735,0.003424115478992462,0.0031643323600292206,0.0029336661100387573,0.0027477890253067017,0.00263175368309021,0.002309892326593399,0.0021645165979862213,0.0019154585897922516,0.0016202069818973541,0.0013886764645576477,0.0011867918074131012,0.0009781494736671448,0.0008032508194446564,0.0005410686135292053,0.00030374154448509216,0.0,0.0,0.0,0.0,0.0,0.0,0.0,0.0,0.0,0.0,0.0,0.0,0.0,0.0,0.0,0.0,0.0,0.0,0.0,0.0,0.10117154195904732
8,0.006121154874563217,0.005736716091632843,0.005673304200172424,0.005434852093458176,0.005420166999101639,0.005167938768863678,0.005045264959335327,0.004631161689758301,0.004570726305246353,0.004377346485853195,0.004193350672721863,0.003955360502004623,0.0037833265960216522,0.0035281404852867126,0.0032544396817684174,0.003071878105401993,0.0028851330280303955,0.002688586711883545,0.0025871731340885162,0.0024408698081970215,0.0022756941616535187,0.0020638033747673035,0.0018311776220798492,0.0015968717634677887,0.001425381749868393,0.0012018196284770966,0.0009809993207454681,0.0007676370441913605,0.0005765371024608612,0.0002976655960083008,0.0,0.0,0.0,0.0,0.0,0.0,0.0,0.0,0.0,0.0,0.0,0.0,0.0,0.0,0.0,0.0,0.0,0.0,0.0,0.0,0.09758447855710983
9,0.005882542580366135,0.005763009190559387,0.005682952702045441,0.005465291440486908,0.005458034574985504,0.005183432251214981,0.004963494837284088,0.004804041236639023,0.00471830740571022,0.0046186186373233795,0.0042687393724918365,0.004153665155172348,0.003934744745492935,0.00376804918050766,0.0035877078771591187,0.003318134695291519,0.0031453222036361694,0.0029674656689167023,0.0027513615787029266,0.0024451017379760742,0.0022878870368003845,0.002114027738571167,0.001858055591583252,0.001615181565284729,0.0014297179877758026,0.0012180805206298828,0.000997256487607956,0.0007614307105541229,0.0005204901099205017,0.0002679750323295593,0.0,0.0,0.0,0.0,0.0,0.0,0.0,0.0,0.0,0.0,0.0,0.0,0.0,0.0,0.0,0.0,0.0,0.0,0.0,0.0,0.09995011985301971
10,0.005959521979093552,0.00589347630739212,0.005591250956058502,0.005446229130029678,0.005243390798568726,0.005148857831954956,0.005035746842622757,0.004832431674003601,0.004662416875362396,0.004581339657306671,0.004327781498432159,0.004185300320386887,0.0038239173591136932,0.0037391819059848785,0.0034760460257530212,0.003304149955511093,0.0030931755900382996,0.0028845034539699554,0.0027376189827919006,0.002523750066757202,0.0022807158529758453,0.00208074226975441,0.0018886253237724304,0.001658797264099121,0.0014167912304401398,0.001190919429063797,0.0009558945894241333,0.0007012076675891876,0.0005319491028785706,0.0002687200903892517,0.0,0.0,0.0,0.0,0.0,0.0,0.0,0.0,0.0,0.0,0.0,0.0,0.0,0.0,0.0,0.0,0.0,0.0,0.0,0.0,0.09946445003151894
11,0.005789358168840408,0.0056316182017326355,0.005537249147891998,0.005423475056886673,0.005286518484354019,0.005082603543996811,0.004977080971002579,0.0047737956047058105,0.004539646208286285,0.004356876015663147,0.00407959520816803,0.0037789493799209595,0.003638092428445816,0.003403428941965103,0.003189835697412491,0.003041200339794159,0.0029788874089717865,0.0025788210332393646,0.0022766627371311188,0.002242043614387512,0.0020497068762779236,0.0018664747476577759,0.0017394497990608215,0.001458931714296341,0.0013013556599617004,0.0010480768978595734,0.0008783489465713501,0.0006603077054023743,0.00047040730714797974,0.00030290335416793823,0.0,0.0,0.0,0.0,0.0,0.0,0.0,0.0,0.0,0.0,0.0,0.0,0.0,0.0,0.0,0.0,0.0,0.0,0.0,0.0,0.09438170120120049
12,0.005791354924440384,0.005674593150615692,0.005443289875984192,0.005309510976076126,0.005163315683603287,0.005049999803304672,0.004874490201473236,0.004676084965467453,0.004528481513261795,0.004351723939180374,0.0041670724749565125,0.003903791308403015,0.0036306865513324738,0.0034327395260334015,0.003252018243074417,0.003047313541173935,0.0028066374361515045,0.002545386552810669,0.0023343525826931,0.002177014946937561,0.0019972026348114014,0.0017557069659233093,0.0015524066984653473,0.0014355331659317017,0.0011713095009326935,0.0009593628346920013,0.0007593594491481781,0.0005633272230625153,0.0003711283206939697,0.00015923753380775452,0.0,0.0,0.0,0.0,0.0,0.0,0.0,0.0,0.0,0.0,0.0,0.0,0.0,0.0,0.0,0.0,0.0,0.0,0.0,0.0,0.09288443252444267
13,0.005764223635196686,0.005709223449230194,0.005568843334913254,0.005310285836458206,0.00518760085105896,0.00511617586016655,0.005044903606176376,0.00484103336930275,0.004361893981695175,0.004531782120466232,0.0043649375438690186,0.004129644483327866,0.003854617476463318,0.003647875040769577,0.0034317411482334137,0.003022603690624237,0.002809584140777588,0.00259467214345932,0.0023745447397232056,0.0021418631076812744,0.001911252737045288,0.0017286278307437897,0.0015305094420909882,0.0012857280671596527,0.0010758601129055023,0.0009233169257640839,0.0007371939718723297,0.000613037496805191,0.0003631189465522766,0.00011542439460754395,0.0,0.0,0.0,0.0,0.0,0.0,0.0,0.0,0.0,0.0,0.0,0.0,0.0,0.0,0.0,0.0,0.0,0.0,0.0,0.0,0.09409211948513985
14,0.005460653454065323,0.005400896072387695,0.004861652851104736,0.005039054900407791,0.005148977041244507,0.00511091947555542,0.004564926028251648,0.004486590623855591,0.004226800054311752,0.0039036795496940613,0.0035294555127620697,0.0032722242176532745,0.003178924322128296,0.003482021391391754,0.002873208373785019,0.0027514323592185974,0.0025475434958934784,0.0024141445755958557,0.0024033263325691223,0.0022789500653743744,0.0019899196922779083,0.0018456391990184784,0.001589115709066391,0.0013338327407836914,0.0011059902608394623,0.0009783878922462463,0.0007058084011077881,0.0005167536437511444,0.0003027021884918213,0.0002471022307872772,0.0,0.0,0.0,0.0,0.0,0.0,0.0,0.0,0.0,0.0,0.0,0.0,0.0,0.0,0.0,0.0,0.0,0.0,0.0,0.0,0.08755063265562057
15,0.005002457648515701,0.004894275218248367,0.00483853742480278,0.004555150866508484,0.004524096846580505,0.00436188280582428,0.004263654351234436,0.004088588058948517,0.004387576133012772,0.0038230866193771362,0.003547821193933487,0.003549739718437195,0.0033159926533699036,0.0032044127583503723,0.0030516386032104492,0.0028388798236846924,0.002726137638092041,0.002557598054409027,0.0024928562343120575,0.002261776477098465,0.0019566230475902557,0.0018407143652439117,0.0015785470604896545,0.001380421221256256,0.0011338964104652405,0.0009709857404232025,0.0007745176553726196,0.0006346851587295532,0.00037434324622154236,0.00013898685574531555,0.0,0.0,0.0,0.0,0.0,0.0,0.0,0.0,0.0,0.0,0.0,0.0,0.0,0.0,0.0,0.0,0.0,0.0,0.0,0.0,0.08506987988948822
16,0.005570083856582642,0.0052964650094509125,0.0051215700805187225,0.004695720970630646,0.004892423748970032,0.00495486706495285,0.004606384783983231,0.004462096840143204,0.004121400415897369,0.004078153520822525,0.003910280764102936,0.003617551177740097,0.0034638866782188416,0.003765236586332321,0.003209982067346573,0.0030949078500270844,0.0028298497200012207,0.0026673413813114166,0.002451930195093155,0.002369135618209839,0.0020723044872283936,0.0019080191850662231,0.001708008348941803,0.0014495663344860077,0.0012798085808753967,0.0011270008981227875,0.000921197235584259,0.0006823129951953888,0.00045258551836013794,0.00022109225392341614,0.00011758878827095032,0.0,0.0,0.0,0.0,0.0,0.0,0.0,0.0,0.0,0.0,0.0,0.0,0.0,0.0,0.0,0.0,0.0,0.0,0.0,0.09111875295639038
17,0.0055909715592861176,0.0053222887217998505,0.0056203678250312805,0.005158647894859314,0.005137588828802109,0.00477595254778862,0.004662357270717621,0.004577796906232834,0.004208698868751526,0.004152365028858185,0.00439206138253212,0.00370604544878006,0.0034425780177116394,0.003571614623069763,0.003353457897901535,0.0030116066336631775,0.002743341028690338,0.0029316172003746033,0.0023669227957725525,0.00224478542804718,0.002010595053434372,0.0018387846648693085,0.0016631782054901123,0.001485772430896759,0.0012837909162044525,0.001082640141248703,0.0008925832808017731,0.0006965808570384979,0.0004882737994194031,0.00025378167629241943,0.0001399405300617218,0.0,0.0,0.0,0.0,0.0,0.0,0.0,0.0,0.0,0.0,0.0,0.0,0.0,0.0,0.0,0.0,0.0,0.0,0.0,0.09280698746442795
18,0.005235012620687485,0.004937421530485153,0.004834532737731934,0.004683066159486771,0.004576347768306732,0.004508759826421738,0.004307679831981659,0.004196763038635254,0.004106245934963226,0.003963042050600052,0.003792606294155121,0.0036330409348011017,0.0034443512558937073,0.00328005850315094,0.0033303722739219666,0.002865459769964218,0.002573736011981964,0.0023920871317386627,0.002205953001976013,0.0020615197718143463,0.0018448978662490845,0.0016681216657161713,0.0014803819358348846,0.001247592270374298,0.0011400654911994934,0.0009512044489383698,0.0007651224732398987,0.0006226971745491028,0.00042863190174102783,0.00024319440126419067,0.0,0.0,0.0,0.0,0.0,0.0,0.0,0.0,0.0,0.0,0.0,0.0,0.0,0.0,0.0,0.0,0.0,0.0,0.0,0.0,0.08531996607780457
19,0.005243208259344101,0.0049394480884075165,0.0048303306102752686,0.004661869257688522,0.0051214732229709625,0.004437830299139023,0.004324115812778473,0.004173979163169861,0.004060432314872742,0.003956489264965057,0.0037613622844219208,0.003678303211927414,0.00349343940615654,0.003111954778432846,0.0029753148555755615,0.0028205737471580505,0.002664271742105484,0.002464011311531067,0.00237332284450531,0.002201315015554428,0.0018610283732414246,0.0016765296459197998,0.0014901608228683472,0.0012645423412322998,0.0010770000517368317,0.0008967593312263489,0.000771593302488327,0.0005843490362167358,0.00047740712761878967,0.0002555958926677704,0.0,0.0,0.0,0.0,0.0,0.0,0.0,0.0,0.0,0.0,0.0,0.0,0.0,0.0,0.0,0.0,0.0,0.0,0.0,0.0,0.08564801141619682
20,0.0050945281982421875,0.004924815148115158,0.004835624247789383,0.0046659596264362335,0.004497021436691284,0.004494171589612961,0.004355184733867645,0.004279330372810364,0.004139110445976257,0.00397505983710289,0.003723304718732834,0.003483109176158905,0.0033460594713687897,0.00327875092625618,0.003091927617788315,0.0030050426721572876,0.002876345068216324,0.0027366094291210175,0.002530839294195175,0.002332821488380432,0.00214390829205513,0.0019651763141155243,0.0017238296568393707,0.0015045590698719025,0.0012708120048046112,0.0011486485600471497,0.0009399913251399994,0.000787932425737381,0.0005896352231502533,0.00045710429549217224,0.00025841593742370605,0.0,0.0,0.0,0.0,0.0,0.0,0.0,0.0,0.0,0.0,0.0,0.0,0.0,0.0,0.0,0.0,0.0,0.0,0.0,0.08845562860369682
21,0.004966225475072861,0.004833701997995377,0.004709791392087936,0.004665642976760864,0.004518069326877594,0.0044654011726379395,0.004139013588428497,0.003931298851966858,0.003898661583662033,0.0036133863031864166,0.00351811945438385,0.003574829548597336,0.0031761005520820618,0.0030249319970607758,0.0028658024966716766,0.002686314284801483,0.0025212541222572327,0.0023531317710876465,0.002196669578552246,0.0020120032131671906,0.0018421374261379242,0.0016401037573814392,0.0014447644352912903,0.0012113936245441437,0.001016087830066681,0.0008095987141132355,0.0007266290485858917,0.0006770342588424683,0.0005114749073982239,0.0003013014793395996,0.0002487599849700928,0.0,0.0,0.0,0.0,0.0,0.0,0.0,0.0,0.0,0.0,0.0,0.0,0.0,0.0,0.0,0.0,0.0,0.0,0.0,0.08209963515400887
22,0.004983711987733841,0.004868321120738983,0.004776138812303543,0.004597887396812439,0.004510942846536636,0.004368484020233154,0.004217367619276047,0.004059348255395889,0.003821384161710739,0.003623712807893753,0.0,0.0,0.0,0.0,0.0,0.0,0.0,0.0,0.0,0.0,0.0,0.0,0.0,0.0,0.0,0.0,0.0,0.0,0.0,0.0,0.0,0.0,0.0,0.0,0.0,0.0,0.0,0.0,0.0,0.0,0.0,0.0,0.0,0.0,0.0,0.0,0.0,0.0,0.0,0.0,0.043827299028635025
23,0.004987884312868118,0.00488140806555748,0.004784628748893738,0.004678972065448761,0.004544712603092194,0.0043534040451049805,0.004170745611190796,0.004092290997505188,0.0038082487881183624,0.003663204610347748,0.003549918532371521,0.003420688211917877,0.0031790025532245636,0.0030229054391384125,0.00282331183552742,0.002635892480611801,0.0025167837738990784,0.0023553967475891113,0.0022049322724342346,0.002036556601524353,0.001861177384853363,0.001665070652961731,0.0014827251434326172,0.0012990497052669525,0.0011792108416557312,0.0009676553308963776,0.0007339641451835632,0.000565309077501297,0.0003706030547618866,0.00014263764023780823,0.0,0.0,0.0,0.0,0.0,0.0,0.0,0.0,0.0,0.0,0.0,0.0,0.0,0.0,0.0,0.0,0.0,0.0,0.0,0.0,0.08197829127311707
24,0.004984822124242783,0.004876047372817993,0.004801854491233826,0.004674945026636124,0.004530247300863266,0.004424300044775009,0.004307106137275696,0.004165530204772949,0.003978826105594635,0.003932613879442215,0.0037108175456523895,0.0035198815166950226,0.0033601410686969757,0.003158368170261383,0.002995092421770096,0.0027705132961273193,0.0026048310101032257,0.0024551227688789368,0.0021925456821918488,0.0020455308258533478,0.001836620271205902,0.0016727633774280548,0.0014540180563926697,0.0013257227838039398,0.001117795705795288,0.0009439811110496521,0.0007481090724468231,0.0005291737616062164,0.0003196820616722107,0.00014830008149147034,0.0,0.0,0.0,0.0,0.0,0.0,0.0,0.0,0.0,0.0,0.0,0.0,0.0,0.0,0.0,0.0,0.0,0.0,0.0,0.0,0.08358530327677727
25,0.004951655864715576,0.004852671176195145,0.004755765199661255,0.004714813083410263,0.00454128161072731,0.004411298781633377,0.004234738647937775,0.004071846604347229,0.0038277171552181244,0.0037330947816371918,0.00356273353099823,0.003478836268186569,0.003305375576019287,0.0031270943582057953,0.0029916763305664062,0.002742588520050049,0.002575412392616272,0.0023677684366703033,0.002158142626285553,0.0019349046051502228,0.0017651468515396118,0.0016199126839637756,0.0014296360313892365,0.0013435110449790955,0.0011424198746681213,0.0009491555392742157,0.0007575415074825287,0.0005857683718204498,0.000378631055355072,0.0002606622874736786,0.0001375637948513031,0.0,0.0,0.0,0.0,0.0,0.0,0.0,0.0,0.0,0.0,0.0,0.0,0.0,0.0,0.0,0.0,0.0,0.0,0.0,0.08270936459302902
26,0.005130991339683533,0.004917025566101074,0.004814360290765762,0.0047306641936302185,0.004582002758979797,0.004461310803890228,0.004329856485128403,0.0041641294956207275,0.0040206871926784515,0.0038537904620170593,0.0036612749099731445,0.003521513193845749,0.0033390186727046967,0.0031451471149921417,0.0029041096568107605,0.002675723284482956,0.0025014057755470276,0.0022961869835853577,0.0021378733217716217,0.0019161254167556763,0.0017442479729652405,0.0015650466084480286,0.0014039091765880585,0.0012579746544361115,0.0010964088141918182,0.0009680129587650299,0.0007718279957771301,0.000604771077632904,0.00039155781269073486,0.0002405792474746704,0.0,0.0,0.0,0.0,0.0,0.0,0.0,0.0,0.0,0.0,0.0,0.0,0.0,0.0,0.0,0.0,0.0,0.0,0.0,0.0,0.08314753323793411
27,0.005224928259849548,0.004929184913635254,0.004787541925907135,0.004765298217535019,0.00463484600186348,0.004491765052080154,0.004368714988231659,0.004204936325550079,0.004015717655420303,0.00383034348487854,0.0037986449897289276,0.0035436414182186127,0.0033690035343170166,0.0032382942736148834,0.003032602369785309,0.0027959197759628296,0.0026590749621391296,0.0025386475026607513,0.0023955851793289185,0.002144351601600647,0.001953955739736557,0.0018428638577461243,0.0016356036067008972,0.0014380663633346558,0.0012947246432304382,0.0010723359882831573,0.0008892528712749481,0.0006656534969806671,0.00045613572001457214,0.0002256929874420166,0.0,0.0,0.0,0.0,0.0,0.0,0.0,0.0,0.0,0.0,0.0,0.0,0.0,0.0,0.0,0.0,0.0,0.0,0.0,0.0,0.08624332770705223
28,0.005191083997488022,0.004959281533956528,0.004833158105611801,0.00465049222111702,0.004498310387134552,0.00432036817073822,0.004217676818370819,0.003990743309259415,0.0038950592279434204,0.0037297867238521576,0.003523658961057663,0.0032742097973823547,0.0031965970993041992,0.002985559403896332,0.0028277263045310974,0.002673529088497162,0.0024367570877075195,0.002340175211429596,0.002165473997592926,0.00194573774933815,0.0017843842506408691,0.001654554158449173,0.0015349797904491425,0.0013533160090446472,0.0011581405997276306,0.0010685361921787262,0.0008379966020584106,0.0006359517574310303,0.0004527084529399872,0.00024991855025291443,0.0,0.0,0.0,0.0,0.0,0.0,0.0,0.0,0.0,0.0,0.0,0.0,0.0,0.0,0.0,0.0,0.0,0.0,0.0,0.0,0.08238587155938148
29,0.005115624517202377,0.00496269017457962,0.004764694720506668,0.0046702176332473755,0.004482988268136978,0.004538264125585556,0.004368841648101807,0.00428902730345726,0.004131242632865906,0.003991436213254929,0.003811422735452652,0.0035909824073314667,0.003392960876226425,0.0032453052699565887,0.0030784979462623596,0.0029283352196216583,0.002713579684495926,0.0025464706122875214,0.002420291304588318,0.0022540949285030365,0.0019369609653949738,0.0017563924193382263,0.0015725009143352509,0.0013689063489437103,0.0011542588472366333,0.0009790360927581787,0.0007780939340591431,0.0006389692425727844,0.00042479485273361206,0.00022399798035621643,0.0,0.0,0.0,0.0,0.0,0.0,0.0,0.0,0.0,0.0,0.0,0.0,0.0,0.0,0.0,0.0,0.0,0.0,0.0,0.0,0.08613087981939316
30,0.005085323005914688,0.004883896559476852,0.004784394055604935,0.004680711776018143,0.0054155923426151276,0.005396407097578049,0.004541967064142227,0.0040672942996025085,0.004161231219768524,0.003847092390060425,0.003750614821910858,0.0036300383508205414,0.0034104175865650177,0.003260962665081024,0.003147706389427185,0.0028655827045440674,0.0027610473334789276,0.002523411065340042,0.00235540047287941,0.0021740682423114777,0.001958400011062622,0.0017715543508529663,0.0015296228229999542,0.001311231404542923,0.001131054013967514,0.000958811491727829,0.0007533282041549683,0.0006310343742370605,0.0004048347473144531,0.0002407468855381012,0.0,0.0,0.0,0.0,0.0,0.0,0.0,0.0,0.0,0.0,0.0,0.0,0.0,0.0,0.0,0.0,0.0,0.0,0.0,0.0,0.08743377774953842
31,0.004965808242559433,0.0048363059759140015,0.004801511764526367,0.004591807723045349,0.0045403651893138885,0.004373650997877121,0.004907295107841492,0.0047505758702754974,0.004451218992471695,0.004368375986814499,0.004182394593954086,0.004063241183757782,0.0038405433297157288,0.0035879723727703094,0.0034193582832813263,0.003143005073070526,0.0026696287095546722,0.0027094148099422455,0.0024856366217136383,0.0023292861878871918,0.0021269693970680237,0.0018712058663368225,0.0017060302197933197,0.001450173556804657,0.001301988959312439,0.0010272450745105743,0.0008893199265003204,0.0006050914525985718,0.00033256784081459045,0.00023999065160751343,0.0001242123544216156,0.0,0.0,0.0,0.0,0.0,0.0,0.0,0.0,0.0,0.0,0.0,0.0,0.0,0.0,0.0,0.0,0.0,0.0,0.0,0.0906921923160553
32,0.005837742239236832,0.005989842116832733,0.0056795403361320496,0.005649324506521225,0.005150552839040756,0.0,0.0,0.0,0.0,0.0,0.0,0.0,0.0,0.0,0.0,0.0,0.0,0.0,0.0,0.0,0.0,0.0,0.0,0.0,0.0,0.0,0.0,0.0,0.0,0.0,0.0,0.0,0.0,0.0,0.0,0.0,0.0,0.0,0.0,0.0,0.0,0.0,0.0,0.0,0.0,0.0,0.0,0.0,0.0,0.0,0.028307002037763596
33,0.006040595471858978,0.005893278867006302,0.005069263279438019,0.005551628768444061,0.005422487854957581,0.005285773426294327,0.005050275474786758,0.004737023264169693,0.004776261746883392,0.0045195072889328,0.004224400967359543,0.004032988101243973,0.003808543086051941,0.003566138446331024,0.003439534455537796,0.0030999332666397095,0.003047410398721695,0.002822551876306534,0.002520311623811722,0.0022620931267738342,0.0021405406296253204,0.0019533969461917877,0.0016947798430919647,0.0014788173139095306,0.0012348182499408722,0.0010669305920600891,0.0008916258811950684,0.0006425343453884125,0.00037923455238342285,0.0001270771026611328,0.0,0.0,0.0,0.0,0.0,0.0,0.0,0.0,0.0,0.0,0.0,0.0,0.0,0.0,0.0,0.0,0.0,0.0,0.0,0.0,0.09677975624799728
34,0.005771856755018234,0.005591649562120438,0.005484424531459808,0.005380827933549881,0.005237754434347153,0.004928216338157654,0.004902508109807968,0.004635460674762726,0.004479847848415375,0.004198912531137466,0.00418752059340477,0.003933597356081009,0.0038792192935943604,0.0036895163357257843,0.003482520580291748,0.00328918918967247,0.0030586831271648407,0.002899646759033203,0.002617485821247101,0.0024091191589832306,0.002243209630250931,0.0019799023866653442,0.0017684735357761383,0.0015895366668701172,0.0013866350054740906,0.0011615753173828125,0.0009068399667739868,0.0006707273423671722,0.00040736421942710876,0.0001616738736629486,0.0,0.0,0.0,0.0,0.0,0.0,0.0,0.0,0.0,0.0,0.0,0.0,0.0,0.0,0.0,0.0,0.0,0.0,0.0,0.0,0.09633389487862587
35,0.005775760859251022,0.005586579442024231,0.005462251603603363,0.005444943904876709,0.005326550453901291,0.005118761211633682,0.004853639751672745,0.004635710269212723,0.004471004009246826,0.004198115319013596,0.004016906023025513,0.00392146036028862,0.0036503374576568604,0.0033991336822509766,0.0033297985792160034,0.0030411556363105774,0.0029278919100761414,0.002695925533771515,0.002501297742128372,0.0023030824959278107,0.0020976997911930084,0.0020127072930336,0.0017141960561275482,0.0015478432178497314,0.0013197623193264008,0.0011425651609897614,0.0009230226278305054,0.0006077885627746582,0.0004738159477710724,0.00014993920922279358,0.0,0.0,0.0,0.0,0.0,0.0,0.0,0.0,0.0,0.0,0.0,0.0,0.0,0.0,0.0,0.0,0.0,0.0,0.0,0.0,0.09464964643120766
36,0.0061479732394218445,0.005776949226856232,0.005765270441770554,0.00539012998342514,0.005302798002958298,0.005275417119264603,0.005029551684856415,0.0049065835773944855,0.004834044724702835,0.004567645490169525,0.004438266158103943,0.004303894937038422,0.0039640627801418304,0.00364835187792778,0.00338585302233696,0.0,0.0,0.0,0.0,0.0,0.0,0.0,0.0,0.0,0.0,0.0,0.0,0.0,0.0,0.0,0.0,0.0,0.0,0.0,0.0,0.0,0.0,0.0,0.0,0.0,0.0,0.0,0.0,0.0,0.0,0.0,0.0,0.0,0.0,0.0,0.07273679226636887
37,0.005991626530885696,0.005749411880970001,0.00556236132979393,0.005775529891252518,0.0052987635135650635,0.005081184208393097,0.0048431530594825745,0.004745222628116608,0.004571583122014999,0.004399716854095459,0.004184253513813019,0.003970600664615631,0.003676425665616989,0.0035679154098033905,0.0034177452325820923,0.003199942409992218,0.0029643960297107697,0.0027656853199005127,0.002525191754102707,0.002318069338798523,0.00209687277674675,0.001917283982038498,0.0017054937779903412,0.0014675632119178772,0.0014262497425079346,0.0012447535991668701,0.0010322071611881256,0.000790279358625412,0.0005970299243927002,0.00032807886600494385,0.0002777017652988434,0.0,0.0,0.0,0.0,0.0,0.0,0.0,0.0,0.0,0.0,0.0,0.0,0.0,0.0,0.0,0.0,0.0,0.0,0.0,0.0974922925233841
38,0.006079237908124924,0.005727916955947876,0.005575496703386307,0.005465216934680939,0.005335390567779541,0.005131855607032776,0.005148932337760925,0.004823513329029083,0.00454673171043396,0.003919653594493866,0.0041434019804000854,0.004087243229150772,0.003988038748502731,0.003725659102201462,0.0034711621701717377,0.003284204751253128,0.003106124699115753,0.002887871116399765,0.0027145035564899445,0.0023902691900730133,0.002105358988046646,0.0019325576722621918,0.001797609031200409,0.0015100166201591492,0.001303885132074356,0.0010465383529663086,0.0009230338037014008,0.000651869922876358,0.0003786534070968628,0.00031124427914619446,0.00011601299047470093,0.0,0.0,0.0,0.0,0.0,0.0,0.0,0.0,0.0,0.0,0.0,0.0,0.0,0.0,0.0,0.0,0.0,0.0,0.0,0.09762920439243317
39,0.0052032470703125,0.005406774580478668,0.00554213672876358,0.005330227315425873,0.0051429979503154755,0.00518210232257843,0.004861973226070404,0.004833489656448364,0.004624307155609131,0.004416655749082565,0.0040432363748550415,0.0038094259798526764,0.003588654100894928,0.003216039389371872,0.0031306296586990356,0.0028868205845355988,0.002676796168088913,0.002573840320110321,0.002434711903333664,0.0022290870547294617,0.0019560866057872772,0.0018558837473392487,0.001555711030960083,0.0013417825102806091,0.0012696050107479095,0.0010894164443016052,0.0008425042033195496,0.0007396191358566284,0.0004760921001434326,0.00021581724286079407,0.0001529119908809662,0.0,0.0,0.0,0.0,0.0,0.0,0.0,0.0,0.0,0.0,0.0,0.0,0.0,0.0,0.0,0.0,0.0,0.0,0.0,0.0926285833120346
40,0.00575290247797966,0.0057122185826301575,0.005416031926870346,0.005461879074573517,0.005359284579753876,0.004899993538856506,0.004814848303794861,0.0048529841005802155,0.004512682557106018,0.00439082458615303,0.004165783524513245,0.004100102931261063,0.0037433691322803497,0.0031342320144176483,0.003033362329006195,0.0029965266585350037,0.0026807039976119995,0.0024349913001060486,0.0022708550095558167,0.002068549394607544,0.0019898973405361176,0.0018468648195266724,0.0015913955867290497,0.0015225596725940704,0.0012316443026065826,0.0010495446622371674,0.000851847231388092,0.0006417073309421539,0.00042136386036872864,0.000239592045545578,0.00011618062853813171,0.0,0.0,0.0,0.0,0.0,0.0,0.0,0.0,0.0,0.0,0.0,0.0,0.0,0.0,0.0,0.0,0.0,0.0,0.0,0.09330472350120544
41,0.0049696266651153564,0.004851061850786209,0.004757553339004517,0.004631057381629944,0.004536058753728867,0.0043774135410785675,0.004154022783041,0.0040186382830142975,0.003838900476694107,0.0037565045058727264,0.003650221973657608,0.003431953489780426,0.0031798817217350006,0.0029416941106319427,0.002767648547887802,0.0025300271809101105,0.002314906567335129,0.0021554678678512573,0.001989208161830902,0.0018591918051242828,0.0016207918524742126,0.001635078340768814,0.0014432109892368317,0.0012655258178710938,0.0010880865156650543,0.0010629668831825256,0.0007270276546478271,0.0006050169467926025,0.00040386244654655457,0.00022876635193824768,0.0,0.0,0.0,0.0,0.0,0.0,0.0,0.0,0.0,0.0,0.0,0.0,0.0,0.0,0.0,0.0,0.0,0.0,0.0,0.0,0.08079137280583382
42,0.005414426326751709,0.00484088808298111,0.004719000309705734,0.004580516368150711,0.004486694931983948,0.004295747727155685,0.004109606146812439,0.00391121581196785,0.0037710852921009064,0.003701400011777878,0.003525674343109131,0.003319360315799713,0.0031420961022377014,0.002925608307123184,0.0028084442019462585,0.002767648547887802,0.0025528855621814728,0.002407275140285492,0.002217203378677368,0.0020277388393878937,0.001850821077823639,0.0016616582870483398,0.0014640986919403076,0.001292787492275238,0.0011237822473049164,0.0009269565343856812,0.0006965585052967072,0.0005110390484333038,0.00028212741017341614,0.00021875649690628052,0.0,0.0,0.0,0.0,0.0,0.0,0.0,0.0,0.0,0.0,0.0,0.0,0.0,0.0,0.0,0.0,0.0,0.0,0.0,0.0,0.08155310153961182
43,0.00493505597114563,0.004812136292457581,0.004730511456727982,0.004635751247406006,0.004467174410820007,0.004362139850854874,0.0041777826845645905,0.003978554159402847,0.0038710273802280426,0.0037583671510219574,0.003583095967769623,0.0035005807876586914,0.0032608546316623688,0.0030529163777828217,0.002916969358921051,0.0027448423206806183,0.0025718770921230316,0.0023411214351654053,0.0022475719451904297,0.00203000009059906,0.001878540962934494,0.001699402928352356,0.0014938227832317352,0.0013106577098369598,0.0010925382375717163,0.0008867084980010986,0.0007190480828285217,0.0005246885120868683,0.00030061230063438416,0.00010995939373970032,0.0,0.0,0.0,0.0,0.0,0.0,0.0,0.0,0.0,0.0,0.0,0.0,0.0,0.0,0.0,0.0,0.0,0.0,0.0,0.0,0.08199431002140045
44,0.004948671907186508,0.0048195309937000275,0.004744149744510651,0.004627298563718796,0.004516948014497757,0.00438111275434494,0.004393208771944046,0.004003487527370453,0.003868475556373596,0.003633197396993637,0.0035484768450260162,0.003293704241514206,0.003149062395095825,0.0030228346586227417,0.0028458498418331146,0.0027373358607292175,0.0025432631373405457,0.0024108029901981354,0.0022734589874744415,0.002081591635942459,0.0018046051263809204,0.0016542226076126099,0.00151149183511734,0.0013163276016712189,0.0010896660387516022,0.0008599348366260529,0.0007156655192375183,0.0004998557269573212,0.0002938099205493927,0.00025931745767593384,0.0,0.0,0.0,0.0,0.0,0.0,0.0,0.0,0.0,0.0,0.0,0.0,0.0,0.0,0.0,0.0,0.0,0.0,0.0,0.0,0.08184735849499702
45,0.0049356743693351746,0.0048312656581401825,0.00471467524766922,0.004588622599840164,0.004503220319747925,0.004333607852458954,0.004209514707326889,0.0040359459817409515,0.003834214061498642,0.003743700683116913,0.0036052055656909943,0.0035258308053016663,0.0033609196543693542,0.0032367631793022156,0.003010932356119156,0.0028684772551059723,0.0027113333344459534,0.0024711526930332184,0.002314802259206772,0.0020637214183807373,0.0020179934799671173,0.0017704479396343231,0.0014694742858409882,0.0012537501752376556,0.0011251531541347504,0.000903543084859848,0.0007158666849136353,0.0004507005214691162,0.00045632198452949524,0.0002266131341457367,0.0,0.0,0.0,0.0,0.0,0.0,0.0,0.0,0.0,0.0,0.0,0.0,0.0,0.0,0.0,0.0,0.0,0.0,0.0,0.0,0.08328944444656372
46,0.00537596270442009,0.00491231307387352,0.0047566890716552734,0.004668079316616058,0.004593838006258011,0.0044443197548389435,0.004524435847997665,0.004054255783557892,0.003935977816581726,0.003762945532798767,0.003570389002561569,0.003417469561100006,0.003244902938604355,0.003109462559223175,0.0029232576489448547,0.0027319416403770447,0.0024407431483268738,0.002234920859336853,0.0020749419927597046,0.0019233524799346924,0.0016953758895397186,0.001652393490076065,0.001468110829591751,0.0013145692646503448,0.0011412687599658966,0.0010220818221569061,0.00086231529712677,0.0006854645907878876,0.000493217259645462,0.0003199242055416107,0.00013186410069465637,0.0,0.0,0.0,0.0,0.0,0.0,0.0,0.0,0.0,0.0,0.0,0.0,0.0,0.0,0.0,0.0,0.0,0.0,0.0,0.08348678424954414
47,0.005219411104917526,0.004909534007310867,0.004807561635971069,0.00467870756983757,0.004586063325405121,0.004474427551031113,0.004293378442525864,0.004220955073833466,0.004118345677852631,0.003989078104496002,0.0037656575441360474,0.0035530515015125275,0.003314021974802017,0.003158174455165863,0.0030264444649219513,0.0028555765748023987,0.0027482546865940094,0.002438504248857498,0.0021622665226459503,0.0020377933979034424,0.0018858760595321655,0.001663554459810257,0.0014805197715759277,0.0012827776372432709,0.0010835006833076477,0.0008803308010101318,0.0008331276476383209,0.0006487220525741577,0.0004748813807964325,0.0003041215240955353,0.00013804808259010315,0.0,0.0,0.0,0.0,0.0,0.0,0.0,0.0,0.0,0.0,0.0,0.0,0.0,0.0,0.0,0.0,0.0,0.0,0.0,0.08503266796469688
48,0.005137491971254349,0.004885293543338776,0.004743795841932297,0.004688888788223267,0.004574663937091827,0.004450052976608276,0.004264254122972488,0.004023704677820206,0.003999993205070496,0.003830116242170334,0.0036849267780780792,0.0035205483436584473,0.0033395811915397644,0.003140166401863098,0.0029560811817646027,0.002750091254711151,0.002553507685661316,0.0023178867995738983,0.0021668411791324615,0.0020156577229499817,0.0018193423748016357,0.0016879141330718994,0.0014713071286678314,0.0012731850147247314,0.0011434592306613922,0.0009170584380626678,0.0007758848369121552,0.0005771555006504059,0.0004261098802089691,0.0002507045865058899,0.0,0.0,0.0,0.0,0.0,0.0,0.0,0.0,0.0,0.0,0.0,0.0,0.0,0.0,0.0,0.0,0.0,0.0,0.0,0.0,0.0833856649696827
49,0.00515877828001976,0.005004607141017914,0.004732813686132431,0.004682902246713638,0.004520736634731293,0.004412196576595306,0.004233084619045258,0.004093103110790253,0.003907009959220886,0.003727387636899948,0.0036529898643493652,0.0035011805593967438,0.003364298492670059,0.0031912699341773987,0.0031158924102783203,0.0029616281390190125,0.0027647651731967926,0.0025962069630622864,0.0022930465638637543,0.0020770542323589325,0.0019279643893241882,0.0017863959074020386,0.0016035810112953186,0.001436326652765274,0.0012033544480800629,0.0010403767228126526,0.0008278526365756989,0.0006455816328525543,0.00044084712862968445,0.0003288574516773224,0.00021217390894889832,0.00010270997881889343,0.0,0.0,0.0,0.0,0.0,0.0,0.0,0.0,0.0,0.0,0.0,0.0,0.0,0.0,0.0,0.0,0.0,0.0,0.08554697409272194
50,0.005061279982328415,0.004905868321657181,0.004776649177074432,0.004636552184820175,0.004549466073513031,0.004417497664690018,0.0043199919164180756,0.004166401922702789,0.004679031670093536,0.004707165062427521,0.00431157648563385,0.0038047470152378082,0.003665272146463394,0.003167230635881424,0.0031545720994472504,0.003033626824617386,0.0027783438563346863,0.002481956034898758,0.002579234540462494,0.002304989844560623,0.001977786421775818,0.0018391646444797516,0.0015378519892692566,0.0012763068079948425,0.0010870471596717834,0.0010323822498321533,0.0009282492101192474,0.0006300881505012512,0.00046640634536743164,0.00025182589888572693,0.0,0.0,0.0,0.0,0.0,0.0,0.0,0.0,0.0,0.0,0.0,0.0,0.0,0.0,0.0,0.0,0.0,0.0,0.0,0.0,0.08852856233716011

total time per move x,0.2730497345328331,0.2641419246792793,0.2569670304656029,0.2514728531241417,0.24664972722530365,0.23399464786052704,0.22587764263153076,0.21673664078116417,0.20971371233463287,0.2011660598218441,0.1895020231604576,0.17998186498880386,0.16987837105989456,0.1612607203423977,0.15291496738791466,0.13940619304776192,0.13011601194739342,0.121141716837883,0.1125444732606411,0.10325223580002785,0.09361476823687553,0.09948233515024185,0.07598788291215897,0.06625521928071976,0.05731190741062164,0.0485965795814991,0.03951165825128555,0.030000898987054825,0.020368997007608414,0.011239945888519287,0.0024575740098953247,0.00010270997881889343,0,0,0,0,0,0,0,0,0,0,0,0,0,0,0,0,0,0,4.384699027985334
average time per move x,0.005460994690656662,0.005282838493585586,0.0051393406093120575,0.005029457062482834,0.004932994544506073,0.00477540097674545,0.00460974780880675,0.004423196750636004,0.00427987168029863,0.004105429792282533,0.003947958815842867,0.003749622187266747,0.00353913273041447,0.0033595983404666185,0.003185728487248222,0.0029660892137821685,0.0027684257861147537,0.002577483336976234,0.002394563260864704,0.002196856080851656,0.00199180357950799,0.00211664542872855,0.0016167634662161482,0.0014096855166110588,0.0012194022853323754,0.001033969778329768,0.0008406735798145862,0.0006383169997245707,0.0004333829150554982,0.0002391477848621125,0.0001755410007068089,0.00010270997881889343,nan,nan,nan,nan,nan,nan,nan,nan,nan,nan,nan,nan,nan,nan,nan,nan,nan,nan,0.08769398055970669
std of time per move x,0.0004128234998613886,0.000415298942339445,0.0003941231231004334,0.0004045921479010625,0.0003835570369259969,0.0003717680096787263,0.0003459276404208536,0.00034425176714750536,0.0003341987303131518,0.0003334029888394567,0.00031701751787310844,0.00029067685613261355,0.0002665862408268073,0.00026144666768012747,0.0002782389261663623,0.000222213490211511,0.0002188911363905683,0.00020719860958016514,0.00019219755156523157,0.00017444841905021739,0.00016658246870239458,0.002060116573025563,0.00014264752928196532,0.0001271820647364333,0.00011968347205942371,0.000108281264507626,9.591080993989421e-05,8.8119813347101e-05,8.551592451356839e-05,7.872343581617812e-05,6.554431503725717e-05,nan,nan,nan,nan,nan,nan,nan,nan,nan,nan,nan,nan,nan,nan,nan,nan,nan,nan,nan,0.012978588580229117
err of average time,5.8382059237030324e-05,5.873213966956451e-05,5.5737426593347376e-05,5.721797027913437e-05,5.4243156356438283e-05,5.3109715668389475e-05,4.941823434583623e-05,4.917882387821505e-05,4.774267575902169e-05,4.7628998405636674e-05,4.575753732046654e-05,4.1955590283839644e-05,3.84784094759019e-05,3.773657599096306e-05,4.0160329730295424e-05,3.2413168860419526e-05,3.192855374857472e-05,3.0223023424786364e-05,2.8034894224978654e-05,2.5445917161581106e-05,2.4298550380973073e-05,0.00030049888640904546,2.0807280645909536e-05,1.855141079146452e-05,1.745762863438634e-05,1.5794445726786136e-05,1.399002947643885e-05,1.2853595824670943e-05,1.2473779602106245e-05,1.148299329601187e-05,1.7517455037156543e-05,nan,nan,nan,nan,nan,nan,nan,nan,nan,nan,nan,nan,nan,nan,nan,nan,nan,nan,nan,0.001835449599062059
