Contains move time for player DynamicRoxanne; opponent is MCTSRemMaxIter3
Colums refer to move number, rows to game number
game,1,2,3,4,5,6,7,8,9,10,11,12,13,14,15,16,17,18,19,20,21,22,23,24,25,26,27,28,29,30,31,32,33,34,35,36,37,38,39,40,41,42,43,44,45,46,47,48,49,50,total
1,0.008607417345046997,0.005777854472398758,0.005665827542543411,0.005494590848684311,0.005384046584367752,0.005195055156946182,0.00507710874080658,0.004845939576625824,0.004891965538263321,0.004631806164979935,0.004341341555118561,0.004146207123994827,0.004018932580947876,0.0038922131061553955,0.003670699894428253,0.0033875256776809692,0.003207966685295105,0.0029814355075359344,0.0028159096837043762,0.0025953128933906555,0.002437163144350052,0.002209186553955078,0.001949012279510498,0.0016951486468315125,0.0014510229229927063,0.0011851266026496887,0.000960860401391983,0.00077776238322258,0.0005478300154209137,0.0002733878791332245,0.0,0.0,0.0,0.0,0.0,0.0,0.0,0.0,0.0,0.0,0.0,0.0,0.0,0.0,0.0,0.0,0.0,0.0,0.0,0.0,0.10411565750837326
2,0.006002392619848251,0.005802009254693985,0.0057266876101493835,0.0056013986468315125,0.005374569445848465,0.005242597311735153,0.005116604268550873,0.004990093410015106,0.004704084247350693,0.004694264382123947,0.004392810165882111,0.004209656268358231,0.003964148461818695,0.0038410089910030365,0.0035563968122005463,0.003369353711605072,0.0032006464898586273,0.003030620515346527,0.0027742497622966766,0.00253378227353096,0.0023557916283607483,0.002163834869861603,0.0019418448209762573,0.0017003528773784637,0.001422688364982605,0.0012004226446151733,0.001024436205625534,0.0007737204432487488,0.0005187429487705231,0.00028508901596069336,0.0,0.0,0.0,0.0,0.0,0.0,0.0,0.0,0.0,0.0,0.0,0.0,0.0,0.0,0.0,0.0,0.0,0.0,0.0,0.0,0.1015142984688282
3,0.005941145122051239,0.005895983427762985,0.005616918206214905,0.005491588264703751,0.005338527262210846,0.00522812083363533,0.005067475140094757,0.00496557354927063,0.004787679761648178,0.004616681486368179,0.0044493600726127625,0.004171509295701981,0.00396694615483284,0.003931097686290741,0.003699149936437607,0.0036063827574253082,0.0032334066927433014,0.0029433220624923706,0.002759300172328949,0.0029886700212955475,0.002372484654188156,0.002138271927833557,0.002006135880947113,0.0017935484647750854,0.0014656893908977509,0.0012003704905509949,0.001019999384880066,0.0007885433733463287,0.0005527399480342865,0.00030783191323280334,0.0,0.0,0.0,0.0,0.0,0.0,0.0,0.0,0.0,0.0,0.0,0.0,0.0,0.0,0.0,0.0,0.0,0.0,0.0,0.0,0.10234445333480835
4,0.006021358072757721,0.005918491631746292,0.005647443234920502,0.0055048055946826935,0.005466260015964508,0.005297783762216568,0.005188934504985809,0.005040574818849564,0.004829149693250656,0.004590906202793121,0.0045090727508068085,0.004320207983255386,0.004025168716907501,0.0039017386734485626,0.0036200061440467834,0.0034610219299793243,0.0031714364886283875,0.00291655957698822,0.0026858970522880554,0.0024651214480400085,0.002130787819623947,0.0019848644733428955,0.0018194317817687988,0.001568477600812912,0.0012542232871055603,0.0011117346584796906,0.0008890964090824127,0.0006812624633312225,0.0004864037036895752,0.0002700202167034149,0.0,0.0,0.0,0.0,0.0,0.0,0.0,0.0,0.0,0.0,0.0,0.0,0.0,0.0,0.0,0.0,0.0,0.0,0.0,0.0,0.1007782407104969
5,0.005969583988189697,0.005830343812704086,0.005738329142332077,0.005506042391061783,0.005336198955774307,0.005204152315855026,0.005065996199846268,0.004958461970090866,0.0048222653567790985,0.004590995609760284,0.017478007823228836,0.004268195480108261,0.00407833606004715,0.003831584006547928,0.0036975592374801636,0.0035480745136737823,0.003259841352701187,0.003082919865846634,0.002845313400030136,0.002600431442260742,0.002213139086961746,0.0021238811314105988,0.0018037445843219757,0.0015390105545520782,0.0013664402067661285,0.0012325681746006012,0.0009605512022972107,0.0007608197629451752,0.0005370937287807465,0.0002971552312374115,0.0,0.0,0.0,0.0,0.0,0.0,0.0,0.0,0.0,0.0,0.0,0.0,0.0,0.0,0.0,0.0,0.0,0.0,0.0,0.0,0.11454703658819199
6,0.005809035152196884,0.00577918067574501,0.005572717636823654,0.005444426089525223,0.005307413637638092,0.005205318331718445,0.005114901810884476,0.005008522421121597,0.004686582833528519,0.004541125148534775,0.004383422434329987,0.004283718764781952,0.004085581749677658,0.00382952019572258,0.0035234689712524414,0.003256276249885559,0.003039594739675522,0.0026904456317424774,0.002494141459465027,0.0022499561309814453,0.0020977631211280823,0.0019066818058490753,0.0017019286751747131,0.001454237848520279,0.0012816190719604492,0.0010941624641418457,0.0008645541965961456,0.0006419457495212555,0.0004258565604686737,0.00015931576490402222,0.0,0.0,0.0,0.0,0.0,0.0,0.0,0.0,0.0,0.0,0.0,0.0,0.0,0.0,0.0,0.0,0.0,0.0,0.0,0.0,0.09793341532349586
7,0.005836077034473419,0.0056923143565654755,0.005586449056863785,0.005555827170610428,0.005319908261299133,0.005189202725887299,0.005028914660215378,0.004891447722911835,0.004696395248174667,0.004478976130485535,0.0043088458478450775,0.004217885434627533,0.004038959741592407,0.0038095861673355103,0.003580112010240555,0.003312382847070694,0.003100879490375519,0.002933681011199951,0.0026722177863121033,0.0025379210710525513,0.0022207610309123993,0.001973796635866165,0.0018046051263809204,0.0015991181135177612,0.0012454278767108917,0.0010435506701469421,0.0008463114500045776,0.0006491653621196747,0.00042484700679779053,0.00016981735825538635,0.0,0.0,0.0,0.0,0.0,0.0,0.0,0.0,0.0,0.0,0.0,0.0,0.0,0.0,0.0,0.0,0.0,0.0,0.0,0.0,0.09876538440585136
8,0.005886048078536987,0.005728963762521744,0.0056069232523441315,0.005447398871183395,0.0053314752876758575,0.005190592259168625,0.005065742880105972,0.004814606159925461,0.004567600786685944,0.017487920820713043,0.004406701773405075,0.00416753813624382,0.0042950548231601715,0.0037758387625217438,0.0035300254821777344,0.0033828802406787872,0.0031410716474056244,0.0029709674417972565,0.0026234351098537445,0.002459827810525894,0.002194073051214218,0.0019269846379756927,0.0016956143081188202,0.0014959350228309631,0.0012767426669597626,0.0010381005704402924,0.0007978156208992004,0.0006938911974430084,0.00042760372161865234,0.00017780065536499023,0.0,0.0,0.0,0.0,0.0,0.0,0.0,0.0,0.0,0.0,0.0,0.0,0.0,0.0,0.0,0.0,0.0,0.0,0.0,0.0,0.11160517483949661
9,0.005853090435266495,0.018724724650382996,0.005558673292398453,0.005486559122800827,0.005334209650754929,0.005210064351558685,0.009053420275449753,0.01788879558444023,0.0046828873455524445,0.004469204694032669,0.004294179379940033,0.004211924970149994,0.003970719873905182,0.003720693290233612,0.003449421375989914,0.0032054148614406586,0.0029505565762519836,0.002638384699821472,0.0024661608040332794,0.0023127198219299316,0.00216110423207283,0.0019425712525844574,0.0017547309398651123,0.0015007853507995605,0.0013006553053855896,0.0010478012263774872,0.000882275402545929,0.0006373189389705658,0.00040717050433158875,0.0001670457422733307,0.0,0.0,0.0,0.0,0.0,0.0,0.0,0.0,0.0,0.0,0.0,0.0,0.0,0.0,0.0,0.0,0.0,0.0,0.0,0.0,0.12728326395154
10,0.005851656198501587,0.005768362432718277,0.005616292357444763,0.005393140017986298,0.005330935120582581,0.0051909200847148895,0.005053751170635223,0.004930209368467331,0.004764433950185776,0.004540186375379562,0.004436716437339783,0.0041960738599300385,0.004018496721982956,0.003771502524614334,0.0035399310290813446,0.003243912011384964,0.0029412806034088135,0.002689119428396225,0.0024672001600265503,0.0024325810372829437,0.002129971981048584,0.0018474496901035309,0.0016541555523872375,0.0014335475862026215,0.0012144148349761963,0.014086980372667313,0.0008282363414764404,0.0006601512432098389,0.000446077436208725,0.00017090141773223877,0.0,0.0,0.0,0.0,0.0,0.0,0.0,0.0,0.0,0.0,0.0,0.0,0.0,0.0,0.0,0.0,0.0,0.0,0.0,0.0,0.11064858734607697
11,0.005972560495138168,0.00590389221906662,0.005699850618839264,0.005543474107980728,0.005486808717250824,0.005403097718954086,0.018184345215559006,0.005028117448091507,0.004823502153158188,0.004589200019836426,0.0046140700578689575,0.004379305988550186,0.003984488546848297,0.003836344927549362,0.003630582243204117,0.0033140629529953003,0.0030690915882587433,0.002928484231233597,0.0027082860469818115,0.0024962536990642548,0.0022465363144874573,0.001999683678150177,0.001831553876399994,0.0016835406422615051,0.0014720447361469269,0.0012495815753936768,0.0009649991989135742,0.0007481426000595093,0.0005416795611381531,0.0002697370946407318,0.0,0.0,0.0,0.0,0.0,0.0,0.0,0.0,0.0,0.0,0.0,0.0,0.0,0.0,0.0,0.0,0.0,0.0,0.0,0.0,0.11460331827402115
12,0.005938522517681122,0.0058706216514110565,0.005700405687093735,0.00551995262503624,0.005358200520277023,0.00520256906747818,0.005090799182653427,0.004907671362161636,0.004814121872186661,0.004583839327096939,0.004320897161960602,0.004117574542760849,0.0039186030626297,0.0038938336074352264,0.003536894917488098,0.003361433744430542,0.003153398633003235,0.0029719993472099304,0.002844039350748062,0.002560589462518692,0.0023902803659439087,0.0021638907492160797,0.0019496865570545197,0.0017483308911323547,0.0015420839190483093,0.001267019659280777,0.001012161374092102,0.0007715895771980286,0.0005442164838314056,0.00041601434350013733,0.00028548017144203186,0.0,0.0,0.0,0.0,0.0,0.0,0.0,0.0,0.0,0.0,0.0,0.0,0.0,0.0,0.0,0.0,0.0,0.0,0.0,0.10175672173500061
13,0.005961805582046509,0.00578632578253746,0.005661759525537491,0.005509540438652039,0.005416646599769592,0.005240630358457565,0.005040474236011505,0.004855882376432419,0.00480218231678009,0.004635419696569443,0.004414759576320648,0.0043155960738658905,0.0041134171187877655,0.003863498568534851,0.003778986632823944,0.0034455396234989166,0.003176547586917877,0.0029965341091156006,0.0027103573083877563,0.002529144287109375,0.0023119598627090454,0.002151280641555786,0.0018680691719055176,0.001638069748878479,0.0015260092914104462,0.0012734755873680115,0.0010319016873836517,0.0007787160575389862,0.0005176179111003876,0.0002337619662284851,0.0001266486942768097,0.0,0.0,0.0,0.0,0.0,0.0,0.0,0.0,0.0,0.0,0.0,0.0,0.0,0.0,0.0,0.0,0.0,0.0,0.0,0.10171255841851234
14,0.005954757332801819,0.005763784050941467,0.005736511200666428,0.0055101849138736725,0.005419149994850159,0.005304250866174698,0.005127865821123123,0.005053602159023285,0.004847794771194458,0.004662323743104935,0.004425428807735443,0.004313115030527115,0.00418197363615036,0.003892000764608383,0.0037204399704933167,0.003498021513223648,0.003280084580183029,0.0030000247061252594,0.0027682632207870483,0.002541646361351013,0.0022208355367183685,0.0020112134516239166,0.001862160861492157,0.001646038144826889,0.0014389678835868835,0.001205500215291977,0.000975828617811203,0.0007898434996604919,0.000533226877450943,0.0002978481352329254,0.0,0.0,0.0,0.0,0.0,0.0,0.0,0.0,0.0,0.0,0.0,0.0,0.0,0.0,0.0,0.0,0.0,0.0,0.0,0.0,0.10198268666863441
15,0.005997702479362488,0.005797114223241806,0.0056233517825603485,0.005471948534250259,0.005319487303495407,0.005190901458263397,0.017997730523347855,0.004727426916360855,0.0047495998442173,0.004467949271202087,0.004346251487731934,0.004274945706129074,0.0170389823615551,0.0038287751376628876,0.0035956241190433502,0.0035065598785877228,0.003199964761734009,0.0031838715076446533,0.002737395465373993,0.0024904198944568634,0.002290375530719757,0.002038095146417618,0.0018788203597068787,0.0016880407929420471,0.0014728717505931854,0.0012127235531806946,0.0009396933019161224,0.0006926544010639191,0.0005080141127109528,0.0002629682421684265,0.0,0.0,0.0,0.0,0.0,0.0,0.0,0.0,0.0,0.0,0.0,0.0,0.0,0.0,0.0,0.0,0.0,0.0,0.0,0.0,0.126530259847641
16,0.005818136036396027,0.005756832659244537,0.005632244050502777,0.005361773073673248,0.005185641348361969,0.00510309636592865,0.004982668906450272,0.0048143379390239716,0.004666093736886978,0.004456944763660431,0.004269592463970184,0.00401948019862175,0.003996714949607849,0.003697715699672699,0.0035476572811603546,0.003248445689678192,0.003111381083726883,0.002929277718067169,0.0027778521180152893,0.002586551010608673,0.0023007653653621674,0.0020367465913295746,0.0017878897488117218,0.0015663281083106995,0.001361701637506485,0.0011531375348567963,0.0008723363280296326,0.0006447546184062958,0.0004169642925262451,0.0001801326870918274,0.0,0.0,0.0,0.0,0.0,0.0,0.0,0.0,0.0,0.0,0.0,0.0,0.0,0.0,0.0,0.0,0.0,0.0,0.0,0.0,0.09828319400548935
17,0.005872815847396851,0.005649559199810028,0.005570624023675919,0.005355522036552429,0.005231894552707672,0.0051384977996349335,0.004816476255655289,0.004684925079345703,0.004489697515964508,0.004266615957021713,0.004182975739240646,0.004132620990276337,0.004080690443515778,0.003761451691389084,0.0036082491278648376,0.0032619982957839966,0.003113977611064911,0.002882886677980423,0.0027547404170036316,0.0024846792221069336,0.0022707171738147736,0.0020312294363975525,0.0017828121781349182,0.0015493109822273254,0.0012349002063274384,0.0011316612362861633,0.0008787102997303009,0.0006272122263908386,0.00039038434624671936,0.000141877681016922,0.0,0.0,0.0,0.0,0.0,0.0,0.0,0.0,0.0,0.0,0.0,0.0,0.0,0.0,0.0,0.0,0.0,0.0,0.0,0.0,0.09737971425056458
18,0.0058389343321323395,0.005640581250190735,0.005577981472015381,0.005396712571382523,0.005275595933198929,0.005130399018526077,0.004949752241373062,0.004872854799032211,0.004775036126375198,0.004683535546064377,0.004376750439405441,0.004114843904972076,0.003964800387620926,0.00370059534907341,0.003609880805015564,0.003300614655017853,0.0029368624091148376,0.002712782472372055,0.0024984292685985565,0.002219654619693756,0.002082414925098419,0.00202358141541481,0.0017386116087436676,0.0015647783875465393,0.0013489872217178345,0.0010732002556324005,0.0008221082389354706,0.0006281062960624695,0.000385429710149765,0.00012825801968574524,0.0,0.0,0.0,0.0,0.0,0.0,0.0,0.0,0.0,0.0,0.0,0.0,0.0,0.0,0.0,0.0,0.0,0.0,0.0,0.0,0.09737207368016243
19,0.0058454908430576324,0.005730919539928436,0.005595792084932327,0.005400575697422028,0.005252290517091751,0.005116298794746399,0.004940696060657501,0.004869513213634491,0.004759933799505234,0.004481546580791473,0.004337754100561142,0.004141718149185181,0.004019878804683685,0.0037022754549980164,0.003579210489988327,0.0032358430325984955,0.003061838448047638,0.0028555355966091156,0.0026539191603660583,0.0024770349264144897,0.002236057072877884,0.002010151743888855,0.001823868602514267,0.0015594325959682465,0.0013736337423324585,0.001126810908317566,0.0009077191352844238,0.000666443258523941,0.0004049651324748993,0.00027457624673843384,0.0,0.0,0.0,0.0,0.0,0.0,0.0,0.0,0.0,0.0,0.0,0.0,0.0,0.0,0.0,0.0,0.0,0.0,0.0,0.0,0.0984417237341404
20,0.0058796703815460205,0.005759760737419128,0.005642533302307129,0.005466289818286896,0.005312193185091019,0.0051270462572574615,0.005071654915809631,0.004953425377607346,0.004803739488124847,0.00451119989156723,0.0043519027531147,0.004037816077470779,0.003711964935064316,0.0036784932017326355,0.0033151544630527496,0.0032849200069904327,0.0029357708990573883,0.0027766749262809753,0.0025182515382766724,0.0022638626396656036,0.0019675642251968384,0.0017126500606536865,0.0016768015921115875,0.0014528483152389526,0.0012777559459209442,0.0010440871119499207,0.0008967630565166473,0.0006973817944526672,0.0004958473145961761,0.00027669966220855713,0.0,0.0,0.0,0.0,0.0,0.0,0.0,0.0,0.0,0.0,0.0,0.0,0.0,0.0,0.0,0.0,0.0,0.0,0.0,0.0,0.09690072387456894
21,0.005963090807199478,0.005808036774396896,0.005659621208906174,0.005581866949796677,0.00551963597536087,0.005292307585477829,0.0050985850393772125,0.005032766610383987,0.004773668944835663,0.00460067018866539,0.004396907985210419,0.00413869321346283,0.004009835422039032,0.003796398639678955,0.0036260411143302917,0.0033390112221240997,0.0030836351215839386,0.0029312632977962494,0.00271553173661232,0.0024993643164634705,0.0022157691419124603,0.002009991556406021,0.0018515512347221375,0.0015722736716270447,0.0013660527765750885,0.0012002736330032349,0.0009703561663627625,0.0007123015820980072,0.00048303231596946716,0.0003127194941043854,0.0,0.0,0.0,0.0,0.0,0.0,0.0,0.0,0.0,0.0,0.0,0.0,0.0,0.0,0.0,0.0,0.0,0.0,0.0,0.0,0.10056125372648239
22,0.006077826023101807,0.005760721862316132,0.005599427968263626,0.005500108003616333,0.005465328693389893,0.0053490810096263885,0.0051729194819927216,0.004965797066688538,0.004740949720144272,0.004539869725704193,0.004402190446853638,0.004144098609685898,0.003978326916694641,0.003686603158712387,0.0035363882780075073,0.003465026617050171,0.00319870188832283,0.0029680877923965454,0.0026688799262046814,0.002352636307477951,0.002176571637392044,0.002028699964284897,0.001925785094499588,0.001723702996969223,0.0015057474374771118,0.0012448877096176147,0.0009680427610874176,0.0007854253053665161,0.0005424432456493378,0.00028541311621665955,0.0,0.0,0.0,0.0,0.0,0.0,0.0,0.0,0.0,0.0,0.0,0.0,0.0,0.0,0.0,0.0,0.0,0.0,0.0,0.0,0.10075968876481056
23,0.005968373268842697,0.0057700201869010925,0.005690723657608032,0.005535606294870377,0.005558956414461136,0.005247108638286591,0.005094647407531738,0.0050138309597969055,0.0047887712717056274,0.004686832427978516,0.00444512814283371,0.004238739609718323,0.0040444061160087585,0.003954663872718811,0.003726392984390259,0.0034656375646591187,0.003177441656589508,0.0030330531299114227,0.0027519091963768005,0.002553541213274002,0.002247083932161331,0.002024959772825241,0.001760672777891159,0.00155741348862648,0.0014243386685848236,0.0012630261480808258,0.0009959228336811066,0.0007434822618961334,0.0005231834948062897,0.00029873475432395935,0.0,0.0,0.0,0.0,0.0,0.0,0.0,0.0,0.0,0.0,0.0,0.0,0.0,0.0,0.0,0.0,0.0,0.0,0.0,0.0,0.10158460214734077
24,0.005991723388433456,0.0057917386293411255,0.005723081529140472,0.00553319975733757,0.005386229604482651,0.005226396024227142,0.005041942000389099,0.004920974373817444,0.004890702664852142,0.005114592611789703,0.004461091011762619,0.004310809075832367,0.0041075199842453,0.00381498783826828,0.0037413910031318665,0.003389079123735428,0.003288760781288147,0.0030190199613571167,0.0027555376291275024,0.0025122463703155518,0.0022067874670028687,0.002092842012643814,0.0017838217318058014,0.0015069469809532166,0.0012903325259685516,0.0011425018310546875,0.0009709484875202179,0.0007664673030376434,0.0005236826837062836,0.0002970881760120392,0.0,0.0,0.0,0.0,0.0,0.0,0.0,0.0,0.0,0.0,0.0,0.0,0.0,0.0,0.0,0.0,0.0,0.0,0.0,0.0,0.10160244256258011
25,0.005975130945444107,0.0057996660470962524,0.005691267549991608,0.005548015236854553,0.005433235317468643,0.005259338766336441,0.005108732730150223,0.005045026540756226,0.004899308085441589,0.004817355424165726,0.004627875983715057,0.00440673902630806,0.004233282059431076,0.004008147865533829,0.0037637241184711456,0.0034979209303855896,0.0033885762095451355,0.003109842538833618,0.0028749704360961914,0.0026001669466495514,0.0022793933749198914,0.002026870846748352,0.0017931349575519562,0.0016059279441833496,0.0014170818030834198,0.001206323504447937,0.0009702779352664948,0.0007479339838027954,0.000508435070514679,0.00027956441044807434,0.0,0.0,0.0,0.0,0.0,0.0,0.0,0.0,0.0,0.0,0.0,0.0,0.0,0.0,0.0,0.0,0.0,0.0,0.0,0.0,0.10292326658964157
26,0.005846075713634491,0.005725797265768051,0.005588885396718979,0.00555594265460968,0.005385592579841614,0.005147311836481094,0.005093943327665329,0.004983138293027878,0.004794687032699585,0.004489276558160782,0.004320599138736725,0.0041161999106407166,0.004066988825798035,0.003772791475057602,0.003576952964067459,0.0033823587000370026,0.003109976649284363,0.0028465017676353455,0.0026566199958324432,0.0024655014276504517,0.0021561123430728912,0.0019577443599700928,0.0017555877566337585,0.023520387709140778,0.001274343580007553,0.0010406747460365295,0.0008340887725353241,0.0006097294390201569,0.00043189898133277893,0.00016659870743751526,0.0,0.0,0.0,0.0,0.0,0.0,0.0,0.0,0.0,0.0,0.0,0.0,0.0,0.0,0.0,0.0,0.0,0.0,0.0,0.0,0.120672307908535
27,0.0058726966381073,0.005639724433422089,0.005540914833545685,0.005407154560089111,0.005197286605834961,0.005140949040651321,0.0050554461777210236,0.004828900098800659,0.004632845520973206,0.0044902414083480835,0.004357188940048218,0.004184290766716003,0.01699012890458107,0.003778468817472458,0.003501240164041519,0.003328714519739151,0.0030904076993465424,0.0028330497443675995,0.00260818749666214,0.002366393804550171,0.0021164678037166595,0.001886557787656784,0.002234082669019699,0.0014430433511734009,0.0012756884098052979,0.001035541296005249,0.0008482560515403748,0.0006183721125125885,0.0004236362874507904,0.00015820562839508057,0.0,0.0,0.0,0.0,0.0,0.0,0.0,0.0,0.0,0.0,0.0,0.0,0.0,0.0,0.0,0.0,0.0,0.0,0.0,0.0,0.11088408157229424
28,0.005880903452634811,0.005656208842992783,0.005605638027191162,0.005352959036827087,0.005289822816848755,0.005254101008176804,0.005044460296630859,0.004835385829210281,0.004609238356351852,0.004436030983924866,0.004157911986112595,0.004090543836355209,0.0038738884031772614,0.003729362040758133,0.0035082735121250153,0.003269057720899582,0.0028692521154880524,0.002574872225522995,0.0023950710892677307,0.0021438859403133392,0.0019287876784801483,0.0018388144671916962,0.0016310103237628937,0.0014268234372138977,0.0012387856841087341,0.0010242275893688202,0.0007939785718917847,0.000562962144613266,0.0003929547965526581,0.0001688748598098755,0.0,0.0,0.0,0.0,0.0,0.0,0.0,0.0,0.0,0.0,0.0,0.0,0.0,0.0,0.0,0.0,0.0,0.0,0.0,0.0,0.09558408707380295
29,0.005785942077636719,0.005796760320663452,0.005666796118021011,0.005433015525341034,0.005299434065818787,0.005204282701015472,0.005057789385318756,0.004886157810688019,0.004792496562004089,0.004679586738348007,0.004598535597324371,0.004237201064825058,0.00400388240814209,0.0038231462240219116,0.0037253573536872864,0.0034077242016792297,0.0032043270766735077,0.0029754526913166046,0.0027977414429187775,0.0025560222566127777,0.002264197915792465,0.002059638500213623,0.0018666312098503113,0.0016160346567630768,0.0013848952949047089,0.0011924095451831818,0.0010350048542022705,0.000890292227268219,0.0006609372794628143,0.0005210600793361664,0.0002854540944099426,0.0,0.0,0.0,0.0,0.0,0.0,0.0,0.0,0.0,0.0,0.0,0.0,0.0,0.0,0.0,0.0,0.0,0.0,0.0,0.10170820727944374
30,0.005817398428916931,0.005690313875675201,0.0055115967988967896,0.005373653024435043,0.005131721496582031,0.005031675100326538,0.004887878894805908,0.004760950803756714,0.004660815000534058,0.004457008093595505,0.00429825484752655,0.004134960472583771,0.003937717527151108,0.003704231232404709,0.0034502334892749786,0.0031512826681137085,0.0030053481459617615,0.002794843167066574,0.0026215054094791412,0.0023367591202259064,0.0021678879857063293,0.001934882253408432,0.0016503781080245972,0.0014606453478336334,0.001271616667509079,0.0011250898241996765,0.0008642934262752533,0.0006250031292438507,0.0004283115267753601,0.00017213821411132812,0.0,0.0,0.0,0.0,0.0,0.0,0.0,0.0,0.0,0.0,0.0,0.0,0.0,0.0,0.0,0.0,0.0,0.0,0.0,0.0,0.09645839408040047
31,0.005954477936029434,0.005837179720401764,0.005664210766553879,0.005508791655302048,0.005416281521320343,0.005263432860374451,0.005109935998916626,0.004963740706443787,0.004831202328205109,0.004762623459100723,0.004395861178636551,0.0042422376573085785,0.004120919853448868,0.0038411468267440796,0.0036408379673957825,0.003304116427898407,0.0031691081821918488,0.002968326210975647,0.002805359661579132,0.0025028809905052185,0.002258084714412689,0.002076413482427597,0.0018714144825935364,0.0016890689730644226,0.0014036260545253754,0.0011421851813793182,0.000918019562959671,0.0006989613175392151,0.0006074421107769012,0.00028393417596817017,0.0,0.0,0.0,0.0,0.0,0.0,0.0,0.0,0.0,0.0,0.0,0.0,0.0,0.0,0.0,0.0,0.0,0.0,0.0,0.0,0.10125182196497917
32,0.005963526666164398,0.00582398846745491,0.005605112761259079,0.005611710250377655,0.005377586930990219,0.005279645323753357,0.005113855004310608,0.005004271864891052,0.004774510860443115,0.004571456462144852,0.004414081573486328,0.00423242524266243,0.0042047202587127686,0.0038941986858844757,0.0036178193986415863,0.003420703113079071,0.003184966742992401,0.002976931631565094,0.002763066440820694,0.0025512762367725372,0.002406798303127289,0.0022385604679584503,0.00210382416844368,0.0018423832952976227,0.0017247311770915985,0.0014940127730369568,0.0012773722410202026,0.0010256357491016388,0.0007841475307941437,0.0006507262587547302,0.0005056895315647125,0.00027862563729286194,0.0,0.0,0.0,0.0,0.0,0.0,0.0,0.0,0.0,0.0,0.0,0.0,0.0,0.0,0.0,0.0,0.0,0.0,0.10471836104989052
33,0.005921252071857452,0.005766861140727997,0.005584716796875,0.005525551736354828,0.005373895168304443,0.005222555249929428,0.0051155053079128265,0.004967682063579559,0.004815123975276947,0.004553008824586868,0.004352174699306488,0.004300668835639954,0.004235323518514633,0.0038607269525527954,0.003997534513473511,0.0034537874162197113,0.016292843967676163,0.003097333014011383,0.0028159841895103455,0.0025720372796058655,0.0023765936493873596,0.0022168047726154327,0.002003457397222519,0.0017713308334350586,0.001546468585729599,0.0012621060013771057,0.0010213740170001984,0.0007203705608844757,0.000470869243144989,0.0002691522240638733,0.0,0.0,0.0,0.0,0.0,0.0,0.0,0.0,0.0,0.0,0.0,0.0,0.0,0.0,0.0,0.0,0.0,0.0,0.0,0.0,0.11548309400677681
34,0.006032571196556091,0.005844533443450928,0.005615022033452988,0.005506567656993866,0.0053274184465408325,0.005201008170843124,0.004974972456693649,0.004841029644012451,0.004789762198925018,0.0047154501080513,0.0043636709451675415,0.004195161163806915,0.004103843122720718,0.0038275383412837982,0.003779906779527664,0.003403265029191971,0.0032234229147434235,0.003000754863023758,0.0027502812445163727,0.0025941282510757446,0.0023607686161994934,0.0021597519516944885,0.0019016042351722717,0.0016275234520435333,0.0014357008039951324,0.001240316778421402,0.0010300800204277039,0.0007820874452590942,0.0005628317594528198,0.0003033056855201721,0.0,0.0,0.0,0.0,0.0,0.0,0.0,0.0,0.0,0.0,0.0,0.0,0.0,0.0,0.0,0.0,0.0,0.0,0.0,0.0,0.10149427875876427
35,0.005925603210926056,0.005765251815319061,0.005639493465423584,0.005516592413187027,0.0053884126245975494,0.005237963050603867,0.005103930830955505,0.0048242658376693726,0.00477537140250206,0.004590585827827454,0.004350524395704269,0.0042543113231658936,0.004032585769891739,0.003964338451623917,0.0037056878209114075,0.003487326204776764,0.0032964013516902924,0.003045029938220978,0.0028041228652000427,0.0026244409382343292,0.002299312502145767,0.001978587359189987,0.0017164498567581177,0.0014642439782619476,0.001338724046945572,0.0011396147310733795,0.0009282641112804413,0.0007066242396831512,0.00047603994607925415,0.00026245787739753723,0.0,0.0,0.0,0.0,0.0,0.0,0.0,0.0,0.0,0.0,0.0,0.0,0.0,0.0,0.0,0.0,0.0,0.0,0.0,0.0,0.10064255818724632
36,0.005804784595966339,0.005697723478078842,0.005581159144639969,0.005397077649831772,0.005297485738992691,0.0052080415189266205,0.004956208169460297,0.004836779087781906,0.004671327769756317,0.004406515508890152,0.004281003028154373,0.004159729927778244,0.0038856714963912964,0.0037656202912330627,0.003488559275865555,0.003096695989370346,0.00278448686003685,0.0026971064507961273,0.0025160014629364014,0.002289228141307831,0.002135206013917923,0.0019729100167751312,0.0017157383263111115,0.0015561170876026154,0.0012574084103107452,0.001014169305562973,0.0008172206580638885,0.0006211772561073303,0.00039124488830566406,0.0001580268144607544,0.0,0.0,0.0,0.0,0.0,0.0,0.0,0.0,0.0,0.0,0.0,0.0,0.0,0.0,0.0,0.0,0.0,0.0,0.0,0.0,0.09646042436361313
37,0.00584060326218605,0.0056883953511714935,0.005551166832447052,0.005418989807367325,0.005302842706441879,0.005177654325962067,0.005010649561882019,0.004883140325546265,0.004789821803569794,0.004619542509317398,0.004840601235628128,0.004222884774208069,0.00420789048075676,0.0039831846952438354,0.0035468749701976776,0.00338594987988472,0.016171663999557495,0.002769552171230316,0.00321318581700325,0.0024025216698646545,0.0022573210299015045,0.0020071491599082947,0.0017868950963020325,0.0015648417174816132,0.0013588592410087585,0.001094922423362732,0.0008876100182533264,0.0006782747805118561,0.0004625283181667328,0.0001699104905128479,0.0,0.0,0.0,0.0,0.0,0.0,0.0,0.0,0.0,0.0,0.0,0.0,0.0,0.0,0.0,0.0,0.0,0.0,0.0,0.0,0.11329542845487595
38,0.005871430039405823,0.007283821702003479,0.00554424524307251,0.005398310720920563,0.005293801426887512,0.0052281878888607025,0.005076564848423004,0.0049328431487083435,0.004719570279121399,0.004487544298171997,0.004235085099935532,0.004162628203630447,0.004028037190437317,0.0036864355206489563,0.003448300063610077,0.0033363886177539825,0.0031773149967193604,0.002900097519159317,0.0026740320026874542,0.0024252422153949738,0.002166762948036194,0.0019416473805904388,0.001698363572359085,0.001532226800918579,0.0013538450002670288,0.0011335834860801697,0.0008980333805084229,0.000752374529838562,0.000431060791015625,0.00017632916569709778,0.0,0.0,0.0,0.0,0.0,0.0,0.0,0.0,0.0,0.0,0.0,0.0,0.0,0.0,0.0,0.0,0.0,0.0,0.0,0.0,0.09999410808086395
39,0.005863439291715622,0.00580456480383873,0.005571313202381134,0.005353249609470367,0.005324497818946838,0.005148652940988541,0.005042221397161484,0.00488586351275444,0.004798192530870438,0.004639729857444763,0.004292797297239304,0.004150081425905228,0.004013478755950928,0.003727853298187256,0.0035950206220149994,0.003281913697719574,0.00304311141371727,0.002850741147994995,0.0025719478726387024,0.002366267144680023,0.00218769907951355,0.0019733011722564697,0.0017598941922187805,0.0016231536865234375,0.0013381503522396088,0.0010955333709716797,0.000893671065568924,0.0006480254232883453,0.0005080290138721466,0.00028889626264572144,0.0,0.0,0.0,0.0,0.0,0.0,0.0,0.0,0.0,0.0,0.0,0.0,0.0,0.0,0.0,0.0,0.0,0.0,0.0,0.0,0.0986412912607193
40,0.005821347236633301,0.005763672292232513,0.0056089721620082855,0.005397763103246689,0.005235128104686737,0.005196042358875275,0.00504545122385025,0.004826415330171585,0.004595894366502762,0.004413548856973648,0.004379261285066605,0.004233095794916153,0.003913745284080505,0.003845673054456711,0.003542080521583557,0.003324933350086212,0.003130517899990082,0.002888888120651245,0.002685241401195526,0.0024785585701465607,0.0021121352910995483,0.0019168779253959656,0.0016940683126449585,0.00148816779255867,0.0012356862425804138,0.001016620546579361,0.0007801242172718048,0.0005831979215145111,0.0003993473947048187,0.00012870877981185913,0.0,0.0,0.0,0.0,0.0,0.0,0.0,0.0,0.0,0.0,0.0,0.0,0.0,0.0,0.0,0.0,0.0,0.0,0.0,0.0,0.09768116474151611
41,0.005988270044326782,0.005782559514045715,0.0056438930332660675,0.005504988133907318,0.005387753248214722,0.00528605654835701,0.005063686519861221,0.004921469837427139,0.0047955699265003204,0.004470892250537872,0.004306968301534653,0.004108864814043045,0.004047982394695282,0.003750026226043701,0.003564797341823578,0.0033471249043941498,0.0032189413905143738,0.002988651394844055,0.0026841387152671814,0.0024561211466789246,0.002293933182954788,0.0020176805555820465,0.0019290000200271606,0.0017552487552165985,0.0015281476080417633,0.0012679100036621094,0.0010021813213825226,0.0007691644132137299,0.0005560815334320068,0.0002885088324546814,0.0,0.0,0.0,0.0,0.0,0.0,0.0,0.0,0.0,0.0,0.0,0.0,0.0,0.0,0.0,0.0,0.0,0.0,0.0,0.0,0.10072661191225052
42,0.005961868911981583,0.005783148109912872,0.005643106997013092,0.005514573305845261,0.005318999290466309,0.005232866853475571,0.0051549263298511505,0.005102150142192841,0.0048940666019916534,0.004660356789827347,0.004548683762550354,0.00439608097076416,0.004070855677127838,0.003812842071056366,0.0036498308181762695,0.0035186298191547394,0.0031799189746379852,0.0028937943279743195,0.0026836805045604706,0.002364758402109146,0.0021096505224704742,0.001888919621706009,0.0017323978245258331,0.001562550663948059,0.0014416612684726715,0.0011241994798183441,0.0009291358292102814,0.0007319711148738861,0.0005332492291927338,0.0002726130187511444,0.0,0.0,0.0,0.0,0.0,0.0,0.0,0.0,0.0,0.0,0.0,0.0,0.0,0.0,0.0,0.0,0.0,0.0,0.0,0.0,0.10071148723363876
43,0.0059639811515808105,0.005787651985883713,0.005641665309667587,0.005428828299045563,0.005314592272043228,0.005193475633859634,0.005072418600320816,0.004901830106973648,0.004801437258720398,0.004709988832473755,0.0043373703956604,0.004212278872728348,0.003999762237071991,0.0038989707827568054,0.0036496110260486603,0.0034851357340812683,0.0031159259378910065,0.002930309623479843,0.002681531012058258,0.0025197602808475494,0.002325683832168579,0.002028312534093857,0.0017921999096870422,0.0015802867710590363,0.0013716407120227814,0.0011253319680690765,0.000926624983549118,0.0007406696677207947,0.0005200915038585663,0.00028900057077407837,0.0,0.0,0.0,0.0,0.0,0.0,0.0,0.0,0.0,0.0,0.0,0.0,0.0,0.0,0.0,0.0,0.0,0.0,0.0,0.0,0.10034636780619621
44,0.006040163338184357,0.005817525088787079,0.005727119743824005,0.005600813776254654,0.0054001472890377045,0.005296293646097183,0.005140736699104309,0.004985839128494263,0.00482916459441185,0.004712190479040146,0.0043935514986515045,0.00413995236158371,0.003918822854757309,0.0038703083992004395,0.003736410290002823,0.003473583608865738,0.0032453536987304688,0.003042992204427719,0.002736452966928482,0.0025203898549079895,0.002280730754137039,0.002077817916870117,0.0018586218357086182,0.00158720463514328,0.0013600215315818787,0.001150909811258316,0.0009485036134719849,0.0007918216288089752,0.0005699470639228821,0.00030332058668136597,0.0,0.0,0.0,0.0,0.0,0.0,0.0,0.0,0.0,0.0,0.0,0.0,0.0,0.0,0.0,0.0,0.0,0.0,0.0,0.0,0.10155671089887619
45,0.006004609167575836,0.005797453224658966,0.005656212568283081,0.005457229912281036,0.005355760455131531,0.005203478038311005,0.005022525787353516,0.0049456097185611725,0.004696749150753021,0.004623711109161377,0.004479903727769852,0.004255335777997971,0.004064202308654785,0.003876287490129471,0.0035603344440460205,0.0034212134778499603,0.0031757280230522156,0.0030155517160892487,0.002703282982110977,0.002538420259952545,0.0023226886987686157,0.002120286226272583,0.0019428208470344543,0.001726057380437851,0.0014587342739105225,0.0012339167296886444,0.0009868256747722626,0.0007400363683700562,0.0004965290427207947,0.0002763792872428894,0.0,0.0,0.0,0.0,0.0,0.0,0.0,0.0,0.0,0.0,0.0,0.0,0.0,0.0,0.0,0.0,0.0,0.0,0.0,0.0,0.10115787386894226
46,0.00582803413271904,0.005754847079515457,0.005601629614830017,0.005504526197910309,0.005311533808708191,0.005165968090295792,0.005022969096899033,0.00497027114033699,0.004825606942176819,0.004541262984275818,0.004458028823137283,0.0043043456971645355,0.00408519059419632,0.0037429071962833405,0.003528159111738205,0.0031862109899520874,0.0029502399265766144,0.0027244240045547485,0.0025896020233631134,0.00239422544836998,0.0021590813994407654,0.0019859671592712402,0.0018161311745643616,0.0016751475632190704,0.001375485211610794,0.001096881926059723,0.000870242714881897,0.0006399750709533691,0.00041493773460388184,0.00016845762729644775,0.0,0.0,0.0,0.0,0.0,0.0,0.0,0.0,0.0,0.0,0.0,0.0,0.0,0.0,0.0,0.0,0.0,0.0,0.0,0.0,0.09869229048490524
47,0.005864892154932022,0.005733773112297058,0.02069033682346344,0.005411520600318909,0.005287084728479385,0.005188155919313431,0.005040660500526428,0.004819359630346298,0.004734862595796585,0.004573926329612732,0.004394993185997009,0.0042062364518642426,0.003956899046897888,0.003718387335538864,0.0034893862903118134,0.0032969005405902863,0.0030010566115379333,0.0029629506170749664,0.00274045392870903,0.00250205397605896,0.002253364771604538,0.002056855708360672,0.001804545521736145,0.001568857580423355,0.0013218410313129425,0.0011380314826965332,0.0009169280529022217,0.0007155649363994598,0.00044321268796920776,0.0002957358956336975,0.0,0.0,0.0,0.0,0.0,0.0,0.0,0.0,0.0,0.0,0.0,0.0,0.0,0.0,0.0,0.0,0.0,0.0,0.0,0.0,0.11412882804870605
48,0.005897883325815201,0.0057102106511592865,0.00604553148150444,0.005891002714633942,0.005172207951545715,0.0055051036179065704,0.004909440875053406,0.004669182002544403,0.004460480064153671,0.00436386838555336,0.0042984336614608765,0.00399172306060791,0.0038587823510169983,0.0037633106112480164,0.0034744590520858765,0.0032658763229846954,0.0030943378806114197,0.002804417163133621,0.0025267750024795532,0.0023774877190589905,0.002218950539827347,0.002012401819229126,0.0017988644540309906,0.0015599392354488373,0.0012394264340400696,0.0009964853525161743,0.0007646940648555756,0.0005903430283069611,0.00038642436265945435,0.00013124197721481323,0.0,0.0,0.0,0.0,0.0,0.0,0.0,0.0,0.0,0.0,0.0,0.0,0.0,0.0,0.0,0.0,0.0,0.0,0.0,0.0,0.0977792851626873
49,0.005840085446834564,0.005698230117559433,0.005610760301351547,0.0054435133934021,0.0053376704454422,0.005206651985645294,0.005050010979175568,0.004950582981109619,0.004831138998270035,0.004563041031360626,0.004297863692045212,0.004072494804859161,0.003918778151273727,0.0037585534155368805,0.0034160390496253967,0.003157377243041992,0.002955019474029541,0.0026878342032432556,0.002398841083049774,0.002235446125268936,0.0020067207515239716,0.0018260926008224487,0.0016400665044784546,0.001481965184211731,0.0012237615883350372,0.0010393112897872925,0.000857330858707428,0.0006232671439647675,0.0004196465015411377,0.0001869387924671173,0.0,0.0,0.0,0.0,0.0,0.0,0.0,0.0,0.0,0.0,0.0,0.0,0.0,0.0,0.0,0.0,0.0,0.0,0.0,0.0,0.09673503413796425
50,0.0058069489896297455,0.005696892738342285,0.005521547049283981,0.005449265241622925,0.005255844444036484,0.005035120993852615,0.004916053265333176,0.004872921854257584,0.004633903503417969,0.004499375820159912,0.004316505044698715,0.004122592508792877,0.0038571245968341827,0.003794245421886444,0.003518424928188324,0.0033322609961032867,0.003123316913843155,0.002863515168428421,0.0026753656566143036,0.0023437179625034332,0.002034645527601242,0.001781519502401352,0.0015935786068439484,0.0014277882874011993,0.0011871866881847382,0.0009949691593647003,0.0007906816899776459,0.0005869530141353607,0.00041531026363372803,0.00018214061856269836,0.0,0.0,0.0,0.0,0.0,0.0,0.0,0.0,0.0,0.0,0.0,0.0,0.0,0.0,0.0,0.0,0.0,0.0,0.0,0.0,0.09662971645593643
51,0.005896378308534622,0.005796495825052261,0.005740273743867874,0.005504030734300613,0.005400009453296661,0.005220893770456314,0.005089808255434036,0.005015555769205093,0.004790276288986206,0.004564806818962097,0.004445809870958328,0.0042198337614536285,0.003938935697078705,0.00382377952337265,0.0036650560796260834,0.0035356469452381134,0.0032404884696006775,0.0029991790652275085,0.002800349146127701,0.002515006810426712,0.0023140572011470795,0.0020819082856178284,0.0018648020923137665,0.0017690472304821014,0.0014627724885940552,0.001215953379869461,0.0009662657976150513,0.0007009431719779968,0.0004949867725372314,0.00029668211936950684,0.0,0.0,0.0,0.0,0.0,0.0,0.0,0.0,0.0,0.0,0.0,0.0,0.0,0.0,0.0,0.0,0.0,0.0,0.0,0.0,0.10137003287672997
52,0.005957216024398804,0.005892757326364517,0.005654584616422653,0.005507979542016983,0.00531638041138649,0.005260549485683441,0.005143739283084869,0.0049455054104328156,0.004865515977144241,0.004581097513437271,0.004493486136198044,0.004222195595502853,0.0040595643222332,0.0038338638842105865,0.003481995314359665,0.0033620409667491913,0.00307387113571167,0.002816755324602127,0.0025559812784194946,0.00236666202545166,0.002274569123983383,0.002057332545518875,0.001883041113615036,0.0016895681619644165,0.0014150142669677734,0.0012001805007457733,0.0009752921760082245,0.0007308237254619598,0.0005360767245292664,0.00030010566115379333,0.0,0.0,0.0,0.0,0.0,0.0,0.0,0.0,0.0,0.0,0.0,0.0,0.0,0.0,0.0,0.0,0.0,0.0,0.0,0.0,0.10045374557375908
53,0.005957745015621185,0.005813047289848328,0.005688190460205078,0.00552796944975853,0.005414009094238281,0.005364671349525452,0.005124080926179886,0.00490323081612587,0.0048151277005672455,0.004635807126760483,0.004577919840812683,0.004284899681806564,0.004160284996032715,0.003891158849000931,0.003697369247674942,0.0034641623497009277,0.003292761743068695,0.003056339919567108,0.002819754183292389,0.002624843269586563,0.0023481883108615875,0.001960139721632004,0.0017759092152118683,0.0016960389912128448,0.0013574063777923584,0.0011298768222332,0.000905115157365799,0.0006733313202857971,0.0005180463194847107,0.0002839900553226471,0.0,0.0,0.0,0.0,0.0,0.0,0.0,0.0,0.0,0.0,0.0,0.0,0.0,0.0,0.0,0.0,0.0,0.0,0.0,0.0,0.10176141560077667
54,0.0059373639523983,0.005790825933218002,0.005707163363695145,0.005483612418174744,0.00535101443529129,0.005148172378540039,0.005050640553236008,0.004896216094493866,0.00477151945233345,0.004630584269762039,0.00436391681432724,0.0041830092668533325,0.003958303481340408,0.00373067706823349,0.0035134702920913696,0.003318827599287033,0.003056887537240982,0.00280066579580307,0.0025900080800056458,0.0024663731455802917,0.002270318567752838,0.00211469829082489,0.0018745586276054382,0.0017280727624893188,0.001464996486902237,0.0012103952467441559,0.0009588226675987244,0.0007377192378044128,0.0005046464502811432,0.0002706162631511688,0.0,0.0,0.0,0.0,0.0,0.0,0.0,0.0,0.0,0.0,0.0,0.0,0.0,0.0,0.0,0.0,0.0,0.0,0.0,0.0,0.09988409653306007
55,0.005981031805276871,0.0058163851499557495,0.005667727440595627,0.005519326776266098,0.005436841398477554,0.0052459388971328735,0.005141347646713257,0.005104105919599533,0.004894707351922989,0.004763063043355942,0.004573740065097809,0.004299934953451157,0.004119399935007095,0.003906372934579849,0.0035594962537288666,0.003377951681613922,0.0032567866146564484,0.00293157622218132,0.002739459276199341,0.0025421790778636932,0.002379469573497772,0.0021409690380096436,0.0018979460000991821,0.0017110779881477356,0.001476883888244629,0.0012549273669719696,0.001034267246723175,0.0007961355149745941,0.0005296766757965088,0.00031212717294692993,0.0,0.0,0.0,0.0,0.0,0.0,0.0,0.0,0.0,0.0,0.0,0.0,0.0,0.0,0.0,0.0,0.0,0.0,0.0,0.0,0.10241085290908813
56,0.005881614983081818,0.005753226578235626,0.0056506432592868805,0.005480680614709854,0.005431905388832092,0.005170512944459915,0.005045779049396515,0.004867579787969589,0.004691720008850098,0.004587769508361816,0.004561953246593475,0.004252105951309204,0.004039984196424484,0.003777850419282913,0.0035100355744361877,0.003204014152288437,0.003027442842721939,0.0028753429651260376,0.002615310251712799,0.002322167158126831,0.0021297670900821686,0.002014860510826111,0.0018124356865882874,0.0015612617135047913,0.001359257847070694,0.0010679736733436584,0.0008381754159927368,0.0006067603826522827,0.0004172809422016144,0.00017140433192253113,0.0,0.0,0.0,0.0,0.0,0.0,0.0,0.0,0.0,0.0,0.0,0.0,0.0,0.0,0.0,0.0,0.0,0.0,0.0,0.0,0.09872681647539139
57,0.005811374634504318,0.005736798048019409,0.005560301244258881,0.005428757518529892,0.0053033605217933655,0.0051003098487854,0.005040530115365982,0.004918891936540604,0.004630405455827713,0.004502676427364349,0.004214257001876831,0.0040968358516693115,0.0039232634007930756,0.003660578280687332,0.0035248249769210815,0.003215264528989792,0.0028820447623729706,0.002708766609430313,0.0024906620383262634,0.002274155616760254,0.0020671673119068146,0.001949399709701538,0.001746945083141327,0.0015251897275447845,0.0012875460088253021,0.0010716207325458527,0.0008578486740589142,0.0006685219705104828,0.0004462823271751404,0.00017364323139190674,0.0,0.0,0.0,0.0,0.0,0.0,0.0,0.0,0.0,0.0,0.0,0.0,0.0,0.0,0.0,0.0,0.0,0.0,0.0,0.0,0.0968182235956192
58,0.005901601165533066,0.005711115896701813,0.00557984784245491,0.005374327301979065,0.005298342555761337,0.005221828818321228,0.004981253296136856,0.004858572036027908,0.004739623516798019,0.004513256251811981,0.0043046735227108,0.004104293882846832,0.003994584083557129,0.0036851726472377777,0.0034842118620872498,0.003352385014295578,0.003045596182346344,0.0027807578444480896,0.0025215670466423035,0.0022467225790023804,0.0020326413214206696,0.001760140061378479,0.001672070473432541,0.0014891475439071655,0.0013036839663982391,0.001043461263179779,0.0008752569556236267,0.0006259866058826447,0.00036953389644622803,0.0001665465533733368,0.0,0.0,0.0,0.0,0.0,0.0,0.0,0.0,0.0,0.0,0.0,0.0,0.0,0.0,0.0,0.0,0.0,0.0,0.0,0.0,0.09703820198774338
59,0.005852770060300827,0.005700603127479553,0.005571674555540085,0.005485992878675461,0.005333848297595978,0.005166195333003998,0.005037821829319,0.004892241209745407,0.004647661000490189,0.004338942468166351,0.004238199442625046,0.004020173102617264,0.0037897415459156036,0.003572184592485428,0.003412242978811264,0.003275420516729355,0.0030354559421539307,0.0028646476566791534,0.0026778802275657654,0.0025166496634483337,0.002258922904729843,0.002027507871389389,0.001981288194656372,0.0017191581428050995,0.0014055520296096802,0.0011239759624004364,0.000917874276638031,0.0006479285657405853,0.00043011829257011414,0.00016286596655845642,0.0,0.0,0.0,0.0,0.0,0.0,0.0,0.0,0.0,0.0,0.0,0.0,0.0,0.0,0.0,0.0,0.0,0.0,0.0,0.0,0.098105538636446
60,0.005820561200380325,0.005697239190340042,0.00555998831987381,0.00552879273891449,0.0053639523684978485,0.005272708833217621,0.005177121609449387,0.005009658634662628,0.004828590899705887,0.0045444294810295105,0.004375673830509186,0.004165187478065491,0.004009943455457687,0.003874674439430237,0.0036459341645240784,0.00338088721036911,0.0030907392501831055,0.0029666684567928314,0.0027747154235839844,0.002593044191598892,0.003228563815355301,0.0020921044051647186,0.00193076953291893,0.0017471276223659515,0.0014271140098571777,0.0011499151587486267,0.000992417335510254,0.0007676184177398682,0.000510096549987793,0.0002900026738643646,0.0,0.0,0.0,0.0,0.0,0.0,0.0,0.0,0.0,0.0,0.0,0.0,0.0,0.0,0.0,0.0,0.0,0.0,0.0,0.0,0.10181624069809914
61,0.006001871079206467,0.005879797041416168,0.005768913775682449,0.005615394562482834,0.0054001398384571075,0.005285616964101791,0.004973750561475754,0.004855860024690628,0.004791907966136932,0.004456035792827606,0.0043409839272499084,0.004122938960790634,0.003952760249376297,0.0036991648375988007,0.003307916224002838,0.0030533932149410248,0.002880871295928955,0.0027096718549728394,0.002526756376028061,0.0023258738219738007,0.0022057294845581055,0.0019762665033340454,0.0017691701650619507,0.0015801489353179932,0.0014425106346607208,0.001180216670036316,0.000950302928686142,0.0007644407451152802,0.0005598776042461395,0.0003034546971321106,0.0,0.0,0.0,0.0,0.0,0.0,0.0,0.0,0.0,0.0,0.0,0.0,0.0,0.0,0.0,0.0,0.0,0.0,0.0,0.0,0.0986817367374897
62,0.0060079507529735565,0.0057841576635837555,0.005663301795721054,0.005584254860877991,0.005488317459821701,0.0052180215716362,0.005040053278207779,0.004905533045530319,0.004745233803987503,0.004589889198541641,0.004368476569652557,0.004159968346357346,0.004022683948278427,0.0037715770304203033,0.0036054030060768127,0.003422517329454422,0.0033040568232536316,0.0030381381511688232,0.002729363739490509,0.0025071129202842712,0.0023032501339912415,0.0020259059965610504,0.0017909184098243713,0.0016511306166648865,0.0014242008328437805,0.0012295283377170563,0.001056186854839325,0.000764109194278717,0.0005082190036773682,0.00027420371770858765,0.0,0.0,0.0,0.0,0.0,0.0,0.0,0.0,0.0,0.0,0.0,0.0,0.0,0.0,0.0,0.0,0.0,0.0,0.0,0.0,0.10098366439342499
63,0.00671040266752243,0.00577646866440773,0.0056561678647994995,0.00544777512550354,0.005375824868679047,0.00530039519071579,0.005105271935462952,0.004942350089550018,0.004843749105930328,0.004618294537067413,0.004320871084928513,0.00410156324505806,0.003981553018093109,0.0036940984427928925,0.0035446956753730774,0.0033381469547748566,0.0030485019087791443,0.0028475672006607056,0.002610214054584503,0.002503618597984314,0.002315673977136612,0.002144433557987213,0.0019044801592826843,0.001688290387392044,0.0014604777097702026,0.001280035823583603,0.0010287538170814514,0.000767149031162262,0.0005284734070301056,0.0002934113144874573,0.0,0.0,0.0,0.0,0.0,0.0,0.0,0.0,0.0,0.0,0.0,0.0,0.0,0.0,0.0,0.0,0.0,0.0,0.0,0.0,0.10117870941758156
64,0.005954187363386154,0.005837205797433853,0.005673274397850037,0.005447864532470703,0.005397569388151169,0.005153391510248184,0.005013380199670792,0.0048261843621730804,0.004747223109006882,0.004617851227521896,0.004408363252878189,0.004372868686914444,0.004167124629020691,0.003909945487976074,0.0036353617906570435,0.0034316927194595337,0.0032459646463394165,0.0031335391104221344,0.002741549164056778,0.00261649489402771,0.0023476816713809967,0.0022398903965950012,0.0019667334854602814,0.0017330683767795563,0.001446414738893509,0.0012262389063835144,0.0009316243231296539,0.0007021240890026093,0.0004724934697151184,0.00031116604804992676,0.0,0.0,0.0,0.0,0.0,0.0,0.0,0.0,0.0,0.0,0.0,0.0,0.0,0.0,0.0,0.0,0.0,0.0,0.0,0.0,0.10170847177505493
65,0.005935776978731155,0.005826618522405624,0.0056510381400585175,0.005550466477870941,0.005305156111717224,0.005175255239009857,0.005141854286193848,0.004980586469173431,0.00482255220413208,0.004527918994426727,0.00444292277097702,0.0042260922491550446,0.004147831350564957,0.0039236173033714294,0.0037700459361076355,0.0035239867866039276,0.0032734498381614685,0.0031118765473365784,0.0028646662831306458,0.0025501549243927,0.0024193227291107178,0.0020673610270023346,0.0018777064979076385,0.0016353689134120941,0.001383356750011444,0.0010772719979286194,0.0008695907890796661,0.000742599368095398,0.0005338527262210846,0.0002963133156299591,0.0,0.0,0.0,0.0,0.0,0.0,0.0,0.0,0.0,0.0,0.0,0.0,0.0,0.0,0.0,0.0,0.0,0.0,0.0,0.0,0.10165461152791977
66,0.005785800516605377,0.005707155913114548,0.005582466721534729,0.005440365523099899,0.0052559152245521545,0.005135916173458099,0.004952684044837952,0.00487261638045311,0.00465049222111702,0.004381846636533737,0.004242558032274246,0.004128940403461456,0.004036378115415573,0.0038142576813697815,0.0036410391330718994,0.003359571099281311,0.003102421760559082,0.0028945617377758026,0.002714555710554123,0.002472367137670517,0.0022349096834659576,0.00202975794672966,0.001768890768289566,0.0015941932797431946,0.001287665218114853,0.0011167041957378387,0.0008662231266498566,0.0006824322044849396,0.00043749064207077026,0.00017596781253814697,0.0,0.0,0.0,0.0,0.0,0.0,0.0,0.0,0.0,0.0,0.0,0.0,0.0,0.0,0.0,0.0,0.0,0.0,0.0,0.0,0.0983661450445652
67,0.005808081477880478,0.005742918699979782,0.005557119846343994,0.005358736962080002,0.005294978618621826,0.005105957388877869,0.005055166780948639,0.004873842000961304,0.004838000982999802,0.004619963467121124,0.004536889493465424,0.0042977407574653625,0.004038795828819275,0.003775428980588913,0.00341874361038208,0.0031602196395397186,0.0031337104737758636,0.002849474549293518,0.002673320472240448,0.002430398017168045,0.0022540241479873657,0.0020844638347625732,0.0018276125192642212,0.0016024038195610046,0.0013698786497116089,0.001126714050769806,0.0008626319468021393,0.0005863495171070099,0.00037898123264312744,0.00016357377171516418,0.0,0.0,0.0,0.0,0.0,0.0,0.0,0.0,0.0,0.0,0.0,0.0,0.0,0.0,0.0,0.0,0.0,0.0,0.0,0.0,0.09882612153887749
68,0.005805496126413345,0.0072095878422260284,0.005598988384008408,0.005286112427711487,0.005223456770181656,0.005740202963352203,0.005005605518817902,0.0049093179404735565,0.004907701164484024,0.004598613828420639,0.004294965416193008,0.004256065934896469,0.0038856714963912964,0.0036640577018260956,0.0035113878548145294,0.003200434148311615,0.0029556602239608765,0.002782277762889862,0.0026641041040420532,0.0024825744330883026,0.002253066748380661,0.00203569233417511,0.0018815137445926666,0.0015787146985530853,0.0013218410313129425,0.0010041296482086182,0.0008229799568653107,0.0005793794989585876,0.00039522722363471985,0.0001308731734752655,0.0,0.0,0.0,0.0,0.0,0.0,0.0,0.0,0.0,0.0,0.0,0.0,0.0,0.0,0.0,0.0,0.0,0.0,0.0,0.0,0.09998570010066032
69,0.005845345556735992,0.005693443119525909,0.005596756935119629,0.00555168092250824,0.005350783467292786,0.005261138081550598,0.0049484893679618835,0.004738364368677139,0.004493407905101776,0.004396937787532806,0.0042227283120155334,0.004027120769023895,0.0039629265666007996,0.0036734528839588165,0.0035925954580307007,0.0033004358410835266,0.003094051033258438,0.0028344281017780304,0.0027351006865501404,0.0025790557265281677,0.0023821108043193817,0.002079293131828308,0.0018277131021022797,0.001631278544664383,0.0013834796845912933,0.0011990293860435486,0.0009134374558925629,0.0006720498204231262,0.000456247478723526,0.00016437098383903503,0.0,0.0,0.0,0.0,0.0,0.0,0.0,0.0,0.0,0.0,0.0,0.0,0.0,0.0,0.0,0.0,0.0,0.0,0.0,0.0,0.09860725328326225
70,0.005834564566612244,0.005667977035045624,0.0055551677942276,0.005451563745737076,0.018397510051727295,0.005157683044672012,0.005040992051362991,0.004917379468679428,0.00473751500248909,0.004500985145568848,0.0043442994356155396,0.004322357475757599,0.004084598273038864,0.0037749148905277252,0.0036301538348197937,0.0033892132341861725,0.0031888335943222046,0.002927113324403763,0.0026287920773029327,0.0024320781230926514,0.0022614262998104095,0.002013642340898514,0.0018284618854522705,0.0015804730355739594,0.0013149790465831757,0.0010800771415233612,0.0008132606744766235,0.0005995742976665497,0.000412818044424057,0.00017770379781723022,0.0,0.0,0.0,0.0,0.0,0.0,0.0,0.0,0.0,0.0,0.0,0.0,0.0,0.0,0.0,0.0,0.0,0.0,0.0,0.0,0.1120661087334156
71,0.005989864468574524,0.005878325551748276,0.005617052316665649,0.005506440997123718,0.005314026027917862,0.005142509937286377,0.005042701959609985,0.004930324852466583,0.004750747233629227,0.004467260092496872,0.0043389685451984406,0.004144970327615738,0.004003949463367462,0.003810044378042221,0.003672949969768524,0.0034085214138031006,0.003188136965036392,0.002848520874977112,0.002616405487060547,0.002439722418785095,0.002342667430639267,0.0021113529801368713,0.0019290521740913391,0.001722622662782669,0.0015402473509311676,0.0012471750378608704,0.0009957998991012573,0.0007566735148429871,0.0005401372909545898,0.00027059391140937805,0.0,0.0,0.0,0.0,0.0,0.0,0.0,0.0,0.0,0.0,0.0,0.0,0.0,0.0,0.0,0.0,0.0,0.0,0.0,0.0,0.1005677655339241
72,0.0059125907719135284,0.005845770239830017,0.005663342773914337,0.005503896623849869,0.005384273827075958,0.0052787549793720245,0.005092456936836243,0.0048478394746780396,0.004650898277759552,0.004555076360702515,0.004449579864740372,0.004355829209089279,0.004121527075767517,0.003786034882068634,0.0036506876349449158,0.0034622959792613983,0.00324803963303566,0.0030108466744422913,0.002796988934278488,0.0026304759085178375,0.0023416802287101746,0.0021645650267601013,0.0019143149256706238,0.0016766153275966644,0.0014671199023723602,0.0012561194598674774,0.0010019950568675995,0.000774085521697998,0.0005369856953620911,0.0003066994249820709,0.0,0.0,0.0,0.0,0.0,0.0,0.0,0.0,0.0,0.0,0.0,0.0,0.0,0.0,0.0,0.0,0.0,0.0,0.0,0.0,0.10168738663196564
73,0.005919087678194046,0.00580863282084465,0.005738846957683563,0.0055792927742004395,0.005292031913995743,0.005159277468919754,0.005029764026403427,0.00496649369597435,0.004943985491991043,0.004781477153301239,0.00455266609787941,0.0044061653316020966,0.00402522087097168,0.003924597054719925,0.003647923469543457,0.0034773871302604675,0.0032755620777606964,0.0030193403363227844,0.00280153751373291,0.0025525279343128204,0.0023689866065979004,0.00215853750705719,0.0019428841769695282,0.0016977153718471527,0.0014797486364841461,0.0012287795543670654,0.0009158588945865631,0.0007117390632629395,0.0005035772919654846,0.00030478090047836304,0.0,0.0,0.0,0.0,0.0,0.0,0.0,0.0,0.0,0.0,0.0,0.0,0.0,0.0,0.0,0.0,0.0,0.0,0.0,0.0,0.10221442580223083
74,0.005963273346424103,0.005767371505498886,0.005737733095884323,0.005491998046636581,0.0053102485835552216,0.0051237791776657104,0.005058743059635162,0.0048920586705207825,0.004674628376960754,0.004503898322582245,0.004274103790521622,0.004074215888977051,0.003950934857130051,0.0037122033536434174,0.0035605579614639282,0.0033371634781360626,0.0031262561678886414,0.0028888732194900513,0.0027350671589374542,0.002535466104745865,0.0022765398025512695,0.0020903833210468292,0.0018541589379310608,0.0016301646828651428,0.0013700835406780243,0.001136232167482376,0.0009397752583026886,0.0006907880306243896,0.0005102641880512238,0.00026923418045043945,0.0,0.0,0.0,0.0,0.0,0.0,0.0,0.0,0.0,0.0,0.0,0.0,0.0,0.0,0.0,0.0,0.0,0.0,0.0,0.0,0.09948619827628136
75,0.005962900817394257,0.005815513432025909,0.005665365606546402,0.005530897527933121,0.005270913243293762,0.005184657871723175,0.01812572404742241,0.004889417439699173,0.004750646650791168,0.004516150802373886,0.004293341189622879,0.004339195787906647,0.004129834473133087,0.0038351230323314667,0.0036154836416244507,0.0033847391605377197,0.01629650592803955,0.00301273912191391,0.0028541721403598785,0.002611108124256134,0.0022960975766181946,0.0021055229008197784,0.0017980225384235382,0.0015175379812717438,0.0013307854533195496,0.001189645379781723,0.0009495094418525696,0.000745914876461029,0.0005304813385009766,0.00029527023434638977,0.0,0.0,0.0,0.0,0.0,0.0,0.0,0.0,0.0,0.0,0.0,0.0,0.0,0.0,0.0,0.0,0.0,0.0,0.0,0.0,0.12684321776032448
76,0.005898721516132355,0.005715135484933853,0.005650673061609268,0.005489509552717209,0.00535283237695694,0.005230903625488281,0.005000963807106018,0.004961952567100525,0.004721485078334808,0.00464046373963356,0.004497341811656952,0.004294954240322113,0.003961857408285141,0.0037387683987617493,0.003539949655532837,0.003447446972131729,0.0031929686665534973,0.002951253205537796,0.0026776306331157684,0.002477150410413742,0.0022510960698127747,0.0020614825189113617,0.0017696581780910492,0.001549210399389267,0.001288488507270813,0.0010862722992897034,0.0008747614920139313,0.0006700530648231506,0.0004516392946243286,0.00017222389578819275,0.0,0.0,0.0,0.0,0.0,0.0,0.0,0.0,0.0,0.0,0.0,0.0,0.0,0.0,0.0,0.0,0.0,0.0,0.0,0.0,0.09961684793233871
77,0.005932372063398361,0.005772404372692108,0.005592811852693558,0.0054350607097148895,0.005303718149662018,0.0052490234375,0.01812693476676941,0.00488097220659256,0.004824724048376083,0.004627563059329987,0.0044425129890441895,0.004208654165267944,0.004036020487546921,0.0037196390330791473,0.0034843645989894867,0.00325731560587883,0.003027975559234619,0.0027976594865322113,0.002616971731185913,0.015414893627166748,0.0022372491657733917,0.0019462183117866516,0.0017460212111473083,0.0014075413346290588,0.0012614354491233826,0.0010036788880825043,0.0008218549191951752,0.0006285756826400757,0.00041469186544418335,0.00017156824469566345,0.0,0.0,0.0,0.0,0.0,0.0,0.0,0.0,0.0,0.0,0.0,0.0,0.0,0.0,0.0,0.0,0.0,0.0,0.0,0.0,0.12439042702317238
78,0.005816653370857239,0.005775030702352524,0.005567189306020737,0.005428653210401535,0.005293890833854675,0.005322922021150589,0.004902347922325134,0.004866916686296463,0.004793450236320496,0.004590757191181183,0.00444263219833374,0.0041890740394592285,0.003937248140573502,0.0037983134388923645,0.0035610534250736237,0.003319624811410904,0.003176778554916382,0.0034323781728744507,0.0026654675602912903,0.0024522319436073303,0.002233080565929413,0.001979224383831024,0.001758277416229248,0.0016396455466747284,0.0013662315905094147,0.0011368803679943085,0.0008970312774181366,0.00067104771733284,0.000429302453994751,0.00029226019978523254,0.0,0.0,0.0,0.0,0.0,0.0,0.0,0.0,0.0,0.0,0.0,0.0,0.0,0.0,0.0,0.0,0.0,0.0,0.0,0.0,0.09973559528589249
79,0.005788605660200119,0.005748603492975235,0.005578458309173584,0.005409415811300278,0.0052640922367572784,0.00514594092965126,0.005038812756538391,0.00500812754034996,0.004868924617767334,0.004640519618988037,0.0044512636959552765,0.0042725056409835815,0.004050441086292267,0.003981318324804306,0.003530491143465042,0.003356408327817917,0.003146585077047348,0.0030428245663642883,0.0027767084538936615,0.002536449581384659,0.0022270791232585907,0.001983948051929474,0.001773197203874588,0.0015621110796928406,0.0013616159558296204,0.0010788924992084503,0.000873815268278122,0.0006572194397449493,0.00041445717215538025,0.00016776099801063538,0.0,0.0,0.0,0.0,0.0,0.0,0.0,0.0,0.0,0.0,0.0,0.0,0.0,0.0,0.0,0.0,0.0,0.0,0.0,0.0,0.09973659366369247
80,0.005837284028530121,0.005760502070188522,0.005579590797424316,0.005493007600307465,0.005314145237207413,0.00509382039308548,0.004908610135316849,0.004821054637432098,0.004691470414400101,0.004589371383190155,0.004269503057003021,0.004123114049434662,0.003919634968042374,0.0036913082003593445,0.003616873174905777,0.003348417580127716,0.003111671656370163,0.002911161631345749,0.002644449472427368,0.0024403035640716553,0.0022235140204429626,0.002097945660352707,0.0018447451293468475,0.0015881508588790894,0.0013524144887924194,0.001115012913942337,0.0008871741592884064,0.0006591342389583588,0.0004201643168926239,0.00028974562883377075,0.0,0.0,0.0,0.0,0.0,0.0,0.0,0.0,0.0,0.0,0.0,0.0,0.0,0.0,0.0,0.0,0.0,0.0,0.0,0.0,0.09864329546689987
81,0.0059339739382267,0.005829408764839172,0.005747653543949127,0.005559723824262619,0.005363389849662781,0.005348648875951767,0.005186047405004501,0.004923481494188309,0.004777524620294571,0.004689805209636688,0.004579175263643265,0.004241723567247391,0.004089120775461197,0.0038610845804214478,0.003786575049161911,0.003443010151386261,0.0032314956188201904,0.00306711345911026,0.0028681382536888123,0.0025465935468673706,0.0022651255130767822,0.002133820205926895,0.001942753791809082,0.00170859694480896,0.0014519989490509033,0.001202024519443512,0.0009684264659881592,0.0007789134979248047,0.0004957206547260284,0.00029083341360092163,0.0,0.0,0.0,0.0,0.0,0.0,0.0,0.0,0.0,0.0,0.0,0.0,0.0,0.0,0.0,0.0,0.0,0.0,0.0,0.0,0.10231190174818039
82,0.0059730857610702515,0.005805294960737228,0.0056662894785404205,0.00549636036157608,0.005343832075595856,0.0052706338465213776,0.005110267549753189,0.0050117261707782745,0.004783552139997482,0.004662349820137024,0.004584986716508865,0.004266861826181412,0.004106719046831131,0.016876541078090668,0.00357171893119812,0.003363322466611862,0.0031470581889152527,0.002998512238264084,0.0027173981070518494,0.00246385857462883,0.0023032911121845245,0.0020278245210647583,0.0017914250493049622,0.0015577524900436401,0.0012816116213798523,0.0011573173105716705,0.0009630396962165833,0.0007546506822109222,0.0005722381174564362,0.0002996101975440979,0.0,0.0,0.0,0.0,0.0,0.0,0.0,0.0,0.0,0.0,0.0,0.0,0.0,0.0,0.0,0.0,0.0,0.0,0.0,0.0,0.1139291301369667
83,0.005998138338327408,0.0058542825281620026,0.005657173693180084,0.00549759715795517,0.005354773253202438,0.005231894552707672,0.005038157105445862,0.004865024238824844,0.004788562655448914,0.004689168184995651,0.004426442086696625,0.011291783303022385,0.004020668566226959,0.003761548548936844,0.003560476005077362,0.003308594226837158,0.003054320812225342,0.002894114702939987,0.0027160458266735077,0.0024673454463481903,0.002213910222053528,0.0020106136798858643,0.0018506236374378204,0.0016637332737445831,0.0014508739113807678,0.0012103132903575897,0.000965457409620285,0.0007112324237823486,0.0005341619253158569,0.0003025457262992859,0.0,0.0,0.0,0.0,0.0,0.0,0.0,0.0,0.0,0.0,0.0,0.0,0.0,0.0,0.0,0.0,0.0,0.0,0.0,0.0,0.10738957673311234
84,0.005956489592790604,0.006041429936885834,0.00568675622344017,0.005501974374055862,0.005447857081890106,0.005286473780870438,0.00512893870472908,0.004985671490430832,0.004878491163253784,0.0047986432909965515,0.017626263201236725,0.004461638629436493,0.004082243889570236,0.016997594386339188,0.003632623702287674,0.0034935511648654938,0.003151286393404007,0.003011852502822876,0.0028227679431438446,0.0025914087891578674,0.0024213753640651703,0.0021314695477485657,0.0019244737923145294,0.001666732132434845,0.0014634393155574799,0.0012604258954524994,0.000951133668422699,0.0007361136376857758,0.00043088197708129883,0.000457763671875,0.0001643747091293335,0.0,0.0,0.0,0.0,0.0,0.0,0.0,0.0,0.0,0.0,0.0,0.0,0.0,0.0,0.0,0.0,0.0,0.0,0.0,0.12919213995337486
85,0.00595131516456604,0.005796540528535843,0.005647432059049606,0.005468480288982391,0.005425214767456055,0.005227129906415939,0.004995416849851608,0.004853628575801849,0.004650235176086426,0.004538290202617645,0.00428452342748642,0.004144623875617981,0.003900337964296341,0.003881443291902542,0.003773905336856842,0.0034142546355724335,0.003215283155441284,0.003057718276977539,0.0027898885309696198,0.0025915801525115967,0.002405725419521332,0.0021493881940841675,0.0019516311585903168,0.0016805529594421387,0.00147903710603714,0.0012552402913570404,0.0009803920984268188,0.0007376112043857574,0.00048799067735671997,0.0002674274146556854,0.0,0.0,0.0,0.0,0.0,0.0,0.0,0.0,0.0,0.0,0.0,0.0,0.0,0.0,0.0,0.0,0.0,0.0,0.0,0.0,0.10100223869085312
86,0.005848422646522522,0.005705568939447403,0.005571182817220688,0.005395278334617615,0.005330793559551239,0.018267527222633362,0.005054403096437454,0.004953589290380478,0.0047307126224040985,0.004580922424793243,0.004214808344841003,0.004069898277521133,0.00385482981801033,0.003818560391664505,0.003481954336166382,0.0032876431941986084,0.0030611716210842133,0.002768784761428833,0.0025292448699474335,0.002271875739097595,0.0022113248705863953,0.0019881166517734528,0.0017562396824359894,0.0015204623341560364,0.001360960304737091,0.0011366717517375946,0.0009021349251270294,0.0006251148879528046,0.00040647387504577637,0.00017434731125831604,0.0,0.0,0.0,0.0,0.0,0.0,0.0,0.0,0.0,0.0,0.0,0.0,0.0,0.0,0.0,0.0,0.0,0.0,0.0,0.0,0.11087901890277863
87,0.005892805755138397,0.0057301633059978485,0.005627837032079697,0.005421049892902374,0.0052864812314510345,0.005174409598112106,0.005079794675111771,0.004809215664863586,0.004607982933521271,0.004477638751268387,0.0043419525027275085,0.004023071378469467,0.003908935934305191,0.003679562360048294,0.0034655705094337463,0.003196991980075836,0.003035876899957657,0.0028098486363887787,0.0025759749114513397,0.0022818297147750854,0.0020967163145542145,0.0018947198987007141,0.0017200298607349396,0.0014600828289985657,0.001251213252544403,0.0010504350066184998,0.0007845275104045868,0.0005962923169136047,0.00037653371691703796,0.0001674555242061615,0.0,0.0,0.0,0.0,0.0,0.0,0.0,0.0,0.0,0.0,0.0,0.0,0.0,0.0,0.0,0.0,0.0,0.0,0.0,0.0,0.0968249998986721
88,0.0058581046760082245,0.005697004497051239,0.005479805171489716,0.005416076630353928,0.0052994005382061005,0.005142532289028168,0.005010183900594711,0.004850901663303375,0.0047132112085819244,0.0046214573085308075,0.00436820462346077,0.004228007048368454,0.0038905926048755646,0.0037959329783916473,0.00356447696685791,0.00331280380487442,0.003113776445388794,0.002945993095636368,0.0027040094137191772,0.0025289319455623627,0.0022299177944660187,0.002015441656112671,0.0017677992582321167,0.0015034526586532593,0.0013629570603370667,0.0010927841067314148,0.0008605979382991791,0.0005891509354114532,0.0003722868859767914,0.0001566559076309204,0.0,0.0,0.0,0.0,0.0,0.0,0.0,0.0,0.0,0.0,0.0,0.0,0.0,0.0,0.0,0.0,0.0,0.0,0.0,0.0,0.09849245101213455
89,0.005812354385852814,0.005732722580432892,0.005571775138378143,0.005434136837720871,0.005315437912940979,0.005223158746957779,0.018145985901355743,0.004925001412630081,0.004685927182435989,0.0045389942824840546,0.004329398274421692,0.004201855510473251,0.003840237855911255,0.003801252692937851,0.0035409554839134216,0.0032913461327552795,0.003089040517807007,0.0028120428323745728,0.00252479687333107,0.0023656487464904785,0.0021572522819042206,0.0019261017441749573,0.00176209956407547,0.001590438187122345,0.0013446547091007233,0.0010878406465053558,0.0009283833205699921,0.0006213784217834473,0.0003894977271556854,0.00013931840658187866,0.0,0.0,0.0,0.0,0.0,0.0,0.0,0.0,0.0,0.0,0.0,0.0,0.0,0.0,0.0,0.0,0.0,0.0,0.0,0.0,0.1111290343105793
90,0.005836404860019684,0.005754183977842331,0.005587536841630936,0.005442418158054352,0.005324471741914749,0.0051862336695194244,0.005067329853773117,0.004948098212480545,0.004684165120124817,0.00450616329908371,0.004264302551746368,0.004152525216341019,0.0040497928857803345,0.0038217082619667053,0.0036245472729206085,0.003380134701728821,0.0032112784683704376,0.0029763542115688324,0.0026949457824230194,0.0024750418961048126,0.002304207533597946,0.0020963624119758606,0.0018091090023517609,0.0014975406229496002,0.0013344734907150269,0.0010865293443202972,0.0008570030331611633,0.0006478279829025269,0.00045432522892951965,0.00016714632511138916,0.0,0.0,0.0,0.0,0.0,0.0,0.0,0.0,0.0,0.0,0.0,0.0,0.0,0.0,0.0,0.0,0.0,0.0,0.0,0.0,0.09924216195940971
91,0.005943417549133301,0.005783580243587494,0.005682855844497681,0.005483619868755341,0.0053896233439445496,0.005331631749868393,0.005287922918796539,0.0049476586282253265,0.004827678203582764,0.004531603306531906,0.00446116179227829,0.004135705530643463,0.00402049720287323,0.0039614103734493256,0.0035644210875034332,0.003360450267791748,0.0031882189214229584,0.002980802208185196,0.0028311945497989655,0.0026624947786331177,0.002391040325164795,0.002092622220516205,0.001884307712316513,0.0016448348760604858,0.001446206122636795,0.001214630901813507,0.0009507797658443451,0.0006834752857685089,0.00048140808939933777,0.0002619139850139618,0.0,0.0,0.0,0.0,0.0,0.0,0.0,0.0,0.0,0.0,0.0,0.0,0.0,0.0,0.0,0.0,0.0,0.0,0.0,0.0,0.10142716765403748
92,0.005906205624341965,0.005789946764707565,0.005657602101564407,0.005518283694982529,0.005348667502403259,0.005191892385482788,0.005024626851081848,0.004920009523630142,0.0047457292675971985,0.004658006131649017,0.004402894526720047,0.004235953092575073,0.004134468734264374,0.0038210079073905945,0.003733031451702118,0.0034031569957733154,0.003117520362138748,0.0029404237866401672,0.0027018003165721893,0.0024756528437137604,0.002278808504343033,0.002131860703229904,0.0018672198057174683,0.001637488603591919,0.0014057457447052002,0.0011327415704727173,0.0009984634816646576,0.0007543675601482391,0.0005609318614006042,0.000302635133266449,0.00015310198068618774,0.0,0.0,0.0,0.0,0.0,0.0,0.0,0.0,0.0,0.0,0.0,0.0,0.0,0.0,0.0,0.0,0.0,0.0,0.0,0.10095024481415749
93,0.0059663355350494385,0.005785353481769562,0.00565197691321373,0.005581256002187729,0.005423516035079956,0.005266942083835602,0.005116477608680725,0.004982832819223404,0.004717130213975906,0.004571758210659027,0.00435735285282135,0.00413484126329422,0.0039699748158454895,0.0037809722125530243,0.003647051751613617,0.003976311534643173,0.0032064616680145264,0.002959076315164566,0.002758122980594635,0.002594124525785446,0.002345595508813858,0.0021137185394763947,0.0018797144293785095,0.001658521592617035,0.001427188515663147,0.0011565759778022766,0.0009163953363895416,0.0006866492331027985,0.0005560889840126038,0.0002870410680770874,0.0,0.0,0.0,0.0,0.0,0.0,0.0,0.0,0.0,0.0,0.0,0.0,0.0,0.0,0.0,0.0,0.0,0.0,0.0,0.0,0.10147535800933838
94,0.006011828780174255,0.0058068521320819855,0.005681592971086502,0.005515430122613907,0.005330774933099747,0.005263645201921463,0.005007095634937286,0.004952777177095413,0.004824575036764145,0.004697658121585846,0.004439864307641983,0.0042635612189769745,0.004213087260723114,0.0038907676935195923,0.0038127005100250244,0.0035057514905929565,0.003289315849542618,0.003095284104347229,0.0028749704360961914,0.002620592713356018,0.002344924956560135,0.002181120216846466,0.0019309073686599731,0.0016958005726337433,0.0014687590301036835,0.0012005306780338287,0.0009725242853164673,0.0007343925535678864,0.0005056224763393402,0.00026705116033554077,0.0,0.0,0.0,0.0,0.0,0.0,0.0,0.0,0.0,0.0,0.0,0.0,0.0,0.0,0.0,0.0,0.0,0.0,0.0,0.0,0.10239975899457932
95,0.005931008607149124,0.005803097039461136,0.005664166063070297,0.005516745150089264,0.005426574498414993,0.005299482494592667,0.005072474479675293,0.004927847534418106,0.004878882318735123,0.004640202969312668,0.004465959966182709,0.004187699407339096,0.003976311534643173,0.003794495016336441,0.0036081746220588684,0.0033523589372634888,0.003214918076992035,0.0029977448284626007,0.0028246305882930756,0.0027078166604042053,0.002366732805967331,0.0021349750459194183,0.0018456391990184784,0.0016801469027996063,0.0015034005045890808,0.001232784241437912,0.0009768083691596985,0.0007659308612346649,0.0005015246570110321,0.0002554468810558319,0.000134248286485672,0.0,0.0,0.0,0.0,0.0,0.0,0.0,0.0,0.0,0.0,0.0,0.0,0.0,0.0,0.0,0.0,0.0,0.0,0.0,0.10168822854757309
96,0.005835983902215958,0.00575709342956543,0.005519527941942215,0.005382765084505081,0.0051947347819805145,0.005040653049945831,0.004961859434843063,0.004740040749311447,0.0046356916427612305,0.004393242299556732,0.004211679100990295,0.00402291864156723,0.0037649497389793396,0.0035603083670139313,0.0033600851893424988,0.0032309293746948242,0.0030682384967803955,0.0028970763087272644,0.0026672855019569397,0.002467382699251175,0.0022617727518081665,0.002042323350906372,0.0017633549869060516,0.001545879989862442,0.0012427642941474915,0.0010237395763397217,0.0007574744522571564,0.0005834512412548065,0.00037360191345214844,0.00012732669711112976,0.0,0.0,0.0,0.0,0.0,0.0,0.0,0.0,0.0,0.0,0.0,0.0,0.0,0.0,0.0,0.0,0.0,0.0,0.0,0.0,0.09643413498997688
97,0.005868390202522278,0.005630191415548325,0.005567081272602081,0.005478661507368088,0.005309879779815674,0.005190882831811905,0.005002524703741074,0.004904191941022873,0.004675138741731644,0.004588082432746887,0.004350200295448303,0.0042349472641944885,0.003898967057466507,0.0036912187933921814,0.0034727342426776886,0.0032617412507534027,0.0030529573559761047,0.0029285363852977753,0.0026638731360435486,0.002459987998008728,0.0022127702832221985,0.001973431557416916,0.0018089786171913147,0.0015729106962680817,0.0013051778078079224,0.0011081583797931671,0.0008288100361824036,0.0006153322756290436,0.00037984177470207214,0.00015553459525108337,0.0,0.0,0.0,0.0,0.0,0.0,0.0,0.0,0.0,0.0,0.0,0.0,0.0,0.0,0.0,0.0,0.0,0.0,0.0,0.0,0.09819113463163376
98,0.005875248461961746,0.005694054067134857,0.005568467080593109,0.005500525236129761,0.005345683544874191,0.005253605544567108,0.005012862384319305,0.00479675829410553,0.004650231450796127,0.004557710140943527,0.004426848143339157,0.004074741154909134,0.003873247653245926,0.0037492066621780396,0.003612462431192398,0.003780025988817215,0.0031091757118701935,0.0029243119060993195,0.0026946328580379486,0.002393163740634918,0.002204958349466324,0.0019981712102890015,0.0017155595123767853,0.0013569965958595276,0.0011313892900943756,0.0011102817952632904,0.0009005740284919739,0.0006613694131374359,0.00043229758739471436,0.0004329681396484375,0.0001680813729763031,0.0,0.0,0.0,0.0,0.0,0.0,0.0,0.0,0.0,0.0,0.0,0.0,0.0,0.0,0.0,0.0,0.0,0.0,0.0,0.09900560975074768
99,0.005777187645435333,0.00567539781332016,0.005550071597099304,0.005432646721601486,0.005309496074914932,0.0052121952176094055,0.005118768662214279,0.005001436918973923,0.004860803484916687,0.004626158624887466,0.004428282380104065,0.004197839647531509,0.003954309970140457,0.0038799941539764404,0.0036070458590984344,0.0033271200954914093,0.0031101591885089874,0.0027334019541740417,0.0025270171463489532,0.0023241713643074036,0.002114400267601013,0.0019450895488262177,0.0016860738396644592,0.001579519361257553,0.0012792125344276428,0.001075848937034607,0.0008666850626468658,0.0006281733512878418,0.0003834739327430725,0.00017333030700683594,0.0,0.0,0.0,0.0,0.0,0.0,0.0,0.0,0.0,0.0,0.0,0.0,0.0,0.0,0.0,0.0,0.0,0.0,0.0,0.0,0.09838531166315079
100,0.005834557116031647,0.0057122595608234406,0.005554664880037308,0.00537119060754776,0.005235336720943451,0.005117550492286682,0.005043216049671173,0.004746478050947189,0.004611551761627197,0.0044733621180057526,0.004242949187755585,0.004034750163555145,0.003931399434804916,0.003717586398124695,0.0036287344992160797,0.0033423230051994324,0.0031431391835212708,0.0029496438801288605,0.0027527809143066406,0.0025641508400440216,0.002333950251340866,0.0021377764642238617,0.0017974190413951874,0.0015685707330703735,0.0014254748821258545,0.0011816099286079407,0.0009330399334430695,0.0006404183804988861,0.0005152039229869843,0.00029613077640533447,0.0,0.0,0.0,0.0,0.0,0.0,0.0,0.0,0.0,0.0,0.0,0.0,0.0,0.0,0.0,0.0,0.0,0.0,0.0,0.0,0.0988372191786766

total time per move x,0.5939528793096542,0.5929604321718216,0.578218586742878,0.5479822158813477,0.546973068267107,0.5349035747349262,0.5745351649820805,0.5038252770900726,0.47526365518569946,0.4704952500760555,0.4649357385933399,0.426883090287447,0.4271361418068409,0.40620749816298485,0.3589770793914795,0.3364032246172428,0.3520664721727371,0.2919042967259884,0.2693396881222725,0.26058315485715866,0.22549838945269585,0.2032548002898693,0.18241272866725922,0.1820862740278244,0.13730761036276817,0.1276973821222782,0.09192899987101555,0.06965094432234764,0.04768243059515953,0.0247480645775795,0.001823078840970993,0.00027862563729286194,0,0,0,0,0,0,0,0,0,0,0,0,0,0,0,0,0,0,10.307915817946196
average time per move x,0.005939528793096543,0.005929604321718216,0.005782185867428779,0.005479822158813477,0.00546973068267107,0.005349035747349263,0.005745351649820805,0.005038252770900726,0.004752636551856994,0.0047049525007605555,0.0046493573859334,0.00426883090287447,0.004271361418068409,0.004062074981629848,0.003589770793914795,0.0033640322461724282,0.003520664721727371,0.002919042967259884,0.002693396881222725,0.0026058315485715865,0.0022549838945269585,0.002032548002898693,0.0018241272866725922,0.001820862740278244,0.0013730761036276817,0.001276973821222782,0.0009192899987101555,0.0006965094432234764,0.0004768243059515953,0.000247480645775795,0.00022788485512137413,0.00027862563729286194,nan,nan,nan,nan,nan,nan,nan,nan,nan,nan,nan,nan,nan,nan,nan,nan,nan,nan,0.10307915817946195
std of time per move x,0.00029000264539837773,0.0013107258326526127,0.0015076598313227654,7.838417706797675e-05,0.001307906840694226,0.0013081444610458374,0.002881191008673189,0.0013007663643381168,9.480888418857865e-05,0.0012963346322453777,0.0018559107387639525,0.0007160921100546907,0.0018326133182248099,0.0018506884754348398,0.00011032637951537739,0.00012817052435378287,0.0022532076316047122,0.00013047017192900133,0.00012234502660346612,0.0012997116862932152,0.0001426755461949687,0.00010120238988719893,0.00010246972771542947,0.002194020321514179,9.63456826185117e-05,0.0012967333891216804,7.900387258528384e-05,7.463563512185015e-05,7.03561747720147e-05,8.62891711236415e-05,0.00012874444049352693,nan,nan,nan,nan,nan,nan,nan,nan,nan,nan,nan,nan,nan,nan,nan,nan,nan,nan,nan,0.007424170029076857
err of average time,2.9000264539837773e-05,0.00013107258326526127,0.00015076598313227654,7.838417706797675e-06,0.0001307906840694226,0.00013081444610458373,0.0002881191008673188,0.00013007663643381168,9.480888418857865e-06,0.00012963346322453776,0.00018559107387639524,7.160921100546906e-05,0.000183261331822481,0.00018506884754348397,1.1032637951537739e-05,1.2817052435378287e-05,0.00022532076316047122,1.3047017192900133e-05,1.2234502660346611e-05,0.00012997116862932152,1.4267554619496868e-05,1.0120238988719893e-05,1.0246972771542947e-05,0.00021940203215141792,9.634568261851169e-06,0.00012967333891216804,7.900387258528385e-06,7.4635635121850155e-06,7.035617477201471e-06,8.62891711236415e-06,4.551803345652042e-05,nan,nan,nan,nan,nan,nan,nan,nan,nan,nan,nan,nan,nan,nan,nan,nan,nan,nan,nan,0.0007424170029076857
