Contains move time for player MCTSRemMaxIter0; opponent is DynamicRoxanne
Colums refer to move number, rows to game number
game,1,2,3,4,5,6,7,8,9,10,11,12,13,14,15,16,17,18,19,20,21,22,23,24,25,26,27,28,29,30,31,32,33,34,35,36,37,38,39,40,41,42,43,44,45,46,47,48,49,50,total
1,8.906009998172522,8.051801204681396,7.163494434207678,7.3198732659220695,6.411367040127516,6.159329332411289,5.672307059168816,5.30516029894352,4.861462686210871,4.40577520430088,4.013930048793554,3.692863494157791,3.390709724277258,2.9266752265393734,2.61328312009573,2.2471302077174187,1.9295984841883183,1.7157952636480331,1.4115919061005116,1.182232916355133,0.9162965677678585,0.7849408835172653,0.600139893591404,0.44168076664209366,0.30203020945191383,0.17842915281653404,0.11062568426132202,0.03412333130836487,8.940696716308594e-06,0.0002603866159915924,0.0,0.0,0.0,0.0,0.0,0.0,0.0,0.0,0.0,0.0,0.0,0.0,0.0,0.0,0.0,0.0,0.0,0.0,0.0,0.0,92.74892673268914
2,8.919689998030663,7.852624423801899,7.194518234580755,6.925516445189714,6.602916803210974,6.016028169542551,5.66317954659462,5.363373216241598,4.8673732578754425,4.348559562116861,3.973467815667391,3.585761770606041,3.350758269429207,2.8907843194901943,2.68910413607955,2.241095829755068,1.9595526978373528,1.66928032040596,1.4037486650049686,1.1605461947619915,0.9488360695540905,0.7506425976753235,0.5832643806934357,0.42849624529480934,0.31071683019399643,0.1886332742869854,0.09339633211493492,0.029749315232038498,7.379800081253052e-06,0.0002505481243133545,0.0,0.0,0.0,0.0,0.0,0.0,0.0,0.0,0.0,0.0,0.0,0.0,0.0,0.0,0.0,0.0,0.0,0.0,0.0,0.0,92.01187264919281
3,8.715883199125528,7.669246952980757,7.567443709820509,7.051139455288649,6.455847661942244,6.014789238572121,5.615777362138033,5.201980594545603,4.7358383275568485,4.322476226836443,3.8810316398739815,3.558078907430172,3.229245476424694,2.844394862651825,2.5132974795997143,2.2389195151627064,1.9721020311117172,1.6483133360743523,1.3878915272653103,1.174646396189928,0.9641482122242451,0.7736066915094852,0.6035338491201401,0.42100103199481964,0.3192189633846283,0.2070760503411293,0.21139979735016823,0.04398872330784798,0.0014854185283184052,5.4389238357543945e-06,0.0,0.0,0.0,0.0,0.0,0.0,0.0,0.0,0.0,0.0,0.0,0.0,0.0,0.0,0.0,0.0,0.0,0.0,0.0,0.0,91.34380807727575
4,8.706025049090385,8.041419260203838,7.4344833344221115,6.939980186522007,6.548334028571844,6.101935788989067,5.707432970404625,5.251402713358402,4.9436571300029755,4.461541526019573,3.9192638881504536,3.7053359523415565,3.24159824103117,2.84267583116889,2.5582881569862366,2.2438625171780586,1.9540421180427074,1.654858149588108,1.4343461096286774,1.1343803480267525,0.9114897139370441,0.7248347997665405,0.5558256879448891,0.4391457736492157,0.2812660001218319,0.16767745465040207,0.08212365955114365,0.04135596379637718,6.552785634994507e-06,0.0002577081322669983,0.0,0.0,0.0,0.0,0.0,0.0,0.0,0.0,0.0,0.0,0.0,0.0,0.0,0.0,0.0,0.0,0.0,0.0,0.0,0.0,92.02884661406279
5,8.649771809577942,7.144372925162315,7.652022942900658,7.067141365259886,6.1818957552313805,6.101663004606962,5.637916456907988,5.185547910630703,4.7373790219426155,4.3604480139911175,3.934831339865923,3.5765642896294594,3.2247866578400135,2.88236141204834,2.560346119105816,2.310542728751898,1.9335746243596077,1.6656568124890327,1.4420962147414684,1.1863581016659737,0.9808108769357204,0.8760870173573494,0.6190937235951424,0.45232202485203743,0.30999116227030754,0.1823367029428482,0.09437178447842598,0.02566862478852272,0.0015284158289432526,5.479902029037476e-06,0.0,0.0,0.0,0.0,0.0,0.0,0.0,0.0,0.0,0.0,0.0,0.0,0.0,0.0,0.0,0.0,0.0,0.0,0.0,0.0,90.97749331966043
6,8.906287226825953,7.534573670476675,6.4117603823542595,7.345972582697868,6.865745697170496,6.215465974062681,6.014878988265991,5.102492593228817,5.150892563164234,4.818353101611137,4.371461149305105,3.9852432012557983,3.5394420698285103,3.265530541539192,2.817433051764965,2.5871753729879856,2.253715503960848,1.9105586968362331,1.6372876279056072,1.3860611282289028,1.1856227703392506,0.9309467561542988,0.7316542342305183,0.5528832674026489,0.38454775884747505,0.2244650162756443,0.15122346207499504,0.06366117671132088,0.011231295764446259,0.0011250823736190796,0.0002546533942222595,0.0,0.0,0.0,0.0,0.0,0.0,0.0,0.0,0.0,0.0,0.0,0.0,0.0,0.0,0.0,0.0,0.0,0.0,0.0,96.3579465970397
7,8.897971101105213,7.516791742295027,7.182450979948044,7.406913176178932,6.729375705122948,6.576815210282803,5.982672795653343,5.566014744341373,5.142882727086544,4.702964909374714,4.244627263396978,3.8484337851405144,3.4677030853927135,3.077775977551937,2.775348786264658,2.4756842628121376,2.259180299937725,1.8665841445326805,1.5965304635465145,1.356315027922392,1.1049354262650013,0.8749632053077221,0.6924464963376522,0.4589206539094448,0.366499412804842,0.35299958288669586,0.1778070367872715,0.07163157314062119,0.011529352515935898,0.0015190169215202332,0.0,0.0,0.0,0.0,0.0,0.0,0.0,0.0,0.0,0.0,0.0,0.0,0.0,0.0,0.0,0.0,0.0,0.0,0.0,0.0,96.7862879447639
8,8.963223963975906,8.106487426906824,6.802560288459063,7.43466929346323,6.922737520188093,5.759269669651985,5.958273969590664,5.58501398563385,5.153490573167801,4.689234804362059,4.214530985802412,3.90329847112298,3.510246116667986,3.114051830023527,2.7876089476048946,2.4348899014294147,2.1562719866633415,1.921371217817068,1.6091860346496105,1.3905722089111805,1.1427923403680325,0.9607035964727402,0.722630213946104,0.560805656015873,0.4108220264315605,0.28538651019334793,0.21874907240271568,0.06967198476195335,0.011368859559297562,0.0007643438875675201,0.0002582557499408722,0.0,0.0,0.0,0.0,0.0,0.0,0.0,0.0,0.0,0.0,0.0,0.0,0.0,0.0,0.0,0.0,0.0,0.0,0.0,96.80094205588102
9,8.917008984833956,6.500622723251581,7.1717071197927,6.89993204921484,4.513191130012274,0.004882838577032089,0.0,0.0,0.0,0.0,0.0,0.0,0.0,0.0,0.0,0.0,0.0,0.0,0.0,0.0,0.0,0.0,0.0,0.0,0.0,0.0,0.0,0.0,0.0,0.0,0.0,0.0,0.0,0.0,0.0,0.0,0.0,0.0,0.0,0.0,0.0,0.0,0.0,0.0,0.0,0.0,0.0,0.0,0.0,0.0,34.00734484568238
10,8.892848197370768,6.994527351111174,7.681069374084473,7.2270800322294235,6.917000573128462,6.311069343239069,5.716839674860239,5.499074682593346,5.064938794821501,4.641515038907528,3.948210932314396,3.779693353921175,3.451606821268797,3.07038452103734,2.758111249655485,2.368396170437336,1.8969178199768066e-05,0.0026645436882972717,1.5992047153413296,1.3363915234804153,1.0721911564469337,0.861474297940731,0.7870539575815201,0.5307640470564365,0.36948850378394127,0.20691454783082008,7.987022399902344e-06,0.0008439123630523682,0.0006369352340698242,0.0004485026001930237,0.0002435147762298584,0.0,0.0,0.0,0.0,0.0,0.0,0.0,0.0,0.0,0.0,0.0,0.0,0.0,0.0,0.0,0.0,0.0,0.0,0.0,91.09071322530508
11,8.638453256338835,6.843334335833788,6.420321736484766,6.89382815733552,6.630830593407154,6.1834024079144,5.664582036435604,5.1995975859463215,4.7742035165429115,4.250418037176132,3.918106660246849,3.563672974705696,3.1401755809783936,2.7981979735195637,2.406724087893963,2.167602151632309,1.821405854076147,1.5945069342851639,1.3476030491292477,1.1250110194087029,0.974982675164938,0.7383784279227257,0.5665510632097721,0.40705136582255363,0.2858077213168144,0.21317803859710693,0.11861104518175125,0.036756258457899094,0.0027371197938919067,5.070120096206665e-06,0.0,0.0,0.0,0.0,0.0,0.0,0.0,0.0,0.0,0.0,0.0,0.0,0.0,0.0,0.0,0.0,0.0,0.0,0.0,0.0,88.72603673487902
12,8.616729352623224,7.983050856739283,6.458633527159691,6.692822407931089,6.54558090493083,5.989274851977825,5.63871006667614,5.173932306468487,4.722846005111933,4.316386636346579,3.9635574966669083,3.541669614613056,3.210437398403883,2.989620476961136,2.5515789054334164,2.172162890434265,1.9463699609041214,1.6450710110366344,1.4055361337959766,1.1636000350117683,0.9417229890823364,0.7112818658351898,0.5416473113000393,0.39958740025758743,0.2303917557001114,0.16340946778655052,0.08802931010723114,0.0024051330983638763,0.0012718066573143005,0.001311231404542923,0.00026616454124450684,0.0,0.0,0.0,0.0,0.0,0.0,0.0,0.0,0.0,0.0,0.0,0.0,0.0,0.0,0.0,0.0,0.0,0.0,0.0,89.80889527499676
13,8.718269351869822,6.495262615382671,7.185531705617905,7.0536971017718315,6.562402781099081,6.093774273991585,5.638451848179102,5.161776542663574,4.722915608435869,4.29218203574419,3.8902589455246925,3.4674971848726273,3.1053422577679157,2.781533647328615,2.570635110139847,2.215376578271389,1.8974855616688728,1.6416278965771198,1.391273956745863,1.193737130612135,0.9454842060804367,0.7415997721254826,0.678502019494772,0.4099727123975754,0.30353304743766785,0.19183025136590004,0.08297690376639366,0.010840531438589096,5.345791578292847e-06,0.0003586970269680023,0.0,0.0,0.0,0.0,0.0,0.0,0.0,0.0,0.0,0.0,0.0,0.0,0.0,0.0,0.0,0.0,0.0,0.0,0.0,0.0,89.44413562119007
14,8.5968695320189,6.2765710055828094,7.3227240070700645,7.062028679996729,6.571797311306,6.191966533660889,5.570909660309553,5.209174074232578,4.838034342974424,4.4124446250498295,4.108908858150244,3.6008288860321045,3.2529212683439255,2.889216911047697,2.6044046245515347,2.2835927344858646,2.045429576188326,1.6829581372439861,1.423147864639759,1.1748413667082787,0.9666775241494179,0.7570887804031372,0.5998456180095673,0.413657758384943,0.29887251928448677,0.21320965886116028,0.05055205896496773,0.05507143214344978,0.0020096227526664734,0.0005732402205467224,0.0,0.0,0.0,0.0,0.0,0.0,0.0,0.0,0.0,0.0,0.0,0.0,0.0,0.0,0.0,0.0,0.0,0.0,0.0,0.0,90.47632821276784
15,8.664594806730747,7.6177137568593025,7.536875274032354,7.0357957780361176,5.6965522691607475,6.075907800346613,5.66146394982934,5.200936447829008,4.774534590542316,4.36422648653388,3.9708528630435467,3.6296333335340023,3.2199211604893208,2.8236748576164246,2.504305999726057,2.1958436220884323,1.9487997628748417,1.6429901495575905,1.3890089355409145,1.1672816947102547,0.9537969045341015,0.7650364488363266,0.6010086461901665,0.3980277180671692,0.3146531619131565,0.20010386034846306,0.10471629351377487,0.02614174410700798,0.002628736197948456,6.0014426708221436e-06,0.0,0.0,0.0,0.0,0.0,0.0,0.0,0.0,0.0,0.0,0.0,0.0,0.0,0.0,0.0,0.0,0.0,0.0,0.0,0.0,90.4870330542326
16,8.877271976321936,6.64440780505538,7.546626549214125,7.318807419389486,6.970748141407967,6.272673148661852,5.763706263154745,5.294876724481583,5.129127912223339,4.698115788400173,4.364240400493145,3.8557337038218975,3.430609218776226,3.1038768887519836,2.7711964324116707,2.445329576730728,2.256347294896841,1.90702198818326,1.607240043580532,1.36228933557868,1.1330691240727901,0.9424386844038963,0.7414494827389717,0.6272704228758812,0.4102635681629181,0.2738714814186096,0.14029070362448692,0.05569402128458023,0.004497867077589035,0.0010261386632919312,0.0002521201968193054,0.0,0.0,0.0,0.0,0.0,0.0,0.0,0.0,0.0,0.0,0.0,0.0,0.0,0.0,0.0,0.0,0.0,0.0,0.0,95.95037022605538
17,8.886813830584288,7.73027865216136,7.307322569191456,7.290055848658085,6.928771544247866,6.433106619864702,6.00669552385807,5.532985664904118,5.0644715540111065,4.602238722145557,4.231050863862038,3.816381461918354,3.4666628241539,3.067346762865782,2.731815565377474,2.4030935652554035,2.089565332978964,1.6514172703027725,9.42125916481018e-06,1.4503776468336582,1.1730533130466938,0.9573353305459023,0.8652487844228745,0.6267406567931175,0.48900236189365387,0.3482092469930649,0.21374516561627388,0.1146068423986435,0.036351244896650314,0.001567799597978592,4.887580871582031e-06,0.0,0.0,0.0,0.0,0.0,0.0,0.0,0.0,0.0,0.0,0.0,0.0,0.0,0.0,0.0,0.0,0.0,0.0,0.0,95.51632687821984
18,8.848698511719704,7.017595235258341,7.808143470436335,7.2900898568332195,6.653069067746401,6.172458052635193,5.4963977709412575,5.484093219041824,4.98488150164485,4.638792455196381,4.262006629258394,3.861769787967205,3.3724846467375755,2.9282231554389,2.7855227291584015,2.453799646347761,2.145021229982376,1.90205941721797,1.6275692135095596,1.3094921447336674,1.0404038913547993,0.6797951087355614,0.6336649991571903,0.5502551794052124,0.3864293321967125,0.24240415170788765,0.14150958135724068,0.06376412138342857,0.006647419184446335,0.0008739978075027466,0.0,0.0,0.0,0.0,0.0,0.0,0.0,0.0,0.0,0.0,0.0,0.0,0.0,0.0,0.0,0.0,0.0,0.0,0.0,0.0,94.7879155240953
19,8.865423422306776,7.678193185478449,7.493456341326237,7.404398962855339,6.825465179979801,6.433978024870157,5.700278524309397,5.522148907184601,5.071838766336441,4.670851711183786,4.29941201210022,3.9785522297024727,3.449537441134453,3.180098384618759,2.7815943993628025,2.5004429072141647,2.152060355991125,1.867690071463585,1.6005357168614864,1.3808191493153572,1.133034609258175,0.8807435147464275,0.7088488005101681,0.5115145146846771,0.3944610506296158,0.27828721329569817,0.15019326657056808,0.05960218608379364,0.006895881146192551,0.001326628029346466,0.0,0.0,0.0,0.0,0.0,0.0,0.0,0.0,0.0,0.0,0.0,0.0,0.0,0.0,0.0,0.0,0.0,0.0,0.0,0.0,96.98168335855007
20,8.886808905750513,7.148245885968208,5.351759567856789,7.164391692727804,6.875614054501057,5.80706013739109,6.0279100351035595,5.563529871404171,5.122902080416679,4.591443695127964,4.271647099405527,3.8247089870274067,3.4771901667118073,3.0761776491999626,2.823940444737673,2.4527414739131927,2.200442511588335,1.8302864395081997,1.5334278866648674,1.0750187523663044,0.9641405045986176,0.9540016949176788,0.6422919556498528,0.5192104168236256,0.37071137875318527,0.27628105506300926,0.15162260457873344,0.07079094648361206,0.010463133454322815,0.0014277659356594086,0.0,0.0,0.0,0.0,0.0,0.0,0.0,0.0,0.0,0.0,0.0,0.0,0.0,0.0,0.0,0.0,0.0,0.0,0.0,0.0,93.06618879362941
21,8.653672251850367,6.665069233626127,7.028912268579006,6.73990635946393,6.498412631452084,5.731286160647869,5.6336351707577705,5.207669198513031,4.784037336707115,4.318849045783281,3.8887118697166443,3.5474551618099213,3.148813869804144,2.7889803759753704,2.4689933210611343,2.1214792653918266,1.9329081624746323,1.6402205303311348,1.3678451254963875,1.183573603630066,0.9520240277051926,0.7467339001595974,0.41459866613149643,0.42745768278837204,0.2890949882566929,0.1712636612355709,0.08151909708976746,0.029386669397354126,0.0031181983649730682,5.159527063369751e-06,0.0,0.0,0.0,0.0,0.0,0.0,0.0,0.0,0.0,0.0,0.0,0.0,0.0,0.0,0.0,0.0,0.0,0.0,0.0,0.0,88.46563299372792
22,8.647925015538931,6.819715827703476,6.4509097672998905,7.164361286908388,6.577662844210863,6.082756210118532,5.654313407838345,5.359257873147726,4.89331578463316,4.46983078867197,4.055403262376785,3.613155137747526,3.272421535104513,2.8994368128478527,2.6798847913742065,2.268084328621626,2.0219161733984947,1.7288960181176662,1.4527842327952385,1.242741547524929,0.9767677038908005,0.756791528314352,0.6023050211369991,0.4468713514506817,0.3087841495871544,0.20529834181070328,0.11104905605316162,0.019730769097805023,0.001615174114704132,5.751848220825195e-06,0.0,0.0,0.0,0.0,0.0,0.0,0.0,0.0,0.0,0.0,0.0,0.0,0.0,0.0,0.0,0.0,0.0,0.0,0.0,0.0,90.7839914932847
23,8.657196205109358,7.009452875703573,7.551933094859123,6.6255149729549885,6.562705755233765,6.1281439028680325,5.68259995803237,5.211048990488052,4.840844538062811,4.481246929615736,4.008902411907911,3.6207669600844383,3.323385041207075,2.9694543555378914,2.514869090169668,2.2146498449146748,1.8191858865320683,1.583545032888651,1.414923269301653,1.1820988655090332,0.9290102459490299,0.7526807188987732,0.5807580426335335,0.4589553326368332,0.3158007487654686,0.1958373263478279,0.11667834594845772,0.034122150391340256,0.002460099756717682,5.99399209022522e-06,0.0,0.0,0.0,0.0,0.0,0.0,0.0,0.0,0.0,0.0,0.0,0.0,0.0,0.0,0.0,0.0,0.0,0.0,0.0,0.0,90.78877698630095
24,8.667847644537687,7.983751777559519,6.873839873820543,7.1133484579622746,6.4976145923137665,6.0367511212825775,5.581322778016329,5.106489431113005,4.672582183033228,4.170684646815062,3.899189867079258,3.543955832719803,3.185057684779167,2.8283701203763485,2.4025925248861313,2.1533396020531654,1.92478708922863,1.6956031881272793,1.4059504941105843,1.187339123338461,0.8613088130950928,0.647486325353384,0.5642550401389599,0.3902752064168453,0.22597625851631165,0.12757806479930878,0.08928535133600235,0.044488877058029175,0.005903221666812897,5.986541509628296e-06,0.0,0.0,0.0,0.0,0.0,0.0,0.0,0.0,0.0,0.0,0.0,0.0,0.0,0.0,0.0,0.0,0.0,0.0,0.0,0.0,89.88698117807508
25,8.510438337922096,7.368158757686615,6.513959486037493,6.9902116023004055,6.530183993279934,6.081953585147858,5.484196361154318,5.18106010556221,4.8815926648676395,4.33195324242115,3.971439231187105,3.4236711747944355,3.237381462007761,2.918637115508318,2.5276068709790707,2.2174302898347378,1.9278452172875404,1.6431486830115318,1.3575691170990467,1.1620379500091076,0.9578017331659794,0.7696170024573803,0.5659321434795856,0.4195227846503258,0.29932349920272827,0.20016032084822655,0.1049543172121048,0.024369534105062485,0.0011356472969055176,5.520880222320557e-06,0.0,0.0,0.0,0.0,0.0,0.0,0.0,0.0,0.0,0.0,0.0,0.0,0.0,0.0,0.0,0.0,0.0,0.0,0.0,0.0,89.6032977513969
26,8.877864621579647,8.017670094966888,6.676711335778236,7.362816158682108,6.975983247160912,6.475387502461672,5.976536531001329,5.550735220313072,5.21069873124361,4.655188024044037,4.302882976830006,3.9694349840283394,3.4393074437975883,3.0789542198181152,2.7730451337993145,2.4961365796625614,2.1690836995840073,1.8629705905914307,1.6003682613372803,1.3649517707526684,1.1415974013507366,0.9442307129502296,0.7719803266227245,0.5438631661236286,0.40795597061514854,0.2462337724864483,0.14235994219779968,0.0753360241651535,0.019021831452846527,0.000874347984790802,0.0002546831965446472,0.0,0.0,0.0,0.0,0.0,0.0,0.0,0.0,0.0,0.0,0.0,0.0,0.0,0.0,0.0,0.0,0.0,0.0,0.0,97.13043530657887
27,8.79687973484397,7.028456870466471,7.235416617244482,6.152788229286671,6.831166781485081,6.024687495082617,5.900070425122976,5.287043023854494,5.123033557087183,4.707269288599491,4.317515071481466,3.887422066181898,3.5056482702493668,3.1448933854699135,2.786388587206602,2.433449849486351,2.118399679660797,1.8838701993227005,1.5796768553555012,1.245164792984724,1.0890806801617146,0.8229242563247681,0.5827944092452526,9.10833477973938e-06,0.3927295356988907,0.22908589243888855,0.11927010118961334,0.05799221247434616,5.848705768585205e-06,0.0003545917570590973,0.0002523362636566162,0.0002528466284275055,0.0,0.0,0.0,0.0,0.0,0.0,0.0,0.0,0.0,0.0,0.0,0.0,0.0,0.0,0.0,0.0,0.0,0.0,93.28399259969592
28,8.974473118782043,7.218162886798382,6.99448462203145,7.188118014484644,6.459946446120739,6.266538437455893,5.8857623264193535,5.402238842099905,5.0681965090334415,4.5485568307340145,4.228918612003326,3.8887423500418663,3.5226240381598473,3.2611754275858402,2.814039871096611,2.4948927871882915,2.181079253554344,1.8947072885930538,1.6923162639141083,1.4060776829719543,1.104626853018999,0.8809290640056133,0.7122310400009155,0.5341499038040638,0.3728286325931549,0.2658490762114525,0.1386185772716999,0.10910122096538544,7.1339309215545654e-06,0.0003513544797897339,0.0,0.0,0.0,0.0,0.0,0.0,0.0,0.0,0.0,0.0,0.0,0.0,0.0,0.0,0.0,0.0,0.0,0.0,0.0,0.0,95.5097444653511
29,8.86802376806736,7.190465826541185,6.939378924667835,7.199843890964985,6.703790172934532,5.8866731487214565,5.945389851927757,5.559040937572718,5.095928564667702,4.762521848082542,4.217549778521061,3.818573348224163,3.421877793967724,3.0596643052995205,2.7614017240703106,2.3982481621205807,2.090016692876816,1.7847193852066994,1.5673499219119549,1.3341880403459072,1.0728649348020554,0.8962865211069584,0.7251771427690983,0.6256354749202728,0.4132290333509445,0.2834762930870056,0.16531775146722794,0.07512697577476501,0.014364760369062424,0.0009291507303714752,0.00025739148259162903,0.0,0.0,0.0,0.0,0.0,0.0,0.0,0.0,0.0,0.0,0.0,0.0,0.0,0.0,0.0,0.0,0.0,0.0,0.0,94.87731151655316
30,8.865756042301655,6.69763607531786,7.781652443110943,7.3152079582214355,6.254163853824139,6.318530358374119,6.00604972243309,5.541609805077314,5.043909389525652,4.518912550061941,4.156823631376028,3.873174011707306,3.4575080759823322,3.0971888452768326,2.7859987132251263,2.482054963707924,2.1563148014247417,1.886223953217268,1.5856916420161724,1.3141251392662525,1.122159667313099,0.7942866869270802,0.6639255024492741,0.47136377170681953,9.51811671257019e-06,0.2726471684873104,0.11128725484013557,6.888061761856079e-06,0.006352245807647705,4.8354268074035645e-06,0.0001334846019744873,0.0,0.0,0.0,0.0,0.0,0.0,0.0,0.0,0.0,0.0,0.0,0.0,0.0,0.0,0.0,0.0,0.0,0.0,0.0,94.58070899918675
31,8.585017882287502,7.441063538193703,6.730637494474649,7.000091191381216,5.988236330449581,6.015408482402563,5.432315278798342,5.15214928984642,4.712637078016996,4.298125110566616,3.937692280858755,3.5144999139010906,2.762636572122574,2.766570497304201,2.546035598963499,2.142465677112341,1.9560548067092896,1.677757129073143,1.4590221531689167,1.0913733541965485,0.9579173400998116,0.7484352774918079,0.5802522040903568,0.41155893355607986,0.28479718044400215,0.16349824890494347,7.0892274379730225e-06,0.0005231089890003204,0.0004224516451358795,0.004907641559839249,5.967915058135986e-06,0.0,0.0,0.0,0.0,0.0,0.0,0.0,0.0,0.0,0.0,0.0,0.0,0.0,0.0,0.0,0.0,0.0,0.0,0.0,88.36211510375142
32,8.601875953376293,6.512483928352594,7.5226931273937225,7.118435196578503,6.495863918215036,5.927151698619127,5.489287529140711,5.162763178348541,4.7353351674973965,4.385521233081818,3.9509486369788647,3.569425992667675,3.125028770416975,2.7782043740153313,2.4154464080929756,2.1119698099792004,1.900307785719633,1.5526876263320446,1.3524933867156506,1.1599990986287594,0.963951613754034,0.7699107453227043,0.5160643607378006,0.36377204954624176,0.2752419672906399,0.19854077324271202,0.051506031304597855,0.013128954917192459,0.0018079504370689392,4.686415195465088e-06,0.0,0.0,0.0,0.0,0.0,0.0,0.0,0.0,0.0,0.0,0.0,0.0,0.0,0.0,0.0,0.0,0.0,0.0,0.0,0.0,89.02185195311904
33,8.704295814037323,7.4223677814006805,7.313390038907528,7.005127537995577,6.505716051906347,6.089728523045778,5.607536997646093,5.148888647556305,4.722917336970568,4.326260399073362,3.8972085528075695,3.5245364904403687,3.1552191972732544,2.764542441815138,2.492490191012621,2.1531075313687325,1.8561027236282825,1.434105969965458,8.475035429000854e-06,0.0021596141159534454,0.002197831869125366,0.9552030861377716,0.7420604862272739,0.599881500005722,0.4467073567211628,0.29977570101618767,0.20249150320887566,0.10851971060037613,0.11786272749304771,0.0015866272151470184,5.498528480529785e-06,0.0,0.0,0.0,0.0,0.0,0.0,0.0,0.0,0.0,0.0,0.0,0.0,0.0,0.0,0.0,0.0,0.0,0.0,0.0,87.60200234502554
34,8.614491067826748,7.069249324500561,7.0086890906095505,6.29995346441865,6.61678496748209,6.1151261404156685,5.677823834121227,5.225079007446766,4.777725975960493,4.270224824547768,4.051448345184326,3.5998389199376106,3.382031697779894,2.9280298203229904,2.572841215878725,2.271612726151943,1.9997126497328281,1.6644860915839672,1.4609889835119247,1.1799392476677895,0.9808130674064159,0.7744830884039402,0.600374236702919,0.45023413375020027,0.31549549847841263,0.17642688378691673,0.09028380736708641,0.031213082373142242,0.003223750740289688,5.9157609939575195e-06,0.0,0.0,0.0,0.0,0.0,0.0,0.0,0.0,0.0,0.0,0.0,0.0,0.0,0.0,0.0,0.0,0.0,0.0,0.0,0.0,90.20863085985184
35,8.657398853451014,7.34589234367013,7.506199330091476,6.575963765382767,6.14753820002079,6.0796966925263405,5.6234516724944115,5.211793247610331,4.773595172911882,4.450988292694092,4.015581913292408,3.5270276702940464,3.166608586907387,2.89017678424716,2.4898895286023617,2.1479855440557003,1.9285320751369,1.6393101513385773,1.3895162157714367,1.1681730523705482,0.9572095349431038,0.7324337512254715,0.5745421350002289,0.3675065189599991,0.2750746123492718,0.20123978331685066,0.09990955144166946,7.055699825286865e-06,0.0004522092640399933,0.0002472586929798126,0.0,0.0,0.0,0.0,0.0,0.0,0.0,0.0,0.0,0.0,0.0,0.0,0.0,0.0,0.0,0.0,0.0,0.0,0.0,0.0,89.9439415037632
36,8.862885594367981,8.077567048370838,7.385743387043476,7.327119830995798,6.643558327108622,6.111312054097652,5.894213695079088,5.549763858318329,5.053494364023209,4.642098378390074,4.2281563356518745,3.860694546252489,3.5311308167874813,3.098536651581526,2.7131334096193314,2.3635523468255997,2.0989974327385426,1.762665994465351,1.5635318532586098,1.2952910661697388,1.0598320439457893,0.8049554005265236,0.6776414662599564,0.5342972427606583,0.38006608560681343,0.22856351733207703,0.09111886471509933,0.012975428253412247,0.0024188347160816193,0.0010397769510746002,0.0002501755952835083,0.0,0.0,0.0,0.0,0.0,0.0,0.0,0.0,0.0,0.0,0.0,0.0,0.0,0.0,0.0,0.0,0.0,0.0,0.0,95.85660582780838
37,8.85179739445448,7.020954128354788,7.568853199481964,6.541545815765858,6.95819640904665,6.458610910922289,5.948346983641386,5.246832203119993,4.929746352136135,4.674214672297239,4.256922818720341,3.8647628352046013,3.461663991212845,3.092741709202528,2.7194180637598038,2.304351195693016,1.962993759661913,1.837145458906889,1.5211448334157467,1.265542857348919,1.0215284638106823,0.8546527214348316,0.6968737058341503,0.4975863993167877,0.23862482979893684,0.29858801141381264,0.16078857704997063,0.060705699026584625,0.011531375348567963,0.001300763338804245,5.6587159633636475e-06,0.0,0.0,0.0,0.0,0.0,0.0,0.0,0.0,0.0,0.0,0.0,0.0,0.0,0.0,0.0,0.0,0.0,0.0,0.0,94.32797179743648
38,8.85771268606186,8.183642949908972,6.813248090445995,7.443940818309784,6.888231251388788,6.418347928673029,6.006210412830114,5.42130334302783,5.154780559241772,4.66285752132535,4.267380475997925,3.8842807188630104,3.5815810784697533,3.2045794799923897,2.8653600588440895,2.4838238433003426,2.1831825710833073,1.9336725510656834,1.6624231860041618,1.3992914035916328,1.1299032680690289,0.9294536300003529,0.7390394508838654,0.5565186180174351,0.4043343514204025,0.2619434520602226,0.12142078205943108,0.058140404522418976,0.0024244189262390137,0.0010146237909793854,0.0002572648227214813,0.0,0.0,0.0,0.0,0.0,0.0,0.0,0.0,0.0,0.0,0.0,0.0,0.0,0.0,0.0,0.0,0.0,0.0,0.0,97.52030119299889
39,8.85751960426569,6.793850965797901,7.715759094804525,6.87374135106802,6.806329153478146,5.990874636918306,5.962955694645643,5.589278236031532,5.133031852543354,4.648303933441639,4.261892702430487,3.8713695630431175,3.62369018048048,3.2171044051647186,2.7746258974075317,2.457933336496353,2.1527721360325813,1.9186016768217087,1.6664225533604622,1.3783784694969654,1.1189253218472004,0.916349284350872,0.7262285128235817,0.5791988298296928,0.43022799119353294,0.2988305240869522,0.16392957791686058,0.07414297014474869,0.009734362363815308,0.0008856095373630524,0.0,0.0,0.0,0.0,0.0,0.0,0.0,0.0,0.0,0.0,0.0,0.0,0.0,0.0,0.0,0.0,0.0,0.0,0.0,0.0,96.01288842782378
40,8.814130157232285,8.261831153184175,6.932091765105724,6.8898224122822285,6.892828680574894,6.31447134539485,5.9914738573133945,5.532164581120014,5.110726732760668,4.65821910277009,4.20193937420845,3.856460861861706,3.4750649593770504,3.1122634410858154,2.797167733311653,2.432702835649252,2.1133436523377895,1.847376812249422,1.601061888039112,1.3475343808531761,1.0951964408159256,0.9145170487463474,0.6312439292669296,0.476888295263052,0.3392855115234852,0.2200075201690197,7.282942533493042e-06,0.0007613562047481537,0.0005706064403057098,0.0019238963723182678,0.0,0.0,0.0,0.0,0.0,0.0,0.0,0.0,0.0,0.0,0.0,0.0,0.0,0.0,0.0,0.0,0.0,0.0,0.0,0.0,95.86307761445642
41,8.461727697402239,6.1785243190824986,6.8737922757864,7.002387821674347,6.5156171172857285,6.0607832334935665,5.579037964344025,5.138180635869503,4.213843505829573,4.352745518088341,3.9411331601440907,3.5879628136754036,3.142118889838457,2.8831622786819935,2.5246302634477615,2.2110242508351803,1.9154939986765385,1.6378279477357864,1.4565931744873524,1.1662954576313496,0.941147442907095,0.7560569383203983,0.5906639322638512,0.4326919615268707,0.30191195756196976,0.19063985720276833,0.08968976512551308,0.05514921993017197,0.0036048144102096558,4.805624485015869e-06,0.0,0.0,0.0,0.0,0.0,0.0,0.0,0.0,0.0,0.0,0.0,0.0,0.0,0.0,0.0,0.0,0.0,0.0,0.0,0.0,88.20444301888347
42,8.590464416891336,6.911209911108017,7.496103394776583,7.035657078027725,6.558246299624443,6.088491104543209,5.660096239298582,5.313068516552448,4.74095793440938,4.313780125230551,3.9319244287908077,3.5812187381088734,3.1630836091935635,2.8676900416612625,2.4425382651388645,2.087881878018379,1.9066718593239784,1.604898750782013,1.3193569965660572,1.1480636447668076,0.9562112763524055,0.7903849929571152,0.5949506722390652,0.4278506226837635,0.30889512225985527,0.2037598341703415,0.12686483934521675,0.03414154052734375,0.0031649433076381683,6.0908496379852295e-06,0.0,0.0,0.0,0.0,0.0,0.0,0.0,0.0,0.0,0.0,0.0,0.0,0.0,0.0,0.0,0.0,0.0,0.0,0.0,0.0,90.20763316750526
43,8.612307161092758,7.954571474343538,7.340728394687176,6.862994622439146,6.321075029671192,5.997765850275755,5.563619714230299,5.086266737431288,4.7808449529111385,4.287952572107315,3.998155228793621,3.578716780990362,3.2691050581634045,2.8841140754520893,2.481859851628542,2.2203910164535046,1.869047224521637,1.5415298454463482,1.3948467373847961,1.1210921443998814,0.8883957639336586,8.605420589447021e-06,0.0014808177947998047,0.4974965527653694,0.3280629739165306,7.748603820800781e-06,0.13580609485507011,7.748603820800781e-06,0.011794302612543106,6.6943466663360596e-06,0.0,0.0,0.0,0.0,0.0,0.0,0.0,0.0,0.0,0.0,0.0,0.0,0.0,0.0,0.0,0.0,0.0,0.0,0.0,0.0,89.03005177527666
44,8.696822877973318,7.857147242873907,7.54817147180438,7.1515205055475235,6.636220954358578,6.120244171470404,5.616358511149883,5.1990936659276485,4.737779710441828,4.368434209376574,3.9569942876696587,3.5461000241339207,3.0760630033910275,2.8533738739788532,2.4946817122399807,2.2488566003739834,1.9269071817398071,1.7070933394134045,1.4015281423926353,1.14117768779397,0.9569535069167614,0.7675974071025848,0.7036430574953556,0.47275513783097267,0.3205946944653988,0.19997576996684074,0.1135902889072895,0.019890591502189636,0.00033948570489883423,4.7460198402404785e-06,0.0,0.0,0.0,0.0,0.0,0.0,0.0,0.0,0.0,0.0,0.0,0.0,0.0,0.0,0.0,0.0,0.0,0.0,0.0,0.0,91.83991385996342
45,8.596693854779005,7.144572019577026,6.8780750297009945,6.411233279854059,6.414386376738548,5.730388771742582,5.618140581995249,5.206247769296169,4.776488170027733,4.205357905477285,3.9236504286527634,3.53546304628253,3.134483266621828,2.7144301049411297,2.488002084195614,2.1830441057682037,1.8281310871243477,1.580454420298338,1.2206062860786915,1.17250070348382,0.8755733594298363,0.7544700130820274,0.5945477932691574,0.42454512417316437,0.30882128700613976,0.17931364104151726,0.09997734799981117,0.035872120410203934,0.004383347928524017,5.558133125305176e-06,0.0,0.0,0.0,0.0,0.0,0.0,0.0,0.0,0.0,0.0,0.0,0.0,0.0,0.0,0.0,0.0,0.0,0.0,0.0,0.0,88.03985888510942
46,8.824287101626396,6.824389960616827,6.7403092086315155,7.302292548120022,6.94934244826436,6.458641357719898,6.0154118202626705,5.54741920158267,5.185965463519096,4.615678071975708,4.250192251056433,3.802948832511902,3.338695999234915,3.069054316729307,2.726146724075079,2.3748747184872627,2.0368154123425484,1.7645384259521961,1.4411399029195309,1.191772110760212,1.1063313744962215,0.8829058893024921,0.626096598803997,0.49540963023900986,0.37843555212020874,0.22340795397758484,0.12358877062797546,0.057008352130651474,7.1711838245391846e-06,0.00035833194851875305,0.0,0.0,0.0,0.0,0.0,0.0,0.0,0.0,0.0,0.0,0.0,0.0,0.0,0.0,0.0,0.0,0.0,0.0,0.0,0.0,94.35346550121903
47,8.842578612267971,7.293149936944246,7.84354306012392,7.220503404736519,6.917141146957874,6.357374578714371,5.970557637512684,5.540804527699947,4.94486678019166,4.648627698421478,4.232031587511301,3.7679975144565105,3.3996502943336964,3.207242902368307,2.823576431721449,2.4507166258990765,2.1285683028399944,1.8437354564666748,1.548215575516224,1.3391742259263992,1.044784091413021,0.8674166239798069,0.6839602366089821,0.565980538725853,0.384273961186409,0.20045723021030426,0.12415923178195953,0.05132531374692917,0.013530336320400238,0.0015811584889888763,0.0,0.0,0.0,0.0,0.0,0.0,0.0,0.0,0.0,0.0,0.0,0.0,0.0,0.0,0.0,0.0,0.0,0.0,0.0,0.0,96.25752502307296
48,8.812459655106068,6.9661943055689335,7.517226055264473,6.277390357106924,6.501784402877092,6.400132346898317,5.959241680800915,5.517264787107706,4.995882112532854,4.669332690536976,4.254642657935619,3.8284835815429688,3.454134091734886,3.1481696031987667,2.8181956373155117,2.371955219656229,2.0204622969031334,1.7606309354305267,1.4655218049883842,1.2577391043305397,1.14382866024971,0.8652764111757278,0.6821232959628105,0.4771103598177433,0.3777202367782593,0.23355935513973236,0.12610287591814995,0.054470110684633255,0.003423638641834259,5.576759576797485e-06,0.0,0.0,0.0,0.0,0.0,0.0,0.0,0.0,0.0,0.0,0.0,0.0,0.0,0.0,0.0,0.0,0.0,0.0,0.0,0.0,93.960463847965
49,8.864334855228662,7.507095076143742,7.589300785213709,7.365327812731266,6.918447483330965,6.432848986238241,5.975586626678705,5.532181590795517,5.091068007051945,4.678398370742798,4.355714749544859,3.860849756747484,3.4693418703973293,3.1685850471258163,2.7522552274167538,2.4960264898836613,2.1946207843720913,1.869602382183075,1.5452640354633331,1.2590212523937225,0.9659629091620445,1.4904886484146118e-05,0.7054641395807266,0.5571025311946869,0.395791158080101,0.2704402282834053,0.1599121354520321,0.06353811174631119,0.009034529328346252,0.0009545832872390747,0.0,0.0,0.0,0.0,0.0,0.0,0.0,0.0,0.0,0.0,0.0,0.0,0.0,0.0,0.0,0.0,0.0,0.0,0.0,0.0,96.05408642068505
50,8.904967658221722,7.207064505666494,7.759828940033913,6.81257551535964,6.7669158689677715,6.272445548325777,5.901204060763121,5.28574837371707,5.138277433812618,4.698272988200188,4.395828235894442,3.953089728951454,3.4687271900475025,3.1911648623645306,2.7984914034605026,2.4932238459587097,2.2286452762782574,1.8920404464006424,1.661270335316658,1.4139679335057735,1.1712072901427746,0.9302121289074421,0.7290102280676365,0.5270313620567322,0.340808168053627,0.22885610535740852,0.10546376928687096,0.05636446550488472,0.001927059143781662,0.001028597354888916,0.0,0.0,0.0,0.0,0.0,0.0,0.0,0.0,0.0,0.0,0.0,0.0,0.0,0.0,0.0,0.0,0.0,0.0,0.0,0.0,96.33565932512283
51,8.715356562286615,7.780406083911657,6.431102022528648,7.030859082937241,6.39376375451684,6.055653791874647,5.1891658790409565,5.141777839511633,4.747189819812775,4.271281465888023,3.9119414687156677,3.4852970354259014,2.9386178515851498,2.879492785781622,2.530860263854265,2.2563742734491825,1.911816269159317,1.647034253925085,1.390244536101818,1.1141745522618294,0.9316568858921528,0.7687450833618641,0.6057997532188892,0.46044299006462097,0.3676117770373821,0.1751726008951664,0.09630893915891647,0.012254919856786728,0.0018941499292850494,5.2638351917266846e-06,0.0,0.0,0.0,0.0,0.0,0.0,0.0,0.0,0.0,0.0,0.0,0.0,0.0,0.0,0.0,0.0,0.0,0.0,0.0,0.0,89.24230195581913
52,8.646551128476858,7.448049660772085,6.678576625883579,6.996944829821587,5.959434784948826,6.0713751167058945,5.5339989103376865,4.96766335144639,4.626811426132917,4.227084830403328,3.268800016492605,2.997438468039036,3.054118402302265,2.897200834006071,2.5308643877506256,2.231978874653578,1.9176797680556774,1.6543972119688988,1.421047754585743,1.2430604957044125,0.9441087171435356,0.7838007211685181,0.597026240080595,0.4379526451230049,0.29083144664764404,0.19779881462454796,0.07183266431093216,0.011439081281423569,0.01125296950340271,5.6438148021698e-06,0.0,0.0,0.0,0.0,0.0,0.0,0.0,0.0,0.0,0.0,0.0,0.0,0.0,0.0,0.0,0.0,0.0,0.0,0.0,0.0,87.71912582218647
53,8.604352992027998,7.483149275183678,7.035982389003038,7.117771442979574,6.508586313575506,6.041935745626688,5.619891982525587,5.141325205564499,4.734082438051701,4.371057886630297,3.8834977112710476,3.5830949880182743,3.1951770186424255,2.877875331789255,2.4963832460343838,2.152027167379856,1.8814242482185364,2.277269959449768e-05,1.3946461267769337,1.1391564942896366,0.9089058302342892,0.704786878079176,0.567396268248558,0.44671531021595,0.3182504065334797,0.19910511374473572,0.07134900987148285,0.009105049073696136,0.0005984567105770111,4.8354268074035645e-06,0.0,0.0,0.0,0.0,0.0,0.0,0.0,0.0,0.0,0.0,0.0,0.0,0.0,0.0,0.0,0.0,0.0,0.0,0.0,0.0,88.48765793442726
54,8.605666551738977,7.85118605569005,7.63647573068738,7.079660080373287,6.595071084797382,5.966519504785538,5.762340996414423,5.254200454801321,4.726897809654474,4.409498643130064,3.9787583835422993,3.5753120593726635,3.2733013965189457,2.890022587031126,2.528313834220171,2.220728375017643,1.9091263450682163,1.6314723081886768,1.3728920109570026,1.1114868596196175,0.9535702876746655,0.7832555510103703,0.5951972492039204,0.4370662122964859,0.31180839613080025,0.1920926384627819,0.09694478660821915,0.013860885053873062,0.003454003483057022,5.837529897689819e-06,0.0,0.0,0.0,0.0,0.0,0.0,0.0,0.0,0.0,0.0,0.0,0.0,0.0,0.0,0.0,0.0,0.0,0.0,0.0,0.0,91.76618691906333
55,8.635374397039413,7.967290882021189,6.063831694424152,7.110087126493454,5.977747868746519,6.109574757516384,5.623940996825695,5.202454153448343,4.75379703938961,4.389167305082083,3.9839316979050636,3.690272469073534,3.312343120574951,2.8721026740968227,2.6326181180775166,2.2113998234272003,1.8206363581120968,8.743256330490112e-06,1.3816729113459587,1.0990581847727299,0.9115578569471836,0.7143908590078354,0.574227549135685,0.4237198159098625,0.3172125443816185,0.20511502400040627,0.12067186087369919,0.030749984085559845,0.001361660659313202,4.518777132034302e-06,0.0,0.0,0.0,0.0,0.0,0.0,0.0,0.0,0.0,0.0,0.0,0.0,0.0,0.0,0.0,0.0,0.0,0.0,0.0,0.0,88.13632199540734
56,8.909930534660816,6.280209135264158,7.742638748139143,7.309101492166519,6.578037679195404,6.18504798039794,6.0038679875433445,5.573530226945877,5.1041862815618515,4.613760266453028,4.265495419502258,3.8702367432415485,3.474442694336176,3.250258542597294,2.791269175708294,2.5005850978195667,2.198072373867035,1.912027645856142,1.6167104952037334,1.3930547051131725,1.2450853809714317,0.9583787322044373,0.7437448538839817,0.5857797600328922,0.43425866961479187,0.2969737946987152,0.16367843374609947,0.04173794761300087,0.031537942588329315,0.0017554759979248047,0.001979682594537735,0.0,0.0,0.0,0.0,0.0,0.0,0.0,0.0,0.0,0.0,0.0,0.0,0.0,0.0,0.0,0.0,0.0,0.0,0.0,96.07737389951944
57,8.885062355548143,7.903136316686869,6.828003279864788,7.358927082270384,6.879195436835289,6.278951834887266,5.714546013623476,5.562076892703772,5.144641254097223,4.81645866855979,4.261891160160303,3.8863702565431595,3.512747250497341,3.208910681307316,2.924515198916197,2.4785755202174187,2.222885634750128,1.8923364281654358,1.6548067182302475,1.434062872081995,1.1457253620028496,0.92447355017066,0.7384385839104652,0.5520897842943668,0.3700147271156311,0.2666299045085907,0.1378813199698925,0.049596142023801804,0.005134057253599167,0.004861209541559219,5.628913640975952e-06,0.0,0.0,0.0,0.0,0.0,0.0,0.0,0.0,0.0,0.0,0.0,0.0,0.0,0.0,0.0,0.0,0.0,0.0,0.0,97.0429511256516
58,8.859263435006142,6.799219071865082,7.65839684009552,6.692035499960184,6.85815692320466,6.443869613111019,6.0001365803182125,5.4409000389277935,4.725519869476557,4.727454964071512,4.394190836697817,3.9731626622378826,3.484946195036173,3.0713088884949684,2.8101367466151714,2.4445176608860493,2.1845962181687355,1.8226781450212002,1.5908467806875706,1.3287070654332638,1.1269829608500004,0.8466142080724239,0.6354527026414871,0.5330450013279915,0.3729998879134655,0.25995108112692833,0.13305217400193214,0.06617792323231697,0.007293399423360825,0.0014641471207141876,0.0,0.0,0.0,0.0,0.0,0.0,0.0,0.0,0.0,0.0,0.0,0.0,0.0,0.0,0.0,0.0,0.0,0.0,0.0,0.0,95.29307752102613
59,8.830805603414774,7.724433656781912,7.54914828389883,7.228426206856966,6.677173849195242,6.298673961311579,5.858095485717058,5.447765879333019,5.255116686224937,4.671022765338421,4.286341652274132,3.8412122651934624,3.5777947939932346,3.1949142180383205,2.8364179022610188,2.447396855801344,2.1953921131789684,1.8568615689873695,1.5656872391700745,1.2957541830837727,1.1044439747929573,0.8975959718227386,0.6855222135782242,0.46531542390584946,0.31429316848516464,0.2294790893793106,0.16069090366363525,0.06567179039120674,0.03715994581580162,6.068497896194458e-06,0.0,0.0,0.0,0.0,0.0,0.0,0.0,0.0,0.0,0.0,0.0,0.0,0.0,0.0,0.0,0.0,0.0,0.0,0.0,0.0,96.59861372038722
60,8.905125509947538,6.993880912661552,7.733689438551664,6.843647867441177,7.011371623724699,6.401196639984846,6.038581732660532,5.6475496254861355,5.119398109614849,4.776778917759657,4.2753689885139465,3.995301552116871,3.485935252159834,3.131493717432022,2.7926933020353317,2.5005317330360413,2.109121534973383,1.8616226986050606,1.4185203164815903,1.2068170756101608,1.0967832207679749,0.8304395712912083,0.6279879920184612,0.4661790430545807,0.3422226384282112,0.23408986255526543,0.07361047342419624,0.0192110538482666,0.0018902942538261414,0.0008605048060417175,0.0,0.0,0.0,0.0,0.0,0.0,0.0,0.0,0.0,0.0,0.0,0.0,0.0,0.0,0.0,0.0,0.0,0.0,0.0,0.0,95.94190120324492
61,8.647511027753353,7.517187837511301,7.519544418901205,6.892905976623297,6.530493583530188,6.039128739386797,5.622227072715759,5.346980050206184,4.832226984202862,4.333051458001137,3.9353239201009274,3.546213388442993,3.1720719672739506,2.9067844338715076,2.5597505681216717,2.2037168741226196,2.0251568742096424,1.7387423999607563,1.5449300818145275,1.2220612987875938,0.9771818183362484,0.775129459798336,0.5873750820755959,0.38824108988046646,0.2941082715988159,0.18718533590435982,0.10805108770728111,0.01605958491563797,6.57886266708374e-06,0.00025043264031410217,0.0,0.0,0.0,0.0,0.0,0.0,0.0,0.0,0.0,0.0,0.0,0.0,0.0,0.0,0.0,0.0,0.0,0.0,0.0,0.0,91.469597697258
62,8.648212108761072,7.281807169318199,6.7467915043234825,6.12152174860239,6.560167454183102,6.102136202156544,5.645267628133297,5.135888032615185,4.757536116987467,4.320661772042513,3.8759766072034836,3.50605034455657,3.05634830519557,2.6131737008690834,2.4691933393478394,2.172539334744215,1.9440526813268661,1.6104701347649097,1.3555979058146477,1.1510491333901882,0.9500595182180405,0.7582284957170486,0.5779149271547794,0.44520406797528267,0.31049536168575287,0.18905358389019966,0.20670313388109207,0.04057036712765694,0.0012187808752059937,5.163252353668213e-06,0.0,0.0,0.0,0.0,0.0,0.0,0.0,0.0,0.0,0.0,0.0,0.0,0.0,0.0,0.0,0.0,0.0,0.0,0.0,0.0,88.55389462411404
63,8.66563231498003,7.58979406952858,6.222470656037331,6.72615472972393,6.571750294417143,5.9529064409434795,5.716214004904032,5.179469913244247,4.742833122611046,4.3460045382380486,3.948046065866947,3.516666006296873,3.252323929220438,2.889166511595249,2.5688235200941563,2.2505668438971043,1.9469577297568321,1.7095339000225067,1.506083831191063,1.2022820450365543,0.9816487170755863,0.7796018682420254,0.6108598224818707,0.43881937861442566,0.3128504268825054,0.1806538887321949,0.09779441729187965,0.026861630380153656,0.0024552084505558014,4.775822162628174e-06,0.0,0.0,0.0,0.0,0.0,0.0,0.0,0.0,0.0,0.0,0.0,0.0,0.0,0.0,0.0,0.0,0.0,0.0,0.0,0.0,89.93523060157895
64,8.618482261896133,7.853509973734617,7.3325779139995575,6.994566559791565,6.562077008187771,5.737887121737003,5.627408862113953,5.1955278143286705,4.806564528495073,4.330878250300884,3.9417529962956905,3.2859276048839092,3.197061412036419,2.8958364091813564,2.5651733465492725,2.2020432353019714,1.8688460066914558,1.65120280534029,1.4141751155257225,1.1635643616318703,0.9376578889787197,0.8525955826044083,0.6132520847022533,0.45501675084233284,1.161918044090271e-05,0.20025652274489403,7.99819827079773e-06,0.030453678220510483,7.078051567077637e-06,0.00026033446192741394,0.0,0.0,0.0,0.0,0.0,0.0,0.0,0.0,0.0,0.0,0.0,0.0,0.0,0.0,0.0,0.0,0.0,0.0,0.0,0.0,90.33458312600851
65,8.61931124702096,7.801304582506418,7.156835239380598,7.010239120572805,6.563932526856661,5.747536510229111,5.587126050144434,4.921683982014656,4.710564687848091,4.282604549080133,3.9173241928219795,3.53799943998456,3.1564369313418865,2.8777018040418625,2.5463647581636906,2.231548458337784,1.9510725550353527,1.6442997381091118,1.4505425430834293,1.2028207406401634,0.9710533879697323,0.7708081044256687,0.5990155264735222,0.4296215735375881,0.2896464504301548,0.07131573185324669,0.08912068232893944,0.01904776319861412,0.03010198473930359,0.000740930438041687,5.289912223815918e-06,0.0,0.0,0.0,0.0,0.0,0.0,0.0,0.0,0.0,0.0,0.0,0.0,0.0,0.0,0.0,0.0,0.0,0.0,0.0,90.18772708252072
66,8.829244896769524,7.3392891101539135,7.221365790814161,6.45619609951973,6.637743551284075,6.297129038721323,5.965686235576868,5.546305391937494,5.077392194420099,4.651594657450914,4.140659943223,3.5424054861068726,3.2061073258519173,3.049240827560425,2.7201353423297405,2.228851594030857,1.3217329978942871e-05,0.0026741474866867065,1.5764126516878605,1.3739193081855774,1.0918444246053696,0.8701065629720688,0.6738284453749657,0.5391177572309971,0.3531503342092037,0.213652815669775,0.08544650673866272,0.06256940215826035,0.006981395184993744,0.0013470984995365143,4.936009645462036e-06,0.0,0.0,0.0,0.0,0.0,0.0,0.0,0.0,0.0,0.0,0.0,0.0,0.0,0.0,0.0,0.0,0.0,0.0,0.0,89.7604164890945
67,8.856782551854849,7.7359896674752235,7.732210818678141,7.424016140401363,6.859943643212318,6.509906969964504,6.004916742444038,5.555101249366999,5.113076098263264,4.7008239813148975,4.257007163017988,3.818998910486698,3.3736724108457565,3.028655596077442,2.64814206212759,2.3056264147162437,2.070715345442295,1.8638590686023235,1.5343987308442593,1.2649464346468449,1.0529525727033615,0.873302049934864,0.6179355941712856,0.5412325821816921,0.396047692745924,0.27184678241610527,0.17055926471948624,8.326023817062378e-06,0.0005801394581794739,0.0002515353262424469,0.000256858766078949,0.0,0.0,0.0,0.0,0.0,0.0,0.0,0.0,0.0,0.0,0.0,0.0,0.0,0.0,0.0,0.0,0.0,0.0,0.0,96.58376339823008
68,8.947034269571304,6.777135659009218,5.944047931581736,7.131837133318186,6.718902591615915,6.466847572475672,5.9979891292750835,5.586961470544338,5.052798382937908,4.643723979592323,4.276325091719627,3.859695728868246,3.47081520780921,3.1321101263165474,2.7395997382700443,2.3765170127153397,2.0861511901021004,1.846734769642353,1.5625354833900928,1.288979932665825,1.0953421890735626,0.966445792466402,0.7170487269759178,0.5247988179326057,0.37032894045114517,0.23484795168042183,0.14122356474399567,0.05163251608610153,0.009051986038684845,0.0018854513764381409,0.0,0.0,0.0,0.0,0.0,0.0,0.0,0.0,0.0,0.0,0.0,0.0,0.0,0.0,0.0,0.0,0.0,0.0,0.0,0.0,94.01934833824635
69,8.837283693253994,6.942548856139183,6.811192326247692,6.945751897990704,7.08111348003149,6.47357526794076,5.6288769245147705,5.570649031549692,5.126244056969881,4.675412446260452,4.29965603351593,3.9404389783740044,3.465304024517536,3.084017626941204,2.6885370649397373,2.428792145103216,2.161592122167349,1.6929382346570492,1.5683517791330814,1.3202255740761757,1.0774157345294952,0.8806431964039803,0.6848878562450409,0.4966510199010372,0.3152948319911957,0.18429011851549149,7.45430588722229e-06,0.0701204389333725,0.006556086242198944,6.549060344696045e-06,0.0,0.0,0.0,0.0,0.0,0.0,0.0,0.0,0.0,0.0,0.0,0.0,0.0,0.0,0.0,0.0,0.0,0.0,0.0,0.0,94.45837485045195
70,8.85111727192998,8.00599766895175,7.588814575225115,6.331261321902275,6.930310592055321,6.4854488000273705,5.993606433272362,5.474095329642296,5.115338742733002,4.686143081635237,4.2529212683439255,3.851797703653574,3.4781976640224457,3.1689101606607437,2.832730822265148,2.3827527686953545,2.1429560109972954,1.8490714207291603,1.5859726965427399,1.4073776565492153,1.087644498795271,0.8916847668588161,0.7234593816101551,0.5534300468862057,0.41580355539917946,0.26698701456189156,0.12465211376547813,0.06210917979478836,0.002427954226732254,0.001138392835855484,0.00026826560497283936,0.0,0.0,0.0,0.0,0.0,0.0,0.0,0.0,0.0,0.0,0.0,0.0,0.0,0.0,0.0,0.0,0.0,0.0,0.0,96.54442716017365
71,8.644376795738935,7.515631832182407,6.756147816777229,7.020256228744984,6.524875555187464,5.7637772262096405,5.476838979870081,5.140986144542694,4.815739579498768,4.146909922361374,3.759452983736992,3.510556675493717,3.1589050367474556,2.8089441917836666,2.464391592890024,2.1908796541392803,1.960201632231474,1.740600548684597,1.4159184843301773,1.1591967940330505,0.9769332371652126,0.7512489929795265,0.5995231829583645,0.4286595582962036,0.2769239470362663,7.808208465576172e-06,0.1205957755446434,0.04059190675616264,0.0013003796339035034,4.94346022605896e-06,0.0,0.0,0.0,0.0,0.0,0.0,0.0,0.0,0.0,0.0,0.0,0.0,0.0,0.0,0.0,0.0,0.0,0.0,0.0,0.0,89.17037740722299
72,8.689673010259867,7.602285027503967,7.6706411726772785,6.7703560926020145,6.1730895563960075,6.141151275485754,5.673401392996311,5.19801926240325,4.418879672884941,4.232802759855986,3.932985931634903,3.590112332254648,3.2079441994428635,2.8569767884910107,2.556115236133337,2.2023367024958134,1.9154235646128654,1.638673521578312,1.3833850398659706,1.1344821341335773,0.9378376454114914,0.8236971758306026,0.5561180114746094,0.43115611001849174,0.30811023339629173,0.18395432084798813,0.0858982503414154,6.671994924545288e-06,0.0004631839692592621,0.00025397539138793945,0.0,0.0,0.0,0.0,0.0,0.0,0.0,0.0,0.0,0.0,0.0,0.0,0.0,0.0,0.0,0.0,0.0,0.0,0.0,0.0,90.31623025238514
73,8.696183625608683,7.981599096208811,7.526534799486399,7.029897507280111,6.5385041907429695,6.117447357624769,5.649859569966793,5.200004763901234,4.78252911567688,4.377099864184856,3.924808543175459,3.5843018479645252,0.0035288892686367035,2.726028099656105,2.365758340805769,2.194311335682869,1.8794999867677689,1.6254911683499813,1.3995106928050518,1.2385945208370686,0.9458450078964233,0.7627203539013863,0.567094661295414,0.43038681522011757,0.30536115169525146,0.20085550472140312,0.11415992677211761,0.021396387368440628,6.906688213348389e-06,0.00026246532797813416,0.0,0.0,0.0,0.0,0.0,0.0,0.0,0.0,0.0,0.0,0.0,0.0,0.0,0.0,0.0,0.0,0.0,0.0,0.0,0.0,88.18958249688148
74,8.70356084778905,6.957516599446535,6.703821334987879,7.179274100810289,6.527135688811541,6.06310698017478,5.559844214469194,5.160147313028574,4.967173807322979,4.558985959738493,3.9460212364792824,3.5406255908310413,3.1571509018540382,2.854724768549204,2.5231534652411938,2.2580081187188625,1.9422597363591194,1.7100506089627743,1.4319054670631886,1.1847277134656906,0.9787732921540737,0.8179751075804234,0.6530445441603661,0.4617963023483753,0.30858318135142326,0.20219559222459793,0.09606790542602539,0.013756662607192993,0.023251734673976898,0.000991031527519226,0.0,0.0,0.0,0.0,0.0,0.0,0.0,0.0,0.0,0.0,0.0,0.0,0.0,0.0,0.0,0.0,0.0,0.0,0.0,0.0,90.48562980815768
75,8.754882238805294,7.551177341490984,7.024751491844654,7.06184721365571,6.57784678786993,6.16929442435503,5.666717819869518,5.068368036299944,4.6556083261966705,4.351904217153788,4.126496944576502,3.6791801750659943,3.2569644562900066,2.8888591453433037,2.5464789271354675,2.2223969250917435,1.9858484752476215,1.6494258679449558,1.446635477244854,1.204210564494133,0.9629997871816158,0.7642440982162952,0.5520711168646812,0.3946119248867035,9.726732969284058e-06,0.000939197838306427,0.0009584687650203705,0.08438137918710709,0.009442534297704697,6.023794412612915e-06,0.0,0.0,0.0,0.0,0.0,0.0,0.0,0.0,0.0,0.0,0.0,0.0,0.0,0.0,0.0,0.0,0.0,0.0,0.0,0.0,90.65855911374092
76,8.868512511253357,7.911789141595364,7.647286683320999,7.2995214611291885,6.715492129325867,6.379859119653702,5.983668472617865,5.556470774114132,5.163531292229891,4.693755067884922,4.29796477034688,3.959032617509365,3.560539525002241,3.2336686588823795,2.7590023912489414,2.3862113766372204,2.0807309448719025,1.821242805570364,1.535214614123106,1.3110796250402927,1.0972562320530415,0.9274290166795254,0.6797228567302227,0.5383473597466946,0.370058037340641,0.2406020388007164,0.14641529321670532,0.028468381613492966,0.0018287710845470428,0.0011610724031925201,0.00026381760835647583,0.0,0.0,0.0,0.0,0.0,0.0,0.0,0.0,0.0,0.0,0.0,0.0,0.0,0.0,0.0,0.0,0.0,0.0,0.0,97.19612685963511
77,8.896554090082645,6.8822277672588825,7.0145993158221245,7.339373912662268,6.815870888531208,6.221742816269398,5.9754588678479195,5.546686481684446,5.096048351377249,4.583261359483004,4.297407049685717,3.872442726045847,3.480966918170452,3.0541009455919266,2.660356964915991,2.4270681627094746,2.1152402348816395,1.7887287475168705,1.5155195221304893,1.3291414752602577,1.1103092469274998,0.894730094820261,0.7089471742510796,0.5423823371529579,0.3635740838944912,0.2532884068787098,0.14360816404223442,0.07767358049750328,0.014021914452314377,6.254762411117554e-06,0.0,0.0,0.0,0.0,0.0,0.0,0.0,0.0,0.0,0.0,0.0,0.0,0.0,0.0,0.0,0.0,0.0,0.0,0.0,0.0,95.02133785560727
78,8.860175348818302,7.8360030353069305,7.638344548642635,7.092763539403677,6.965967301279306,6.3104328364133835,5.653967618942261,5.700765013694763,5.186810418963432,4.7189223393797874,4.297366715967655,3.981637381017208,3.5048292316496372,3.1655645184218884,2.900303989648819,2.5332788974046707,2.1749379709362984,1.934863019734621,1.6764925755560398,1.344574712216854,1.1457433514297009,0.9459352307021618,0.736797533929348,0.5311165563762188,0.36194389685988426,0.22272339835762978,0.13003765791654587,0.06471411138772964,0.0073458366096019745,0.0010225847363471985,0.00026227161288261414,0.0,0.0,0.0,0.0,0.0,0.0,0.0,0.0,0.0,0.0,0.0,0.0,0.0,0.0,0.0,0.0,0.0,0.0,0.0,97.62564344331622
79,9.051429253071547,7.538118977099657,7.849012840539217,7.329478472471237,6.875683858990669,6.444014362990856,6.009946834295988,5.578870993107557,5.095933090895414,4.656231705099344,4.215093903243542,3.906300239264965,3.449236072599888,3.1338110230863094,2.7921007610857487,2.4199931286275387,2.1102563589811325,1.8516663573682308,1.5845921598374844,1.3388435319066048,1.104690082371235,0.9309880174696445,0.7002290897071362,0.546299546957016,0.3903653994202614,0.25927630066871643,0.11856308206915855,0.0684487633407116,6.6123902797698975e-06,0.0003489479422569275,0.0002447068691253662,0.00014542415738105774,0.0,0.0,0.0,0.0,0.0,0.0,0.0,0.0,0.0,0.0,0.0,0.0,0.0,0.0,0.0,0.0,0.0,0.0,97.35021989792585
80,8.864725321531296,7.51153264567256,7.399811815470457,6.699248839169741,6.82374482601881,6.221274986863136,5.986058432608843,5.5367326103150845,5.078768413513899,4.628560423851013,4.0631950832903385,3.657061383128166,3.251729540526867,3.0127904526889324,2.6303506568074226,2.4019056633114815,2.131081521511078,1.8404408432543278,1.5726833194494247,1.337946031242609,1.0641971416771412,0.8985526189208031,0.7116189859807491,0.5148769617080688,0.3720416873693466,0.23504499718546867,0.13555772602558136,0.0515344962477684,0.0059122852981090546,5.695968866348267e-06,0.0,0.0,0.0,0.0,0.0,0.0,0.0,0.0,0.0,0.0,0.0,0.0,0.0,0.0,0.0,0.0,0.0,0.0,0.0,0.0,94.63898540660739
81,8.655884686857462,7.807371962815523,6.714669037610292,7.116354789584875,6.5085636749863625,6.110592857003212,5.666574794799089,5.311017386615276,4.789172902703285,4.310012262314558,3.885155688971281,3.515754085034132,3.17038569226861,2.8296046815812588,2.3932317681610584,2.16611385717988,1.107528805732727e-05,1.6230840981006622,1.3462631367146969,0.9459704123437405,0.9305665083229542,0.7034996747970581,0.5681010410189629,0.41712405905127525,0.3075823038816452,0.19155262410640717,0.11898873373866081,0.03070887178182602,0.0026689767837524414,5.9157609939575195e-06,0.0,0.0,0.0,0.0,0.0,0.0,0.0,0.0,0.0,0.0,0.0,0.0,0.0,0.0,0.0,0.0,0.0,0.0,0.0,0.0,88.13658756017685
82,8.639403246343136,7.8767171166837215,7.426079027354717,7.000153634697199,6.544905059039593,5.698980238288641,5.59827783331275,5.147358126938343,4.724270831793547,4.20653210580349,3.915537167340517,3.491315271705389,3.179414514452219,2.866432424634695,2.580440931022167,2.2135885395109653,1.9664798639714718,1.6669062562286854,1.4529533237218857,1.1678481325507164,0.9800271242856979,0.8536008670926094,0.5836542472243309,0.41653264686465263,0.24724700674414635,0.16463912650942802,0.06241488456726074,7.014721632003784e-06,0.0060234591364860535,6.012618541717529e-06,0.0,0.0,0.0,0.0,0.0,0.0,0.0,0.0,0.0,0.0,0.0,0.0,0.0,0.0,0.0,0.0,0.0,0.0,0.0,0.0,90.67774603515863
83,8.583640184253454,7.863814342767,6.944051321595907,7.115061391144991,6.580960880964994,6.189676940441132,5.632247742265463,5.168517366051674,4.752715688198805,4.238029047846794,4.073260668665171,3.5444228164851665,3.237720772624016,2.797409266233444,2.505199111998081,2.2608643360435963,2.012171022593975,1.665906947106123,1.367469247430563,1.1552732214331627,0.953065250068903,0.7184031754732132,0.5094453580677509,0.3514772988855839,0.31347010657191277,0.1807180643081665,0.1035652756690979,0.04466593638062477,0.0016143135726451874,4.936009645462036e-06,0.0,0.0,0.0,0.0,0.0,0.0,0.0,0.0,0.0,0.0,0.0,0.0,0.0,0.0,0.0,0.0,0.0,0.0,0.0,0.0,90.86484203115106
84,8.588082909584045,7.7751783058047295,7.2950288616120815,6.236326225101948,6.3932532556355,6.0944592878222466,5.601828999817371,5.220131050795317,4.741984512656927,4.395694874227047,3.9808563627302647,3.5012409202754498,3.160499941557646,2.8186967708170414,2.5675702951848507,2.2569248862564564,1.9105462171137333,1.6509227119386196,1.4066994078457355,1.1844603046774864,0.9356282278895378,0.755805492401123,0.5399445965886116,0.40678930282592773,0.28848039358854294,0.18313653767108917,0.10237190499901772,0.035686101764440536,6.6570937633514404e-06,0.0001415833830833435,0.0,0.0,0.0,0.0,0.0,0.0,0.0,0.0,0.0,0.0,0.0,0.0,0.0,0.0,0.0,0.0,0.0,0.0,0.0,0.0,90.02837689965963
85,8.631198171526194,7.667743992060423,7.541337065398693,6.977370735257864,6.638428669422865,6.114173073321581,5.665105890482664,5.190054927021265,4.7734365947544575,4.336846694350243,3.9404759146273136,3.5924498848617077,3.1165326461195946,2.8865314833819866,2.534985516220331,2.243979137390852,1.9909509159624577,1.692781288176775,1.4327663332223892,1.196552474051714,0.9736861735582352,0.7328380569815636,0.6094201393425465,0.42774369195103645,0.31867697834968567,0.30030885711312294,0.10066793113946915,0.01299193874001503,0.001225203275680542,4.760921001434326e-06,0.0,0.0,0.0,0.0,0.0,0.0,0.0,0.0,0.0,0.0,0.0,0.0,0.0,0.0,0.0,0.0,0.0,0.0,0.0,0.0,91.64126513898373
86,8.879743404686451,7.706658013164997,6.72581385076046,6.416205830872059,6.933782268315554,6.4461680836975574,6.0257629826664925,5.451545797288418,4.783011958003044,4.703448910266161,4.13086399063468,3.693080823868513,3.3265450820326805,3.1713135093450546,2.8063639774918556,2.4426156654953957,2.087562534958124,1.813539296388626,1.5488236993551254,1.281958632171154,1.1624421924352646,0.9016145765781403,0.7183702290058136,0.5545669533312321,0.37019072473049164,0.24271195754408836,0.13185060769319534,7.394701242446899e-06,0.00988725945353508,6.504356861114502e-06,0.0,0.0,0.0,0.0,0.0,0.0,0.0,0.0,0.0,0.0,0.0,0.0,0.0,0.0,0.0,0.0,0.0,0.0,0.0,0.0,94.46645671129227
87,8.936149075627327,7.829326082020998,7.7979472912848,7.3812637738883495,6.881163835525513,6.3517811968922615,5.991432186216116,5.550377629697323,5.222497429698706,4.717736590653658,4.274285297840834,3.9338380210101604,3.440787822008133,3.110269207507372,2.777327351272106,2.488132506608963,2.205845694988966,1.848740741610527,1.593403123319149,1.2685321941971779,0.9783933609724045,0.787896391004324,0.72879933193326,0.5491285510361195,0.35703153163194656,0.2617122046649456,0.13716422393918037,0.05909034237265587,0.009265944361686707,0.0013984665274620056,0.0,0.0,0.0,0.0,0.0,0.0,0.0,0.0,0.0,0.0,0.0,0.0,0.0,0.0,0.0,0.0,0.0,0.0,0.0,0.0,97.47071740031242
88,8.860355474054813,7.916095804423094,7.527416456490755,6.870166834443808,6.949943248182535,6.379821516573429,5.962809894233942,5.5046270079910755,5.052418105304241,4.6727167665958405,4.196258544921875,3.6179332695901394,3.561056435108185,3.0088574029505253,2.709678817540407,2.397027477622032,2.144181303679943,1.8416485041379929,1.6735445261001587,1.371107704937458,1.094163279980421,0.870878741145134,0.7014400623738766,0.5548283979296684,0.3949223607778549,0.23617707937955856,0.09006299078464508,0.07745631411671638,0.021212536841630936,0.0010551102459430695,4.9211084842681885e-06,0.0,0.0,0.0,0.0,0.0,0.0,0.0,0.0,0.0,0.0,0.0,0.0,0.0,0.0,0.0,0.0,0.0,0.0,0.0,96.25986688956618
89,8.797073420137167,6.078786708414555,7.698151681572199,6.942852713167667,6.845771592110395,6.494593746960163,6.0430034548044205,5.684295192360878,5.123050190508366,4.640508208423853,4.063373722136021,3.7395397685468197,3.0607689432799816,3.1028603352606297,2.852028761059046,2.4796494469046593,2.139849528670311,1.8545403629541397,1.5123667418956757,1.3311976045370102,1.1783909164369106,0.907106626778841,0.7014605365693569,0.5108207277953625,0.34472694993019104,0.248133085668087,0.16277331113815308,0.08685002475976944,0.016955748200416565,0.0013236142694950104,0.0,0.0,0.0,0.0,0.0,0.0,0.0,0.0,0.0,0.0,0.0,0.0,0.0,0.0,0.0,0.0,0.0,0.0,0.0,0.0,94.64280366525054
90,8.817485217005014,6.5382320657372475,7.748953245580196,7.169768467545509,6.323876496404409,6.554169461131096,6.062034223228693,5.551103953272104,5.239110302180052,4.923407554626465,4.278652876615524,3.865055039525032,3.4812309332191944,3.1679942905902863,2.847260743379593,2.458191681653261,2.130274511873722,1.802343238145113,1.556116707623005,1.3632220067083836,1.1113403551280499,0.9199140854179859,0.7072948217391968,0.5449124574661255,0.39260632917284966,0.2057047300040722,0.11384188383817673,0.06226577237248421,0.014969844371080399,0.0022073164582252502,0.0,0.0,0.0,0.0,0.0,0.0,0.0,0.0,0.0,0.0,0.0,0.0,0.0,0.0,0.0,0.0,0.0,0.0,0.0,0.0,95.95354061201215
91,8.687346741557121,7.759945794939995,7.593340437859297,7.232419561594725,6.59647785872221,6.088170524686575,5.720712766051292,5.182450640946627,4.732922799885273,4.2931370213627815,4.036977980285883,3.686435978859663,3.181698691099882,2.9229796454310417,2.5970762595534325,2.1974706910550594,1.9125238470733166,1.7112873010337353,1.4107409417629242,1.1352565623819828,0.9153760932385921,0.708801157772541,0.5580014549195766,8.746981620788574e-06,0.0011399425566196442,0.24438097700476646,0.13401908427476883,0.0557837039232254,5.342066287994385e-06,0.0003500804305076599,0.00026585161685943604,0.00015671178698539734,0.0,0.0,0.0,0.0,0.0,0.0,0.0,0.0,0.0,0.0,0.0,0.0,0.0,0.0,0.0,0.0,0.0,0.0,91.29766119271517
92,8.59431092068553,6.78056675940752,6.073193583637476,7.111934594810009,6.488848201930523,6.059357106685638,5.6144256927073,5.145959910005331,4.714782923460007,4.2866850309073925,3.96346278488636,3.5379982218146324,3.1659327149391174,2.809828121215105,2.532913513481617,2.1992730535566807,1.8946225307881832,1.7110704332590103,1.4041628502309322,1.1571843214333057,0.9515552781522274,0.7659827210009098,0.5803374797105789,0.4377718083560467,0.2899774834513664,0.18885773420333862,0.07403553649783134,0.007115636020898819,0.002240225672721863,5.014240741729736e-06,0.0,0.0,0.0,0.0,0.0,0.0,0.0,0.0,0.0,0.0,0.0,0.0,0.0,0.0,0.0,0.0,0.0,0.0,0.0,0.0,88.54439218714833
93,8.640464533120394,7.425802782177925,7.126821752637625,6.845775958150625,6.223300147801638,6.047351446002722,5.6147256679832935,5.314223103225231,4.78195658326149,4.461329810321331,4.037885051220655,3.6548348143696785,3.19023334980011,2.9134272523224354,2.5902965739369392,2.2512879222631454,1.8866815194487572,1.6236946806311607,1.3676236644387245,1.1410368792712688,0.9806522578001022,0.7720504216849804,0.5860357843339443,0.42806876450777054,0.29752058163285255,0.20579499006271362,0.06217532977461815,0.008043233305215836,0.0015587210655212402,5.714595317840576e-06,0.0,0.0,0.0,0.0,0.0,0.0,0.0,0.0,0.0,0.0,0.0,0.0,0.0,0.0,0.0,0.0,0.0,0.0,0.0,0.0,90.48065929114819
94,8.704095546156168,7.9817657843232155,7.5133326053619385,6.480281196534634,6.5577724277973175,6.071448493748903,5.60125995054841,5.139644633978605,4.774647019803524,4.356789659708738,3.9293903969228268,3.5957689955830574,3.170197620987892,2.8340184539556503,2.4280772283673286,2.1684426218271255,1.8450693488121033,1.5556421130895615,1.2932315841317177,1.1447817087173462e-05,0.001865394413471222,0.0017722398042678833,0.001783069223165512,0.5915904007852077,0.43886497616767883,0.3010092005133629,0.19049085304141045,0.08037836849689484,6.77257776260376e-06,0.004767991602420807,4.779547452926636e-06,0.0,0.0,0.0,0.0,0.0,0.0,0.0,0.0,0.0,0.0,0.0,0.0,0.0,0.0,0.0,0.0,0.0,0.0,0.0,87.6134211756289
95,8.653755951672792,7.3389777429401875,7.506823416799307,7.0610077902674675,6.531667977571487,6.098399292677641,5.660116672515869,5.226215161383152,4.801717337220907,4.403139013797045,4.05047769472003,3.5843548104166985,3.1847872361540794,2.8794176280498505,2.63419771194458,2.256112065166235,1.9578237757086754,1.698477316647768,1.4386443793773651,1.1961706019937992,1.0019964128732681,0.7854773290455341,0.6310022883117199,0.46545568481087685,0.32285353913903236,0.20881766080856323,0.12327627837657928,0.04829053208231926,0.001990851014852524,5.234032869338989e-06,0.0,0.0,0.0,0.0,0.0,0.0,0.0,0.0,0.0,0.0,0.0,0.0,0.0,0.0,0.0,0.0,0.0,0.0,0.0,0.0,91.75144938752055
96,8.847462859004736,8.034482877701521,7.420799199491739,7.437648944556713,6.946944564580917,6.494378883391619,6.015960913151503,5.5798076540231705,5.12233342975378,4.750406764447689,4.3857546634972095,3.9858562909066677,3.5945066437125206,3.1535616144537926,2.8644308671355247,2.5320435613393784,2.1714242547750473,1.8805977515876293,1.614915419369936,1.375288262963295,1.170898001641035,0.9564615339040756,0.7197631895542145,0.5454800464212894,0.38368139043450356,0.24288517236709595,0.15079442411661148,0.03819701820611954,0.0020033828914165497,0.0007407218217849731,0.00025707855820655823,0.0,0.0,0.0,0.0,0.0,0.0,0.0,0.0,0.0,0.0,0.0,0.0,0.0,0.0,0.0,0.0,0.0,0.0,0.0,98.41976737976074
97,8.869331199675798,7.022119414061308,6.58602786436677,7.267516940832138,5.86606677249074,6.414921190589666,5.867195263504982,5.53588379919529,5.088098276406527,4.712885718792677,4.345500815659761,3.8771780021488667,3.495978396385908,3.1325296461582184,2.7880435176193714,2.5014034248888493,2.130259044468403,1.836970955133438,1.5685435608029366,1.374292902648449,1.1135588586330414,0.8964486308395863,0.6896225921809673,0.5612563416361809,0.34829166904091835,0.25874845311045647,0.11109055578708649,0.05039944872260094,0.0013484619557857513,5.107372999191284e-06,2.8721988201141357e-06,0.0,0.0,0.0,0.0,0.0,0.0,0.0,0.0,0.0,0.0,0.0,0.0,0.0,0.0,0.0,0.0,0.0,0.0,0.0,94.31151969730854
98,8.846749905496836,6.6510742492973804,6.845832869410515,7.316318854689598,6.907141853123903,6.414978478103876,5.985674496740103,5.486768983304501,5.023275692015886,4.269453067332506,4.054394066333771,3.7135703526437283,3.155640237033367,3.034877710044384,2.6487709917128086,2.4222468584775925,2.1050068624317646,1.563523031771183,0.5359502471983433,1.1012759655714035,1.2384493313729763,0.5919984951615334,0.8139259181916714,0.5631179064512253,0.5528392717242241,0.23915116488933563,0.18528586998581886,0.09978682175278664,0.02967733144760132,0.003247566521167755,0.0007738173007965088,0.000248931348323822,0.0,0.0,0.0,0.0,0.0,0.0,0.0,0.0,0.0,0.0,0.0,0.0,0.0,0.0,0.0,0.0,0.0,0.0,92.40102719888091
99,8.846005029976368,6.60185493901372,5.92307286709547,7.2329175136983395,7.0072976760566235,6.512544710189104,6.046383194625378,5.512177713215351,5.080102503299713,4.668801169842482,4.272720769047737,3.8829683624207973,3.4817132018506527,3.125800546258688,2.778544556349516,2.4611167311668396,2.1411851309239864,1.9140372797846794,1.591619610786438,1.3280460722744465,1.0936905890703201,0.8741335310041904,0.66335404291749,0.50588783249259,0.39217067137360573,0.22270983457565308,0.1406426765024662,0.041880615055561066,0.004112206399440765,0.0015842542052268982,0.00026109442114830017,0.0,0.0,0.0,0.0,0.0,0.0,0.0,0.0,0.0,0.0,0.0,0.0,0.0,0.0,0.0,0.0,0.0,0.0,0.0,94.34933692589402
100,8.971149910241365,7.180391479283571,7.330177880823612,7.334768980741501,6.7405017130076885,6.361524432897568,5.930746383965015,5.533737123012543,5.0058094300329685,4.577690169215202,4.088619198650122,3.700040388852358,3.3232168927788734,3.0907739624381065,2.79528546333313,2.4844170659780502,2.1525972336530685,1.8662242777645588,1.6052207201719284,1.3631332516670227,1.2208350785076618,0.8884500861167908,0.7164576910436153,0.5543488226830959,0.413448017090559,0.26486514136195183,0.17326314002275467,0.0759325921535492,0.011740133166313171,0.0009227097034454346,0.00025537237524986267,0.0,0.0,0.0,0.0,0.0,0.0,0.0,0.0,0.0,0.0,0.0,0.0,0.0,0.0,0.0,0.0,0.0,0.0,0.0,95.75654474273324

total time per move x,876.406360257417,737.0187964811921,717.0280055813491,701.3639185577631,660.2031874991953,611.8822966627777,571.4570586830378,529.4304513968527,487.04832711070776,445.52652388066053,405.2580794915557,366.3765799254179,325.07386845722795,295.75092290714383,262.49840470030904,230.0693084821105,195.09869506955147,165.80588855221868,143.59165947511792,120.81393247842789,99.90138847380877,79.2342856861651,62.62467159703374,47.00981072336435,32.729544315487146,21.517364606261253,11.459134265780449,4.199662175029516,0.7300114072859287,0.06924449279904366,0.007819302380084991,0.0008039139211177826,0,0,0,0,0,0,0,0,0,0,0,0,0,0,0,0,0,0,9207.18600660935
average time per move x,8.76406360257417,7.3701879648119215,7.170280055813492,7.013639185577631,6.602031874991954,6.118822966627777,5.772293522050886,5.347782337341947,4.919680071825331,4.50026791798647,4.093515954460159,3.700773534600181,3.2835744288608884,2.9873830596681197,2.6514990373768588,2.323932408910207,1.970693889591429,1.6748069550729159,1.450420802778969,1.2203427523073525,1.0091049340788765,0.8003463200622737,0.6325724403740782,0.4748465729632763,0.3306014577321934,0.21734711723496217,0.11574883096747929,0.042420830050803195,0.007373852598847765,0.0006994393212024612,0.000244353199377656,0.00020097848027944565,nan,nan,nan,nan,nan,nan,nan,nan,nan,nan,nan,nan,nan,nan,nan,nan,nan,nan,92.0718600660935
std of time per move x,0.12773948431668117,0.5233427016357851,0.5072568853533626,0.3130299752078952,0.34229864991438286,0.6530389478437737,0.19229763175126305,0.1874287409677153,0.19844560798184346,0.18743299737606064,0.18536427132453243,0.18277203823390914,0.3731030047879775,0.15174448993115067,0.1420236523579204,0.1287108673033494,0.3705014208359485,0.36364706632484856,0.25244061943043616,0.20333726770429478,0.1720525711067808,0.16458821988774675,0.11798252282516902,0.0946452233658347,0.08740847126479856,0.05891483353043457,0.04634703627964713,0.027864972078335555,0.013815769124137898,0.0009869739471280161,0.0003538050690529231,5.783771916283855e-05,nan,nan,nan,nan,nan,nan,nan,nan,nan,nan,nan,nan,nan,nan,nan,nan,nan,nan,6.658575059507514
err of average time,0.012773948431668116,0.052334270163578514,0.050725688535336266,0.03130299752078952,0.034229864991438284,0.06530389478437737,0.01932663916948099,0.018837297233897737,0.019944534029385803,0.018837725019032164,0.018629810227912387,0.018369280999708124,0.03749826287987562,0.015250895063802717,0.014273914128093815,0.012935928887467665,0.03723679385473956,0.036547905306454756,0.02537123686350477,0.020436164329430198,0.017291934017488922,0.016541738493338377,0.0118576896978978,0.009512202851631863,0.008784881899512076,0.005921163557778814,0.0046580524086235996,0.0028005350659869315,0.001388537041664923,9.919461395393024e-05,6.254449088637415e-05,2.8918859581419275e-05,nan,nan,nan,nan,nan,nan,nan,nan,nan,nan,nan,nan,nan,nan,nan,nan,nan,nan,0.6658575059507514
