Contains move time for player AlphaBeta5; opponent is DynamicRoxanne
Colums refer to move number, rows to game number
game,1,2,3,4,5,6,7,8,9,10,11,12,13,14,15,16,17,18,19,20,21,22,23,24,25,26,27,28,29,30,31,32,33,34,35,36,37,38,39,40,41,42,43,44,45,46,47,48,49,50,total
1,1.6373752914369106,3.6103708148002625,5.01726184412837,17.17517949640751,10.377002898603678,57.09360637888312,19.237607564777136,10.2276356741786,30.838915314525366,7.036960646510124,21.921306651085615,16.059196960180998,5.0123520866036415,14.703346528112888,8.616865333169699,3.73046537861228,4.960340898483992,1.2560065127909184,0.9482441768050194,0.8611562252044678,1.7444583922624588,1.5778950452804565,1.6324173100292683,0.9016894772648811,0.3962205946445465,0.19899017736315727,0.11262740939855576,0.011681642383337021,0.0020045265555381775,0.00036726146936416626,0.00022696703672409058,0.0,0.0,0.0,0.0,0.0,0.0,0.0,0.0,0.0,0.0,0.0,0.0,0.0,0.0,0.0,0.0,0.0,0.0,0.0,246.8997754789889
2,1.537456475198269,2.5314518213272095,4.592446591705084,8.09830567240715,32.738973852247,44.97994137182832,49.14798627048731,32.14426087215543,17.58796440809965,15.13958115875721,9.67963657155633,6.705084543675184,19.034996047616005,5.630418818444014,6.265341639518738,1.6353033632040024,1.3546973913908005,2.788958627730608,4.227385502308607,2.115066271275282,2.9525114968419075,2.449261948466301,2.13168378546834,0.3830021061003208,0.5052369050681591,0.24198244512081146,0.10403286293148994,0.015774201601743698,0.0014268569648265839,0.00016824156045913696,0.0,0.0,0.0,0.0,0.0,0.0,0.0,0.0,0.0,0.0,0.0,0.0,0.0,0.0,0.0,0.0,0.0,0.0,0.0,0.0,276.72033812105656
3,1.583920817822218,4.26644292473793,2.901178564876318,6.803365305066109,10.778045300394297,13.510438408702612,18.708272017538548,10.140192974358797,4.361034035682678,17.01050839200616,20.479585722088814,25.84263651072979,22.719685785472393,9.72711131721735,5.703132804483175,7.0641054436564445,5.696586906909943,2.1030739285051823,1.3530611358582973,1.279023952782154,0.86452641710639,0.9592944905161858,0.9229051545262337,0.7473092041909695,0.4756443686783314,0.38157088309526443,0.10845169052481651,0.006334446370601654,0.0009193718433380127,0.0,0.0,0.0,0.0,0.0,0.0,0.0,0.0,0.0,0.0,0.0,0.0,0.0,0.0,0.0,0.0,0.0,0.0,0.0,0.0,0.0,196.49835827574134
4,1.4953364692628384,2.3841358087956905,5.054487019777298,10.17691707238555,7.617151118814945,15.953734632581472,11.0184530839324,12.081032287329435,6.457092829048634,9.070749573409557,6.528237719088793,2.210747517645359,5.246123872697353,7.672247722744942,5.302442487329245,6.824600752443075,3.848611492663622,5.787366844713688,6.492919139564037,5.912046205252409,6.119348928332329,4.813291791826487,1.2044707536697388,1.231269709765911,0.6024366244673729,0.1894807331264019,0.0485537089407444,0.014447987079620361,0.001943986862897873,0.00018132850527763367,0.0,0.0,0.0,0.0,0.0,0.0,0.0,0.0,0.0,0.0,0.0,0.0,0.0,0.0,0.0,0.0,0.0,0.0,0.0,0.0,151.35985920205712
5,1.5702873207628727,2.5309476144611835,6.76304854080081,2.519070789217949,3.852766662836075,6.8311711847782135,18.984967537224293,8.243349373340607,22.461408205330372,31.692186687141657,19.974138643592596,14.591192938387394,15.669318452477455,9.784302804619074,25.047391820698977,22.89449992775917,13.843072399497032,20.441577434539795,8.213342305272818,3.311622478067875,8.86744987219572,6.672289967536926,2.4260546304285526,1.8851777166128159,0.924711387604475,0.3755256272852421,0.07236530631780624,0.04608245939016342,0.006084278225898743,0.0018513239920139313,0.0006324909627437592,0.0001609809696674347,0.0,0.0,0.0,0.0,0.0,0.0,0.0,0.0,0.0,0.0,0.0,0.0,0.0,0.0,0.0,0.0,0.0,0.0,280.49804916232824
6,1.413716934621334,2.2550842501223087,2.3021071329712868,2.2585616409778595,5.266390070319176,4.735636819154024,10.398396763950586,3.3610059320926666,8.243359047919512,1.3701449297368526,3.005002424120903,4.734388127923012,3.7125345319509506,2.8631434850394726,2.4672030471265316,6.313840307295322,13.208869386464357,6.224861457943916,8.591810964047909,3.199795164167881,1.6288397014141083,1.5633638314902782,1.5464774146676064,0.5860277600586414,0.9797372370958328,0.21900444105267525,0.38610362261533737,0.05796339735388756,0.010256011039018631,0.000688258558511734,0.00018037855625152588,0.0,0.0,0.0,0.0,0.0,0.0,0.0,0.0,0.0,0.0,0.0,0.0,0.0,0.0,0.0,0.0,0.0,0.0,0.0,102.90449447184801
7,1.4505688473582268,2.8675071448087692,5.673612967133522,7.135567791759968,8.550391253083944,9.576580606400967,7.166776228696108,8.96202366054058,3.30677268281579,19.19772356376052,13.974191535264254,21.79056390374899,20.984122693538666,17.61828427761793,14.697982668876648,16.634436529129744,7.8991536647081375,30.50438939779997,3.4240098148584366,3.6430013924837112,3.9851314425468445,3.4084911830723286,1.3740626126527786,1.182649165391922,0.8563391603529453,0.5141819231212139,0.4075182378292084,0.25521235913038254,0.06137464940547943,0.025609232485294342,0.0035081617534160614,0.0003821142017841339,0.0002598799765110016,0.0,0.0,0.0,0.0,0.0,0.0,0.0,0.0,0.0,0.0,0.0,0.0,0.0,0.0,0.0,0.0,0.0,237.132380746305
8,1.575739812105894,3.0969553478062153,3.952088326215744,8.154331419616938,9.124247569590807,11.967337276786566,13.866702679544687,15.191032376140356,32.61830970644951,25.250733751803637,24.31864682212472,15.941336333751678,17.368944127112627,32.81430912390351,19.152736149728298,14.150716662406921,14.799651023000479,8.528307430446148,12.725057732313871,3.469077877700329,7.22559854015708,7.500310335308313,4.148816309869289,1.670700516551733,0.5665247365832329,0.34926076605916023,0.1990383043885231,0.09616231173276901,0.020870491862297058,0.001592010259628296,0.0001716427505016327,0.0,0.0,0.0,0.0,0.0,0.0,0.0,0.0,0.0,0.0,0.0,0.0,0.0,0.0,0.0,0.0,0.0,0.0,0.0,309.84530751407146
9,1.4517292715609074,2.3575855121016502,3.578646831214428,5.643339063972235,7.002363793551922,8.025051455944777,16.205303601920605,9.780736070126295,3.8992843963205814,5.055503111332655,0.003592677414417267,0.0,0.0,0.0,0.0,0.0,0.0,0.0,0.0,0.0,0.0,0.0,0.0,0.0,0.0,0.0,0.0,0.0,0.0,0.0,0.0,0.0,0.0,0.0,0.0,0.0,0.0,0.0,0.0,0.0,0.0,0.0,0.0,0.0,0.0,0.0,0.0,0.0,0.0,0.0,63.00313578546047
10,1.4206465035676956,2.0803974829614162,5.137035083025694,5.459239616990089,5.927280120551586,12.593856450170279,11.683606624603271,10.193447019904852,7.63517527654767,6.736123938113451,11.497501365840435,7.5881255976855755,3.9941104911267757,11.756309419870377,11.29057027772069,5.745644513517618,6.875374410301447,3.4912534952163696,3.308569736778736,2.027809675782919,0.9339909479022026,0.8696721084415913,1.3149870969355106,1.0630965009331703,1.1554827243089676,0.6963461376726627,0.28283683210611343,0.13628020882606506,0.017682719975709915,0.0021601617336273193,0.00020305439829826355,0.0,0.0,0.0,0.0,0.0,0.0,0.0,0.0,0.0,0.0,0.0,0.0,0.0,0.0,0.0,0.0,0.0,0.0,0.0,142.91481559351087
11,1.6639382094144821,2.745590567588806,4.974369511008263,8.095998901873827,9.372732549905777,10.704883974045515,15.14153940975666,15.132730852812529,11.789101954549551,15.35569029301405,31.38990817591548,31.652616806328297,10.443673461675644,10.19966397061944,15.080599837005138,18.613029200583696,9.089221104979515,4.523380074650049,6.283018458634615,4.472015451639891,4.327412366867065,4.636127911508083,4.199999991804361,2.0635821521282196,1.0857918448746204,0.8663713857531548,0.09333902597427368,0.015714701265096664,0.0018789097666740417,0.00059489905834198,0.0,0.0,0.0,0.0,0.0,0.0,0.0,0.0,0.0,0.0,0.0,0.0,0.0,0.0,0.0,0.0,0.0,0.0,0.0,0.0,254.01451595500112
12,2.022797215729952,2.004004906862974,3.990192774683237,5.479339178651571,10.305885296314955,2.7483790181577206,7.806616250425577,9.646887689828873,7.665444482117891,6.112743489444256,7.07033571228385,4.177338216453791,4.038742575794458,1.5257530137896538,2.615868266671896,2.150149416178465,4.4277446530759335,3.6101942509412766,2.93163101375103,2.102398470044136,1.5207101851701736,0.9149317517876625,0.2056032083928585,0.0015062056481838226,0.0014046765863895416,0.0,0.0,0.0,0.0,0.0,0.0,0.0,0.0,0.0,0.0,0.0,0.0,0.0,0.0,0.0,0.0,0.0,0.0,0.0,0.0,0.0,0.0,0.0,0.0,0.0,95.07660191878676
13,2.020477097481489,2.749952048063278,4.348804108798504,7.701429735869169,9.223609406501055,10.231468740850687,11.216451168060303,7.943876598030329,7.123640235513449,1.91936344653368,0.0038361214101314545,0.0,0.0,0.0,0.0,0.0,0.0,0.0,0.0,0.0,0.0,0.0,0.0,0.0,0.0,0.0,0.0,0.0,0.0,0.0,0.0,0.0,0.0,0.0,0.0,0.0,0.0,0.0,0.0,0.0,0.0,0.0,0.0,0.0,0.0,0.0,0.0,0.0,0.0,0.0,64.48290870711207
14,2.176511749625206,2.946274194866419,4.201253641396761,8.042701110243797,11.264979768544436,9.554340489208698,21.24702315032482,15.227306265383959,11.35427951067686,12.087779231369495,18.079016461968422,7.167527720332146,15.70383183658123,25.615950729697943,14.886957842856646,8.35049594566226,6.464830491691828,1.8001432083547115,1.2953274250030518,1.1737727522850037,1.6174694560468197,1.8352704085409641,0.8420528173446655,0.5932005941867828,0.08997068181633949,0.31107137352228165,0.08317846059799194,0.009033367037773132,0.0003393404185771942,0.00016277655959129333,0.0,0.0,0.0,0.0,0.0,0.0,0.0,0.0,0.0,0.0,0.0,0.0,0.0,0.0,0.0,0.0,0.0,0.0,0.0,0.0,204.02205280214548
15,1.3412444740533829,3.1598253585398197,6.202669132500887,11.586066365242004,15.933632880449295,24.670812714844942,13.680974520742893,15.69614053145051,25.39364555478096,11.173514150083065,5.668516155332327,54.17788942158222,25.854493588209152,25.015659127384424,14.189493335783482,8.677796330302954,7.4445075541734695,8.903171826153994,4.952111568301916,1.5929570458829403,2.1078452467918396,3.0294531285762787,0.9907648451626301,1.181152556091547,0.3185349963605404,0.2450980693101883,0.06783022731542587,0.009183410555124283,0.001169443130493164,0.0001661926507949829,0.0,0.0,0.0,0.0,0.0,0.0,0.0,0.0,0.0,0.0,0.0,0.0,0.0,0.0,0.0,0.0,0.0,0.0,0.0,0.0,293.2663197517395
16,1.4155440665781498,2.790998701006174,4.5017880499362946,4.359336961060762,11.463624019175768,15.090472713112831,31.497779794037342,31.147759433835745,42.079822454601526,60.1990150809288,67.85780272632837,27.021851859986782,14.649219181388617,18.39806329458952,10.334965202957392,11.313809160143137,5.957669302821159,13.635236859321594,12.194938518106937,6.556451570242643,6.876625046133995,3.2324500009417534,3.065453838557005,6.454974990338087,0.596511360257864,0.44736646488308907,0.1573398970067501,0.04034169018268585,0.0029997602105140686,0.000539824366569519,0.0,0.0,0.0,0.0,0.0,0.0,0.0,0.0,0.0,0.0,0.0,0.0,0.0,0.0,0.0,0.0,0.0,0.0,0.0,0.0,413.34075182303786
17,1.4242640510201454,2.0858941301703453,3.324625201523304,11.703831896185875,9.801546666771173,10.523929227143526,10.963481858372688,26.076754480600357,15.211308341473341,16.611597172915936,3.636484894901514,8.393263258039951,4.286604095250368,10.347780801355839,6.979341696947813,10.522828496992588,13.314516052603722,3.8910944685339928,6.994716737419367,2.5920411199331284,1.5592337511479855,2.037284944206476,1.046230237931013,1.0536451861262321,0.9943954348564148,0.9169568195939064,0.6539287753403187,0.2917241230607033,0.17697960883378983,0.10168664157390594,0.02529801055788994,0.0020350441336631775,0.000696573406457901,0.00017823651432991028,0.0,0.0,0.0,0.0,0.0,0.0,0.0,0.0,0.0,0.0,0.0,0.0,0.0,0.0,0.0,0.0,187.54617803543806
18,1.4605854824185371,2.7800961807370186,4.536742880940437,2.2977929152548313,4.542841732501984,2.586477752774954,0.004136539995670319,0.0,0.0,0.0,0.0,0.0,0.0,0.0,0.0,0.0,0.0,0.0,0.0,0.0,0.0,0.0,0.0,0.0,0.0,0.0,0.0,0.0,0.0,0.0,0.0,0.0,0.0,0.0,0.0,0.0,0.0,0.0,0.0,0.0,0.0,0.0,0.0,0.0,0.0,0.0,0.0,0.0,0.0,0.0,18.208673484623432
19,1.4282576739788055,2.1158507987856865,2.6350126899778843,9.556122973561287,9.35410301014781,14.70407722145319,8.397660430520773,18.357993807643652,28.24279686436057,14.045629046857357,14.866748001426458,5.290591225028038,5.284131556749344,24.022245850414038,6.399607878178358,35.049729123711586,13.882360260933638,17.69835563749075,7.381622575223446,6.2749063186347485,1.4991260766983032,8.671768877655268,15.72047121822834,1.0811093524098396,0.47350795567035675,0.45968521758913994,0.06884214282035828,0.026431575417518616,0.00414125993847847,0.0007492601871490479,0.00016883015632629395,0.0,0.0,0.0,0.0,0.0,0.0,0.0,0.0,0.0,0.0,0.0,0.0,0.0,0.0,0.0,0.0,0.0,0.0,0.0,272.9938047118485
20,1.4158498980104923,2.114060539752245,2.589781776070595,9.576183281838894,10.874722346663475,14.32936629280448,25.50326830521226,19.77076853439212,17.028535954654217,15.778215643018484,17.29942050948739,20.28577494993806,35.15324334055185,16.41674191877246,12.8010760769248,15.829663686454296,9.684325948357582,6.258534412831068,6.684761241078377,2.950668375939131,9.886659450829029,2.2160810939967632,2.5150594785809517,2.1987632550299168,1.0858534537255764,0.7271758168935776,0.24266089126467705,0.0593772791326046,0.0029553286731243134,0.00025963038206100464,0.00014204159379005432,0.0,0.0,0.0,0.0,0.0,0.0,0.0,0.0,0.0,0.0,0.0,0.0,0.0,0.0,0.0,0.0,0.0,0.0,0.0,281.27995075285435
21,2.018919575959444,4.330321803689003,4.627754718065262,12.377529624849558,10.466366924345493,5.108430381864309,9.13600204512477,8.733492843806744,5.485484912991524,2.6492895893752575,5.841639492660761,5.31700324639678,6.8734616711735725,10.894687473773956,3.077428635209799,2.7752058058977127,43.519907630980015,5.3518791645765305,4.9147632867097855,1.3821013271808624,3.7376169450581074,1.0843408554792404,1.1498135291039944,0.8687388077378273,0.4360725060105324,0.17924216389656067,0.17691746354103088,0.03311202675104141,0.0049559809267520905,0.0006542131304740906,0.0001657344400882721,0.0,0.0,0.0,0.0,0.0,0.0,0.0,0.0,0.0,0.0,0.0,0.0,0.0,0.0,0.0,0.0,0.0,0.0,0.0,162.5533003807068
22,1.493684358894825,2.0783738680183887,3.7364984713494778,9.21016363799572,16.978587981313467,9.917404152452946,18.35168707370758,11.364974144846201,10.449782703071833,14.995557352900505,26.831790383905172,11.269058227539062,15.409765515476465,9.322250045835972,32.682869877666235,37.858248855918646,28.22903113439679,22.027730640023947,17.467767156660557,12.218958806246519,5.500292148441076,3.9097043238580227,4.222756773233414,2.0386297591030598,0.47914695367217064,0.5566064231097698,0.13414212316274643,0.034718334674835205,0.0013506561517715454,0.0001689605414867401,0.0,0.0,0.0,0.0,0.0,0.0,0.0,0.0,0.0,0.0,0.0,0.0,0.0,0.0,0.0,0.0,0.0,0.0,0.0,0.0,328.77170084416866
23,2.025415074080229,2.799629859626293,7.3116118758916855,10.232031654566526,15.448948286473751,12.255036361515522,6.200551010668278,8.177525918930769,9.591828875243664,3.9229996241629124,22.673483561724424,18.96536096930504,28.29577375203371,35.57377691566944,18.06454197317362,10.757554765790701,11.585298303514719,5.078740119934082,4.7962442599236965,2.7318977303802967,4.164263300597668,2.809703640639782,1.497449778020382,0.8898582197725773,1.1874541938304901,0.6530423052608967,0.1813230887055397,0.08352656289935112,0.016584739089012146,0.0021725110709667206,0.00017565488815307617,0.0,0.0,0.0,0.0,0.0,0.0,0.0,0.0,0.0,0.0,0.0,0.0,0.0,0.0,0.0,0.0,0.0,0.0,0.0,247.97380488738418
24,2.16982739046216,2.8853635378181934,4.006132021546364,7.533653385937214,10.447858288884163,15.961346048861742,24.900592111051083,28.08247071877122,6.290864411741495,4.898162852972746,11.051986817270517,18.09675384685397,12.683878999203444,20.09964269772172,36.690397795289755,33.59613527730107,19.50748286396265,12.411058932542801,2.3422086387872696,2.9056568928062916,2.1430338509380817,2.3734923601150513,2.63530794903636,1.7395406290888786,0.898757666349411,0.3789193518459797,0.08750041201710701,0.016699694097042084,0.0014091171324253082,0.0001819804310798645,0.0,0.0,0.0,0.0,0.0,0.0,0.0,0.0,0.0,0.0,0.0,0.0,0.0,0.0,0.0,0.0,0.0,0.0,0.0,0.0,286.8363165408373
25,2.169875092804432,2.153004862368107,7.244015973061323,7.5087122693657875,12.9182785525918,7.311280328780413,13.978904895484447,25.330164417624474,30.19274766370654,45.189744256436825,24.17271950468421,58.679453290998936,20.427095476537943,8.686809714883566,18.472698383033276,20.31991847231984,14.757611453533173,2.87082476913929,2.259185753762722,2.2512546591460705,3.6343886889517307,3.647778522223234,3.1084707640111446,1.616617027670145,0.7808163836598396,0.565984558314085,0.22136466577649117,0.07956421747803688,0.004038922488689423,0.0007074438035488129,0.00018081068992614746,0.0,0.0,0.0,0.0,0.0,0.0,0.0,0.0,0.0,0.0,0.0,0.0,0.0,0.0,0.0,0.0,0.0,0.0,0.0,340.55421179533005
26,1.5484294407069683,2.450188100337982,3.8849994651973248,4.337252289056778,15.157016016542912,14.048671297729015,14.606137860566378,15.69120179489255,21.407975520938635,20.934364080429077,5.548384536057711,13.546127565205097,10.549844048917294,14.436903856694698,7.548196479678154,6.342643514275551,6.538153871893883,10.140818238258362,6.849860157817602,2.923437226563692,4.990678120404482,1.8515462800860405,0.6651481240987778,1.321190569549799,0.9000931456685066,0.6918399147689342,0.31295882165431976,0.19039373844861984,0.011819649487733841,0.0015415959060192108,0.0001900792121887207,0.0,0.0,0.0,0.0,0.0,0.0,0.0,0.0,0.0,0.0,0.0,0.0,0.0,0.0,0.0,0.0,0.0,0.0,0.0,209.42800540104508
27,1.5185235366225243,2.4243119321763515,3.1575571708381176,4.975946702063084,5.321742206811905,1.5580360405147076,0.004383105784654617,0.0,0.0,0.0,0.0,0.0,0.0,0.0,0.0,0.0,0.0,0.0,0.0,0.0,0.0,0.0,0.0,0.0,0.0,0.0,0.0,0.0,0.0,0.0,0.0,0.0,0.0,0.0,0.0,0.0,0.0,0.0,0.0,0.0,0.0,0.0,0.0,0.0,0.0,0.0,0.0,0.0,0.0,0.0,18.960500694811344
28,1.5183982402086258,2.2434071712195873,3.4774186722934246,5.121128153055906,8.318786296993494,3.2318642027676105,9.556240413337946,1.9669180400669575,6.812835492193699,14.98431722074747,1.2837134972214699,9.820845309644938,17.179213616997004,12.896653555333614,20.05139894410968,11.238129407167435,6.922276817262173,6.551588363945484,4.165459752082825,3.8212818577885628,2.831440333276987,2.7042852379381657,0.8279521949589252,0.45330948755145073,0.4266768507659435,0.11325551569461823,0.0007632449269294739,0.022948376834392548,0.0025055520236492157,0.00026102736592292786,0.0,0.0,0.0,0.0,0.0,0.0,0.0,0.0,0.0,0.0,0.0,0.0,0.0,0.0,0.0,0.0,0.0,0.0,0.0,0.0,158.5452728457749
29,1.4126298539340496,2.782981753349304,3.537550628185272,4.218911115080118,7.446567438542843,5.004144061356783,3.4130188561975956,2.565091870725155,0.003810632973909378,0.0,0.0,0.0,0.0,0.0,0.0,0.0,0.0,0.0,0.0,0.0,0.0,0.0,0.0,0.0,0.0,0.0,0.0,0.0,0.0,0.0,0.0,0.0,0.0,0.0,0.0,0.0,0.0,0.0,0.0,0.0,0.0,0.0,0.0,0.0,0.0,0.0,0.0,0.0,0.0,0.0,30.38470621034503
30,1.4152456633746624,2.1038766503334045,3.3885031193494797,5.2023464776575565,8.233565770089626,3.23126557469368,9.54171472787857,1.9773727171123028,6.839433051645756,10.77139700204134,15.76031344383955,4.557269670069218,13.495419301092625,10.888249583542347,17.419830858707428,4.332086496055126,4.524834837764502,10.015884414315224,7.990091022104025,9.637879651039839,5.217342536896467,2.77918604016304,2.6706498861312866,1.6860300488770008,1.4493766240775585,0.5039273016154766,0.18999940156936646,0.04348357394337654,0.003570329397916794,0.0006926730275154114,0.00017691031098365784,0.0,0.0,0.0,0.0,0.0,0.0,0.0,0.0,0.0,0.0,0.0,0.0,0.0,0.0,0.0,0.0,0.0,0.0,0.0,165.87101535871625
31,2.2236249782145023,2.135704569518566,5.134601280093193,13.963645871728659,6.411805879324675,10.83556292206049,13.735018651932478,17.519878458231688,8.49553894996643,10.951710525900126,6.44729208573699,20.075895991176367,24.7323342487216,12.769312102347612,11.866893116384745,4.490895636379719,5.8551786579191685,4.307068470865488,5.089060161262751,2.8599979989230633,2.083699245005846,2.16014476493001,1.5511487312614918,1.2888593934476376,0.4830166958272457,0.33574191480875015,0.11076671630144119,0.014988664537668228,0.0004283338785171509,0.0005371533334255219,0.0,0.0,0.0,0.0,0.0,0.0,0.0,0.0,0.0,0.0,0.0,0.0,0.0,0.0,0.0,0.0,0.0,0.0,0.0,0.0,197.93035217002034
32,2.018048580735922,2.8085692189633846,4.051062759011984,7.672410663217306,10.723844584077597,9.126979734748602,20.350677721202374,31.31867391988635,18.460113171488047,13.54420655593276,4.106913197785616,15.461176071316004,23.45147755369544,20.803506460040808,15.92732598632574,24.018896020948887,6.649629727005959,11.017190933227539,1.6305046193301678,3.5312057361006737,2.204487446695566,1.130224134773016,0.7061199024319649,0.001181386411190033,0.09961842000484467,0.0008468702435493469,0.03536275401711464,0.0005822479724884033,0.0,0.0,0.0,0.0,0.0,0.0,0.0,0.0,0.0,0.0,0.0,0.0,0.0,0.0,0.0,0.0,0.0,0.0,0.0,0.0,0.0,0.0,250.8508363775909
33,1.4897986352443695,2.374711539596319,7.209834609180689,6.2955619394779205,10.539170760661364,10.338365990668535,28.652398958802223,30.63783134147525,47.90187951922417,27.129273042082787,48.01121151819825,39.97510642558336,11.146677799522877,6.217284087091684,4.9099526554346085,4.697313744574785,12.411556150764227,12.566040888428688,8.515980795025826,2.8536299988627434,3.520648844540119,0.7647987008094788,2.2998902313411236,1.340186208486557,0.9409821666777134,0.6256236582994461,0.3933566249907017,0.13707011938095093,0.05587121844291687,0.01993834599852562,0.0016488097608089447,0.00024600327014923096,0.0001435987651348114,0.0,0.0,0.0,0.0,0.0,0.0,0.0,0.0,0.0,0.0,0.0,0.0,0.0,0.0,0.0,0.0,0.0,333.9739849306643
34,1.4895675219595432,2.3784784860908985,5.075028013437986,10.206033296883106,16.409533832222223,23.479703661054373,12.251566294580698,9.268696133047342,6.894661270081997,5.600161578506231,1.7109269313514233,0.003212451934814453,0.0,0.0,0.0,0.0,0.0,0.0,0.0,0.0,0.0,0.0,0.0,0.0,0.0,0.0,0.0,0.0,0.0,0.0,0.0,0.0,0.0,0.0,0.0,0.0,0.0,0.0,0.0,0.0,0.0,0.0,0.0,0.0,0.0,0.0,0.0,0.0,0.0,0.0,94.76756947115064
35,2.023453965783119,2.7263406105339527,4.351262956857681,4.884316008538008,14.73081536591053,11.960010632872581,8.698431629687548,15.642941296100616,30.708389077335596,16.053973741829395,8.890787933021784,8.262558564543724,6.083417143672705,10.507921885699034,27.427284866571426,6.630473550409079,6.259355653077364,3.517765261232853,9.01213999465108,4.540817864239216,2.802597649395466,2.487671259790659,1.86927679926157,1.5979723520576954,1.1815626695752144,0.5785042643547058,0.2490980625152588,0.14806121215224266,0.017130304127931595,0.0017153657972812653,0.00017586350440979004,0.0,0.0,0.0,0.0,0.0,0.0,0.0,0.0,0.0,0.0,0.0,0.0,0.0,0.0,0.0,0.0,0.0,0.0,0.0,213.84622380509973
36,1.4179836697876453,2.7628968954086304,3.5392732806503773,7.367565210908651,11.673418700695038,7.623005460947752,7.637257620692253,4.436251133680344,0.09228890389204025,0.0036077871918678284,0.0,0.0,0.0,0.0,0.0,0.0,0.0,0.0,0.0,0.0,0.0,0.0,0.0,0.0,0.0,0.0,0.0,0.0,0.0,0.0,0.0,0.0,0.0,0.0,0.0,0.0,0.0,0.0,0.0,0.0,0.0,0.0,0.0,0.0,0.0,0.0,0.0,0.0,0.0,0.0,46.5535486638546
37,1.4797569401562214,2.0833939760923386,3.322069440037012,5.2292406894266605,9.535449706017971,11.743695378303528,12.036469124257565,10.76984989643097,21.25110011175275,23.97138937190175,24.38137799501419,27.88649920001626,13.648571316152811,14.493260186165571,7.475478559732437,8.269921254366636,10.025105949491262,7.12723932415247,5.652906242758036,10.72313741594553,5.10372094810009,2.850704103708267,2.283311478793621,2.7188820987939835,1.763708233833313,0.6527523212134838,0.2574989087879658,0.06117779761552811,0.0045319609344005585,0.0005869083106517792,0.0,0.0,0.0,0.0,0.0,0.0,0.0,0.0,0.0,0.0,0.0,0.0,0.0,0.0,0.0,0.0,0.0,0.0,0.0,0.0,246.80278683826327
38,1.6158806718885899,2.540508322417736,3.9920434467494488,4.520085509866476,15.482946287840605,13.749257445335388,15.518246825784445,11.343057315796614,19.72586629167199,6.862969879060984,2.658920008689165,9.374527376145124,9.235834043473005,4.021350048482418,6.334204886108637,6.527403935790062,9.362565975636244,4.493503347039223,14.398198798298836,9.072654593735933,5.509124271571636,1.6278569139540195,1.532021015882492,1.8029936999082565,0.36766526103019714,0.22733426839113235,0.06635219231247902,0.04917248338460922,0.003302615135908127,0.0007985197007656097,0.00017946958541870117,0.0,0.0,0.0,0.0,0.0,0.0,0.0,0.0,0.0,0.0,0.0,0.0,0.0,0.0,0.0,0.0,0.0,0.0,0.0,182.01682572066784
39,1.5052938275039196,2.422065317630768,3.806249003857374,6.237406048923731,5.762415181845427,8.851982805877924,14.170733701437712,29.381063669919968,27.365130741149187,60.73228728398681,52.74419689923525,94.61830997094512,36.41245150193572,44.44177966192365,25.560481660068035,17.45017259567976,7.220446612685919,18.45704923197627,10.844549864530563,14.865622412413359,8.99775131419301,3.6380451433360577,3.07935643568635,1.7970520816743374,0.39953991770744324,0.1842637062072754,0.09387779235839844,0.018378492444753647,0.008991409093141556,0.0019052773714065552,0.00017927587032318115,0.0,0.0,0.0,0.0,0.0,0.0,0.0,0.0,0.0,0.0,0.0,0.0,0.0,0.0,0.0,0.0,0.0,0.0,0.0,501.06902883946896
40,1.4576328620314598,2.4452877081930637,3.158921856433153,2.996114645153284,1.9201361611485481,5.425348825752735,9.849199365824461,2.860900729894638,6.050357308238745,13.936596419662237,13.91435682028532,3.7763995490968227,1.974562905728817,7.151318468153477,8.787495028227568,8.37195386365056,7.0314996317029,6.994768854230642,15.301579635590315,8.500015016645193,6.005746353417635,2.023872397840023,0.8361393287777901,0.7201291136443615,0.6752729490399361,0.18663561716675758,0.07600025832653046,0.028483416885137558,0.006478492170572281,0.0016464106738567352,0.00020096078515052795,0.0,0.0,0.0,0.0,0.0,0.0,0.0,0.0,0.0,0.0,0.0,0.0,0.0,0.0,0.0,0.0,0.0,0.0,0.0,142.4650509543717
41,2.2438308969140053,4.819035518914461,5.133880857378244,17.979714196175337,7.3690559305250645,10.378617227077484,13.942045226693153,10.200978092849255,8.551766283810139,21.69957461580634,13.161511182785034,10.280414763838053,8.156631726771593,10.63651830330491,14.132911335676908,13.839974779635668,8.30428847298026,13.935894668102264,5.6129132099449635,6.923928737640381,9.486193496733904,1.8421574607491493,0.7964900843799114,0.49524368718266487,0.4120212383568287,0.21699120476841927,0.070982675999403,0.0388382151722908,0.014377091079950333,0.0034464113414287567,0.00028528645634651184,0.00015931576490402222,0.0,0.0,0.0,0.0,0.0,0.0,0.0,0.0,0.0,0.0,0.0,0.0,0.0,0.0,0.0,0.0,0.0,0.0,220.68067219480872
42,2.197774488478899,3.074189767241478,7.612366080284119,7.22823927924037,10.995519708842039,13.550560660660267,16.288233276456594,25.879959367215633,17.923917192965746,29.966136768460274,28.383384216576815,61.472473070025444,60.97310201078653,33.226068925112486,13.000788774341345,16.44024270772934,10.363722801208496,9.97534328699112,6.328280888497829,10.127525933086872,10.034170541912317,5.367311157286167,4.315384671092033,3.8472617752850056,1.547845534980297,0.3540518656373024,0.21363049000501633,0.049612272530794144,0.02304702252149582,0.0021398700773715973,0.0008043311536312103,0.00017952173948287964,0.0,0.0,0.0,0.0,0.0,0.0,0.0,0.0,0.0,0.0,0.0,0.0,0.0,0.0,0.0,0.0,0.0,0.0,410.7632682584226
43,1.6548394411802292,2.033791020512581,3.6811180785298347,10.162824302911758,15.73273515328765,15.178533133119345,7.897834904491901,7.603770539164543,5.280760403722525,4.132539164274931,0.003962285816669464,0.0,0.0,0.0,0.0,0.0,0.0,0.0,0.0,0.0,0.0,0.0,0.0,0.0,0.0,0.0,0.0,0.0,0.0,0.0,0.0,0.0,0.0,0.0,0.0,0.0,0.0,0.0,0.0,0.0,0.0,0.0,0.0,0.0,0.0,0.0,0.0,0.0,0.0,0.0,73.36270842701197
44,2.3032009229063988,3.0434813611209393,4.821017857640982,8.225741617381573,9.92499378696084,11.215006232261658,11.700349383056164,8.323520839214325,3.3138434514403343,2.646823465824127,0.003960747271776199,0.0,0.0,0.0,0.0,0.0,0.0,0.0,0.0,0.0,0.0,0.0,0.0,0.0,0.0,0.0,0.0,0.0,0.0,0.0,0.0,0.0,0.0,0.0,0.0,0.0,0.0,0.0,0.0,0.0,0.0,0.0,0.0,0.0,0.0,0.0,0.0,0.0,0.0,0.0,65.52193966507912
45,1.4821809008717537,2.861689731478691,5.324232712388039,7.532437771558762,10.361618008464575,15.470523327589035,9.479078687727451,3.5592043474316597,6.04213248565793,5.129009507596493,0.0037901513278484344,0.0,0.0,0.0,0.0,0.0,0.0,0.0,0.0,0.0,0.0,0.0,0.0,0.0,0.0,0.0,0.0,0.0,0.0,0.0,0.0,0.0,0.0,0.0,0.0,0.0,0.0,0.0,0.0,0.0,0.0,0.0,0.0,0.0,0.0,0.0,0.0,0.0,0.0,0.0,67.24589763209224
46,1.5400836132466793,2.5760870166122913,3.337944407016039,5.215414140373468,5.600458845496178,1.5720810145139694,0.004422590136528015,0.0,0.0,0.0,0.0,0.0,0.0,0.0,0.0,0.0,0.0,0.0,0.0,0.0,0.0,0.0,0.0,0.0,0.0,0.0,0.0,0.0,0.0,0.0,0.0,0.0,0.0,0.0,0.0,0.0,0.0,0.0,0.0,0.0,0.0,0.0,0.0,0.0,0.0,0.0,0.0,0.0,0.0,0.0,19.846491627395153
47,1.5195127688348293,3.1210656240582466,3.89125145226717,4.578021578490734,7.958380676805973,8.31989710405469,2.9368782714009285,0.0045678578317165375,0.0,0.0,0.0,0.0,0.0,0.0,0.0,0.0,0.0,0.0,0.0,0.0,0.0,0.0,0.0,0.0,0.0,0.0,0.0,0.0,0.0,0.0,0.0,0.0,0.0,0.0,0.0,0.0,0.0,0.0,0.0,0.0,0.0,0.0,0.0,0.0,0.0,0.0,0.0,0.0,0.0,0.0,32.32957533374429
48,1.5183415785431862,2.246934548020363,3.5651757307350636,5.613226931542158,13.712281595915556,15.611572355031967,15.818485204130411,23.827988117933273,24.261654682457447,26.379077594727278,27.033066038042307,19.232396684587002,17.514857798814774,10.855427879840136,16.010712400078773,11.163603391498327,3.896676864475012,3.114028714597225,3.1883061788976192,2.938065193593502,2.9660018272697926,3.3576937802135944,1.7595790699124336,0.7174832373857498,0.6981840021908283,0.40203915908932686,0.3605252839624882,0.19868060946464539,0.15247441828250885,0.0691988430917263,0.006946291774511337,0.000825740396976471,0.00018237531185150146,0.0,0.0,0.0,0.0,0.0,0.0,0.0,0.0,0.0,0.0,0.0,0.0,0.0,0.0,0.0,0.0,0.0,258.1916941218078
49,1.5280736312270164,3.026420522481203,4.83528920263052,5.553624205291271,10.258645053952932,13.620027597993612,10.895405184477568,16.242908015847206,15.21213100105524,18.645693641155958,13.312091775238514,47.52038715034723,89.99726317077875,29.438249602913857,20.98446537181735,21.107854317873716,7.206645239144564,15.566526487469673,12.173830449581146,5.490448679775,3.7704812958836555,8.845041174441576,7.032612815499306,3.924425955861807,1.0967299155890942,0.4984903521835804,0.39225684478878975,0.10775278508663177,0.018395695835351944,0.0013293586671352386,0.00019615143537521362,0.0,0.0,0.0,0.0,0.0,0.0,0.0,0.0,0.0,0.0,0.0,0.0,0.0,0.0,0.0,0.0,0.0,0.0,0.0,388.30369264632463
50,1.5733883678913116,2.316606629639864,2.889489360153675,10.429759800434113,11.717310268431902,8.216181375086308,12.904673457145691,14.780009295791388,3.376805827021599,2.892407026141882,6.043842926621437,3.994802750647068,15.901157539337873,3.1172349229454994,12.390948873013258,7.567271076142788,9.691937793046236,7.9689867831766605,3.8777725882828236,3.7704417817294598,4.497519012540579,2.2849367149174213,1.9982214570045471,2.3525766730308533,0.9757085777819157,0.24096128344535828,0.1281752772629261,0.057547491043806076,0.009901050478219986,0.0008233077824115753,0.00022185593843460083,0.0,0.0,0.0,0.0,0.0,0.0,0.0,0.0,0.0,0.0,0.0,0.0,0.0,0.0,0.0,0.0,0.0,0.0,0.0,157.9676211439073
51,1.6088720113039017,3.8584925085306168,5.0677442736923695,9.088164109736681,18.088203743100166,16.281916175037622,25.078893676400185,13.638357561081648,12.352136686444283,29.68486973643303,15.073767706751823,9.288714587688446,20.940108310431242,17.392802763730288,10.945001181215048,24.804915085434914,17.938167475163937,49.863737151026726,4.293391805142164,8.145888913422823,22.28888103365898,3.8502588532865047,2.6495122388005257,1.831202283501625,0.4257696084678173,0.18650031089782715,0.05642102286219597,0.02513483539223671,0.004124216735363007,0.0002889707684516907,0.0,0.0,0.0,0.0,0.0,0.0,0.0,0.0,0.0,0.0,0.0,0.0,0.0,0.0,0.0,0.0,0.0,0.0,0.0,0.0,344.75223883613944
52,2.2552169114351273,3.1115186996757984,8.359234970062971,9.853799123317003,17.867662232369184,14.084203410893679,49.895936481654644,57.31541009992361,51.92339129373431,38.64850915968418,48.528178192675114,30.684850491583347,34.33747282624245,28.793827407062054,20.49219873175025,16.963059954345226,18.784084770828485,24.28057412803173,5.6812902726233006,6.041777782142162,1.8249581381678581,4.565247014164925,1.2026862017810345,1.0971463844180107,0.9073346592485905,0.4164078161120415,0.32612111419439316,0.1979544349014759,0.04703393206000328,0.001530427485704422,0.00018956884741783142,0.0,0.0,0.0,0.0,0.0,0.0,0.0,0.0,0.0,0.0,0.0,0.0,0.0,0.0,0.0,0.0,0.0,0.0,0.0,498.4888066314161
53,2.2402706667780876,2.254307970404625,5.170976843684912,9.373109366744757,13.772322978824377,9.124644476920366,7.574303179979324,29.925810236483812,38.35252794995904,13.348559185862541,17.717159755527973,27.965742096304893,18.370515510439873,41.304505221545696,25.1043879725039,19.75944358110428,17.9294995367527,11.831746455281973,7.71713238209486,6.931722566485405,7.117537688463926,4.327910412102938,2.55938783288002,1.2262442037463188,0.9490319266915321,0.4522610940039158,0.12034464254975319,0.0561230406165123,0.006060782819986343,0.0018839500844478607,0.0001921430230140686,0.0,0.0,0.0,0.0,0.0,0.0,0.0,0.0,0.0,0.0,0.0,0.0,0.0,0.0,0.0,0.0,0.0,0.0,0.0,342.58566565066576
54,1.7240729592740536,2.8490376211702824,5.417637165635824,10.917682655155659,20.31175458803773,32.325120121240616,64.20794328674674,10.942639242857695,15.204317573457956,87.31080333143473,40.10741958767176,17.532500330358744,13.731205601245165,16.87492524832487,9.95637821778655,5.202704582363367,4.676500391215086,4.603536155074835,9.354616697877645,10.258272677659988,8.775065045803785,4.30144402012229,3.757113467901945,0.9558205157518387,0.6905297115445137,0.2693900503218174,0.10532337427139282,0.016139928251504898,0.0019967928528785706,0.0001902356743812561,0.0,0.0,0.0,0.0,0.0,0.0,0.0,0.0,0.0,0.0,0.0,0.0,0.0,0.0,0.0,0.0,0.0,0.0,0.0,0.0,402.38208117708564
55,1.4364462979137897,3.389140695333481,4.626827821135521,7.81950231641531,15.818001050502062,8.65744773298502,10.781983390450478,27.944667037576437,41.037588238716125,20.77760687097907,32.34125165641308,20.0639162696898,15.513343524187803,13.951732371002436,21.44957086071372,7.2865433767437935,7.554481916129589,6.333197329193354,4.0718621872365475,6.850176881998777,6.368329085409641,4.860864780843258,3.9432504437863827,0.8699093796312809,0.4049600027501583,0.22121264040470123,0.11781288683414459,0.04180806502699852,0.0027472861111164093,0.0008865334093570709,0.00018839165568351746,0.0,0.0,0.0,0.0,0.0,0.0,0.0,0.0,0.0,0.0,0.0,0.0,0.0,0.0,0.0,0.0,0.0,0.0,0.0,294.5372573211789
56,1.4628186076879501,2.257212355732918,3.5014216639101505,4.232527691870928,6.974444326013327,16.31939147040248,11.871850397437811,11.768863249570131,11.521447725594044,5.431694567203522,3.6336721032857895,4.793579887598753,15.304872013628483,7.351863816380501,4.498710013926029,1.5804520770907402,4.556367054581642,1.4926892630755901,2.3898161686956882,2.5082823671400547,1.695407211780548,3.0188479870557785,2.248069167137146,0.15845252573490143,0.03198288381099701,0.001019161194562912,0.0,0.0,0.0,0.0,0.0,0.0,0.0,0.0,0.0,0.0,0.0,0.0,0.0,0.0,0.0,0.0,0.0,0.0,0.0,0.0,0.0,0.0,0.0,0.0,130.60575575754046
57,1.415905188769102,2.2582840733230114,3.497837722301483,5.482590813189745,6.8741396479308605,7.807230148464441,11.3319723457098,18.265073344111443,13.403544582426548,9.716179851442575,8.510528400540352,8.625570680946112,10.09941153228283,17.271473065018654,16.48492554575205,9.349668394774199,15.866708509624004,15.375320687890053,15.441795863211155,8.87420928105712,5.9929199777543545,4.144273456186056,2.70967960357666,0.561097040772438,0.5645420998334885,0.24886466190218925,0.15045949816703796,0.10773943737149239,0.0060598403215408325,0.0018423721194267273,0.00019064173102378845,0.0,0.0,0.0,0.0,0.0,0.0,0.0,0.0,0.0,0.0,0.0,0.0,0.0,0.0,0.0,0.0,0.0,0.0,0.0,220.44003830850124
58,1.515785951167345,2.235057730227709,5.542857777327299,5.8610919415950775,5.398590702563524,9.647482015192509,12.549551967531443,10.667337566614151,14.880653608590364,21.72450392693281,9.152241047471762,4.09622411057353,16.907891683280468,13.771172616630793,13.59037222340703,8.929302170872688,5.898879814893007,4.342496044933796,2.1544066555798054,2.9470299929380417,2.2760191075503826,2.0859320163726807,1.1580386944115162,1.1582851372659206,0.3978620432317257,0.3217983655631542,0.24011338874697685,0.05388209968805313,0.0050692372024059296,0.0007804073393344879,0.00018003582954406738,0.0,0.0,0.0,0.0,0.0,0.0,0.0,0.0,0.0,0.0,0.0,0.0,0.0,0.0,0.0,0.0,0.0,0.0,0.0,179.51089008152485
59,1.4154120311141014,2.7763573564589024,5.475287429988384,4.136383976787329,7.394609324634075,13.780891507863998,10.261101868003607,2.2054035998880863,4.47754343226552,9.359729886054993,6.901116728782654,13.229640439152718,3.4240839667618275,4.822144690901041,16.331165179610252,6.398394770920277,14.39809088036418,10.786789737641811,8.558190308511257,6.551747404038906,3.47800100594759,3.695103082805872,0.7996957525610924,1.84860560297966,0.23657619580626488,0.22837583348155022,0.11697936058044434,0.04598917439579964,0.005174331367015839,0.0017479918897151947,0.00017865747213363647,0.0,0.0,0.0,0.0,0.0,0.0,0.0,0.0,0.0,0.0,0.0,0.0,0.0,0.0,0.0,0.0,0.0,0.0,0.0,163.14051150903106
60,1.4143905974924564,2.09688650816679,2.5924389883875847,9.554696280509233,10.850173361599445,7.710234623402357,11.996876750141382,13.750578787177801,9.096436075866222,8.474108099937439,3.180144414305687,9.107081297785044,5.381204076111317,8.669601034373045,7.232797354459763,6.63742932677269,5.746006973087788,2.7060439437627792,0.7859650738537312,0.632138479501009,0.6911726929247379,0.9243746101856232,1.0424996316432953,0.7862486392259598,0.6682893745601177,0.4748598597943783,0.1250515803694725,0.06679119914770126,0.00904085487127304,0.001078527420759201,0.0001846887171268463,0.0,0.0,0.0,0.0,0.0,0.0,0.0,0.0,0.0,0.0,0.0,0.0,0.0,0.0,0.0,0.0,0.0,0.0,0.0,132.404823705554
61,1.4873787388205528,3.586898647248745,4.726875860244036,8.72058603912592,16.827635418623686,15.157528471201658,17.966114655137062,38.927658408880234,41.87759777531028,17.478261500597,41.60774402692914,21.530698873102665,23.958594016730785,13.695905078202486,6.964530624449253,8.136211775243282,9.477673225104809,14.916266158223152,16.006854593753815,2.8907178230583668,1.6539102271199226,2.276576641947031,2.0369344353675842,0.9894890524446964,0.6321914345026016,0.42485709488391876,0.11413169279694557,0.030260644853115082,0.00048606470227241516,0.0002543628215789795,0.0001795254647731781,0.0,0.0,0.0,0.0,0.0,0.0,0.0,0.0,0.0,0.0,0.0,0.0,0.0,0.0,0.0,0.0,0.0,0.0,0.0,334.10100288689137
62,1.5226913467049599,2.0741362646222115,3.732383694499731,8.558798849582672,16.104414343833923,13.750532396137714,26.3375290222466,55.33902520313859,13.013988059014082,14.116758294403553,15.743847358971834,17.37241731584072,13.207143146544695,7.694995876401663,4.316848773509264,5.950681768357754,6.539652030915022,10.68983894214034,9.815004628151655,5.560365773737431,1.7372142598032951,1.4207131788134575,1.0922634713351727,0.7132325917482376,0.5020599588751793,0.31478187441825867,0.13307615742087364,0.05442141368985176,0.0063507892191410065,0.0014420337975025177,0.00018116086721420288,0.0,0.0,0.0,0.0,0.0,0.0,0.0,0.0,0.0,0.0,0.0,0.0,0.0,0.0,0.0,0.0,0.0,0.0,0.0,257.4167899787426
63,2.0734880454838276,2.891308818012476,7.744073625653982,6.579340744763613,13.192432630807161,9.663177236914635,13.668093532323837,5.472010757774115,10.66952346637845,13.29475336521864,23.386140845716,20.36734137684107,24.43732726946473,5.390630606561899,6.476714499294758,6.6234050989151,12.060190875083208,6.059239644557238,5.544816080480814,3.957715690135956,3.0114855393767357,1.2683712653815746,0.3023432530462742,0.2559231370687485,0.2299850545823574,0.11596698686480522,0.08923239260911942,0.00840756669640541,0.0015705041587352753,0.00017439574003219604,0.0,0.0,0.0,0.0,0.0,0.0,0.0,0.0,0.0,0.0,0.0,0.0,0.0,0.0,0.0,0.0,0.0,0.0,0.0,0.0,204.8351843059063
64,1.5378448031842709,2.536769911646843,4.782430350780487,21.923637364059687,17.789184644818306,9.996725872159004,16.777712915092707,4.652817215770483,21.843644212931395,26.78491124138236,22.246056519448757,19.459945660084486,37.27262866124511,8.314550034701824,7.656842391937971,7.351522132754326,7.730944067239761,6.2072481997311115,24.06624948978424,3.084763292223215,1.0293385460972786,1.9026943445205688,1.8404408507049084,1.2695516124367714,1.0119731612503529,0.509381178766489,0.20978964865207672,0.08402211964130402,0.017465170472860336,0.0024158619344234467,0.000641360878944397,0.00016704946756362915,0.0,0.0,0.0,0.0,0.0,0.0,0.0,0.0,0.0,0.0,0.0,0.0,0.0,0.0,0.0,0.0,0.0,0.0,279.8943098857999
65,1.54025000333786,1.8422877229750156,3.4077498205006123,8.908642210066319,8.846488427370787,18.73976730555296,19.217789337038994,8.871429089456797,6.837421957403421,8.81794673576951,5.464057303965092,8.612994574010372,9.958369016647339,3.3095944076776505,2.5757885463535786,3.8200796879827976,2.978174652904272,2.3951260037720203,1.3546451851725578,1.068423580378294,0.8857810720801353,0.6040856689214706,0.43139776960015297,0.4638989269733429,0.07134352996945381,0.008546009659767151,0.0010551363229751587,0.0,0.0,0.0,0.0,0.0,0.0,0.0,0.0,0.0,0.0,0.0,0.0,0.0,0.0,0.0,0.0,0.0,0.0,0.0,0.0,0.0,0.0,0.0,131.03313368186355
66,1.482952531427145,2.368671625852585,3.0720861963927746,4.301999934017658,9.634998425841331,6.880195938050747,13.814012248069048,7.9648801907896996,17.678519062697887,13.406038839370012,12.416296858340502,10.227732736617327,8.092913091182709,9.013902619481087,3.4078349359333515,3.5082934983074665,2.9078975170850754,1.9281265884637833,1.2950321957468987,1.5461829490959644,0.4797951877117157,1.1503874100744724,1.2600206285715103,0.5801349170506,0.3162289820611477,0.269817341119051,0.09635394439101219,0.03676842153072357,0.015719659626483917,0.0021696239709854126,0.0002616085112094879,0.0,0.0,0.0,0.0,0.0,0.0,0.0,0.0,0.0,0.0,0.0,0.0,0.0,0.0,0.0,0.0,0.0,0.0,0.0,139.15622570738196
67,1.423101283609867,2.767596535384655,5.703162997961044,7.134296480566263,8.366535406559706,13.958697251975536,7.977197404950857,36.75786578282714,18.102461341768503,12.91676302626729,36.27960420399904,88.70429210737348,12.266070302575827,24.389869041740894,16.170307345688343,5.957076974213123,5.593135681003332,9.785962644964457,9.214835464954376,6.320237375795841,4.694001249969006,2.8621413223445415,2.4739337749779224,0.9051338918507099,1.0048140585422516,0.7875481359660625,0.32139957696199417,0.13432396948337555,0.037677325308322906,0.0017107203602790833,0.0001758784055709839,0.0,0.0,0.0,0.0,0.0,0.0,0.0,0.0,0.0,0.0,0.0,0.0,0.0,0.0,0.0,0.0,0.0,0.0,0.0,343.0119285583496
68,1.4267390668392181,2.265995282679796,2.3032993972301483,2.2793750427663326,5.260495439171791,4.729440044611692,3.4210449010133743,2.4509076066315174,3.8788002394139767,8.162375885993242,11.477285150438547,11.856131263077259,10.60776624083519,13.701486110687256,124.43158641085029,6.023277834057808,10.78003304824233,6.474964037537575,8.105846080929041,3.7525676041841507,3.103140167891979,1.5463317334651947,0.8047733567655087,0.44648632407188416,0.47824302315711975,0.4100210554897785,0.21244872733950615,0.08404723927378654,0.01609598472714424,0.0018296167254447937,0.00017493963241577148,0.0,0.0,0.0,0.0,0.0,0.0,0.0,0.0,0.0,0.0,0.0,0.0,0.0,0.0,0.0,0.0,0.0,0.0,0.0,250.4930088557303
69,1.421968087553978,2.0907595343887806,2.597652990370989,8.879516303539276,4.644083127379417,9.55707174912095,6.079256117343903,10.045971758663654,8.083278968930244,11.417070340365171,7.510314878076315,6.755624383687973,3.091287050396204,8.521193657070398,13.077646262943745,11.937994040548801,6.91496817022562,12.044117920100689,8.14878399297595,6.925645798444748,6.360999029129744,3.2886838912963867,0.9715811051428318,1.1966665126383305,0.84437545388937,0.20151808112859726,0.22408360615372658,0.06930265948176384,0.007005561143159866,0.000787045806646347,0.0001834481954574585,0.0,0.0,0.0,0.0,0.0,0.0,0.0,0.0,0.0,0.0,0.0,0.0,0.0,0.0,0.0,0.0,0.0,0.0,0.0,162.90939152613282
70,1.420013427734375,2.0863245502114296,3.3732758685946465,5.0340030416846275,12.800348065793514,6.789057772606611,13.537706814706326,15.147323820739985,11.932555440813303,10.517607130110264,5.464830901473761,5.199695289134979,2.5970103293657303,4.021897237747908,10.626279722899199,8.161113068461418,7.833083964884281,13.472301717847586,8.155807249248028,6.048819355666637,5.523009937256575,3.2107816115021706,1.2538410387933254,1.1837639026343822,0.5398352667689323,0.4898594878613949,0.3488657623529434,0.14843560382723808,0.01947372406721115,0.0017764046788215637,0.0005380585789680481,0.0,0.0,0.0,0.0,0.0,0.0,0.0,0.0,0.0,0.0,0.0,0.0,0.0,0.0,0.0,0.0,0.0,0.0,0.0,166.93923556804657
71,1.5535838641226292,2.539219718426466,6.787252385169268,6.154049534350634,10.97557383030653,17.358767721801996,15.756469197571278,26.246064007282257,18.941785980015993,6.7218362502753735,14.804279807955027,19.836371276527643,11.96046094223857,13.6855836994946,11.504232320934534,6.153091788291931,12.127025227993727,5.9275160394608974,3.4919185042381287,3.0984288789331913,2.803915537893772,3.233434960246086,3.589999381452799,1.5994802042841911,0.40819884836673737,0.46233009174466133,0.06765541061758995,0.016011182218790054,0.0003572516143321991,0.00017375871539115906,0.0,0.0,0.0,0.0,0.0,0.0,0.0,0.0,0.0,0.0,0.0,0.0,0.0,0.0,0.0,0.0,0.0,0.0,0.0,0.0,227.80506760254502
72,1.5479369349777699,4.107104059308767,3.080749560147524,6.659758638590574,14.744475435465574,10.845604971051216,28.118752539157867,21.05937135964632,18.579021461308002,6.263160094618797,14.884346269071102,21.93212426826358,33.38277464732528,21.352929290384054,4.746643368154764,11.114333245903254,11.60367500782013,4.783455744385719,8.410644669085741,4.226562924683094,3.319031450897455,0.772241547703743,1.0306118242442608,0.43153300136327744,0.1805207021534443,0.16533492878079414,0.05426942557096481,0.005068648606538773,0.0003535151481628418,0.00015367940068244934,0.0,0.0,0.0,0.0,0.0,0.0,0.0,0.0,0.0,0.0,0.0,0.0,0.0,0.0,0.0,0.0,0.0,0.0,0.0,0.0,257.40254321321845
73,1.338343508541584,2.62197907269001,4.84790363535285,3.886143419891596,5.998384810984135,9.545947294682264,7.552067272365093,20.37108389660716,15.698820505291224,19.087588500231504,11.514376286417246,10.509931311011314,10.946226544678211,12.835608303546906,11.085512287914753,2.726822219789028,1.6223790049552917,3.818904433399439,4.46867948025465,3.332984160631895,3.3681439124047756,1.134509850293398,0.3395869582891464,0.3336283937096596,0.3033396191895008,0.1408129446208477,0.14259307458996773,0.07298682630062103,0.003161326050758362,0.0002657361328601837,0.00014463067054748535,0.0,0.0,0.0,0.0,0.0,0.0,0.0,0.0,0.0,0.0,0.0,0.0,0.0,0.0,0.0,0.0,0.0,0.0,0.0,169.64885922148824
74,1.3360792472958565,1.3800058215856552,4.65411801636219,3.8444776125252247,5.244929514825344,10.64816415309906,12.859981253743172,9.819834247231483,4.663640733808279,1.2998949959874153,8.446482725441456,11.317382745444775,14.772693198174238,26.840856697410345,23.295750990509987,23.583953719586134,10.599749155342579,16.99431235715747,7.605175845324993,6.050616692751646,1.837521344423294,2.5959490314126015,0.9670206531882286,0.9478217624127865,0.5462441444396973,0.321907926350832,0.15534257516264915,0.09635547548532486,0.02334330976009369,0.0018708743155002594,0.00018139556050300598,0.0,0.0,0.0,0.0,0.0,0.0,0.0,0.0,0.0,0.0,0.0,0.0,0.0,0.0,0.0,0.0,0.0,0.0,0.0,212.7516582161188
75,1.370445143431425,3.1694765612483025,6.166749835014343,10.233003284782171,8.593994420021772,12.046084940433502,7.552007827907801,10.67756623774767,13.349110458046198,20.194231148809195,50.94356983527541,5.7402218878269196,124.5913572460413,33.51503377780318,20.67022906988859,17.705180194228888,11.760572750121355,12.99470292031765,6.309987023472786,2.0564122684299946,28.451033040881157,3.329756412655115,1.910630777478218,1.293077476322651,0.7464095167815685,0.8468353115022182,0.3076515197753906,0.04164499416947365,0.004326138645410538,0.0005509257316589355,0.0,0.0,0.0,0.0,0.0,0.0,0.0,0.0,0.0,0.0,0.0,0.0,0.0,0.0,0.0,0.0,0.0,0.0,0.0,0.0,416.5718529447913
76,1.4682096056640148,2.4612542241811752,2.3842374682426453,2.403820935636759,4.8868266977369785,5.725261528044939,6.351193141192198,4.794748108834028,15.822738960385323,13.282741736620665,10.857010811567307,8.207804571837187,11.138762917369604,6.930384546518326,2.640392228960991,7.63614984229207,14.873346976935863,3.6481590792536736,4.666481360793114,2.767696049064398,5.793472766876221,1.9980394169688225,1.387646872550249,0.9901887811720371,0.7612108439207077,0.5129091143608093,0.29562710225582123,0.24345345050096512,0.15586615726351738,0.04177199676632881,0.0026546306908130646,0.0008030310273170471,0.00018347427248954773,0.0,0.0,0.0,0.0,0.0,0.0,0.0,0.0,0.0,0.0,0.0,0.0,0.0,0.0,0.0,0.0,0.0,145.13104842975736
77,1.4206990338861942,2.2582403011620045,3.496754515916109,4.123586121946573,6.502813383936882,15.220558185130358,11.407147411257029,10.960641369223595,10.64930423349142,5.239036846905947,2.7028283290565014,1.0395664386451244,4.729081209748983,3.0520369075238705,1.2687684819102287,1.3785264417529106,2.772261682897806,6.193677991628647,9.874426901340485,7.112741529941559,3.597801808267832,0.8613385558128357,0.8076270706951618,0.4784969240427017,0.8184094466269016,0.3328882083296776,0.22747838869690895,0.09659994393587112,0.01368851587176323,0.0003596283495426178,0.0002391524612903595,0.0,0.0,0.0,0.0,0.0,0.0,0.0,0.0,0.0,0.0,0.0,0.0,0.0,0.0,0.0,0.0,0.0,0.0,0.0,118.63762496039271
78,1.4153862819075584,2.7742866463959217,4.488028634339571,5.168622255325317,9.72672175988555,13.552043590694666,14.519792824983597,13.061873357743025,15.294989306479692,6.828160159289837,7.815083984285593,7.589613758027554,4.883185688406229,6.487243697047234,2.1603633239865303,14.547124244272709,14.609850224107504,5.398480016738176,13.191628661006689,5.925277903676033,3.5216032080352306,3.6462026946246624,1.067561324685812,0.47097335383296013,0.36599763110280037,0.15833894908428192,0.11375369131565094,0.02945661172270775,0.008672989904880524,0.0018138773739337921,0.0001743808388710022,0.0,0.0,0.0,0.0,0.0,0.0,0.0,0.0,0.0,0.0,0.0,0.0,0.0,0.0,0.0,0.0,0.0,0.0,0.0,178.82230503112078
79,1.4159549213945866,2.793863646686077,5.487001650035381,4.972596183419228,2.952483795583248,10.565528731793165,13.423309117555618,10.303699042648077,29.859846621751785,16.20993483439088,9.905201483517885,34.123835764825344,20.092763613909483,7.20919432118535,35.137051437050104,3.5217437595129013,3.152238469570875,2.9784567691385746,2.293882366269827,3.0287336222827435,1.371958527714014,2.0816598497331142,1.7740222215652466,1.615996852517128,1.0036465860903263,1.1651569232344627,0.34082813933491707,0.10418739914894104,0.006666984409093857,0.0019267387688159943,0.00019149109721183777,0.0,0.0,0.0,0.0,0.0,0.0,0.0,0.0,0.0,0.0,0.0,0.0,0.0,0.0,0.0,0.0,0.0,0.0,0.0,228.8935618661344
80,1.484564483165741,2.9319774731993675,4.697233639657497,4.561792492866516,11.852273724973202,15.061877477914095,31.325725603848696,29.870211895555258,38.856165766716,54.25567462667823,58.52455076947808,17.289423637092113,21.518647018820047,23.951708305627108,16.622628409415483,11.194482631981373,9.297068409621716,5.564540460705757,4.471384655684233,2.8977633863687515,1.8144288249313831,2.430937271565199,1.1620603017508984,0.8275190740823746,0.7339775674045086,0.40347764268517494,0.24116243422031403,0.0913359485566616,0.004736863076686859,0.0005495697259902954,0.0,0.0,0.0,0.0,0.0,0.0,0.0,0.0,0.0,0.0,0.0,0.0,0.0,0.0,0.0,0.0,0.0,0.0,0.0,0.0,373.93988036736846
81,1.4885137528181076,2.0815905928611755,3.7278579138219357,9.316466204822063,16.97310471907258,13.196872882544994,14.913803346455097,20.704797815531492,21.53698782250285,22.77499521151185,6.613208539783955,16.4838392958045,14.623991183936596,8.532002206891775,21.20902381464839,15.10324352234602,4.139509633183479,3.5390592142939568,7.591374155133963,8.301109034568071,7.326122097671032,2.88205174356699,1.5204853527247906,4.322234746068716,0.8320659026503563,0.2250816859304905,0.05116884037852287,0.032540224492549896,0.0014190487563610077,0.0001697242259979248,0.0,0.0,0.0,0.0,0.0,0.0,0.0,0.0,0.0,0.0,0.0,0.0,0.0,0.0,0.0,0.0,0.0,0.0,0.0,0.0,250.04469022899866
82,1.3552324287593365,3.1467535570263863,4.526784613728523,7.9631817527115345,8.803860366344452,4.051791872829199,6.1597202233970165,4.7067899368703365,4.096650488674641,2.3288876228034496,0.0033608339726924896,0.0,0.0,0.0,0.0,0.0,0.0,0.0,0.0,0.0,0.0,0.0,0.0,0.0,0.0,0.0,0.0,0.0,0.0,0.0,0.0,0.0,0.0,0.0,0.0,0.0,0.0,0.0,0.0,0.0,0.0,0.0,0.0,0.0,0.0,0.0,0.0,0.0,0.0,0.0,47.14301369711757
83,1.4842124208807945,2.3899650871753693,5.065153997391462,12.762227948755026,11.420866347849369,9.80583831295371,8.003962624818087,8.024056553840637,6.371265716850758,5.435698878020048,4.394166350364685,7.447752088308334,5.480310615152121,8.869327384978533,4.322126131504774,4.4533658772706985,2.2278740257024765,1.1747223548591137,1.1905487440526485,0.8928847089409828,0.5645451694726944,0.5401363112032413,0.1774791032075882,0.0463738776743412,0.07123585045337677,0.0011455975472927094,0.0,0.0,0.0,0.0,0.0,0.0,0.0,0.0,0.0,0.0,0.0,0.0,0.0,0.0,0.0,0.0,0.0,0.0,0.0,0.0,0.0,0.0,0.0,0.0,112.61724207922816
84,1.4908295013010502,2.5344495996832848,5.097423609346151,5.716511718928814,11.981855940073729,11.192102830857038,10.433737590909004,15.024113975465298,22.087664417922497,19.260280333459377,21.050973001867533,23.22290586680174,84.70178405195475,8.6483089402318,8.004485365003347,5.2072333842515945,10.886959936469793,6.466788355261087,5.6016486920416355,2.73892804607749,0.9603503085672855,0.9754185751080513,0.4408641941845417,0.8598529174923897,0.36487870663404465,0.3804200552403927,0.13864551112055779,0.017760004848241806,0.0015469752252101898,0.00017159432172775269,0.0,0.0,0.0,0.0,0.0,0.0,0.0,0.0,0.0,0.0,0.0,0.0,0.0,0.0,0.0,0.0,0.0,0.0,0.0,0.0,285.48889400064945
85,1.487338826060295,2.0965215377509594,3.821653325110674,8.385232575237751,13.080880716443062,7.641615495085716,7.192588716745377,4.358737647533417,2.6204255670309067,3.6764672957360744,9.833502639085054,11.870206393301487,12.359640091657639,10.262969937175512,7.182713892310858,2.639415420591831,0.7289182990789413,0.2799287922680378,2.6622058413922787,2.1808120980858803,1.1639525778591633,1.499809604138136,0.8336749412119389,0.9152503795921803,0.5774431563913822,0.1515977457165718,0.10487567633390427,0.018148154020309448,0.0017066597938537598,0.00018255412578582764,0.0,0.0,0.0,0.0,0.0,0.0,0.0,0.0,0.0,0.0,0.0,0.0,0.0,0.0,0.0,0.0,0.0,0.0,0.0,0.0,119.62841655686498
86,1.4575322158634663,2.2160656303167343,5.513208337128162,2.7238123640418053,8.00242380052805,16.602968528866768,10.620826046913862,13.360911969095469,5.710915964096785,4.58430678024888,15.056460779160261,38.63387817516923,19.89884987846017,13.023076869547367,6.938864357769489,6.10866991057992,12.611011154949665,12.731597017496824,5.866299867630005,3.902300987392664,2.471406277269125,1.2012133188545704,0.9930879548192024,4.9233710542321205,1.0722423754632473,0.3883169814944267,0.16712963581085205,0.07772329449653625,0.04108668491244316,0.0038113072514533997,0.0005410760641098022,0.0,0.0,0.0,0.0,0.0,0.0,0.0,0.0,0.0,0.0,0.0,0.0,0.0,0.0,0.0,0.0,0.0,0.0,0.0,216.90391059592366
87,1.4142300859093666,2.7727908194065094,5.488708667457104,4.125866021960974,7.379206649959087,13.902344565838575,10.2570567317307,2.196720063686371,4.500240098685026,5.807521343231201,6.916597981005907,3.972060337662697,7.289403609931469,4.849046248942614,9.675251882523298,13.058476366102695,9.87324582412839,6.620783660560846,1.3916352167725563,1.637477345764637,1.4657743871212006,1.4600961469113827,1.0567146204411983,0.7653801254928112,0.4444005489349365,0.22455833479762077,0.04326234012842178,0.017256777733564377,0.00545666366815567,0.0002684257924556732,0.0,0.0,0.0,0.0,0.0,0.0,0.0,0.0,0.0,0.0,0.0,0.0,0.0,0.0,0.0,0.0,0.0,0.0,0.0,0.0,128.61183189228177
88,1.4128174744546413,2.259674549102783,2.293848644942045,2.260382018983364,5.242339093238115,4.738085508346558,6.231016773730516,12.194434996694326,9.378868781030178,9.993736382573843,12.691937867552042,10.348560761660337,6.08573679998517,4.060257963836193,2.6974461041390896,5.297103855758905,3.442450810223818,10.05223374441266,5.580014102160931,3.6758815720677376,2.3360678292810917,1.5371447280049324,0.7331787794828415,1.0446120128035545,1.3384942896664143,1.377843912690878,0.3960123136639595,0.15698383376002312,0.00713704526424408,0.0006560347974300385,0.00018034875392913818,0.0,0.0,0.0,0.0,0.0,0.0,0.0,0.0,0.0,0.0,0.0,0.0,0.0,0.0,0.0,0.0,0.0,0.0,0.0,128.86513893306255
89,1.4199160933494568,2.77109507471323,5.478062026202679,6.924261320382357,8.29889452084899,14.241161104291677,8.265967700630426,38.60612505674362,19.08792455494404,13.523084305226803,38.00658384338021,88.50252976641059,12.290048342198133,24.36255883425474,16.12032050639391,5.842511929571629,11.829482611268759,13.94236160442233,9.682962231338024,7.170677755028009,2.0431759618222713,1.8714383617043495,0.7880320474505424,1.175208706408739,0.5981071479618549,0.4863230884075165,0.15538457408547401,0.07696659862995148,0.03558459132909775,0.00034739449620246887,0.00017111003398895264,0.0,0.0,0.0,0.0,0.0,0.0,0.0,0.0,0.0,0.0,0.0,0.0,0.0,0.0,0.0,0.0,0.0,0.0,0.0,353.5972687639296
90,1.4144207909703255,2.0932112149894238,5.15325490385294,2.5607305876910686,5.554852899163961,11.059976432472467,15.253057230263948,7.245857533067465,3.791213259100914,8.456206284463406,9.938863541930914,7.749489109963179,2.2102317549288273,5.978495307266712,11.487603288143873,8.092035830020905,10.863692045211792,14.96586587280035,8.981081485748291,6.633805047720671,1.9857830330729485,1.1144612543284893,1.0722867473959923,0.9863837510347366,0.4268888905644417,0.2938357964158058,0.19057921320199966,0.12771671265363693,0.13887153565883636,0.009010352194309235,0.0019039921462535858,0.000178605318069458,0.0,0.0,0.0,0.0,0.0,0.0,0.0,0.0,0.0,0.0,0.0,0.0,0.0,0.0,0.0,0.0,0.0,0.0,155.83184430375695
91,1.3490748964250088,2.606750149279833,4.337774466723204,4.704240560531616,5.1241807378828526,10.492893129587173,13.104912474751472,9.452171944081783,12.371922008693218,5.049229919910431,8.563499689102173,6.076379597187042,3.495835557579994,14.209864493459463,14.914130698889494,7.722673546522856,8.098305195569992,7.294224806129932,7.189078088849783,4.184559039771557,3.633270677179098,3.557954326272011,2.6173985339701176,1.5870939865708351,0.42576057836413383,0.2642386071383953,0.05637046694755554,0.015868209302425385,0.0017413347959518433,0.00020444020628929138,0.0,0.0,0.0,0.0,0.0,0.0,0.0,0.0,0.0,0.0,0.0,0.0,0.0,0.0,0.0,0.0,0.0,0.0,0.0,0.0,162.5016021616757
92,1.5984118543565273,4.33132204040885,3.057522665709257,4.530893608927727,6.637472849339247,10.150043543428183,5.357453778386116,2.508302439004183,0.0036788731813430786,0.0,0.0,0.0,0.0,0.0,0.0,0.0,0.0,0.0,0.0,0.0,0.0,0.0,0.0,0.0,0.0,0.0,0.0,0.0,0.0,0.0,0.0,0.0,0.0,0.0,0.0,0.0,0.0,0.0,0.0,0.0,0.0,0.0,0.0,0.0,0.0,0.0,0.0,0.0,0.0,0.0,38.17510165274143
93,1.6041070744395256,2.6483203060925007,7.112109445035458,6.459171686321497,11.53149662911892,18.102861363440752,15.829046420753002,30.114818178117275,16.033346470445395,23.51359672099352,34.13634365051985,12.032981187105179,10.016871597617865,4.507464788854122,9.40963226556778,10.922158647328615,7.450988709926605,33.98208990693092,6.998276766389608,5.728677105158567,3.3485516645014286,2.3072586432099342,2.0055826753377914,0.9713477045297623,0.5507155656814575,0.4990901052951813,0.23552370816469193,0.09330645203590393,0.023986518383026123,0.0015444569289684296,0.0006560645997524261,0.00017118826508522034,0.0,0.0,0.0,0.0,0.0,0.0,0.0,0.0,0.0,0.0,0.0,0.0,0.0,0.0,0.0,0.0,0.0,0.0,278.17209366708994
94,2.0341628156602383,2.8116387389600277,6.688358809798956,12.413840048015118,22.018923699855804,11.083995040506124,14.550604410469532,25.78991072997451,11.315371587872505,14.042637955397367,7.838738810271025,2.5849697962403297,3.882083386182785,21.26035686954856,27.168225590139627,16.860321450978518,7.802872810512781,8.202542334794998,5.311109106987715,3.9186535887420177,1.8402831517159939,1.1128883473575115,0.28609753027558327,0.22729524224996567,0.1717303767800331,0.09964612126350403,0.06358940899372101,0.006814844906330109,0.0018053054809570312,0.0005815811455249786,0.0,0.0,0.0,0.0,0.0,0.0,0.0,0.0,0.0,0.0,0.0,0.0,0.0,0.0,0.0,0.0,0.0,0.0,0.0,0.0,231.39004949107766
95,1.4907982647418976,2.0822507552802563,3.7290240712463856,8.405337896198034,15.693968635052443,12.389647595584393,22.818555675446987,20.827100962400436,15.889604199677706,21.92483041062951,34.708067368716,26.485136348754168,23.561154056340456,34.15268610417843,14.298187658190727,10.33572367951274,13.728114154189825,8.168390233069658,2.260186031460762,2.4338551089167595,3.331673700362444,1.0822075828909874,1.0931671932339668,0.3737057335674763,0.6250521689653397,0.34140224009752274,0.27845676615834236,0.022969692945480347,0.0016046799719333649,0.00019543245434761047,0.0,0.0,0.0,0.0,0.0,0.0,0.0,0.0,0.0,0.0,0.0,0.0,0.0,0.0,0.0,0.0,0.0,0.0,0.0,0.0,302.5330544002354
96,1.4270133823156357,2.092262126505375,3.3596847392618656,5.016903735697269,13.630806755274534,9.601860273629427,5.0373096615076065,9.604890208691359,5.377474155277014,10.116848848760128,10.621034916490316,5.146722376346588,0.8508800119161606,8.087433844804764,12.954590991139412,12.932444781064987,11.899488493800163,15.372492618858814,8.643815942108631,17.776082329452038,12.735545460134745,5.004910703748465,1.0278062522411346,1.1767814010381699,0.5518676936626434,0.3605409227311611,0.18426130712032318,0.07607163116335869,0.043376144021749496,0.01754753664135933,0.0007555112242698669,0.00017785653471946716,0.0,0.0,0.0,0.0,0.0,0.0,0.0,0.0,0.0,0.0,0.0,0.0,0.0,0.0,0.0,0.0,0.0,0.0,190.7296826131642
97,1.4217206835746765,2.765948425978422,5.7134739607572556,6.659693792462349,12.86848946660757,22.689023192971945,30.152012705802917,21.42862159013748,36.397200025618076,32.53866730257869,11.572463311254978,9.426237374544144,7.307291854172945,12.77228657528758,13.393503092229366,8.551963366568089,6.105061456561089,4.631288405507803,9.084023896604776,7.810752782970667,6.6313291266560555,3.3602032251656055,1.9618574008345604,2.245425447821617,0.580389279872179,0.5521024465560913,0.20093898475170135,0.16586558520793915,0.08589320257306099,0.009059466421604156,0.0019445493817329407,0.00019135326147079468,0.0,0.0,0.0,0.0,0.0,0.0,0.0,0.0,0.0,0.0,0.0,0.0,0.0,0.0,0.0,0.0,0.0,0.0,279.08492333069444
98,1.5399984568357468,2.9861349314451218,3.7888562195003033,4.581369694322348,7.163410358130932,16.751658979803324,24.777383651584387,26.852458134293556,32.12149919196963,1.4123795218765736,5.000130712985992,15.807116579264402,10.557368826121092,17.39511987566948,22.461870696395636,12.486621834337711,7.381824623793364,6.30007104203105,9.337793476879597,8.085751630365849,8.307335831224918,3.197833079844713,1.3109194412827492,0.8535431958734989,0.2672782875597477,0.17386144399642944,0.3541911020874977,0.03313266858458519,0.005139056593179703,0.0019440092146396637,0.0006586164236068726,0.00017327070236206055,0.0,0.0,0.0,0.0,0.0,0.0,0.0,0.0,0.0,0.0,0.0,0.0,0.0,0.0,0.0,0.0,0.0,0.0,251.29482844099402
99,1.414564624428749,2.263477560132742,2.4125878289341927,2.4550937339663506,5.028911296278238,6.004557121545076,6.647593833506107,13.051848664879799,7.157557409256697,5.107604414224625,1.8433845341205597,2.2628341019153595,2.3635908849537373,5.901562735438347,8.90134360641241,14.89553690329194,5.318892277777195,2.372153762727976,0.5054309628903866,3.081150684505701,0.5021690018475056,0.6665164455771446,0.4186691865324974,0.3175126984715462,0.12748445942997932,0.199532188475132,0.06800767034292221,0.04313864931464195,0.010835248976945877,0.001917317509651184,0.000587165355682373,0.0,0.0,0.0,0.0,0.0,0.0,0.0,0.0,0.0,0.0,0.0,0.0,0.0,0.0,0.0,0.0,0.0,0.0,0.0,101.34604697301984
100,1.5120219849050045,2.4178462885320187,3.7370952740311623,6.044075906276703,3.7377450056374073,7.302468981593847,9.011192183941603,17.320289108902216,11.103384379297495,7.986515711992979,3.5054915472865105,3.3255422562360764,17.43849617987871,6.260843250900507,10.272498697042465,13.57680680975318,9.671350747346878,17.89073932915926,7.599596302956343,10.23695782199502,5.448811057955027,5.7722502425313,2.5700701102614403,0.8116345703601837,0.30537204071879387,0.1469574123620987,0.09856702014803886,0.1143873929977417,0.017026301473379135,0.001436486840248108,0.00017878785729408264,0.0,0.0,0.0,0.0,0.0,0.0,0.0,0.0,0.0,0.0,0.0,0.0,0.0,0.0,0.0,0.0,0.0,0.0,0.0,185.23764919117093

total time per move x,159.0732033625245,263.5246649943292,446.2690354883671,709.0886281467974,1039.3992293141782,1200.8383151367307,1424.1647602431476,1499.4082788601518,1466.1169878840446,1447.7718386687338,1460.6637307032943,1560.2562688812613,1475.2276587449014,1211.8418532647192,1212.9811601787806,921.326298110187,805.2574896588922,792.8146983832121,572.831764254719,419.3879895545542,373.8801594302058,232.46061931923032,161.60621389374137,108.58603461831808,54.415844704955816,32.31659606844187,14.68389031291008,5.661840554326773,1.5287332087755203,0.3684976026415825,0.05706207454204559,0.005851075053215027,0.0014659017324447632,0.00017823651432991028,0,0,0,0,0,0,0,0,0,0,0,0,0,0,0,0,21073.816840834916
average time per move x,1.590732033625245,2.635246649943292,4.462690354883671,7.0908862814679745,10.393992293141782,12.008383151367306,14.241647602431476,15.457817307836617,15.272051957125464,15.401828070943976,15.70606162046553,17.933980102083463,17.15380998540583,14.091184340287434,14.1044320951021,10.713096489653338,9.363459182080142,9.21877556259549,6.660834468078128,4.876604529704119,4.347443714304719,2.7030304572003527,1.8791420220202484,1.2626283095153266,0.6327423802901839,0.380195247864022,0.17691434111939855,0.06904683602837527,0.018873249491055805,0.004606220033019781,0.001037492264400829,0.0004179339323725019,0.00029318034648895264,0.00017823651432991028,nan,nan,nan,nan,nan,nan,nan,nan,nan,nan,nan,nan,nan,nan,nan,nan,210.73816840834917
std of time per move x,0.25904977311782174,0.5771426135188648,1.3430460913818996,3.422437809305488,4.7383745385756795,7.545665679066139,9.812439530345348,11.046919692569517,11.449477676334933,14.062508585141638,14.369322210675543,18.599616722667903,18.9587835139175,9.422395122135686,14.317338636528188,7.377162351681003,6.001916521015217,7.783363875740403,4.2494601885556476,3.216025462374486,4.204436422731378,1.708334147091956,1.9092576987282277,1.0529454693227265,0.3596442751011331,0.2447271633166644,0.11758596051066615,0.06187668323268371,0.03510717976023397,0.014595016632298693,0.003505944133046087,0.00051888814025649,0.00022941376556647337,nan,nan,nan,nan,nan,nan,nan,nan,nan,nan,nan,nan,nan,nan,nan,nan,nan,107.20220008211332
err of average time,0.025904977311782172,0.057714261351886474,0.13430460913818995,0.3422437809305488,0.4738374538575679,0.7545665679066139,0.9812439530345347,1.1216447546389519,1.1685574220169748,1.4504370130411768,1.4900293018487545,1.9940882231550923,2.044378202869353,1.0160429962384416,1.5438783300695702,0.7954998747537619,0.647203302996604,0.8393017115725503,0.45823107674956176,0.3467929443007111,0.4533760392206686,0.18421440863905628,0.20588055241387973,0.11354202998906558,0.0387814395508955,0.02654438778947252,0.012906735940630222,0.006833136557835131,0.0039007977511371075,0.0016317724661279965,0.0004727414104606965,0.00013867868877857778,0.00010259695495616699,nan,nan,nan,nan,nan,nan,nan,nan,nan,nan,nan,nan,nan,nan,nan,nan,nan,10.720220008211331
