Contains move time for player DynamicRoxanne; opponent is AlphaBeta6
Colums refer to move number, rows to game number
game,1,2,3,4,5,6,7,8,9,10,11,12,13,14,15,16,17,18,19,20,21,22,23,24,25,26,27,28,29,30,31,32,33,34,35,36,37,38,39,40,41,42,43,44,45,46,47,48,49,50,total
1,0.00677790492773056,0.005598470568656921,0.0055966489017009735,0.00556548684835434,0.005305137485265732,0.00558905303478241,0.00527828186750412,0.00500255823135376,0.004578284919261932,0.004629861563444138,0.004486992955207825,0.0045382194221019745,0.004302583634853363,0.0039766281843185425,0.0038711540400981903,0.00368538498878479,0.0033711232244968414,0.0029491111636161804,0.0027038156986236572,0.0023753568530082703,0.0022921040654182434,0.002180274575948715,0.0017830878496170044,0.001658659428358078,0.0014306418597698212,0.0011623091995716095,0.0009081065654754639,0.0007092542946338654,0.0005003809928894043,0.00027281418442726135,0.0,0.0,0.0,0.0,0.0,0.0,0.0,0.0,0.0,0.0,0.0,0.0,0.0,0.0,0.0,0.0,0.0,0.0,0.0,0.0,0.10307969152927399
2,0.005646765232086182,0.005721069872379303,0.005556438118219376,0.005710627883672714,0.005309317260980606,0.005547072738409042,0.00531354546546936,0.005485456436872482,0.0048770904541015625,0.004642017185688019,0.004225742071866989,0.0,0.0,0.0,0.0,0.0,0.0,0.0,0.0,0.0,0.0,0.0,0.0,0.0,0.0,0.0,0.0,0.0,0.0,0.0,0.0,0.0,0.0,0.0,0.0,0.0,0.0,0.0,0.0,0.0,0.0,0.0,0.0,0.0,0.0,0.0,0.0,0.0,0.0,0.0,0.058035142719745636
3,0.005827993154525757,0.005685575306415558,0.0058469995856285095,0.005619127303361893,0.005276348441839218,0.005333852022886276,0.005492653697729111,0.005111467093229294,0.004953194409608841,0.00475890189409256,0.0045619383454322815,0.004329480230808258,0.004096820950508118,0.0037860162556171417,0.003585025668144226,0.00345630943775177,0.003092806786298752,0.0028871893882751465,0.002726498991250992,0.002499222755432129,0.002361007034778595,0.002008199691772461,0.0018536783754825592,0.0015434809029102325,0.0013165995478630066,0.001079954206943512,0.0008514486253261566,0.0008000768721103668,0.0005965344607830048,0.00040028244256973267,0.00013204291462898254,0.0,0.0,0.0,0.0,0.0,0.0,0.0,0.0,0.0,0.0,0.0,0.0,0.0,0.0,0.0,0.0,0.0,0.0,0.0,0.10187072679400444
4,0.005821358412504196,0.005762092769145966,0.0055822283029556274,0.005599267780780792,0.005673937499523163,0.005532670766115189,0.004949808120727539,0.004868064075708389,0.004703417420387268,0.004492919892072678,0.004432596266269684,0.00375162810087204,0.0038392730057239532,0.0035761334002017975,0.003441598266363144,0.002990473061800003,0.0029076188802719116,0.0025648698210716248,0.0024091042578220367,0.0022179633378982544,0.0020361803472042084,0.0018298141658306122,0.0016130320727825165,0.0013447403907775879,0.001310255378484726,0.001078769564628601,0.0008905455470085144,0.0006826445460319519,0.0004692785441875458,0.000243358314037323,0.0001468174159526825,0.0,0.0,0.0,0.0,0.0,0.0,0.0,0.0,0.0,0.0,0.0,0.0,0.0,0.0,0.0,0.0,0.0,0.0,0.0,0.09676245972514153
5,0.005853239446878433,0.005759932100772858,0.005615632981061935,0.005467891693115234,0.005359366536140442,0.005337942391633987,0.005151566118001938,0.004982080310583115,0.0047004446387290955,0.004463136196136475,0.004121430218219757,0.0038815997540950775,0.003732234239578247,0.0034255944192409515,0.0032032914459705353,0.002985715866088867,0.002802908420562744,0.002488214522600174,0.0024378709495067596,0.002174239605665207,0.0021753497421741486,0.001864265650510788,0.0018020309507846832,0.0017205066978931427,0.0015302300453186035,0.001445125788450241,0.0013713762164115906,0.001342322677373886,0.0011165998876094818,0.0,0.0,0.0,0.0,0.0,0.0,0.0,0.0,0.0,0.0,0.0,0.0,0.0,0.0,0.0,0.0,0.0,0.0,0.0,0.0,0.0,0.0983121395111084
6,0.005503296852111816,0.005611401051282883,0.00519755482673645,0.0053352899849414825,0.005429551005363464,0.005223024636507034,0.005299478769302368,0.005022332072257996,0.004938576370477676,0.004702404141426086,0.004390738904476166,0.004090089350938797,0.003845740109682083,0.003604639321565628,0.003265462815761566,0.0,0.0,0.0,0.0,0.0,0.0,0.0,0.0,0.0,0.0,0.0,0.0,0.0,0.0,0.0,0.0,0.0,0.0,0.0,0.0,0.0,0.0,0.0,0.0,0.0,0.0,0.0,0.0,0.0,0.0,0.0,0.0,0.0,0.0,0.0,0.0714595802128315
7,0.00551372766494751,0.005654864013195038,0.005431719124317169,0.005501318722963333,0.005389664322137833,0.005315843969583511,0.005185801535844803,0.0050484128296375275,0.0049345530569553375,0.00444653257727623,0.00422615185379982,0.004083499312400818,0.0038567855954170227,0.003620043396949768,0.0032639317214488983,0.0031701773405075073,0.0029249079525470734,0.0028463155031204224,0.0026143230497837067,0.002382151782512665,0.002207960933446884,0.0018909983336925507,0.0016481727361679077,0.0014322400093078613,0.0011873692274093628,0.0010035969316959381,0.0008066706359386444,0.0006015114486217499,0.0003704093396663666,0.00012472271919250488,0.0,0.0,0.0,0.0,0.0,0.0,0.0,0.0,0.0,0.0,0.0,0.0,0.0,0.0,0.0,0.0,0.0,0.0,0.0,0.0,0.09668437764048576
8,0.005730938166379929,0.0056092143058776855,0.005493037402629852,0.005459781736135483,0.005729474127292633,0.005340121686458588,0.0052088238298892975,0.0051030851900577545,0.0050469376146793365,0.004414595663547516,0.004527915269136429,0.00428413599729538,0.004190608859062195,0.003722410649061203,0.003278065472841263,0.003569073975086212,0.0033312365412712097,0.0031997039914131165,0.0028083436191082,0.0024809204041957855,0.0021929219365119934,0.0019196569919586182,0.0016231387853622437,0.0013832934200763702,0.0011944063007831573,0.0009880363941192627,0.0008178986608982086,0.0005847848951816559,0.00034146010875701904,0.00016374140977859497,0.0,0.0,0.0,0.0,0.0,0.0,0.0,0.0,0.0,0.0,0.0,0.0,0.0,0.0,0.0,0.0,0.0,0.0,0.0,0.0,0.09973776340484619
9,0.005688406527042389,0.00560007244348526,0.005444075912237167,0.005513370037078857,0.005367796868085861,0.0052376799285411835,0.00496833398938179,0.005189072340726852,0.005012676119804382,0.0044746845960617065,0.00448322668671608,0.004327964037656784,0.0038240961730480194,0.0037461332976818085,0.0035420022904872894,0.0033234991133213043,0.003117624670267105,0.002488858997821808,0.0027330033481121063,0.002212144434452057,0.0019115321338176727,0.0017454996705055237,0.0015655122697353363,0.0013048239052295685,0.0012073777616024017,0.0013960152864456177,0.0010859966278076172,0.0008642598986625671,0.0006439238786697388,0.0005548559129238129,0.000519920140504837,0.00024612993001937866,0.00014076009392738342,0.0,0.0,0.0,0.0,0.0,0.0,0.0,0.0,0.0,0.0,0.0,0.0,0.0,0.0,0.0,0.0,0.0,0.09948132932186127
10,0.005748022347688675,0.0056550391018390656,0.005641162395477295,0.005180317908525467,0.005483128130435944,0.005506407469511032,0.005271438509225845,0.005123220384120941,0.0047774650156497955,0.004585031419992447,0.0046442486345767975,0.004986520856618881,0.004467938095331192,0.004488121718168259,0.0037028752267360687,0.0034494511783123016,0.003248210996389389,0.00292225182056427,0.0027389340102672577,0.002497375011444092,0.002228710800409317,0.001968707889318466,0.001699782907962799,0.0014861784875392914,0.0012295618653297424,0.0010176226496696472,0.000718194991350174,0.0005184486508369446,0.0002832487225532532,0.00023468956351280212,0.0,0.0,0.0,0.0,0.0,0.0,0.0,0.0,0.0,0.0,0.0,0.0,0.0,0.0,0.0,0.0,0.0,0.0,0.0,0.0,0.10150230675935745
11,0.005153775215148926,0.005664359778165817,0.005302883684635162,0.0053736865520477295,0.005518227815628052,0.005540244281291962,0.005433674901723862,0.005464356392621994,0.0051299892365932465,0.004840310662984848,0.00442466139793396,0.004283204674720764,0.00413096696138382,0.0037176311016082764,0.003401733934879303,0.0032578706741333008,0.003045111894607544,0.002966582775115967,0.002645723521709442,0.0024341195821762085,0.0021985359489917755,0.0019930340349674225,0.001747123897075653,0.0014921687543392181,0.0012714676558971405,0.0012612417340278625,0.001065518707036972,0.0008414648473262787,0.0005731247365474701,0.0005114376544952393,0.00027858465909957886,0.0,0.0,0.0,0.0,0.0,0.0,0.0,0.0,0.0,0.0,0.0,0.0,0.0,0.0,0.0,0.0,0.0,0.0,0.0,0.1009628176689148
12,0.00585252046585083,0.00575077161192894,0.005731839686632156,0.005597088485956192,0.005356904119253159,0.005210816860198975,0.005402587354183197,0.005103155970573425,0.004937153309583664,0.004902690649032593,0.004688475281000137,0.004233002662658691,0.0039820075035095215,0.0036642104387283325,0.003594193607568741,0.003173965960741043,0.002976730465888977,0.0028892308473587036,0.002537250518798828,0.002344861626625061,0.0021347589790821075,0.0017979145050048828,0.0016826801002025604,0.0016383491456508636,0.0013790875673294067,0.0011596530675888062,0.001157030463218689,0.0009319335222244263,0.0007414966821670532,0.0005573034286499023,0.00034347549080848694,0.00013196095824241638,0.0,0.0,0.0,0.0,0.0,0.0,0.0,0.0,0.0,0.0,0.0,0.0,0.0,0.0,0.0,0.0,0.0,0.0,0.10158510133624077
13,0.005679383873939514,0.005490440875291824,0.005580872297286987,0.005456872284412384,0.005504567176103592,0.005574442446231842,0.005500283092260361,0.005206555128097534,0.004748165607452393,0.004330035299062729,0.0041649192571640015,0.003981936722993851,0.0036136582493782043,0.003391791135072708,0.003255896270275116,0.0031857676804065704,0.0029384270310401917,0.0026559121906757355,0.002410624176263809,0.0021208785474300385,0.002055574208498001,0.00199894979596138,0.0018206946551799774,0.0016024671494960785,0.0013679489493370056,0.001145094633102417,0.0009543336927890778,0.0007922612130641937,0.0005606375634670258,0.0003157705068588257,0.00023132190108299255,0.0001290924847126007,0.0,0.0,0.0,0.0,0.0,0.0,0.0,0.0,0.0,0.0,0.0,0.0,0.0,0.0,0.0,0.0,0.0,0.0,0.09776557609438896
14,0.005633745342493057,0.0054615698754787445,0.005370877683162689,0.005240242928266525,0.005145777016878128,0.005373716354370117,0.005197491496801376,0.0048111192882061005,0.004828542470932007,0.004529550671577454,0.004261303693056107,0.0040888674557209015,0.00391755998134613,0.003932144492864609,0.003800090402364731,0.003264259546995163,0.0030797161161899567,0.0030269697308540344,0.0026963353157043457,0.0024302974343299866,0.0022876113653182983,0.0019995905458927155,0.0019142329692840576,0.0015738941729068756,0.0013975203037261963,0.001153554767370224,0.0009877383708953857,0.0007513128221035004,0.0004851929843425751,0.0002635940909385681,0.0,0.0,0.0,0.0,0.0,0.0,0.0,0.0,0.0,0.0,0.0,0.0,0.0,0.0,0.0,0.0,0.0,0.0,0.0,0.0,0.09890441969037056
15,0.005696233361959457,0.005484823137521744,0.005378972738981247,0.005177658051252365,0.00515742227435112,0.005235414952039719,0.004871297627687454,0.004913967102766037,0.0045478083193302155,0.004224561154842377,0.004410535097122192,0.0038074851036071777,0.003654278814792633,0.0033766254782676697,0.003193948417901993,0.003046516329050064,0.0027953162789344788,0.002424728125333786,0.0023190677165985107,0.00217432901263237,0.002096794545650482,0.0019459910690784454,0.00196075439453125,0.0018579736351966858,0.0018813945353031158,0.0,0.0,0.0,0.0,0.0,0.0,0.0,0.0,0.0,0.0,0.0,0.0,0.0,0.0,0.0,0.0,0.0,0.0,0.0,0.0,0.0,0.0,0.0,0.0,0.0,0.09163389727473259
16,0.0055017247796058655,0.005349613726139069,0.005230400711297989,0.005161851644515991,0.005294725298881531,0.005100924521684647,0.004856497049331665,0.004984758794307709,0.004679858684539795,0.004732724279165268,0.0045211948454380035,0.004282832145690918,0.003954429179430008,0.003758016973733902,0.003522660583257675,0.0031165815889835358,0.002861529588699341,0.002654869109392166,0.0024772323668003082,0.002289198338985443,0.002164594829082489,0.0018459707498550415,0.0017551816999912262,0.0013973191380500793,0.0011732541024684906,0.0009496212005615234,0.0008281469345092773,0.0005829930305480957,0.00034983083605766296,0.00023587793111801147,0.00013976916670799255,0.0,0.0,0.0,0.0,0.0,0.0,0.0,0.0,0.0,0.0,0.0,0.0,0.0,0.0,0.0,0.0,0.0,0.0,0.0,0.09575418382883072
17,0.00534207746386528,0.00552738830447197,0.005317255854606628,0.005316965281963348,0.005548637360334396,0.0053675174713134766,0.005251768976449966,0.004765767604112625,0.004499468952417374,0.004390008747577667,0.004058096557855606,0.0038105137646198273,0.0033583268523216248,0.0032804273068904877,0.0034083984792232513,0.0030974410474300385,0.002883821725845337,0.002565104514360428,0.002331778407096863,0.0021079517900943756,0.0018140897154808044,0.0016058124601840973,0.0015060342848300934,0.0013284869492053986,0.001071106642484665,0.001104656606912613,0.0008577778935432434,0.0007790550589561462,0.0,0.0,0.0,0.0,0.0,0.0,0.0,0.0,0.0,0.0,0.0,0.0,0.0,0.0,0.0,0.0,0.0,0.0,0.0,0.0,0.0,0.0,0.09229573607444763
18,0.0055364519357681274,0.005389310419559479,0.005585853010416031,0.005068756639957428,0.005297888070344925,0.005021296441555023,0.004809219390153885,0.0045601800084114075,0.004476077854633331,0.004340063780546188,0.0039767734706401825,0.00394236296415329,0.0038347169756889343,0.0036440379917621613,0.0031900256872177124,0.0030392035841941833,0.002767905592918396,0.002590697258710861,0.00232088565826416,0.002139609307050705,0.0019033774733543396,0.001763083040714264,0.0015613548457622528,0.0013308189809322357,0.00110669806599617,0.0009073317050933838,0.0007298029959201813,0.0005511119961738586,0.0003277584910392761,0.00015222281217575073,0.0,0.0,0.0,0.0,0.0,0.0,0.0,0.0,0.0,0.0,0.0,0.0,0.0,0.0,0.0,0.0,0.0,0.0,0.0,0.0,0.09186487644910812
19,0.005353942513465881,0.00548076257109642,0.005170442163944244,0.005095783621072769,0.005011297762393951,0.005032498389482498,0.004888467490673065,0.0046880170702934265,0.004899226129055023,0.004334494471549988,0.004183720797300339,0.004095755517482758,0.0039013028144836426,0.004000164568424225,0.003990508615970612,0.003679480403661728,0.003274839371442795,0.0030161216855049133,0.002756822854280472,0.0025283098220825195,0.002303455024957657,0.002028338611125946,0.0018492937088012695,0.0016851536929607391,0.0013417303562164307,0.0010462477803230286,0.0008271969854831696,0.000612311065196991,0.00038907304406166077,0.00013724714517593384,0.0,0.0,0.0,0.0,0.0,0.0,0.0,0.0,0.0,0.0,0.0,0.0,0.0,0.0,0.0,0.0,0.0,0.0,0.0,0.0,0.0976020060479641
20,0.00576767697930336,0.00567902997136116,0.005671381950378418,0.0056565627455711365,0.005621273070573807,0.005242642015218735,0.005369082093238831,0.00521073117852211,0.005319435149431229,0.004687231034040451,0.004513159394264221,0.004133544862270355,0.003741580992937088,0.0033752955496311188,0.0032326243817806244,0.0029990822076797485,0.0030370280146598816,0.0027756132185459137,0.002540823072195053,0.0023649632930755615,0.0023955143988132477,0.0019286684691905975,0.001522403210401535,0.0013567544519901276,0.0011708922684192657,0.0010825805366039276,0.0008210279047489166,0.0006525367498397827,0.00039339810609817505,0.0001661926507949829,0.0,0.0,0.0,0.0,0.0,0.0,0.0,0.0,0.0,0.0,0.0,0.0,0.0,0.0,0.0,0.0,0.0,0.0,0.0,0.0,0.09842872992157936
21,0.005864188075065613,0.005961410701274872,0.005577441304922104,0.0055016689002513885,0.005615256726741791,0.005617525428533554,0.005267150700092316,0.0050661638379096985,0.004820898175239563,0.004512764513492584,0.004336223006248474,0.004376858472824097,0.004036594182252884,0.0038491301238536835,0.003893628716468811,0.0034311525523662567,0.0030885115265846252,0.002982866019010544,0.0028338171541690826,0.002468351274728775,0.002335619181394577,0.002126593142747879,0.001896597445011139,0.0017769522964954376,0.0014482587575912476,0.001218937337398529,0.0010333172976970673,0.0007848665118217468,0.0004937797784805298,0.00028416886925697327,0.0,0.0,0.0,0.0,0.0,0.0,0.0,0.0,0.0,0.0,0.0,0.0,0.0,0.0,0.0,0.0,0.0,0.0,0.0,0.0,0.10250069200992584
22,0.005883149802684784,0.0058351121842861176,0.005661960691213608,0.005580469965934753,0.005670923739671707,0.005568064749240875,0.005256142467260361,0.005352523177862167,0.00499429926276207,0.004708517342805862,0.004853017628192902,0.004679381847381592,0.004122652113437653,0.003718707710504532,0.0036222636699676514,0.0032950416207313538,0.0031369253993034363,0.002749815583229065,0.002541337162256241,0.002286430448293686,0.002234857529401779,0.0020212680101394653,0.001965384930372238,0.0018099211156368256,0.0014275871217250824,0.0011056773364543915,0.0008936077356338501,0.0006847269833087921,0.0004951134324073792,0.00027936697006225586,0.0,0.0,0.0,0.0,0.0,0.0,0.0,0.0,0.0,0.0,0.0,0.0,0.0,0.0,0.0,0.0,0.0,0.0,0.0,0.0,0.10243424773216248
23,0.005913108587265015,0.005794405937194824,0.005703873932361603,0.005492117255926132,0.005590423941612244,0.005617164075374603,0.005540426820516586,0.005167342722415924,0.00488504022359848,0.004684284329414368,0.004555676132440567,0.0043229348957538605,0.004390738904476166,0.004028342664241791,0.003757413476705551,0.0036129094660282135,0.003414638340473175,0.003057606518268585,0.0028571709990501404,0.002509724348783493,0.002343475818634033,0.0019832178950309753,0.0018689557909965515,0.0016622990369796753,0.0014383196830749512,0.0011934563517570496,0.0009455606341362,0.0007051676511764526,0.0005394667387008667,0.00026214495301246643,0.0,0.0,0.0,0.0,0.0,0.0,0.0,0.0,0.0,0.0,0.0,0.0,0.0,0.0,0.0,0.0,0.0,0.0,0.0,0.0,0.10383740812540054
24,0.005906153470277786,0.005838267505168915,0.005599275231361389,0.005709812045097351,0.00550881028175354,0.0054183825850486755,0.005307789891958237,0.0051039233803749084,0.005117911845445633,0.005048986524343491,0.00502471998333931,0.004851158708333969,0.0044282786548137665,0.0038129091262817383,0.0034708380699157715,0.0032299868762493134,0.0030935145914554596,0.002837039530277252,0.002861596643924713,0.002440348267555237,0.0022025294601917267,0.00196634978055954,0.0017622187733650208,0.0014941170811653137,0.0013870000839233398,0.0011912733316421509,0.0010216161608695984,0.0007766783237457275,0.0005690492689609528,0.00036368146538734436,0.00016881898045539856,0.0,0.0,0.0,0.0,0.0,0.0,0.0,0.0,0.0,0.0,0.0,0.0,0.0,0.0,0.0,0.0,0.0,0.0,0.0,0.10351303592324257
25,0.005881410092115402,0.005862075835466385,0.005572393536567688,0.005521465092897415,0.005502238869667053,0.005216322839260101,0.0050213150680065155,0.00508638471364975,0.005061604082584381,0.004670348018407822,0.004452381283044815,0.003969445824623108,0.003728751093149185,0.003666713833808899,0.0035486742854118347,0.0032577216625213623,0.0030687525868415833,0.003058765083551407,0.0026345551013946533,0.002470877021551132,0.002161990851163864,0.002095971256494522,0.0019947364926338196,0.00190744549036026,0.0017324760556221008,0.0017050430178642273,0.0014494732022285461,0.0013791806995868683,0.0012736134231090546,0.001175522804260254,0.0,0.0,0.0,0.0,0.0,0.0,0.0,0.0,0.0,0.0,0.0,0.0,0.0,0.0,0.0,0.0,0.0,0.0,0.0,0.0,0.10412764921784401
26,0.005733031779527664,0.005673851817846298,0.005347903817892075,0.005629565566778183,0.005768105387687683,0.0052920132875442505,0.005143236368894577,0.004823759198188782,0.004691950976848602,0.0045274123549461365,0.004223193973302841,0.004103090614080429,0.003773599863052368,0.0035732053220272064,0.003370143473148346,0.0033006519079208374,0.003081325441598892,0.002982199192047119,0.0027111470699310303,0.002396330237388611,0.0021680518984794617,0.002033296972513199,0.001761026680469513,0.0015249736607074738,0.0012292005121707916,0.000980570912361145,0.0007871948182582855,0.0005631037056446075,0.0003192313015460968,0.0002814158797264099,0.0,0.0,0.0,0.0,0.0,0.0,0.0,0.0,0.0,0.0,0.0,0.0,0.0,0.0,0.0,0.0,0.0,0.0,0.0,0.0,0.09779378399252892
27,0.005736585706472397,0.005653880536556244,0.005621928721666336,0.005688060075044632,0.005407221615314484,0.0053580887615680695,0.005024775862693787,0.004966069012880325,0.004801176488399506,0.004456482827663422,0.004262205213308334,0.004282955080270767,0.004256896674633026,0.003946453332901001,0.0035767927765846252,0.003567323088645935,0.0031519904732704163,0.002990037202835083,0.002890009433031082,0.0027518421411514282,0.0022991113364696503,0.0021260008215904236,0.0018368251621723175,0.0015116557478904724,0.001311667263507843,0.0010166391730308533,0.0007984936237335205,0.0005676969885826111,0.0004950277507305145,0.00028884783387184143,0.0,0.0,0.0,0.0,0.0,0.0,0.0,0.0,0.0,0.0,0.0,0.0,0.0,0.0,0.0,0.0,0.0,0.0,0.0,0.0,0.10064274072647095
28,0.005746960639953613,0.005605809390544891,0.005446944385766983,0.005544867366552353,0.005593433976173401,0.00526244193315506,0.005649279803037643,0.005102522671222687,0.005254272371530533,0.00458676740527153,0.004508901387453079,0.00401938334107399,0.004104871302843094,0.0037926845252513885,0.0035903379321098328,0.0033848844468593597,0.0030221231281757355,0.002690467983484268,0.0026122890412807465,0.002298366278409958,0.002178564667701721,0.0019060969352722168,0.0016739144921302795,0.0013829097151756287,0.0011360757052898407,0.0011375807225704193,0.0009086243808269501,0.0006840862333774567,0.0004807673394680023,0.00022469088435173035,0.00016270577907562256,0.0,0.0,0.0,0.0,0.0,0.0,0.0,0.0,0.0,0.0,0.0,0.0,0.0,0.0,0.0,0.0,0.0,0.0,0.0,0.09969362616539001
29,0.005732081830501556,0.005653291940689087,0.005573391914367676,0.0055443644523620605,0.005257654935121536,0.0052498579025268555,0.005278162658214569,0.004971195012331009,0.00485461950302124,0.004710834473371506,0.004413031041622162,0.004259657114744186,0.003880765289068222,0.0036730319261550903,0.0035157017409801483,0.0029107779264450073,0.0027402155101299286,0.0025069154798984528,0.0023711249232292175,0.0021233446896076202,0.0017952397465705872,0.0016174614429473877,0.0014269500970840454,0.0012674853205680847,0.001152176409959793,0.000902034342288971,0.0007260553538799286,0.0005417913198471069,0.0003429912030696869,0.0001444295048713684,0.0,0.0,0.0,0.0,0.0,0.0,0.0,0.0,0.0,0.0,0.0,0.0,0.0,0.0,0.0,0.0,0.0,0.0,0.0,0.0,0.09513663500547409
30,0.005347095429897308,0.005205746740102768,0.005117829889059067,0.00505654513835907,0.005040522664785385,0.0048170387744903564,0.004680439829826355,0.004380594938993454,0.004370547831058502,0.004464626312255859,0.004554975777864456,0.0042139217257499695,0.0036985985934734344,0.0033843480050563812,0.0031778626143932343,0.0029343701899051666,0.0027233771979808807,0.0026018470525741577,0.002292163670063019,0.0020685046911239624,0.0018918663263320923,0.0016592256724834442,0.0013844780623912811,0.001340024173259735,0.0011794865131378174,0.0009991712868213654,0.0008119568228721619,0.0006982386112213135,0.0004878230392932892,0.0002598203718662262,0.0,0.0,0.0,0.0,0.0,0.0,0.0,0.0,0.0,0.0,0.0,0.0,0.0,0.0,0.0,0.0,0.0,0.0,0.0,0.0,0.09084304794669151
31,0.005606073886156082,0.0053587667644023895,0.005147963762283325,0.0050985850393772125,0.005171433091163635,0.005114663392305374,0.004931304603815079,0.005182486027479172,0.004719134420156479,0.004561066627502441,0.004285275936126709,0.004636015743017197,0.0038926228880882263,0.003769204020500183,0.003465350717306137,0.003361079841852188,0.0032205283641815186,0.0029188506305217743,0.0027353763580322266,0.002733033150434494,0.0023544318974018097,0.001994531601667404,0.0018757842481136322,0.0017367564141750336,0.001401800662279129,0.0011529773473739624,0.0008802004158496857,0.0006597675383090973,0.0004329197108745575,0.0002544037997722626,0.0,0.0,0.0,0.0,0.0,0.0,0.0,0.0,0.0,0.0,0.0,0.0,0.0,0.0,0.0,0.0,0.0,0.0,0.0,0.0,0.09865238890051842
32,0.005496419966220856,0.005651749670505524,0.00513128936290741,0.005209431052207947,0.005193751305341721,0.005053281784057617,0.004954200237989426,0.004673421382904053,0.004634268581867218,0.004153989255428314,0.003962591290473938,0.0038437843322753906,0.003598678857088089,0.003285929560661316,0.0032158158719539642,0.003015998750925064,0.0027936510741710663,0.0025817155838012695,0.0025173500180244446,0.0024559497833251953,0.002147085964679718,0.0019441433250904083,0.0016613975167274475,0.0015005208551883698,0.0012303106486797333,0.00102190300822258,0.0008418001234531403,0.0006249286234378815,0.00043267011642456055,0.0002559386193752289,0.0,0.0,0.0,0.0,0.0,0.0,0.0,0.0,0.0,0.0,0.0,0.0,0.0,0.0,0.0,0.0,0.0,0.0,0.0,0.0,0.09308396652340889
33,0.005477547645568848,0.005254644900560379,0.005123227834701538,0.005037900060415268,0.005087435245513916,0.004866983741521835,0.004984907805919647,0.004849545657634735,0.004576444625854492,0.00426173210144043,0.004364248365163803,0.003815438598394394,0.003643196076154709,0.0033784322440624237,0.0031705349683761597,0.0032054968178272247,0.0027417391538619995,0.0027791187167167664,0.0024136044085025787,0.002174627035856247,0.0019748620688915253,0.0017368271946907043,0.0015637949109077454,0.001316700130701065,0.0012809261679649353,0.0010990984737873077,0.0009096413850784302,0.0007769465446472168,0.0005757063627243042,0.00035458430647850037,0.0,0.0,0.0,0.0,0.0,0.0,0.0,0.0,0.0,0.0,0.0,0.0,0.0,0.0,0.0,0.0,0.0,0.0,0.0,0.0,0.09279589354991913
34,0.00564950704574585,0.005291793495416641,0.005136076360940933,0.004975363612174988,0.004971615970134735,0.005073267966508865,0.004933491349220276,0.004836533218622208,0.004822451621294022,0.004965301603078842,0.004449561238288879,0.004009731113910675,0.003684181720018387,0.0034264661371707916,0.0031962618231773376,0.003143526613712311,0.002892669290304184,0.002648480236530304,0.002423800528049469,0.0022897571325302124,0.0020648352801799774,0.0020262151956558228,0.0017484799027442932,0.00144147127866745,0.001180555671453476,0.0009632296860218048,0.0009278096258640289,0.0007006824016571045,0.0005309358239173889,0.0003297775983810425,0.00012704730033874512,0.0,0.0,0.0,0.0,0.0,0.0,0.0,0.0,0.0,0.0,0.0,0.0,0.0,0.0,0.0,0.0,0.0,0.0,0.0,0.09486087784171104
35,0.005535434931516647,0.005256824195384979,0.005200378596782684,0.005183488130569458,0.005543701350688934,0.004870932549238205,0.004832420498132706,0.0048837810754776,0.004552777856588364,0.004676543176174164,0.004542894661426544,0.004015825688838959,0.003930181264877319,0.003598451614379883,0.0032752901315689087,0.003100316971540451,0.00290660560131073,0.0027407556772232056,0.0025253333151340485,0.0023010410368442535,0.00219779834151268,0.002013199031352997,0.0017934516072273254,0.0014492906630039215,0.001213904470205307,0.0009762905538082123,0.0009086951613426208,0.0007319487631320953,0.0005945563316345215,0.0003461278975009918,0.0001242123544216156,0.0,0.0,0.0,0.0,0.0,0.0,0.0,0.0,0.0,0.0,0.0,0.0,0.0,0.0,0.0,0.0,0.0,0.0,0.0,0.09582245349884033
36,0.005287442356348038,0.005262911319732666,0.005142051726579666,0.005018159747123718,0.005090896040201187,0.005294252187013626,0.00478731095790863,0.0047655776143074036,0.004654131829738617,0.004366718232631683,0.004098117351531982,0.004194103181362152,0.004008341580629349,0.00350986048579216,0.003401458263397217,0.0029894746840000153,0.0028292611241340637,0.0025272518396377563,0.0023494884371757507,0.0022735483944416046,0.0019361823797225952,0.0018232502043247223,0.0014847852289676666,0.0012738071382045746,0.0011181645095348358,0.0009068921208381653,0.0007909350097179413,0.0005819573998451233,0.0003622770309448242,0.00013949722051620483,0.0,0.0,0.0,0.0,0.0,0.0,0.0,0.0,0.0,0.0,0.0,0.0,0.0,0.0,0.0,0.0,0.0,0.0,0.0,0.0,0.09226810559630394
37,0.005325447767972946,0.005218297243118286,0.005138780921697617,0.005134992301464081,0.0050631798803806305,0.004987496882677078,0.004879806190729141,0.004702270030975342,0.004847686737775803,0.004225540906190872,0.003968201577663422,0.004049845039844513,0.0038482658565044403,0.003537852317094803,0.0033187754452228546,0.0029712095856666565,0.0027984045445919037,0.0026442930102348328,0.0023682788014411926,0.0021230988204479218,0.0019125156104564667,0.0017318055033683777,0.0014619790017604828,0.0014012381434440613,0.0012255795300006866,0.0010866597294807434,0.0008264146745204926,0.0007663778960704803,0.0006828904151916504,0.00045347586274147034,0.0,0.0,0.0,0.0,0.0,0.0,0.0,0.0,0.0,0.0,0.0,0.0,0.0,0.0,0.0,0.0,0.0,0.0,0.0,0.0,0.09270066022872925
38,0.005347151309251785,0.0051927827298641205,0.005105048418045044,0.005125902593135834,0.005043651908636093,0.004993278533220291,0.004708968102931976,0.004876531660556793,0.004438009113073349,0.004427619278430939,0.00392291322350502,0.0038087815046310425,0.0036978907883167267,0.0033415518701076508,0.0031721293926239014,0.0029959268867969513,0.002727340906858444,0.0026549845933914185,0.0024363361299037933,0.0022230036556720734,0.0019570887088775635,0.0017328672111034393,0.0015983618795871735,0.0014569871127605438,0.0011750683188438416,0.0009704157710075378,0.0007355138659477234,0.0005756430327892303,0.0003563724458217621,0.00011907890439033508,0.0,0.0,0.0,0.0,0.0,0.0,0.0,0.0,0.0,0.0,0.0,0.0,0.0,0.0,0.0,0.0,0.0,0.0,0.0,0.0,0.0909171998500824
39,0.005296569317579269,0.005158212035894394,0.0051142312586307526,0.0051589906215667725,0.0050765834748744965,0.004925526678562164,0.004642315208911896,0.004612039774656296,0.004583414644002914,0.004442270845174789,0.0040718987584114075,0.003868918865919113,0.003608003258705139,0.003321673721075058,0.003474391996860504,0.002942033112049103,0.002783462405204773,0.00269370898604393,0.0023802705109119415,0.0021792538464069366,0.0020044930279254913,0.0016675963997840881,0.001408696174621582,0.0013844259083271027,0.0012297816574573517,0.0009579025208950043,0.0008723922073841095,0.0007789358496665955,0.0006744936108589172,0.0006409958004951477,0.0005594268441200256,0.0,0.0,0.0,0.0,0.0,0.0,0.0,0.0,0.0,0.0,0.0,0.0,0.0,0.0,0.0,0.0,0.0,0.0,0.0,0.09251290932297707
40,0.00531914085149765,0.00526067242026329,0.005135849118232727,0.0051391273736953735,0.004979383200407028,0.004886135458946228,0.005169495940208435,0.004789341241121292,0.004393614828586578,0.00428260862827301,0.004302039742469788,0.004179596900939941,0.003779646009206772,0.003740329295396805,0.0034319981932640076,0.0032568611204624176,0.0030481554567813873,0.0027146823704242706,0.0025813281536102295,0.0022933781147003174,0.002024095505475998,0.0018633045256137848,0.0016009211540222168,0.0013072788715362549,0.001194089651107788,0.0009618587791919708,0.0007338225841522217,0.0005434639751911163,0.0003026314079761505,0.0002133883535861969,0.00013391301035881042,0.0,0.0,0.0,0.0,0.0,0.0,0.0,0.0,0.0,0.0,0.0,0.0,0.0,0.0,0.0,0.0,0.0,0.0,0.0,0.09356215223670006
41,0.0055860430002212524,0.004945572465658188,0.0047794729471206665,0.004746295511722565,0.004770316183567047,0.0047336146235466,0.004658441990613937,0.004502646625041962,0.004179175943136215,0.0044880397617816925,0.003991592675447464,0.003689996898174286,0.003670409321784973,0.0034099556505680084,0.003224249929189682,0.0035935118794441223,0.0030505284667015076,0.0026437006890773773,0.0023899301886558533,0.002284623682498932,0.0021268315613269806,0.0018577910959720612,0.0015851929783821106,0.0013505928218364716,0.0011863484978675842,0.0010373517870903015,0.0007699877023696899,0.0005862526595592499,0.0003775283694267273,0.00029261037707328796,0.0002059154212474823,0.00010919943451881409,0.0,0.0,0.0,0.0,0.0,0.0,0.0,0.0,0.0,0.0,0.0,0.0,0.0,0.0,0.0,0.0,0.0,0.0,0.09082372114062309
42,0.005105789750814438,0.004938900470733643,0.004758760333061218,0.00471833348274231,0.004821266978979111,0.004534583538770676,0.004445120692253113,0.0043906159698963165,0.004233378916978836,0.004374761134386063,0.004084084182977676,0.003702368587255478,0.0034301094710826874,0.003469526767730713,0.003384564071893692,0.0032791495323181152,0.0028977319598197937,0.002857193350791931,0.0024954192340373993,0.002322036772966385,0.0021752826869487762,0.001965820789337158,0.0017457306385040283,0.0014443658292293549,0.0012787804007530212,0.0010569915175437927,0.0008567944169044495,0.0006544068455696106,0.0004431679844856262,0.0002615004777908325,0.0,0.0,0.0,0.0,0.0,0.0,0.0,0.0,0.0,0.0,0.0,0.0,0.0,0.0,0.0,0.0,0.0,0.0,0.0,0.0,0.09012653678655624
43,0.0051738545298576355,0.004891473799943924,0.004946008324623108,0.00481487438082695,0.004814509302377701,0.0052120983600616455,0.004498746246099472,0.004269398748874664,0.0043059177696704865,0.004182752221822739,0.003932185471057892,0.003985922783613205,0.00372932106256485,0.0034187957644462585,0.0032071471214294434,0.002886176109313965,0.002754583954811096,0.002400919795036316,0.0025031492114067078,0.0024570710957050323,0.001814723014831543,0.0015859268605709076,0.0015918351709842682,0.001539178192615509,0.0013956539332866669,0.001226268708705902,0.0009448528289794922,0.0007623098790645599,0.0005938597023487091,0.0004074983298778534,0.0003177747130393982,0.0002252832055091858,0.0,0.0,0.0,0.0,0.0,0.0,0.0,0.0,0.0,0.0,0.0,0.0,0.0,0.0,0.0,0.0,0.0,0.0,0.09079007059335709
44,0.00520600751042366,0.004976365715265274,0.004777804017066956,0.004809495061635971,0.004744675010442734,0.004831094294786453,0.004737678915262222,0.004444386810064316,0.0041947141289711,0.004042524844408035,0.004444193094968796,0.003650188446044922,0.003491699695587158,0.0034453943371772766,0.0032478533685207367,0.0029911845922470093,0.0027891509234905243,0.002460010349750519,0.002370130270719528,0.0022204704582691193,0.0019453652203083038,0.001902155578136444,0.0014946423470973969,0.0013567917048931122,0.0011328980326652527,0.0009718462824821472,0.0008102357387542725,0.0006128028035163879,0.0005160532891750336,0.0,0.0,0.0,0.0,0.0,0.0,0.0,0.0,0.0,0.0,0.0,0.0,0.0,0.0,0.0,0.0,0.0,0.0,0.0,0.0,0.0,0.08861781284213066
45,0.0051724836230278015,0.004943627864122391,0.0047889165580272675,0.0048431530594825745,0.0047291964292526245,0.0047132521867752075,0.004599325358867645,0.004333909600973129,0.004087846726179123,0.004106491804122925,0.00391387939453125,0.0037498585879802704,0.0034564919769763947,0.003287520259618759,0.0031515881419181824,0.002989932894706726,0.0027724169194698334,0.0027256421744823456,0.0023014619946479797,0.0021339356899261475,0.001960594207048416,0.0017645135521888733,0.0015210546553134918,0.0013902969658374786,0.0011454969644546509,0.000946827232837677,0.0008288919925689697,0.0006397441029548645,0.0004495270550251007,0.00020358338952064514,0.00010586529970169067,0.0,0.0,0.0,0.0,0.0,0.0,0.0,0.0,0.0,0.0,0.0,0.0,0.0,0.0,0.0,0.0,0.0,0.0,0.0,0.08775732666254044
46,0.004969146102666855,0.004837896674871445,0.004724044352769852,0.005354408174753189,0.004911154508590698,0.004823777824640274,0.004950679838657379,0.004718702286481857,0.004372000694274902,0.003963105380535126,0.003648996353149414,0.0035563521087169647,0.003345739096403122,0.0032999999821186066,0.0033541396260261536,0.0029250606894493103,0.002705119550228119,0.0025726817548274994,0.002389267086982727,0.002276543527841568,0.0019587576389312744,0.0020174719393253326,0.0016296394169330597,0.0014087669551372528,0.0010450072586536407,0.0009342096745967865,0.0006872750818729401,0.0004925020039081573,0.00030805543065071106,0.00014282390475273132,0.0,0.0,0.0,0.0,0.0,0.0,0.0,0.0,0.0,0.0,0.0,0.0,0.0,0.0,0.0,0.0,0.0,0.0,0.0,0.0,0.08832332491874695
47,0.005533095449209213,0.004822496324777603,0.00474122166633606,0.0050559453666210175,0.004844747483730316,0.004654068499803543,0.004576429724693298,0.004331361502408981,0.004145782440900803,0.00395873561501503,0.0037333406507968903,0.003746934235095978,0.003558102995157242,0.003271326422691345,0.0029030516743659973,0.0028461404144763947,0.002552144229412079,0.0022957101464271545,0.0022238753736019135,0.0020193345844745636,0.0017922557890415192,0.0016202852129936218,0.0014501363039016724,0.0011695362627506256,0.0010489821434020996,0.0010885447263717651,0.0008880235254764557,0.0006660148501396179,0.00046042725443840027,0.0002162158489227295,0.0001566559076309204,0.0,0.0,0.0,0.0,0.0,0.0,0.0,0.0,0.0,0.0,0.0,0.0,0.0,0.0,0.0,0.0,0.0,0.0,0.0,0.08637092262506485
48,0.004939708858728409,0.005203165113925934,0.004747375845909119,0.0047021470963954926,0.004823718219995499,0.0045370012521743774,0.004472929984331131,0.004255812615156174,0.004110351204872131,0.00400712713599205,0.0036499574780464172,0.0034385956823825836,0.0033539719879627228,0.0033698230981826782,0.002775374799966812,0.0026307813823223114,0.0025259219110012054,0.002411346882581711,0.0021607577800750732,0.0020314939320087433,0.0018276013433933258,0.001529701054096222,0.0013439841568470001,0.0011835061013698578,0.0010742023587226868,0.0009400993585586548,0.0007481947541236877,0.0005450323224067688,0.00029030442237854004,0.00024265050888061523,0.0,0.0,0.0,0.0,0.0,0.0,0.0,0.0,0.0,0.0,0.0,0.0,0.0,0.0,0.0,0.0,0.0,0.0,0.0,0.0,0.08387263864278793
49,0.004941932857036591,0.004898544400930405,0.005137253552675247,0.00538264587521553,0.004661519080400467,0.004700120538473129,0.004631903022527695,0.00442669540643692,0.004323486238718033,0.004116050899028778,0.004457712173461914,0.0037552975118160248,0.003763984888792038,0.003454260528087616,0.003152117133140564,0.002837520092725754,0.002787206321954727,0.0025949999690055847,0.0026484765112400055,0.002400308847427368,0.0019183605909347534,0.0019069984555244446,0.0016273297369480133,0.0015018545091152191,0.0011329986155033112,0.000910785049200058,0.0008038058876991272,0.000561591237783432,0.00037015974521636963,0.00016992539167404175,0.0,0.0,0.0,0.0,0.0,0.0,0.0,0.0,0.0,0.0,0.0,0.0,0.0,0.0,0.0,0.0,0.0,0.0,0.0,0.0,0.08997584506869316
50,0.005500752478837967,0.004849735647439957,0.0052404142916202545,0.004682581871747971,0.004870519042015076,0.0046596527099609375,0.0044348351657390594,0.004445653408765793,0.004252269864082336,0.004336003214120865,0.004012029618024826,0.0039750076830387115,0.003713361918926239,0.003741927444934845,0.003193981945514679,0.0030881278216838837,0.00280635803937912,0.002620335668325424,0.0023152679204940796,0.0020217634737491608,0.00188450887799263,0.001712452620267868,0.001515500247478485,0.0012445822358131409,0.0010072477161884308,0.0008424669504165649,0.0006353147327899933,0.000569906085729599,0.0003747493028640747,0.00032964348793029785,0.00011641159653663635,0.0,0.0,0.0,0.0,0.0,0.0,0.0,0.0,0.0,0.0,0.0,0.0,0.0,0.0,0.0,0.0,0.0,0.0,0.0,0.0889933630824089

total time per move x,0.2778424993157387,0.27123408764600754,0.2649853900074959,0.263558704406023,0.26194828748703003,0.2575451657176018,0.25069913268089294,0.2429555468261242,0.23386754468083382,0.22323176264762878,0.21432385966181755,0.1996839940547943,0.18787085637450218,0.17660987377166748,0.16598321869969368,0.1524645835161209,0.14136121794581413,0.13085628673434258,0.12134255096316338,0.11080228537321091,0.1003490500152111,0.09024710953235626,0.08018197491765022,0.07067304104566574,0.060707587748765945,0.050484415143728256,0.04145531356334686,0.03281503543257713,0.022768497467041016,0.013271920382976532,0.003970678895711899,0.0008416660130023956,0.00014076009392738342,0,0,0,0,0,0,0,0,0,0,0,0,0,0,0,0,0,4.7170738987624645
average time per move x,0.005556849986314774,0.0054246817529201505,0.0052997078001499175,0.005271174088120461,0.0052389657497406,0.005150903314352036,0.005013982653617859,0.0048591109365224835,0.004677350893616677,0.004464635252952575,0.004286477193236351,0.004075183552138659,0.003834099109683718,0.0036042831381972954,0.003387412626524361,0.0031763454899191856,0.0029450253738711276,0.002726172640298804,0.00252796981173257,0.002308380945275227,0.0020906052086502314,0.0018801481152574222,0.0016704578107843797,0.001472355021784703,0.0012647414114326239,0.0010741364924197502,0.0008820279481563162,0.000698192243246322,0.0004949673362400221,0.00030163455415855754,0.00022059327198399437,0.00016833320260047912,0.00014076009392738342,nan,nan,nan,nan,nan,nan,nan,nan,nan,nan,nan,nan,nan,nan,nan,nan,nan,0.09434147797524929
std of time per move x,0.0003200698448726847,0.00031868303895401736,0.0003062456832421948,0.0002959225120295579,0.00030296500681676204,0.00030380022850920235,0.0003165001662686035,0.00031362215303471424,0.0003111687159901548,0.0002539316678038652,0.0002911247400382723,0.00032057766881545186,0.0002742620981771039,0.0002497795162267492,0.0002431354476265118,0.00024373437585324635,0.00020523796787622541,0.00020905087803256672,0.0001867326924399454,0.0001696474853737066,0.0001731076352956722,0.0001575546786127575,0.0001668353507863635,0.00017362915608353373,0.0001680006878435765,0.00015664451376676763,0.00015470945864279692,0.0001739615060749554,0.00018956012896517832,0.00018114139235008824,0.00013550528774381265,6.256039133494748e-05,nan,nan,nan,nan,nan,nan,nan,nan,nan,nan,nan,nan,nan,nan,nan,nan,nan,nan,0.00808547350314241
err of average time,4.5264711552560334e-05,4.506858757870447e-05,4.330967986593267e-05,4.1849762992371614e-05,4.28457221564722e-05,4.296384034097594e-05,4.475988276303986e-05,4.435287022823432e-05,4.400590183394987e-05,3.5911360852424556e-05,4.1171255570446624e-05,4.579680983077884e-05,3.9180299739586275e-05,3.5682788032392746e-05,3.473363537521597e-05,3.51800268774093e-05,2.962354900031763e-05,3.0173895176607507e-05,2.6952542561676517e-05,2.448650533696315e-05,2.498593495918398e-05,2.274105902729013e-05,2.4080608671713153e-05,2.5061210000998937e-05,2.4248810587632795e-05,2.2848950668781387e-05,2.256669386957544e-05,2.5374893604584302e-05,2.794911622360047e-05,2.7308092383081667e-05,3.1938902616761435e-05,2.7977857544786273e-05,nan,nan,nan,nan,nan,nan,nan,nan,nan,nan,nan,nan,nan,nan,nan,nan,nan,nan,0.0011434586286352296
