Contains move time for player MCTSRemMaxIter3; opponent is DynamicRoxanne
Colums refer to move number, rows to game number
game,1,2,3,4,5,6,7,8,9,10,11,12,13,14,15,16,17,18,19,20,21,22,23,24,25,26,27,28,29,30,31,32,33,34,35,36,37,38,39,40,41,42,43,44,45,46,47,48,49,50,total
1,83.8306045755744,77.15578259155154,70.28060084208846,70.06428254395723,64.42068149149418,60.483623534440994,55.98004957661033,51.610872365534306,48.580629363656044,44.651297714561224,39.96385759487748,36.701157696545124,31.977674808353186,27.059832356870174,23.331980645656586,21.725775051862,19.463895872235298,16.717014957219362,13.251036647707224,10.711956959217787,8.939424827694893,7.162348918616772,6.20060857385397,3.7637650556862354,2.2603521421551704,1.0774414092302322,0.25433314964175224,0.041439447551965714,0.022088490426540375,5.584210157394409e-06,0.0,0.0,0.0,0.0,0.0,0.0,0.0,0.0,0.0,0.0,0.0,0.0,0.0,0.0,0.0,0.0,0.0,0.0,0.0,0.0,897.6844147890806
2,83.65034545212984,69.38334828987718,73.67932335659862,68.80107007175684,67.91633532196283,61.162514220923185,55.141546420753,49.964425053447485,40.58918144926429,41.40101607516408,36.15905436500907,31.975697871297598,29.85636158287525,2.6788562536239624e-05,0.003199506551027298,21.103399571031332,18.925320871174335,15.768914952874184,13.13441177457571,10.150749441236258,8.857559155672789,6.818200785666704,5.038073088973761,3.5649688467383385,2.734248109161854,1.2754496932029724,9.372830390930176e-06,0.0006417259573936462,0.0004572048783302307,0.0002511143684387207,0.0,0.0,0.0,0.0,0.0,0.0,0.0,0.0,0.0,0.0,0.0,0.0,0.0,0.0,0.0,0.0,0.0,0.0,0.0,0.0,817.0561015345156
3,84.14018665999174,74.88508298248053,70.1789520420134,66.18403670564294,66.00510831177235,59.89022412151098,54.79042476043105,51.02679405733943,47.74108112603426,43.92171735316515,40.10394920036197,34.39129900559783,30.12278637290001,27.780390735715628,23.91937578842044,21.928309325128794,19.50905106216669,16.38384958729148,14.192848149687052,11.617193311452866,10.111785262823105,7.279102809727192,5.880955129861832,4.230992008000612,2.463777471333742,1.4119708985090256,0.7025265954434872,0.07482507452368736,0.028620272874832153,5.893409252166748e-06,0.0,0.0,0.0,0.0,0.0,0.0,0.0,0.0,0.0,0.0,0.0,0.0,0.0,0.0,0.0,0.0,0.0,0.0,0.0,0.0,890.8972220756114
4,84.1765612475574,77.11943863332272,71.93487272411585,70.01939075440168,64.38893355056643,60.503653671592474,55.56652618572116,50.10487927123904,48.05939959362149,42.411478128284216,39.46695899963379,34.62275168672204,31.826190441846848,27.676776479929686,23.92607317492366,21.147855933755636,17.416902165859938,15.453448228538036,13.149256266653538,10.594489008188248,9.341713916510344,6.953058674931526,5.3422479927539825,3.5965135507285595,2.0611245706677437,1.4103554524481297,0.40912986919283867,0.038718510419130325,0.02546311914920807,5.04031777381897e-06,0.0,0.0,0.0,0.0,0.0,0.0,0.0,0.0,0.0,0.0,0.0,0.0,0.0,0.0,0.0,0.0,0.0,0.0,0.0,0.0,888.7441668435931
5,86.92430770397186,82.8085535094142,79.10627060011029,74.58033425360918,69.294433131814,67.75429653003812,61.750833831727505,53.89597976207733,53.23153532668948,51.5292826294899,45.18027463182807,44.692573983222246,38.904392037540674,35.043628960847855,29.378863256424665,25.973817609250546,21.756500989198685,16.040295615792274,13.063281279057264,11.564833674579859,9.579487144947052,8.45824971422553,5.601817086338997,3.793711729347706,2.4465342089533806,1.072030995041132,0.14172780513763428,0.03081057220697403,0.023624848574399948,5.420297384262085e-06,0.0,0.0,0.0,0.0,0.0,0.0,0.0,0.0,0.0,0.0,0.0,0.0,0.0,0.0,0.0,0.0,0.0,0.0,0.0,0.0,993.6222888417542
6,86.80128612741828,79.79948469623923,84.31036812439561,78.89765349030495,78.980414416641,69.25936856120825,65.5714160874486,56.25544395670295,53.75977587327361,49.692912966012955,43.09965106844902,42.35529763996601,41.76529409736395,33.52170829102397,31.718504138290882,27.836493767797947,22.081658702343702,20.607581827789545,17.522336434572935,14.129513435065746,10.796377331018448,8.252159230411053,6.502140194177628,4.1264879405498505,3.3996051736176014,2.340628754347563,2.5524390377104282,0.13748910278081894,0.03838689625263214,7.312744855880737e-06,0.0,0.0,0.0,0.0,0.0,0.0,0.0,0.0,0.0,0.0,0.0,0.0,0.0,0.0,0.0,0.0,0.0,0.0,0.0,0.0,1036.11188467592
7,92.90101718902588,74.93358044698834,69.55241165682673,71.26395171508193,68.35630728304386,66.70500715076923,61.94327040016651,62.349574621766806,56.222030472010374,50.90934667363763,46.735120955854654,37.477220583707094,36.915927954018116,33.81285446882248,32.97512102872133,24.19650550186634,22.27283787354827,19.963445339351892,17.25942712277174,14.171910647302866,9.86789720132947,8.439227722585201,7.381572384387255,4.449945330619812,3.9185879081487656,2.1745610535144806,0.8233895264565945,0.13993768766522408,0.03361476957798004,0.021726973354816437,0.0,0.0,0.0,0.0,0.0,0.0,0.0,0.0,0.0,0.0,0.0,0.0,0.0,0.0,0.0,0.0,0.0,0.0,0.0,0.0,998.1673296429217
8,89.86681890115142,74.5880303569138,76.61705746501684,76.77542078122497,75.97780285403132,69.8693626075983,66.22964325547218,55.1774438470602,50.44035170972347,47.85319748148322,42.378301560878754,39.78580755367875,34.453829780220985,31.191739413887262,27.39574947580695,26.303819812834263,23.376477144658566,20.184548370540142,17.047936238348484,13.583363361656666,10.638175059109926,9.793409280478954,6.266997821629047,4.154333930462599,2.8162790909409523,1.583279237151146,0.5049479380249977,0.04883961006999016,0.031084921211004257,0.01848021149635315,0.0,0.0,0.0,0.0,0.0,0.0,0.0,0.0,0.0,0.0,0.0,0.0,0.0,0.0,0.0,0.0,0.0,0.0,0.0,0.0,994.9525290727615
9,98.07022934779525,83.09048742055893,77.65376065671444,78.91145665943623,73.56932890042663,64.64015697315335,65.43944664672017,63.10215513780713,56.393544122576714,47.5795174613595,40.431062035262585,37.13385648280382,32.326284766197205,29.839456520974636,25.734081346541643,22.31497774273157,19.0168600641191,15.992619186639786,13.320595007389784,11.32556115090847,9.491341058164835,7.724483605474234,6.832171265035868,4.623757820576429,2.983099512755871,1.7390982620418072,0.6577232740819454,0.08904747664928436,0.03187570720911026,0.022733956575393677,0.0,0.0,0.0,0.0,0.0,0.0,0.0,0.0,0.0,0.0,0.0,0.0,0.0,0.0,0.0,0.0,0.0,0.0,0.0,0.0,990.0807695686817
10,95.12249979749322,79.44498328492045,74.2582381516695,69.20176666975021,73.86305138468742,75.5004648566246,62.89346964657307,53.94844088703394,49.60368498414755,53.15102615207434,43.25224042311311,41.09461325034499,35.43247577175498,33.783791828900576,29.185302168130875,24.00180744752288,23.224898390471935,20.033381439745426,15.392096303403378,13.247040286660194,12.421780344098806,8.619454197585583,6.766062144190073,5.292631454765797,3.3193066008388996,2.348413433879614,1.1830692030489445,0.30115509033203125,0.04073015972971916,0.026013940572738647,0.0,0.0,0.0,0.0,0.0,0.0,0.0,0.0,0.0,0.0,0.0,0.0,0.0,0.0,0.0,0.0,0.0,0.0,0.0,0.0,1005.9538896940649
11,102.48081250116229,92.35632435977459,81.56429801881313,80.90622545406222,69.19948192313313,65.57381132617593,61.713913790881634,56.63228306546807,48.47077910229564,45.50732584670186,44.05276909843087,38.34444825723767,37.96833122521639,31.261667050421238,27.706785149872303,23.878941632807255,19.50244079530239,19.54698909446597,15.243381708860397,15.288532689213753,10.728928864002228,8.040196642279625,10.065076913684607,5.116688545793295,2.5122838765382767,1.4503047913312912,0.49168553575873375,0.05006995424628258,0.029282748699188232,5.166977643966675e-06,0.0,0.0,0.0,0.0,0.0,0.0,0.0,0.0,0.0,0.0,0.0,0.0,0.0,0.0,0.0,0.0,0.0,0.0,0.0,0.0,1015.6840651296079
12,99.9355242215097,78.82121657580137,81.7141273766756,74.34349631518126,63.914460349828005,65.58723448961973,58.53923215717077,57.56837284192443,53.56084104627371,47.68337135761976,40.56510676816106,39.602076683193445,36.659544464200735,31.282909180969,27.221747614443302,22.510621435940266,20.435044948011637,16.19353974983096,14.666041415184736,13.064259469509125,8.733604066073895,6.206504836678505,4.652234062552452,3.6070199720561504,2.0635788664221764,0.8509191162884235,0.16211562976241112,1.1321157217025757e-05,0.000337846577167511,0.00024399533867835999,0.00026308000087738037,0.0,0.0,0.0,0.0,0.0,0.0,0.0,0.0,0.0,0.0,0.0,0.0,0.0,0.0,0.0,0.0,0.0,0.0,0.0,970.1456012539566
13,95.18903527408838,71.33360942080617,73.0522861815989,69.06213753297925,64.94905377179384,60.55981619283557,57.207242868840694,51.34905382618308,46.43839192762971,42.789975825697184,40.94594271481037,34.75756471604109,34.004945669323206,30.39418138563633,26.062879882752895,22.02891491726041,19.04862979799509,18.815880808979273,14.042013179510832,14.0348353497684,9.78201013058424,8.175963792949915,5.930540177971125,4.315795321017504,2.963261228054762,1.654069945216179,0.537316981703043,0.05195743963122368,0.02244187518954277,0.006175987422466278,0.00025879591703414917,0.0,0.0,0.0,0.0,0.0,0.0,0.0,0.0,0.0,0.0,0.0,0.0,0.0,0.0,0.0,0.0,0.0,0.0,0.0,919.5061829201877
14,91.65769645944238,74.87036813795567,79.74943278729916,74.86709694936872,67.91774650663137,66.17334098741412,57.64932610839605,58.952493853867054,47.30870412290096,44.27266054600477,40.32989178225398,40.23874209821224,32.4027194827795,28.024557814002037,24.25413514301181,24.176149677485228,21.605154804885387,17.365966733545065,13.13057130947709,11.332053620368242,9.678060065954924,7.565331641584635,6.528461992740631,3.937571633607149,2.4956102520227432,1.3243354819715023,0.5253703854978085,0.06935090944170952,0.029620204120874405,6.008893251419067e-06,0.0,0.0,0.0,0.0,0.0,0.0,0.0,0.0,0.0,0.0,0.0,0.0,0.0,0.0,0.0,0.0,0.0,0.0,0.0,0.0,948.4325275011361
15,84.07342955097556,74.92844278365374,72.92895660176873,69.15028595551848,70.57995905354619,66.20870129391551,57.62361599504948,63.84512884542346,50.208264138549566,44.60602008551359,39.82980854436755,38.80753115564585,31.906968522816896,27.946074329316616,26.222536731511354,22.832016486674547,22.78996204212308,18.86235411837697,15.391512975096703,10.708870135247707,9.218674283474684,6.678303577005863,5.795393396168947,3.8729656413197517,2.277177806943655,1.205928198993206,0.4897022843360901,0.05479538068175316,0.02837565168738365,5.319714546203613e-06,0.0,0.0,0.0,0.0,0.0,0.0,0.0,0.0,0.0,0.0,0.0,0.0,0.0,0.0,0.0,0.0,0.0,0.0,0.0,0.0,939.0717608854175
16,97.24538684263825,80.97683613747358,83.2908250913024,75.87983403727412,68.32903888821602,66.13491499423981,62.63070896267891,55.288079619407654,57.340421944856644,48.23365617915988,43.1406372115016,43.44491343945265,38.13899067789316,31.256458453834057,27.134847164154053,26.20932298153639,21.98150407895446,18.491200361400843,15.374296810477972,14.018808607012033,11.983659368008375,12.263821110129356,7.918977834284306,6.748815394937992,3.1848114654421806,2.315509118139744,0.9435239136219025,0.13765790686011314,0.06593593209981918,0.05123724415898323,0.0,0.0,0.0,0.0,0.0,0.0,0.0,0.0,0.0,0.0,0.0,0.0,0.0,0.0,0.0,0.0,0.0,0.0,0.0,0.0,1020.1546317711473
17,97.13880932331085,74.872897002846,77.80802692472935,78.29221772402525,75.32188030704856,66.63618250563741,62.637672275304794,53.325357139110565,49.61466734856367,51.886827774345875,50.17663947865367,42.91211463883519,38.132694106549025,35.70625605806708,28.96707085520029,25.394017424434423,22.463686555624008,21.621607344597578,15.416296042501926,11.438219845294952,10.224599551409483,8.809429071843624,5.690169531852007,4.194631572812796,2.8820418268442154,1.5080139823257923,0.6386408321559429,0.07450924068689346,0.027013912796974182,0.01639075204730034,0.00025911256670951843,0.0,0.0,0.0,0.0,0.0,0.0,0.0,0.0,0.0,0.0,0.0,0.0,0.0,0.0,0.0,0.0,0.0,0.0,0.0,1013.8288400620222
18,89.53263801708817,78.58170415833592,67.96108824759722,72.01921924948692,72.42005430534482,64.79498999938369,64.17993680015206,52.397579561918974,50.88661954924464,50.111852414906025,42.261618193238974,36.63207447528839,34.59069961681962,31.28367517888546,27.794375613331795,24.46690332144499,21.941182050853968,17.835731957107782,15.036718923598528,12.82951233908534,10.872681587934494,7.9201736487448215,6.291870478540659,4.840841773897409,3.2494408935308456,2.029148440808058,0.9016580879688263,0.11351693794131279,0.031114686280488968,0.016247540712356567,0.0002565234899520874,0.0,0.0,0.0,0.0,0.0,0.0,0.0,0.0,0.0,0.0,0.0,0.0,0.0,0.0,0.0,0.0,0.0,0.0,0.0,963.8251245729625
19,86.01062515750527,71.25277733057737,73.60451721772552,68.21601519733667,71.68326272442937,66.77463667839766,59.519048027694225,52.17399236932397,47.80965626984835,46.846037678420544,43.526769403368235,42.89955475181341,33.8014727756381,30.593267381191254,26.595101352781057,22.8705960996449,20.630968626588583,17.00590520352125,13.80978437140584,11.770400680601597,9.553864985704422,8.055167280137539,5.5815105214715,4.346254009753466,2.7038002237677574,1.4827288873493671,0.29663077741861343,7.82310962677002e-06,0.0005655735731124878,0.00025210529565811157,0.0002731494605541229,0.0,0.0,0.0,0.0,0.0,0.0,0.0,0.0,0.0,0.0,0.0,0.0,0.0,0.0,0.0,0.0,0.0,0.0,0.0,939.4154446348548
20,92.6533226184547,78.5222841873765,74.61192969977856,70.95039990916848,68.61067022010684,64.22901430353522,57.67128509655595,55.070568796247244,50.56804060563445,46.308694399893284,44.79495056718588,38.16181958839297,34.55936224758625,29.580595012754202,26.996139500290155,23.127354484051466,20.08886145427823,17.1927154622972,13.530675522983074,11.883251886814833,9.032018229365349,4.427826911211014,5.002742398530245,3.938817113637924,2.48305469378829,1.906882494688034,0.7122314721345901,0.23591917753219604,0.02322489395737648,0.013055283576250076,4.891306161880493e-06,0.0,0.0,0.0,0.0,0.0,0.0,0.0,0.0,0.0,0.0,0.0,0.0,0.0,0.0,0.0,0.0,0.0,0.0,0.0,946.8877131231129
21,88.35096891969442,75.45236764103174,70.41595444828272,73.18830558285117,69.34363892674446,62.38821151852608,58.30750285089016,50.85486352443695,51.220980394631624,48.15189343690872,42.95587743073702,38.05927396938205,32.58363597467542,26.823534235358238,25.732497986406088,21.0934836268425,19.296270351856947,16.725183498114347,14.859736062586308,11.175553258508444,9.000233799219131,6.981723055243492,5.196968093514442,3.508954782038927,2.4530922286212444,1.5130955129861832,0.4670412503182888,0.04322829842567444,0.015238910913467407,7.256865501403809e-06,0.0,0.0,0.0,0.0,0.0,0.0,0.0,0.0,0.0,0.0,0.0,0.0,0.0,0.0,0.0,0.0,0.0,0.0,0.0,0.0,926.1593168266118
22,84.24492977559566,83.10969279706478,73.8307919614017,71.0844467766583,69.49683687090874,65.56048361212015,59.39633567631245,57.376252591609955,52.52296010404825,48.418319158256054,39.42672350630164,35.41760575398803,32.55081532523036,28.141136821359396,24.849091175943613,22.43271227926016,18.11753011122346,15.194036833941936,13.251325812190771,11.202103100717068,11.646304830908775,7.776827182620764,6.141222465783358,4.643408108502626,2.1371476091444492,1.1571378745138645,0.7110767252743244,0.09911827370524406,0.0521775484085083,5.636364221572876e-06,0.0,0.0,0.0,0.0,0.0,0.0,0.0,0.0,0.0,0.0,0.0,0.0,0.0,0.0,0.0,0.0,0.0,0.0,0.0,0.0,939.9885562993586
23,91.70489097386599,77.86744028329849,74.80231560021639,80.97366347163916,69.9358018450439,60.345734901726246,56.63283944875002,53.59087959304452,47.55638939142227,43.58362662047148,40.17308313772082,36.62162450700998,32.0376459993422,30.95536145940423,27.40430361032486,24.09284721687436,22.142720188945532,17.97751520574093,15.626756697893143,12.527200665324926,10.97315514087677,7.378749497234821,5.475076701492071,3.6848914436995983,2.7371070124208927,1.6690075173974037,0.42528926581144333,0.03493998199701309,0.028181042522192,5.882233381271362e-06,0.0,0.0,0.0,0.0,0.0,0.0,0.0,0.0,0.0,0.0,0.0,0.0,0.0,0.0,0.0,0.0,0.0,0.0,0.0,0.0,948.959044303745
24,91.96244578436017,76.27809803560376,74.55210679024458,69.4953288026154,69.32744209095836,64.84461823105812,56.404444087296724,55.531971640884876,51.03855379298329,47.36944619193673,41.34864717721939,38.18060827255249,32.90803109481931,30.128996293991804,29.84599305689335,21.947333727031946,21.032617542892694,18.895312439650297,14.697050124406815,11.239108763635159,8.92805903032422,7.078609932214022,5.072572819888592,2.9706579446792603,2.571502886712551,1.66886680200696,2.261099562048912,0.07227762788534164,0.02989273890852928,5.684792995452881e-06,0.0,0.0,0.0,0.0,0.0,0.0,0.0,0.0,0.0,0.0,0.0,0.0,0.0,0.0,0.0,0.0,0.0,0.0,0.0,0.0,947.6816989704967
25,87.5635251738131,73.36731043830514,78.5967556424439,68.92513947933912,65.11392329260707,61.27522415667772,58.37550377100706,49.17863441258669,42.01771241053939,42.54699408262968,39.0927502065897,40.190014492720366,33.61489950865507,30.683996755629778,25.449708428233862,22.481518495827913,21.52778833732009,16.684972193092108,14.069435738027096,12.77508743852377,11.020427450537682,7.658855151385069,5.298915255814791,3.452832341194153,2.2278493642807007,1.2394725531339645,0.2749830484390259,0.03671437129378319,0.016997061669826508,5.058944225311279e-06,0.0,0.0,0.0,0.0,0.0,0.0,0.0,0.0,0.0,0.0,0.0,0.0,0.0,0.0,0.0,0.0,0.0,0.0,0.0,0.0,914.7579461112618
26,89.07570185512304,76.9099427126348,81.80105454847217,72.69610857963562,66.1434425227344,56.58365995064378,42.27624196559191,52.76639345288277,48.642378333956,49.10265648365021,48.358154620975256,42.79019011557102,35.185722671449184,29.641708225011826,26.718267139047384,25.556146144866943,23.59987024217844,19.206396367400885,16.97876589372754,13.342131037265062,11.792507145553827,8.565366759896278,6.674012538045645,4.5839187279343605,3.1080713532865047,2.002850729972124,0.7298217453062534,0.160438921302557,0.031938035041093826,7.152557373046875e-06,0.0,0.0,0.0,0.0,0.0,0.0,0.0,0.0,0.0,0.0,0.0,0.0,0.0,0.0,0.0,0.0,0.0,0.0,0.0,0.0,955.0238659717143
27,93.49606066197157,81.39041264355183,74.43722520396113,74.14070278778672,67.24021142348647,62.8703946210444,57.701796408742666,53.690633948892355,50.27361556887627,46.02093654870987,44.04563247784972,37.97524922341108,36.04405856505036,30.688014402985573,26.897809714078903,24.903579890727997,20.5541566722095,16.018502302467823,15.099166989326477,11.36578519642353,9.660390809178352,7.7155601270496845,5.751443348824978,4.146163675934076,2.7313289791345596,1.636547103524208,0.5257681868970394,0.06472465768456459,0.029521003365516663,6.735324859619141e-06,0.0,0.0,0.0,0.0,0.0,0.0,0.0,0.0,0.0,0.0,0.0,0.0,0.0,0.0,0.0,0.0,0.0,0.0,0.0,0.0,957.1153998784721
28,87.94191209971905,72.35556219145656,70.51236259564757,71.22871010378003,67.29612126946449,61.78395473584533,59.13464568927884,52.65853604674339,49.451079439371824,45.2824982739985,41.03779247030616,38.33165696635842,35.47734519466758,30.88178626820445,26.294593811035156,26.35578954219818,20.73988163098693,16.495084695518017,12.835505448281765,10.489734433591366,7.922119479626417,6.316376615315676,5.740694623440504,4.266644947230816,3.0647426694631577,1.9031129404902458,0.938991978764534,0.1266777291893959,0.031599704176187515,0.02461700141429901,0.0,0.0,0.0,0.0,0.0,0.0,0.0,0.0,0.0,0.0,0.0,0.0,0.0,0.0,0.0,0.0,0.0,0.0,0.0,0.0,926.9201305955648
29,94.90880284458399,78.64162817969918,75.58043868094683,73.54581862688065,66.2920684851706,60.21940776333213,58.12277767807245,52.97214514762163,51.155211858451366,49.43908819556236,44.60492233932018,38.01794754713774,36.60552828758955,30.710759539157152,27.1541632078588,26.227772392332554,23.247964087873697,17.052269652485847,17.984410740435123,14.547368217259645,10.10825915262103,8.682482320815325,5.925600878894329,4.181522451341152,2.696115780621767,0.9872711636126041,1.1343508958816528e-05,0.0007165074348449707,0.0007559768855571747,0.0004291608929634094,0.000453900545835495,0.00025116652250289917,0.0,0.0,0.0,0.0,0.0,0.0,0.0,0.0,0.0,0.0,0.0,0.0,0.0,0.0,0.0,0.0,0.0,0.0,969.6143632754683
30,88.86808056011796,84.3389449864626,80.86989811062813,72.69102150201797,68.57313655689359,65.5002617649734,63.090059131383896,53.684594955295324,49.20694161206484,46.48504624143243,42.909634314477444,41.070609748363495,36.1248282790184,34.04551348462701,30.056212231516838,28.379560451954603,23.40483058989048,19.63131821528077,15.250930111855268,12.045614499598742,9.481126118451357,9.247820600867271,6.6522468365728855,5.442814700305462,2.921029105782509,2.0248653553426266,1.0881849639117718,0.18882489576935768,0.028597291558980942,0.018148552626371384,0.0,0.0,0.0,0.0,0.0,0.0,0.0,0.0,0.0,0.0,0.0,0.0,0.0,0.0,0.0,0.0,0.0,0.0,0.0,0.0,993.3206957690418
31,83.84165697544813,74.85259056463838,77.76674786955118,76.22978978976607,68.97745931893587,62.02691175416112,57.87850893288851,55.23598236590624,49.607904460281134,43.62924086675048,40.07494002953172,34.806073281913996,30.968252897262573,28.299588926136494,25.67735018581152,23.145723395049572,20.186895690858364,17.5783264413476,14.96249582245946,10.623421415686607,9.965000983327627,7.026308406144381,5.256738256663084,3.783072542399168,2.2708690986037254,1.04483138397336,0.25173644348978996,0.034857094287872314,0.02848222106695175,5.81890344619751e-06,0.0,0.0,0.0,0.0,0.0,0.0,0.0,0.0,0.0,0.0,0.0,0.0,0.0,0.0,0.0,0.0,0.0,0.0,0.0,0.0,926.0317632332444
32,87.4026562049985,76.77701963856816,79.57475652173162,71.00469718128443,63.668596029281616,60.9131231456995,54.33916654065251,54.3432050421834,50.412330240011215,44.02798732742667,40.05805967748165,36.26011464744806,30.121296975761652,2.374127507209778e-05,24.269152715802193,18.782521065324545,18.543341390788555,15.313107639551163,1.6167759895324707e-05,0.0021072514355182648,0.0021365471184253693,0.001836586743593216,7.824985660612583,6.56730654835701,3.8939975798130035,2.029056578874588,1.1567870862782001,1.0125339031219482e-05,0.0005593672394752502,0.0004476718604564667,0.0004703439772129059,0.0002540014684200287,0.0,0.0,0.0,0.0,0.0,0.0,0.0,0.0,0.0,0.0,0.0,0.0,0.0,0.0,0.0,0.0,0.0,0.0,847.2911272421479
33,92.29963086545467,76.34958972781897,73.49198212847114,70.83562191948295,64.91728464886546,58.48615086451173,54.50074667483568,54.96178216859698,50.4710577018559,48.075286876410246,41.656564462929964,38.817537885159254,34.68544256314635,31.44796320423484,26.741553783416748,24.753618966788054,19.9924711920321,17.910657364875078,14.752054207026958,12.550453569740057,9.426195498555899,7.111381720751524,5.342742957174778,3.516291681677103,2.168816849589348,1.1283392421901226,0.28691278025507927,0.058485161513090134,0.019452311098575592,5.636364221572876e-06,0.0,0.0,0.0,0.0,0.0,0.0,0.0,0.0,0.0,0.0,0.0,0.0,0.0,0.0,0.0,0.0,0.0,0.0,0.0,0.0,936.7560746148229
34,84.49331219494343,81.59985829889774,74.29110476002097,67.47332751378417,67.5082566589117,65.9898973852396,60.79437034204602,57.90474924817681,53.02875217795372,44.38041006028652,40.01118380576372,36.6231830380857,34.49516089260578,29.21487184241414,25.777673177421093,23.541525449603796,19.84697535634041,16.443741712719202,15.097212612628937,11.736556250602007,9.426052365452051,7.257789187133312,5.407567981630564,4.058855574578047,2.4988193958997726,1.223686121404171,0.1727016381919384,0.054921213537454605,0.020993821322917938,5.427747964859009e-06,0.0,0.0,0.0,0.0,0.0,0.0,0.0,0.0,0.0,0.0,0.0,0.0,0.0,0.0,0.0,0.0,0.0,0.0,0.0,0.0,940.3735155053437
35,85.65785080939531,72.58552875742316,72.8122026398778,66.09103659540415,64.98959416896105,60.535102125257254,57.74341179803014,53.591791070997715,52.127043180167675,44.847844775766134,40.12562742456794,37.026925910264254,32.423683382570744,28.753009490668774,26.01537898555398,22.340174466371536,19.020828049629927,16.41928592324257,13.271309036761522,11.33048078045249,9.532417643815279,7.152308862656355,4.566824685782194,2.6584565937519073,2.042691856622696,1.1691444665193558,1.5085035413503647,0.04067002609372139,0.024127081036567688,5.159527063369751e-06,0.0,0.0,0.0,0.0,0.0,0.0,0.0,0.0,0.0,0.0,0.0,0.0,0.0,0.0,0.0,0.0,0.0,0.0,0.0,0.0,906.4032592885196
36,87.96678625047207,74.02759325876832,69.93363460153341,71.91131099686027,65.24272553622723,62.916396513581276,60.282058857381344,52.89779094606638,49.75180375948548,44.69388959929347,38.992630153894424,37.83618029206991,34.65570721030235,32.73527521640062,27.36324678733945,22.42139846459031,19.46899116039276,16.34445170685649,15.030119564384222,12.296435486525297,10.415590051561594,8.778137259185314,6.2546269074082375,4.847640361636877,3.5566615648567677,2.9796972796320915,0.7177779115736485,0.08744208887219429,0.030915651470422745,0.007585640996694565,0.0,0.0,0.0,0.0,0.0,0.0,0.0,0.0,0.0,0.0,0.0,0.0,0.0,0.0,0.0,0.0,0.0,0.0,0.0,0.0,934.4445010796189
37,93.01657749339938,82.83454981818795,77.94828632101417,68.09094529598951,68.17090214043856,62.74759313464165,59.1675725504756,54.12935633584857,48.79179100319743,51.43007639423013,46.93947035074234,44.553657948970795,34.251113314181566,30.99073337763548,25.80338229238987,24.204488199204206,21.566800709813833,18.206510111689568,16.22356180474162,13.579419396817684,12.134747091680765,8.069071542471647,7.125951278954744,5.690607119351625,3.3424355164170265,1.9505017660558224,0.9932784996926785,0.12072291597723961,0.043922264128923416,6.809830665588379e-06,0.0,0.0,0.0,0.0,0.0,0.0,0.0,0.0,0.0,0.0,0.0,0.0,0.0,0.0,0.0,0.0,0.0,0.0,0.0,0.0,982.118032798171
38,95.14691369608045,78.24121057614684,80.22748252004385,70.70861979946494,64.08565990999341,61.911943573504686,57.02334835752845,57.77587438747287,54.33987797051668,47.64999430254102,44.392524156719446,38.98270521312952,38.4941271468997,30.4056688696146,24.88032328337431,23.95277301967144,20.61216912046075,19.08752565830946,15.587051007896662,13.25815162435174,10.0729969330132,7.6433075070381165,5.9965227432549,4.474600624293089,3.0333956852555275,1.7268673330545425,0.7304253317415714,0.07622362673282623,0.03092670813202858,7.2196125984191895e-06,0.0,0.0,0.0,0.0,0.0,0.0,0.0,0.0,0.0,0.0,0.0,0.0,0.0,0.0,0.0,0.0,0.0,0.0,0.0,0.0,970.5492179058492
39,90.42120755836368,80.51841266453266,76.04201190918684,65.5966811440885,63.96579186618328,62.60897200927138,57.635572358965874,54.4104096442461,50.784528855234385,45.99136970564723,42.1753014549613,39.91167225316167,36.376005090773106,31.505971878767014,27.72849977016449,23.144189551472664,20.322470035403967,17.193509753793478,14.190848618745804,10.907614596188068,9.898324340581894,7.765266053378582,7.109161555767059,4.1030722707509995,2.890108000487089,1.659467626363039,0.4089329354465008,9.331852197647095e-06,0.000431939959526062,0.00045969709753990173,0.0002473965287208557,0.0,0.0,0.0,0.0,0.0,0.0,0.0,0.0,0.0,0.0,0.0,0.0,0.0,0.0,0.0,0.0,0.0,0.0,0.0,945.2665218673646
40,88.42509580776095,79.38567291945219,78.26571157574654,74.7954724021256,68.33182372897863,60.41028253734112,57.578426871448755,52.50036495923996,49.585072599351406,45.86157340928912,40.24778636172414,37.90406529977918,36.78126909956336,30.506255470216274,26.679957404732704,23.700142178684473,21.61737249419093,17.207189913839102,14.483725599944592,12.09884925186634,10.502359125763178,7.712654888629913,6.058563910424709,4.284353770315647,2.7884984761476517,1.599587369710207,0.2463800013065338,0.021942347288131714,0.022257667034864426,0.01914454996585846,0.0002572089433670044,0.0,0.0,0.0,0.0,0.0,0.0,0.0,0.0,0.0,0.0,0.0,0.0,0.0,0.0,0.0,0.0,0.0,0.0,0.0,949.6221092008054
41,88.3055087774992,77.18010379374027,68.14100344851613,72.74437351152301,67.52013949304819,64.1127662807703,58.31857943162322,52.9922800809145,49.452068619430065,47.00660656765103,44.5578347556293,39.36035121232271,34.868262492120266,28.86083520948887,24.786825392395258,21.97737469524145,19.681252509355545,16.223579205572605,13.949876222759485,11.13212925568223,10.159796927124262,6.8749259151518345,4.448949996381998,3.3281804844737053,1.8420879505574703,0.9486003965139389,0.17494599893689156,0.03147520869970322,0.027907155454158783,5.6438148021698e-06,0.0,0.0,0.0,0.0,0.0,0.0,0.0,0.0,0.0,0.0,0.0,0.0,0.0,0.0,0.0,0.0,0.0,0.0,0.0,0.0,929.0086266323924
42,83.75044167414308,71.61225779354572,71.4409919641912,69.9934520944953,68.98644418641925,61.98989426344633,56.67093622684479,51.01225557178259,45.89661119505763,46.30604654178023,40.064105704426765,34.934907741844654,33.00478735566139,28.2904075011611,24.855084631592035,22.33438090607524,19.222236685454845,16.495168775320053,13.259998183697462,10.435105260461569,8.297457970678806,5.879116792231798,4.929236523807049,3.802917767316103,2.5340518169105053,1.1740569733083248,0.5969865433871746,0.07332204654812813,0.030320174992084503,5.412846803665161e-06,0.0,0.0,0.0,0.0,0.0,0.0,0.0,0.0,0.0,0.0,0.0,0.0,0.0,0.0,0.0,0.0,0.0,0.0,0.0,0.0,897.872986279428
43,90.56104860827327,79.56971272081137,74.17370971664786,75.51971912756562,71.1996685564518,65.16229435428977,59.59725907817483,53.635717410594225,51.47266794368625,45.87374983355403,39.623476307839155,37.164435125887394,32.57263080403209,28.88781888410449,25.437152601778507,22.19984396547079,19.41654349118471,15.734758336097002,13.07330645993352,11.28534423187375,9.134856954216957,6.796781376004219,5.701942533254623,3.3636881187558174,2.0442191287875175,1.1108021326363087,0.23195379599928856,0.04032161831855774,0.02498580887913704,5.550682544708252e-06,0.0,0.0,0.0,0.0,0.0,0.0,0.0,0.0,0.0,0.0,0.0,0.0,0.0,0.0,0.0,0.0,0.0,0.0,0.0,0.0,940.6104145757854
44,83.87123393639922,71.12109419703484,70.50390816107392,69.19024601951241,64.32912362739444,67.94381441548467,62.647886496037245,58.80396393314004,49.92978825420141,43.17696249112487,38.68539509922266,33.689454052597284,32.340871430933475,28.71058104559779,24.868213448673487,21.23270132392645,19.035395927727222,16.099235616624355,13.353083819150925,11.34362032264471,10.211422398686409,6.805855229496956,4.955045368522406,3.434358347207308,2.4803383126854897,1.4418199509382248,0.4374309331178665,0.06885895133018494,7.487833499908447e-06,0.00026419758796691895,0.0,0.0,0.0,0.0,0.0,0.0,0.0,0.0,0.0,0.0,0.0,0.0,0.0,0.0,0.0,0.0,0.0,0.0,0.0,0.0,910.7119747959077
45,88.81212832033634,73.95246141031384,80.13185092061758,67.55909887701273,64.15548238903284,61.450106136500835,55.60353035852313,52.09094735980034,47.167368181049824,48.39255616441369,44.03375831246376,41.4839490018785,34.694483045488596,30.314035512506962,27.71499900892377,22.645736884325743,19.81553193181753,16.517506629228592,14.446559078991413,12.252932671457529,11.897354077547789,7.3569019213318825,5.659317206591368,3.9987125732004642,2.4885993897914886,1.2727930806577206,0.4174187630414963,0.04216467961668968,0.019914798438549042,5.45009970664978e-06,0.0,0.0,0.0,0.0,0.0,0.0,0.0,0.0,0.0,0.0,0.0,0.0,0.0,0.0,0.0,0.0,0.0,0.0,0.0,0.0,936.3882041350007
46,86.23406248167157,77.06109675392509,84.24093037471175,77.85059842839837,74.68955963850021,67.83648645877838,61.44761984050274,59.30468774959445,49.90700963139534,44.64880619198084,39.861557982861996,40.28377256542444,38.226008869707584,31.8068417198956,26.11001442745328,22.468606628477573,20.44816132262349,20.77452202886343,14.97263191267848,13.004904609173536,10.445176403969526,8.135217525064945,7.1817129254341125,4.396202847361565,3.012936342507601,1.6477975994348526,0.4959174878895283,0.04423337057232857,0.030621323734521866,0.022401034832000732,0.0,0.0,0.0,0.0,0.0,0.0,0.0,0.0,0.0,0.0,0.0,0.0,0.0,0.0,0.0,0.0,0.0,0.0,0.0,0.0,986.5900964774191
47,90.18053543940187,78.69158766418695,75.57504083961248,75.27357010543346,68.01848173514009,62.53044391050935,57.14682125300169,53.22483159229159,53.70559909939766,49.1086542904377,42.111855797469616,37.22091980651021,36.102906726300716,30.225272111594677,28.689437326043844,22.874687902629375,20.277625020593405,19.209540009498596,17.346228130161762,13.064540762454271,11.163965817540884,7.546775501221418,5.969312567263842,5.066496450453997,3.334945447742939,2.352618206292391,0.8524171523749828,0.08783392608165741,8.568167686462402e-06,0.0002496466040611267,0.0002617761492729187,0.0,0.0,0.0,0.0,0.0,0.0,0.0,0.0,0.0,0.0,0.0,0.0,0.0,0.0,0.0,0.0,0.0,0.0,0.0,966.9534645825624
48,88.14530650526285,74.70871490612626,72.3189723007381,68.05108131840825,67.6021698974073,62.58038045465946,58.01709357649088,53.12632605805993,49.56492057070136,44.28312312811613,41.14647215232253,37.07063519209623,34.519663129001856,30.683876175433397,27.813974995166063,23.064094725996256,19.813355587422848,17.546651758253574,14.533203788101673,11.486431427299976,9.560724191367626,7.627173807471991,5.936264030635357,5.2620514035224915,2.9191298224031925,1.6617679260671139,0.3893122598528862,0.050299059599637985,0.028325293213129044,0.018775105476379395,0.0002609752118587494,0.0,0.0,0.0,0.0,0.0,0.0,0.0,0.0,0.0,0.0,0.0,0.0,0.0,0.0,0.0,0.0,0.0,0.0,0.0,929.5305315218866
49,85.97075762972236,74.1041499786079,73.92806853353977,72.74099864065647,66.49398833885789,63.80657874792814,56.54856166988611,52.685338731855154,48.62612125650048,43.21831285953522,39.261117197573185,36.33133388310671,32.196569085121155,28.74814237654209,25.68149884045124,21.84264437109232,19.376567229628563,16.348570927977562,14.117024347186089,11.11005211994052,9.571522016078234,7.590879872441292,6.717864856123924,4.501471064984798,3.161890186369419,1.9135209769010544,1.1907355412840843,0.33382223919034004,0.03558676689863205,0.024749036878347397,0.0,0.0,0.0,0.0,0.0,0.0,0.0,0.0,0.0,0.0,0.0,0.0,0.0,0.0,0.0,0.0,0.0,0.0,0.0,0.0,918.178439322859
50,85.93409676104784,72.51238647848368,70.92263304814696,74.42690214887261,68.10928194224834,61.49461232125759,57.35982382670045,53.958427637815475,49.209838692098856,45.44342940673232,41.7065572924912,36.36278514936566,33.76325448602438,29.102089576423168,26.575401712208986,22.70376158133149,19.570081785321236,16.33862243592739,15.334316249936819,12.047569774091244,9.294264320284128,7.118600029498339,5.421711951494217,3.8501022085547447,2.687817946076393,2.4372954294085503,0.7364315055310726,0.20686202123761177,0.030298136174678802,0.020307324826717377,0.0,0.0,0.0,0.0,0.0,0.0,0.0,0.0,0.0,0.0,0.0,0.0,0.0,0.0,0.0,0.0,0.0,0.0,0.0,0.0,924.6795631796122
51,84.01589114964008,71.52169853448868,71.74068246036768,70.68993823975325,65.89519330114126,60.82760274037719,59.5173621699214,52.39440895989537,48.87464547902346,44.118609327822924,40.726991787552834,35.52123885974288,32.60663132742047,27.46166691184044,25.006065905094147,23.451509349048138,19.364247046411037,16.282624550163746,13.686245080083609,12.635354302823544,9.107217583805323,6.895694822072983,5.430780585855246,4.069759413599968,2.6208293698728085,1.3050772547721863,0.5118651166558266,0.06592410430312157,0.03196321427822113,5.796551704406738e-06,0.0,0.0,0.0,0.0,0.0,0.0,0.0,0.0,0.0,0.0,0.0,0.0,0.0,0.0,0.0,0.0,0.0,0.0,0.0,0.0,906.3777247443795
52,84.0499638132751,74.47654002904892,72.42387302964926,68.85615181550384,65.39603189378977,62.49235472455621,57.39216585829854,53.07596345245838,48.014019180089235,43.19648044928908,39.712137535214424,35.83502622693777,32.52372784167528,29.429120276123285,25.27450956404209,22.2130533978343,19.997476521879435,16.356563925743103,13.301611687988043,11.24186584353447,9.064720280468464,7.026851657778025,5.937895473092794,3.3509233482182026,2.4393405392766,1.1414947398006916,0.39464046433568,0.04794907942414284,7.096678018569946e-06,0.00025198981165885925,0.0,0.0,0.0,0.0,0.0,0.0,0.0,0.0,0.0,0.0,0.0,0.0,0.0,0.0,0.0,0.0,0.0,0.0,0.0,0.0,904.6627117358148
53,84.05133894458413,72.07256560772657,69.43617364391685,67.70749197527766,66.5935688354075,60.60226860269904,55.495485205203295,52.37094761803746,49.1689088717103,44.549606025218964,39.348041985183954,35.663645811378956,31.341988265514374,28.194831389933825,25.193543959409,21.652036231011152,18.152809135615826,15.465321738272905,13.337641760706902,11.081832826137543,9.779181852936745,6.090878404676914,5.542160730808973,3.8988532833755016,2.1488927081227303,0.8095395676791668,0.22668340802192688,0.03603541851043701,0.026440072804689407,6.042420864105225e-06,0.0,0.0,0.0,0.0,0.0,0.0,0.0,0.0,0.0,0.0,0.0,0.0,0.0,0.0,0.0,0.0,0.0,0.0,0.0,0.0,890.0387199223042
54,83.75866341590881,71.79843566194177,72.41544155403972,72.42862917855382,65.9665351472795,60.915052484720945,57.41108202934265,53.49461091682315,48.7468693703413,45.16374542564154,39.90803403779864,35.64637376740575,32.65657374635339,28.99372524023056,24.6004838347435,22.4092704243958,19.300320278853178,16.640139259397984,14.44753197580576,11.293148871511221,8.949325438588858,7.0184477381408215,5.492194257676601,3.7567264698445797,2.394767701625824,1.3227725736796856,1.2938214875757694,0.04320930689573288,0.025535568594932556,6.094574928283691e-06,0.0,0.0,0.0,0.0,0.0,0.0,0.0,0.0,0.0,0.0,0.0,0.0,0.0,0.0,0.0,0.0,0.0,0.0,0.0,0.0,908.2914732582867
55,83.70611248910427,69.8908580802381,71.89914736896753,68.20977775752544,65.29933028295636,60.99053230509162,59.45428781211376,51.19347384572029,45.35644645988941,41.685858603566885,37.58519107475877,36.838823560625315,32.529657293111086,28.353579618036747,25.922596279531717,21.879298467189074,18.84106757119298,17.07022698968649,13.704395595937967,11.312079232186079,9.330919612199068,6.948625586926937,5.918108928948641,3.360399767756462,1.5965070836246014,0.9935480579733849,0.5379214771091938,0.12031499668955803,0.030866175889968872,6.064772605895996e-06,0.0,0.0,0.0,0.0,0.0,0.0,0.0,0.0,0.0,0.0,0.0,0.0,0.0,0.0,0.0,0.0,0.0,0.0,0.0,0.0,890.5599584393203
56,86.37737486511469,71.50145552679896,71.75348547846079,68.71974982693791,67.48318060860038,64.75080551952124,58.3961350992322,55.069698356091976,49.79112219065428,45.77804592996836,41.11436242237687,37.26660118624568,33.709837820380926,30.971323631703854,26.559618689119816,22.865595273673534,20.855872586369514,17.696263920515776,14.907395426183939,13.563894234597683,9.631842613220215,7.6328794583678246,6.078541170805693,4.454789899289608,2.9692743830382824,1.7030420079827309,0.6222967952489853,0.0958220399916172,0.03383263200521469,0.022792771458625793,0.0,0.0,0.0,0.0,0.0,0.0,0.0,0.0,0.0,0.0,0.0,0.0,0.0,0.0,0.0,0.0,0.0,0.0,0.0,0.0,932.3769323639572
57,86.308114528656,74.54246460646391,72.68675034865737,70.48787653446198,67.56918473169208,63.00381300970912,57.74046006426215,53.78247294947505,48.092521257698536,42.65606804564595,40.05465819686651,37.76334189623594,33.486920308321714,29.015039388090372,25.528960026800632,23.42720591649413,19.116971123963594,16.044808506965637,13.79054219275713,11.631345946341753,10.135446198284626,7.6394862942397594,5.706752948462963,4.284016348421574,2.9830847941339016,1.5209474936127663,0.5246991328895092,0.06053633987903595,0.026516824960708618,0.025413263589143753,0.0,0.0,0.0,0.0,0.0,0.0,0.0,0.0,0.0,0.0,0.0,0.0,0.0,0.0,0.0,0.0,0.0,0.0,0.0,0.0,919.6364192180336
58,86.17553992196918,74.16688129678369,75.11570936441422,67.41218091920018,65.09907319396734,63.100244738161564,59.45578967779875,52.58637323975563,48.712411649525166,44.91384148597717,39.857370648533106,36.18316012620926,32.62703301757574,30.200786747038364,26.227994330227375,22.578406937420368,19.97657035663724,16.674779385328293,14.512506853789091,11.991870421916246,9.363828357309103,7.980213727802038,5.132971219718456,4.456623770296574,3.2065113224089146,2.1109698563814163,1.0283171646296978,0.1506742723286152,0.03306706249713898,0.015430636703968048,0.0,0.0,0.0,0.0,0.0,0.0,0.0,0.0,0.0,0.0,0.0,0.0,0.0,0.0,0.0,0.0,0.0,0.0,0.0,0.0,921.0471317023039
59,86.38221859559417,72.83953385055065,71.69106163829565,69.44237352535129,69.91843704879284,63.4324324503541,59.28671541064978,54.57256753370166,49.4425938539207,44.91183150559664,41.31720247119665,37.116469364613295,33.349371541291475,30.151116158813238,25.109356839209795,22.121892485767603,20.806489020586014,17.16957037523389,14.083605859428644,11.656495619565248,9.736073024570942,8.537026438862085,5.7769429087638855,4.368871323764324,3.0460752360522747,1.833988517522812,0.6655869223177433,0.21112126111984253,0.034525468945503235,6.593763828277588e-06,0.0,0.0,0.0,0.0,0.0,0.0,0.0,0.0,0.0,0.0,0.0,0.0,0.0,0.0,0.0,0.0,0.0,0.0,0.0,0.0,929.0115528441966
60,86.32121286168694,72.93042816221714,72.8586045242846,68.71288409084082,68.12308392301202,61.92565852403641,58.60335573554039,53.11448724195361,48.16247812658548,44.44272334128618,41.825158808380365,38.19721698760986,33.48735262081027,28.779773376882076,27.21641756221652,23.521882344037294,19.849561985582113,18.004973143339157,14.433009408414364,12.218140590935946,9.602651193737984,7.546560492366552,5.6345050111413,4.9333061799407005,2.612757321447134,1.161960355937481,8.594244718551636e-06,0.0008624829351902008,0.0006639063358306885,0.0004923492670059204,0.00024827197194099426,0.0,0.0,0.0,0.0,0.0,0.0,0.0,0.0,0.0,0.0,0.0,0.0,0.0,0.0,0.0,0.0,0.0,0.0,0.0,924.2224195189774
61,83.87023723497987,70.72508533671498,67.45842357724905,68.5315876416862,65.07629666849971,61.25328877568245,55.20986691489816,52.48085283860564,47.06233949586749,41.75148060917854,39.565044574439526,35.319232389330864,31.683446902781725,27.252726711332798,21.92591391503811,14.574585560709238,14.16060982644558,14.495693005621433,12.843256928026676,11.07511292770505,9.29768580570817,7.146092388778925,5.979197230190039,3.6522855013608932,2.8855761624872684,1.4294165298342705,0.5381999649107456,0.09434602782130241,0.031201355159282684,5.848705768585205e-06,0.0,0.0,0.0,0.0,0.0,0.0,0.0,0.0,0.0,0.0,0.0,0.0,0.0,0.0,0.0,0.0,0.0,0.0,0.0,0.0,867.3690886497498
62,83.89004814252257,74.862329646945,72.72346718981862,69.20028268545866,59.55147686228156,58.73386665806174,55.655704256147146,52.09844509512186,46.83554909750819,41.55363579466939,35.844763200730085,32.64944204315543,29.862025950103998,27.63030454516411,25.743548344820738,22.363774597644806,19.536236960440874,17.095526684075594,13.78914675489068,11.310065802186728,8.979715902358294,6.983606290072203,4.963462229818106,4.355957854539156,2.17180348187685,1.160428497940302,0.3134399428963661,0.0376402847468853,0.02582618221640587,5.2638351917266846e-06,0.0,0.0,0.0,0.0,0.0,0.0,0.0,0.0,0.0,0.0,0.0,0.0,0.0,0.0,0.0,0.0,0.0,0.0,0.0,0.0,879.9215262420475
63,84.73493301868439,74.60541737824678,74.41369900107384,67.68609374016523,66.16121418401599,62.474545288830996,57.774951208382845,53.43450365960598,48.147874500602484,44.125630263239145,41.041676595807076,36.15961441770196,32.55012749508023,28.692946441471577,26.050240233540535,22.66865012794733,20.301358252763748,16.178175933659077,14.255124967545271,11.937644310295582,9.470652140676975,8.335786417126656,5.328971154987812,3.576327383518219,2.1850297786295414,0.9434993527829647,0.17014658823609352,7.953494787216187e-06,0.0004606395959854126,0.0002594403922557831,0.0,0.0,0.0,0.0,0.0,0.0,0.0,0.0,0.0,0.0,0.0,0.0,0.0,0.0,0.0,0.0,0.0,0.0,0.0,0.0,913.4055618681014
64,83.71166224777699,72.42217504233122,67.96136450767517,68.3217629045248,61.46218529716134,58.24117245152593,57.589040234684944,51.928653843700886,46.9974531494081,44.330922070890665,39.46089684963226,35.71097990125418,32.21204276755452,29.46894672885537,24.851837534457445,21.518462255597115,18.538962934166193,16.619797196239233,12.972290430217981,10.423747781664133,8.818597793579102,6.281721081584692,4.593608144670725,3.4688814394176006,3.0443325974047184,1.124840933829546,0.20824408158659935,0.04610050842165947,0.016257625073194504,5.885958671569824e-06,0.0,0.0,0.0,0.0,0.0,0.0,0.0,0.0,0.0,0.0,0.0,0.0,0.0,0.0,0.0,0.0,0.0,0.0,0.0,0.0,882.346946220845
65,83.94922244548798,69.31193083897233,72.53265130892396,67.92907696217299,61.06107656657696,61.39993754401803,57.21026533097029,53.18701886758208,48.73928088322282,43.96065142378211,39.14630674570799,35.86629022657871,30.861091695725918,26.92216621339321,24.485909648239613,22.48883694037795,18.618887566030025,15.760261945426464,12.373728591948748,10.088441427797079,7.802000194787979,5.981606535613537,4.473645661026239,2.9080085158348083,2.0812891870737076,0.8649529032409191,0.32692665979266167,0.048666831105947495,7.335096597671509e-06,0.0002532452344894409,0.0,0.0,0.0,0.0,0.0,0.0,0.0,0.0,0.0,0.0,0.0,0.0,0.0,0.0,0.0,0.0,0.0,0.0,0.0,0.0,880.3803902417421
66,86.39826576039195,71.83950476720929,74.90982414782047,69.08613247051835,64.50058172643185,62.82687044888735,56.16339683532715,51.883395813405514,49.86535618826747,44.05956960096955,39.07540174201131,36.32498333975673,32.754293981939554,28.751789029687643,25.768890473991632,22.909954510629177,20.552984423935413,16.586976945400238,13.904665034264326,11.766669776290655,9.05257049947977,8.42982667312026,5.836787581443787,4.195375852286816,2.821961734443903,1.71776819601655,1.0597846321761608,0.2635502777993679,0.03916968032717705,0.02432151511311531,0.0,0.0,0.0,0.0,0.0,0.0,0.0,0.0,0.0,0.0,0.0,0.0,0.0,0.0,0.0,0.0,0.0,0.0,0.0,0.0,913.3706236593425
67,86.00626363605261,73.2843679562211,71.83371736109257,73.5621984899044,62.76498241722584,60.8127409145236,57.5322292894125,53.99817442521453,49.86962678655982,44.55728134140372,39.28344117477536,36.42823847010732,32.84645553305745,28.912918660789728,26.588738847523928,22.84464357793331,20.011586539447308,18.40503876656294,14.715029932558537,12.32461253926158,10.24171058088541,8.682554997503757,6.003737449645996,4.271397039294243,2.3820855394005775,1.4379959143698215,0.8884809762239456,0.12879382818937302,0.032716091722249985,0.014284458011388779,0.0,0.0,0.0,0.0,0.0,0.0,0.0,0.0,0.0,0.0,0.0,0.0,0.0,0.0,0.0,0.0,0.0,0.0,0.0,0.0,920.6660435348749
68,86.72022853791714,79.39572421461344,73.61154516041279,69.68996923416853,62.829975463449955,63.88569401949644,55.71263197436929,54.18776499480009,49.73596492782235,46.01528590545058,41.33632434532046,37.12239794433117,33.406087942421436,29.509604286402464,25.43881869316101,22.566912654787302,20.622704960405827,17.023606557399035,14.371716596186161,12.369533844292164,9.798056527972221,8.767130102962255,6.0911636129021645,4.501140721142292,3.268715523183346,1.696160290390253,0.5345673076808453,0.1323317401111126,0.024820327758789062,0.021216288208961487,0.00026804953813552856,0.0,0.0,0.0,0.0,0.0,0.0,0.0,0.0,0.0,0.0,0.0,0.0,0.0,0.0,0.0,0.0,0.0,0.0,0.0,930.388062749058
69,86.53053799271584,73.98991950973868,64.99781055003405,74.3728312253952,66.31700925156474,62.50061792135239,60.275918524712324,54.756800688803196,53.27393865212798,45.24886604771018,43.40757500752807,38.55519429594278,35.51261839270592,32.75863615050912,27.553764451295137,25.56297767907381,21.67662512511015,18.261629961431026,15.4329186193645,13.470170360058546,9.724085245281458,8.498574122786522,6.028255820274353,4.567788984626532,2.396022744476795,1.0884729884564877,0.5918544344604015,0.067134078592062,0.03470025211572647,9.410083293914795e-06,0.0,0.0,0.0,0.0,0.0,0.0,0.0,0.0,0.0,0.0,0.0,0.0,0.0,0.0,0.0,0.0,0.0,0.0,0.0,0.0,947.4532584883273
70,91.50215465575457,81.72696667909622,70.88597476109862,76.70202148705721,70.00982208549976,66.67316888272762,61.35763571038842,57.88540017977357,52.86632004380226,48.336082350462675,44.0285786986351,41.672330889850855,36.224390767514706,31.658979829400778,27.765381827950478,23.3387911580503,20.01564848050475,17.11455127596855,15.191451519727707,13.293350853025913,10.261180721223354,8.185915298759937,5.863488651812077,4.312887769192457,3.357389524579048,1.3942932561039925,0.5236707217991352,0.08645224198698997,0.032219450920820236,0.021287884563207626,0.0,0.0,0.0,0.0,0.0,0.0,0.0,0.0,0.0,0.0,0.0,0.0,0.0,0.0,0.0,0.0,0.0,0.0,0.0,0.0,982.2877876572311
71,92.47549582645297,77.09179278090596,73.74715195968747,73.61688709631562,65.96391878277063,63.68156262487173,59.77232197672129,54.9223877042532,51.83848209679127,49.70157318562269,45.18189989775419,40.08791868016124,33.25055619329214,29.04536807909608,25.627952449023724,21.449653454124928,19.392723444849253,16.403289932757616,15.65349106118083,11.929123021662235,10.490258239209652,7.692351568490267,5.5901202745735645,4.170104220509529,3.8027906604111195,1.264903198927641,0.2215440571308136,0.03102334961295128,0.024923082441091537,5.248934030532837e-06,0.0,0.0,0.0,0.0,0.0,0.0,0.0,0.0,0.0,0.0,0.0,0.0,0.0,0.0,0.0,0.0,0.0,0.0,0.0,0.0,954.1215741485357
72,89.05580799281597,81.24977208301425,80.61566869542003,78.92337598279119,76.8489098250866,66.02228556200862,63.758355505764484,53.255825102329254,52.335003066807985,47.360135581344366,42.89356156438589,36.284330897033215,35.82238444313407,34.8848397731781,30.898207157850266,27.373780369758606,25.16960959136486,19.57929542288184,17.097444862127304,11.660983994603157,9.245401490479708,6.369127459824085,4.170130208134651,3.4906092174351215,1.5745594836771488,0.7304631620645523,0.15449364855885506,6.806105375289917e-06,0.019896037876605988,6.05359673500061e-06,0.0,0.0,0.0,0.0,0.0,0.0,0.0,0.0,0.0,0.0,0.0,0.0,0.0,0.0,0.0,0.0,0.0,0.0,0.0,0.0,996.8442710414529
73,97.58405457437038,80.81128599494696,73.30522783100605,72.84371364116669,69.73815881088376,61.378641314804554,59.306340876966715,57.691307082772255,49.791121173650026,51.59099578484893,43.02677933126688,39.094727482646704,32.3792369030416,27.803926449269056,24.749005239456892,23.16491260379553,18.80053987726569,17.010677214711905,15.924294892698526,13.218099731951952,10.60129152983427,7.636814814060926,7.889996908605099,4.130602799355984,2.535957906395197,1.2320300377905369,0.15444641187787056,0.032314252108335495,0.019500121474266052,5.610287189483643e-06,0.0,0.0,0.0,0.0,0.0,0.0,0.0,0.0,0.0,0.0,0.0,0.0,0.0,0.0,0.0,0.0,0.0,0.0,0.0,0.0,963.4460072033107
74,90.4855285063386,78.35616334527731,72.85548595711589,73.59084852784872,66.61849511414766,66.10412694513798,62.76057697460055,61.71939580887556,53.10974473506212,46.27176138013601,39.76525495946407,36.82152212783694,32.925877299159765,29.173360381275415,28.718829479068518,26.237561151385307,21.508887697011232,17.08670160546899,14.299021199345589,11.701057471334934,9.481292206794024,8.158118061721325,5.592497665435076,5.1159450970590115,2.5839669816195965,1.1472943611443043,0.3022826947271824,0.03058435767889023,0.023141443729400635,5.424022674560547e-06,0.0,0.0,0.0,0.0,0.0,0.0,0.0,0.0,0.0,0.0,0.0,0.0,0.0,0.0,0.0,0.0,0.0,0.0,0.0,0.0,962.5453289598227
75,91.63485571742058,83.942113943398,80.70806221291423,83.1459020152688,69.02316765114665,63.02553386986256,62.64468535408378,60.83326327800751,55.006605848670006,51.102322831749916,45.08165303990245,41.10159622505307,33.739090245217085,31.56447335332632,26.398680720478296,23.220636039972305,21.027682151645422,18.635951597243547,13.717291824519634,12.364698473364115,10.009668335318565,8.747176490724087,5.892711587250233,3.01076852157712,2.188758712261915,1.2105083987116814,0.3315046988427639,0.04684285819530487,0.02647516131401062,4.895031452178955e-06,0.0,0.0,0.0,0.0,0.0,0.0,0.0,0.0,0.0,0.0,0.0,0.0,0.0,0.0,0.0,0.0,0.0,0.0,0.0,0.0,999.3826860524714
76,86.25086828321218,72.97335071116686,75.31636238470674,74.30641849711537,74.2465998493135,64.39480198547244,58.311787478625774,56.48289391025901,53.77244749292731,50.301713440567255,46.0633165538311,41.04623731598258,38.450042963027954,31.334047354757786,28.24732844904065,22.83540800958872,21.273824736475945,19.059337101876736,14.484450034797192,11.972271896898746,11.123444236814976,9.117166824638844,5.588862489908934,3.581421349197626,2.5196438394486904,1.6536076553165913,0.7167290709912777,0.17211249098181725,0.03566036745905876,0.024156909435987473,0.0,0.0,0.0,0.0,0.0,0.0,0.0,0.0,0.0,0.0,0.0,0.0,0.0,0.0,0.0,0.0,0.0,0.0,0.0,0.0,975.6563136838377
77,95.87323626875877,86.19677349925041,80.64724355563521,75.88461968675256,74.17191705852747,69.13244306668639,58.172812443226576,62.78870191797614,53.54917551204562,47.85581539198756,45.25389463454485,39.158553298562765,34.508385203778744,30.25253152474761,26.55121935531497,25.588323559612036,22.851552959531546,19.382052455097437,15.407030381262302,12.129748690873384,11.448780458420515,8.635760106146336,6.427856005728245,5.455737918615341,2.8931830041110516,1.6615054085850716,0.957979541271925,0.2352052852511406,0.05938666686415672,0.02018292248249054,0.0,0.0,0.0,0.0,0.0,0.0,0.0,0.0,0.0,0.0,0.0,0.0,0.0,0.0,0.0,0.0,0.0,0.0,0.0,0.0,1013.1516077816486
78,95.33974568918347,84.97541690990329,88.44532212615013,82.63329890370369,70.20323842391372,62.49618051201105,61.24661457166076,51.05473031103611,48.37101210653782,43.18537166342139,39.26389056816697,2.703443169593811e-05,0.0036642514169216156,29.919801399111748,25.424855548888445,22.968755174428225,20.619743324816227,16.407136045396328,2.031773328781128e-05,11.097927697002888,11.619827404618263,9.025664746761322,7.280499216169119,4.9360294081270695,2.804559025913477,1.0830944366753101,1.0866671800613403e-05,0.07218264043331146,7.081776857376099e-06,0.0002495907247066498,0.00025888532400131226,0.0,0.0,0.0,0.0,0.0,0.0,0.0,0.0,0.0,0.0,0.0,0.0,0.0,0.0,0.0,0.0,0.0,0.0,0.0,890.4791358821094
79,92.07052766159177,83.85892011597753,88.51124111562967,73.38915251195431,71.58372341096401,67.54760678857565,59.2526651583612,54.524621315300465,50.14921858161688,45.93574695661664,45.77493138238788,41.10988102480769,38.12642973661423,30.906580563634634,30.64475080743432,25.424451000988483,22.411474209278822,22.420047491788864,16.549919169396162,14.728454403579235,10.314142655581236,8.962146330624819,6.175690643489361,4.4776085540652275,3.2573902420699596,1.8610461317002773,0.6373006217181683,0.17995912581682205,0.032520558685064316,0.02043282613158226,0.0,0.0,0.0,0.0,0.0,0.0,0.0,0.0,0.0,0.0,0.0,0.0,0.0,0.0,0.0,0.0,0.0,0.0,0.0,0.0,1010.838581096381
80,86.16716186329722,74.16647421568632,77.5521116964519,75.13414506986737,73.69995155185461,65.44681318849325,55.28635808825493,54.394971411675215,49.5792483612895,47.20912888273597,45.08584499359131,41.929263304919004,36.19124314934015,30.168725285679102,26.816613726317883,24.16816968843341,20.139215417206287,17.31025642901659,14.949738264083862,13.104546207934618,9.84383087232709,7.935535993427038,5.869123298674822,4.209913708269596,2.526556797325611,1.2635047659277916,1.0807067155838013e-05,0.14434463530778885,7.424503564834595e-06,0.0002458542585372925,0.0002621077001094818,0.0,0.0,0.0,0.0,0.0,0.0,0.0,0.0,0.0,0.0,0.0,0.0,0.0,0.0,0.0,0.0,0.0,0.0,0.0,960.2933170609176
81,86.33171536773443,87.73561817407608,75.67439044639468,72.17087402567267,69.38497093692422,67.88835933804512,60.373744916170835,53.334415309131145,47.38416786491871,44.222347874194384,39.939646273851395,36.14547808468342,32.424865894019604,28.87635161727667,25.362839810550213,22.764729104936123,19.0025322586298,16.568615451455116,13.536313869059086,11.75203824043274,8.564298707991838,6.897633288055658,5.997440233826637,4.079620104283094,2.6815239153802395,1.2576719969511032,0.41279179230332375,0.0463600680232048,0.022784918546676636,6.843358278274536e-06,0.0,0.0,0.0,0.0,0.0,0.0,0.0,0.0,0.0,0.0,0.0,0.0,0.0,0.0,0.0,0.0,0.0,0.0,0.0,0.0,940.8341467268765
82,88.23312958702445,78.90088914707303,73.55852761864662,67.34168099239469,66.26411381363869,61.34757052734494,56.41757816448808,52.58426455408335,48.02459958195686,49.51911145076156,41.11165118962526,37.90635630860925,35.463813461363316,31.769503250718117,27.690546844154596,24.92040690407157,20.490974720567465,18.19133361801505,14.507704459130764,11.665143720805645,10.942872993648052,7.574994806200266,5.473824057728052,3.614271230995655,1.9331248477101326,1.3584133796393871,0.47530655562877655,0.05475689098238945,0.029486503452062607,7.197260856628418e-06,0.0,0.0,0.0,0.0,0.0,0.0,0.0,0.0,0.0,0.0,0.0,0.0,0.0,0.0,0.0,0.0,0.0,0.0,0.0,0.0,937.3659583777189
83,89.64155435934663,82.89326183870435,75.66275709494948,74.92153162136674,69.39470254257321,70.83119103685021,65.1759282387793,59.9523975327611,54.4181364774704,46.920627415180206,44.27602966874838,39.68516809493303,35.836364075541496,30.310363110154867,28.763272397220135,24.93251196667552,21.120591774582863,17.95389112830162,15.64473032578826,13.04550376534462,9.976042099297047,6.790378823876381,6.286673825234175,4.766442500054836,2.721961498260498,1.889136802405119,0.37202145531773567,0.09784265607595444,0.06172899156808853,7.580965757369995e-06,0.0,0.0,0.0,0.0,0.0,0.0,0.0,0.0,0.0,0.0,0.0,0.0,0.0,0.0,0.0,0.0,0.0,0.0,0.0,0.0,994.342750698328
84,91.59934058785439,80.3979759439826,79.16622047498822,72.39541376009583,73.94822211563587,66.15130700543523,61.3492645919323,59.42973455786705,54.72992619499564,50.371235489845276,41.44624947011471,37.306342240422964,31.107546638697386,30.264269892126322,25.884110748767853,23.782471500337124,19.437841773033142,18.85683796554804,15.615939974784851,12.861882362514734,10.026021126657724,7.9391428381204605,6.005546506494284,3.9267394468188286,2.2344571612775326,1.1115337945520878,0.16915304586291313,0.04375419765710831,0.036294952034950256,0.007439769804477692,0.0,0.0,0.0,0.0,0.0,0.0,0.0,0.0,0.0,0.0,0.0,0.0,0.0,0.0,0.0,0.0,0.0,0.0,0.0,0.0,977.6022161282599
85,87.58366638794541,73.46808606013656,76.15940686687827,75.98858319595456,73.12635016068816,69.45941706746817,61.65799502655864,55.80544798448682,52.42829627916217,47.26864653453231,43.29137138649821,37.493959940969944,35.15428081527352,31.608242139220238,27.370175939053297,22.983111023902893,20.063789639621973,18.04599756002426,14.567912958562374,12.462799865752459,9.930139053612947,7.385461140424013,6.432563506066799,3.4512186981737614,2.1761905141174793,1.1406293325126171,0.24479953199625015,0.03631031885743141,0.021484944969415665,6.2659382820129395e-06,0.0,0.0,0.0,0.0,0.0,0.0,0.0,0.0,0.0,0.0,0.0,0.0,0.0,0.0,0.0,0.0,0.0,0.0,0.0,0.0,966.8063401393592
86,94.36066767573357,83.31798369809985,79.16826760396361,74.41583504155278,71.83768936991692,66.34887229278684,64.97782095894217,60.31479522958398,53.61530436947942,51.07037824764848,44.81611719354987,35.694149781018496,36.911392502486706,30.644012730568647,30.08227552473545,23.762558806687593,24.139830261468887,18.519080977886915,15.407274793833494,11.802745949476957,10.893513165414333,8.664406936615705,6.805969104170799,4.478594396263361,2.871262062340975,2.149884954094887,0.9029369056224823,0.22694073244929314,0.03386097028851509,0.018995873630046844,0.0,0.0,0.0,0.0,0.0,0.0,0.0,0.0,0.0,0.0,0.0,0.0,0.0,0.0,0.0,0.0,0.0,0.0,0.0,0.0,1008.253418110311
87,94.9893074259162,78.02122139930725,79.48212803900242,76.88105665519834,70.19239491969347,65.96152347326279,57.82997976243496,54.6223706305027,48.44071923941374,43.843921318650246,44.215963788330555,41.326693434268236,37.483318492770195,30.88865613564849,28.160963401198387,23.55043537169695,19.43068738654256,16.569418285042048,13.650583423674107,11.15498411282897,10.05983516573906,8.145935416221619,6.336990341544151,4.995968844741583,3.1141802705824375,1.8928582668304443,0.6007379963994026,0.048702217638492584,0.027756966650485992,0.007380839437246323,0.0,0.0,0.0,0.0,0.0,0.0,0.0,0.0,0.0,0.0,0.0,0.0,0.0,0.0,0.0,0.0,0.0,0.0,0.0,0.0,971.9266730211675
88,87.66556842625141,73.6726075746119,76.6073192730546,74.18811924010515,72.31724045425653,63.58347558602691,57.733509719371796,57.407735265791416,52.913718800991774,48.61303826421499,41.25697849318385,36.856939032673836,34.110192626714706,28.99021228775382,26.924789272248745,23.029390089213848,19.585644409060478,17.697711013257504,15.847413074225187,12.150389142334461,9.843358967453241,7.622542545199394,5.533072926104069,4.205490291118622,2.872618865221739,3.045753553509712,0.9522196538746357,0.1836482733488083,0.033997416496276855,0.0050220787525177,0.0,0.0,0.0,0.0,0.0,0.0,0.0,0.0,0.0,0.0,0.0,0.0,0.0,0.0,0.0,0.0,0.0,0.0,0.0,0.0,955.4497166164219
89,91.42385580763221,81.37293769791722,83.19631586223841,77.25273936614394,70.11679417267442,66.95249826461077,62.454950235784054,58.522374253720045,50.06335246935487,48.09347556531429,42.560781203210354,37.55417301505804,34.032505840063095,29.743248227983713,26.433977123349905,23.46308808401227,19.855306930840015,17.045343048870564,14.1413748934865,11.98361574858427,9.922287717461586,7.95737636461854,6.060895536094904,4.499452579766512,3.175300419330597,2.0919833593070507,0.7705763354897499,0.13968220725655556,0.035743847489356995,0.015249457210302353,0.0002582669258117676,0.0,0.0,0.0,0.0,0.0,0.0,0.0,0.0,0.0,0.0,0.0,0.0,0.0,0.0,0.0,0.0,0.0,0.0,0.0,980.9315139017999
90,86.67568662762642,77.43128111958504,74.39934756606817,67.78852564841509,66.78383092582226,60.543800458312035,56.18497211113572,58.20282583683729,52.70071453601122,46.61202197521925,41.30582682043314,35.71396853402257,31.43904969841242,30.487117748707533,26.914147719740868,23.414368510246277,21.593189880251884,16.35655142366886,2.440810203552246e-05,12.136534046381712,10.290802482515574,7.574828218668699,6.0980851128697395,5.948361292481422,3.240511305630207,1.882145781069994,0.7302465364336967,0.1803109459578991,0.04976806044578552,1.0013580322265625e-05,0.0,0.0,0.0,0.0,0.0,0.0,0.0,0.0,0.0,0.0,0.0,0.0,0.0,0.0,0.0,0.0,0.0,0.0,0.0,0.0,922.6788553446531
91,90.22283843904734,77.90133114159107,75.96337551623583,67.73742742091417,69.13261470198631,65.50259125977755,58.24155854061246,52.58807861804962,47.368195466697216,43.670691933482885,39.510346472263336,36.082227259874344,32.4427861943841,29.079219222068787,23.771932639181614,20.617045637220144,18.962542217224836,15.451745931059122,13.664767399430275,11.010402277112007,8.539218004792929,8.087085966020823,5.396303601562977,3.8783968091011047,2.4019269831478596,1.3537482805550098,0.3490039259195328,0.03510192409157753,0.02630382403731346,5.066394805908203e-06,0.0,0.0,0.0,0.0,0.0,0.0,0.0,0.0,0.0,0.0,0.0,0.0,0.0,0.0,0.0,0.0,0.0,0.0,0.0,0.0,918.988812673837
92,83.79619228839874,71.30882662907243,72.8537993915379,70.90863398462534,64.3128656744957,60.75665419176221,56.842883694916964,53.14192034304142,47.94237382337451,45.05775546655059,40.86068968102336,36.20739648863673,32.1909214258194,29.317132975906134,24.507671058177948,21.928829431533813,19.54253712296486,16.228855829685926,13.635211050510406,11.405835684388876,9.424719668924809,8.211166873574257,5.497509833425283,3.5790144316852093,2.3667189739644527,1.014271255582571,0.3556242063641548,0.04432141035795212,0.025893207639455795,4.8764050006866455e-06,0.0,0.0,0.0,0.0,0.0,0.0,0.0,0.0,0.0,0.0,0.0,0.0,0.0,0.0,0.0,0.0,0.0,0.0,0.0,0.0,903.2662309743464
93,83.79551931098104,70.53473352268338,70.0408688262105,71.01321483403444,66.54189457371831,60.337491020560265,56.12448079511523,52.98622653633356,48.58171887695789,43.32940536364913,40.19765434414148,35.92540479823947,32.47009243071079,27.044125951826572,24.171973012387753,21.405607372522354,17.453827746212482,15.396593362092972,13.566875014454126,10.666578367352486,8.920962981879711,5.902812484651804,4.524000834673643,3.3534687496721745,2.1793795451521873,0.8965311162173748,0.13382871821522713,0.04198874905705452,0.029591422528028488,5.066394805908203e-06,0.0,0.0,0.0,0.0,0.0,0.0,0.0,0.0,0.0,0.0,0.0,0.0,0.0,0.0,0.0,0.0,0.0,0.0,0.0,0.0,887.5668557286263
94,83.88297173380852,73.41658645868301,71.9290396720171,67.18592300266027,63.627821534872055,57.67983580008149,56.04454253613949,52.612036775797606,48.21121858432889,43.90004084631801,39.899538807570934,35.535656835883856,33.28765940666199,28.31334811076522,25.308420281857252,21.256121069192886,18.7422606498003,16.51943726092577,13.37634003162384,11.359340243041515,9.223009258508682,7.111348126083612,5.084183506667614,4.492469947785139,2.1944125667214394,1.310545913875103,0.2683858051896095,0.03482779115438461,7.02589750289917e-06,0.0002652592957019806,0.0,0.0,0.0,0.0,0.0,0.0,0.0,0.0,0.0,0.0,0.0,0.0,0.0,0.0,0.0,0.0,0.0,0.0,0.0,0.0,891.8075948432088
95,83.93551664426923,74.32752621173859,72.05865304172039,67.64660438522696,65.66796908527613,63.34454092010856,56.39422058314085,52.84737677499652,48.26384403556585,44.69390205666423,40.18059993162751,36.33217518031597,32.14034391194582,28.645338267087936,25.108080573379993,21.396304808557034,17.12464915215969,15.946724653244019,13.988134704530239,10.929994240403175,8.871369823813438,6.737181298434734,5.354094207286835,3.7266999892890453,2.376831941306591,2.171006802469492,0.23254099115729332,0.03940679132938385,0.01696741208434105,0.0062775686383247375,0.0002502463757991791,0.0,0.0,0.0,0.0,0.0,0.0,0.0,0.0,0.0,0.0,0.0,0.0,0.0,0.0,0.0,0.0,0.0,0.0,0.0,900.505126234144
96,86.05838545039296,73.82686575874686,72.29122671484947,67.29862904921174,66.2251202352345,60.77551192417741,60.743268363177776,54.60098982229829,50.46373150497675,45.9808122292161,41.710035525262356,37.19707186892629,32.475357580929995,30.265885926783085,25.878162939101458,23.26897967979312,21.1195103302598,17.624043624848127,14.89100556075573,12.768675681203604,11.09355029463768,8.032848488539457,6.388306580483913,4.5391323789954185,3.2181052193045616,1.648783452808857,0.6526915840804577,0.047132525593042374,0.029600657522678375,0.018689695745706558,0.00025571510195732117,0.0,0.0,0.0,0.0,0.0,0.0,0.0,0.0,0.0,0.0,0.0,0.0,0.0,0.0,0.0,0.0,0.0,0.0,0.0,931.1323663629591
97,86.19475847110152,72.87930226325989,66.91335360333323,74.59352323785424,65.28467534855008,63.71977223455906,59.16285332292318,53.414631489664316,49.49155009910464,45.96012183278799,42.20651552081108,37.99182005599141,34.889667335897684,30.789926793426275,27.157348688691854,23.179286509752274,19.86838038638234,17.777687270194292,16.063606318086386,12.59753779694438,10.09823901951313,8.148173354566097,6.140947233885527,5.80548956617713,3.131578531116247,1.7739343605935574,0.7511536851525307,0.1402626819908619,0.030899755656719208,0.014334484934806824,0.0,0.0,0.0,0.0,0.0,0.0,0.0,0.0,0.0,0.0,0.0,0.0,0.0,0.0,0.0,0.0,0.0,0.0,0.0,0.0,936.1713312529027
98,86.62194061279297,73.67886494845152,71.5299781486392,70.55897258594632,67.17024311423302,62.880636762827635,60.64521648734808,52.50754180923104,48.69706338644028,46.09896485134959,41.44353597983718,36.94872986897826,33.563375540077686,29.7286194935441,25.637814193964005,22.56046335399151,19.229807797819376,15.64356792345643,13.344504106789827,12.30223798751831,9.344979833811522,7.3720164112746716,5.284455344080925,3.921098940074444,1.4840284958481789,2.416023999452591,1.1515984423458576,0.2640659175813198,0.01596974954009056,0.03436051309108734,0.007996108382940292,0.0,0.0,0.0,0.0,0.0,0.0,0.0,0.0,0.0,0.0,0.0,0.0,0.0,0.0,0.0,0.0,0.0,0.0,0.0,922.08867270872
99,85.94988058507442,74.05163443088531,70.40525321289897,70.87385438382626,67.07793828099966,63.79310732334852,59.4144128896296,53.523575600236654,49.92152130231261,44.61692241579294,42.285463362932205,38.00120139122009,32.41369299963117,29.727071948349476,25.965630058199167,22.88554511964321,19.78326389193535,17.152834620326757,15.281001642346382,12.07902441546321,9.661404840648174,7.631163585931063,5.935453280806541,4.225519187748432,4.103269778192043,1.6369511596858501,0.6917471997439861,0.08721386268734932,0.02703702077269554,0.013743437826633453,0.0,0.0,0.0,0.0,0.0,0.0,0.0,0.0,0.0,0.0,0.0,0.0,0.0,0.0,0.0,0.0,0.0,0.0,0.0,0.0,929.2163332290947
100,86.33481673151255,72.72788426280022,73.0757209919393,68.14947300776839,64.12376962974668,58.54393808171153,60.07053631544113,54.68755551427603,49.12327202782035,46.44985838979483,41.63974066451192,37.89168564602733,34.104582849889994,30.308581817895174,26.407603606581688,23.967649191617966,19.922694347798824,16.699305202811956,14.455483846366405,12.977371379733086,9.567273125052452,6.977959509938955,5.903159182518721,4.321082562208176,2.9354982152581215,1.6723630502820015,0.5125617645680904,1.1816620826721191e-05,0.000438448041677475,0.020086240023374557,6.724148988723755e-06,0.0,0.0,0.0,0.0,0.0,0.0,0.0,0.0,0.0,0.0,0.0,0.0,0.0,0.0,0.0,0.0,0.0,0.0,0.0,923.5719641447067

total time per move x,8860.649842768908,7660.5139887444675,7486.176511980593,7202.9710686691105,6797.130603350699,6353.741775073111,5880.008765667677,5463.1803132891655,5001.786782436073,4617.957700937986,4171.258961364627,3751.5818126127124,3369.991348620504,2944.1947804540396,2624.787400394678,2319.2870262116194,2028.9926415197551,1735.4368952065706,1414.9349428154528,1193.4260866977274,979.0178843773901,758.9488720819354,589.8935542739928,421.51834972947836,269.57076777517796,154.01884649693966,57.51481031626463,8.467529561370611,2.5267345793545246,0.7237893156707287,0.013071529567241669,0.0005051679909229279,0,0,0,0,0,0,0,0,0,0,0,0,0,0,0,0,0,0,94120.22396402061
average time per move x,88.60649842768908,76.60513988744468,74.86176511980594,72.0297106866911,67.97130603350699,63.53741775073111,58.800087656676766,54.631803132891655,50.01786782436073,46.17957700937986,41.712589613646266,37.51581812612712,33.69991348620504,29.441947804540394,26.24787400394678,23.192870262116195,20.289926415197552,17.354368952065705,14.149349428154528,11.934260866977274,9.790178843773901,7.589488720819354,5.8989355427399275,4.215183497294784,2.6957076777517797,1.5401884649693967,0.5751481031626463,0.08467529561370611,0.025267345793545247,0.0072378931567072865,0.0006224537889162699,0.00025258399546146393,nan,nan,nan,nan,nan,nan,nan,nan,nan,nan,nan,nan,nan,nan,nan,nan,nan,nan,941.2022396402061
std of time per move x,4.313097428384293,4.48422338773118,4.5109165153046105,3.882242750753628,3.5880444660372177,3.1440818619455637,3.198828869126168,3.036762064675197,2.726707812050469,2.64630185707545,2.4718618833150097,4.526040799028546,4.084478034544911,4.588776295345552,3.2144455448330644,1.8288537540272338,1.6242880457469275,1.480832530466997,2.756929940538163,1.606231786601641,1.3373848024520727,1.2404356940310526,0.8454581872569528,0.7232648415807752,0.5054858939009084,0.4611476011438472,0.4148792582209309,0.07149330567903651,0.01379569965188259,0.010532029909960852,0.0016926356412326515,2.0046094822993975e-06,nan,nan,nan,nan,nan,nan,nan,nan,nan,nan,nan,nan,nan,nan,nan,nan,nan,nan,40.84797116508661
err of average time,0.4313097428384293,0.4484223387731179,0.45109165153046105,0.3882242750753628,0.3588044466037218,0.31440818619455635,0.3198828869126168,0.3036762064675197,0.2726707812050469,0.264630185707545,0.24718618833150097,0.45260407990285456,0.40844780345449105,0.4588776295345552,0.32144455448330644,0.18288537540272337,0.16242880457469275,0.1480832530466997,0.2756929940538163,0.1606231786601641,0.13373848024520726,0.12404356940310526,0.08454581872569528,0.07232648415807752,0.05054858939009084,0.046114760114384715,0.04148792582209309,0.007149330567903652,0.001379569965188259,0.0010532029909960852,0.00036936337856803526,1.4174729585647583e-06,nan,nan,nan,nan,nan,nan,nan,nan,nan,nan,nan,nan,nan,nan,nan,nan,nan,nan,4.084797116508661
