Contains move time for player Roxanne
Colums refer to move numbers, rows to game numermove, 0, 1, 2, 3, 4, 5, 6, 7, 8, 9, 10, 11, 12, 13, 14, 15, 16, 17, 18, 19, 20, 21, 22, 23, 24, 25, 26, 27, 28, 29, 30, 31, 32, 33, 34, 35, 36, 37, 38, 39, 40, 41, 42, 43, 44, 45, 46, 47, 48, 49, total 
game 1, 0.0025874580000007086, 0.002583584000001693, 0.002867167000001558, 0.0025734999999968977, 0.0024895000000100254, 0.00225712499999986, 0.0021999169999986634, 0.002270249999995144, 0.0022566250000011223, 0.002019542000027741, 0.001872041000012814, 0.001823500000000422, 0.0018877910000014708, 0.0015985419999537953, 0.0015004580000095302, 0.0014270409999994627, 0.0013527079999562375, 0.0012900830000717178, 0.0010922080000455026, 0.0009559999999737556, 0.000903165999943667, 0.0008896660000345946, 0.0008081250000486762, 0.000742166999998517, 0.0007677920000332961, 0.0005549999999630018, 0.0005139590000453609, 0.00048470799993083347, 0.0005354999999553911, 0.0003820420000693048, 0.000292875000013737, 0.00018587500005651236, 7.366700003785809e-05, 0.04603958200018887
game 2, 0.0026576249999834545, 0.0025732909999760523, 0.002511791999950219, 0.002487458000018705, 0.002575999999976375, 0.0023712920000207305, 0.002335958000003302, 0.0023805420000826416, 0.0021351249999952415, 0.0020411670000157756, 0.001971916999991663, 0.0018167910000101983, 0.00171766700009357, 0.0016721659999348049, 0.0015266670000073645, 0.0014626249999309948, 0.001379417000180183, 0.0012423339999259042, 0.0011304580000341957, 0.0010792080001920112, 0.0009934169997904974, 0.0009136249998391577, 0.0007576250000056461, 0.0006543750000673754, 0.0005590409998603718, 0.00043083399987153825, 0.0003777499998705025, 0.0003394159998606483, 0.0003266660000917909, 0.00020837500005654874, 0.00017154199986180174, 0.00011954100000366452, 0.04492170699950293
game 3, 0.0026310839998586744, 0.0026832500000182335, 0.002547916000139594, 0.0025605420000829326, 0.002470583000103943, 0.002388000000109969, 0.0022643749998678686, 0.002290833999950337, 0.0022013749999132415, 0.002046667000058733, 0.0018526670000937884, 0.025937293000197315
game 4, 0.0026105420001840685, 0.002565541000194571, 0.0025487920001978637, 0.002488333999963288, 0.0024465829999371635, 0.002330000000029031, 0.0022666670001854072, 0.0021841249999852153, 0.0021157080000193673, 0.0020272500000828586, 0.0018791659999806143, 0.0017915410001023702, 0.0016939170000114245, 0.0015988749998996354, 0.001490041999886671, 0.0014519170001676684, 0.0013181670001358725, 0.0012489589998949668, 0.0011428339998929005, 0.0010433340000872704, 0.0009319169998889265, 0.000781624999945052, 0.0007315830000607093, 0.0007404999998925632, 0.0005945830000655405, 0.0005667499999617576, 0.0005086249998385028, 0.00046120799993332184, 0.00042174999998678686, 0.00040229199998975673, 0.0003722080000443384, 0.0003195840001808392, 0.04507491900062632
game 5, 0.002611791999925117, 0.0025689579999834677, 0.0025405840001440083, 0.0024413749999894208, 0.0024318749999565625, 0.002367875000118147, 0.002362124999990556, 0.0022606249999626016, 0.002155834000404866, 0.0019919999999729043, 0.001941250000072614, 0.0018816669999068836, 0.0017957500003831228, 0.0016656669999974838, 0.001491499999701773, 0.0014287499998317799, 0.001333167000211688, 0.0012706669999715814, 0.0011496669999360165, 0.001022833999741124, 0.0009198329998980626, 0.0008111669999379956, 0.0007160000000112632, 0.0006724579998262925, 0.0005460419997689314, 0.00043199999981879955, 0.00036108299991610693, 0.0002556250001362059, 0.0001830000001064036, 5.52090000383032e-05, 0.04366637899966008
game 6, 0.0026215419998152356, 0.002576541000053112, 0.0025077499999497377, 0.002468250000219996, 0.002396208999925875, 0.0023154169998633733, 0.002218166000147903, 0.0022334579998641857, 0.0020940000003975, 0.0020268749999559077, 0.0019334170001457096, 0.001873208000233717, 0.0017719590000524477, 0.0016672500000822765, 0.0015921250001156295, 0.0014991250000093714, 0.0014218339997569274, 0.0012949169999956212, 0.0012035419999847363, 0.001053833000241866, 0.0009629579999455018, 0.0009117499998865242, 0.0008309170002576138, 0.0007016250001470326, 0.0005988749999232823, 0.0004845829998885165, 0.00042812499987121555, 0.0003022910000254342, 0.0001791250001588196, 6.345900010273908e-05, 0.04423312600101781
game 7, 0.002628000000186148, 0.002591166999991401, 0.002529374999994616, 0.0024605830003565643, 0.0024072500000329455, 0.002311374999862892, 0.002275040999847988, 0.002181833000122424, 0.002082416999655834, 0.001991000000089116, 0.0018969590000779135, 0.0018105829999512935, 0.0017052910002348654, 0.0016012500000215368, 0.0014742090002073382, 0.001367834000120638, 0.001256666000244877, 0.0011604999999690335, 0.0010723340001277393, 0.0009562499999447027, 0.0008664580000186106, 0.000792792000083864, 0.0006967080003050796, 0.0006452080001508875, 0.0005462919998535654, 0.0004559580002023722, 0.0003596669998842117, 0.0002816669998537691, 0.00017849999994723476, 6.370900018737302e-05, 0.042646876001526834
game 8, 0.0026907500000561413, 0.0025859590000436583, 0.0025477499998487474, 0.0024775830001999566, 0.0023962079999364505, 0.002359541999794601, 0.0023160000000643777, 0.0021938340000815515, 0.0020224589998179, 0.021590084999843384
game 9, 0.002625667000302201, 0.002590375000181666, 0.0025310830001217255, 0.0024699169998712023, 0.002423207999981969, 0.002363291999699868, 0.0022549999998773274, 0.0021919579999121197, 0.002130166999904759, 0.002074957999866456, 0.0019518750000315777, 0.0018267079999532143, 0.0017663329999777488, 0.001652584000112256, 0.0015544160000899865, 0.001441000000340864, 0.0013341670000954764, 0.0012139999998908024, 0.001095458000236249, 0.0010175839997828007, 0.000894916999641282, 0.0008403749998251442, 0.0007677499997953419, 0.0006172499997774139, 0.0005407499993452802, 0.0004510830003709998, 0.00044312500085652573, 0.00033254099980695173, 0.00023104100000637118, 0.00010083300003316253, 6.345800011331448e-05, 0.04379287299980206
game 10, 0.0026116250000995933, 0.0025646659996709786, 0.0025409170002603787, 0.002485917000740301, 0.0023842079999667476, 0.0023484589992222027, 0.002269415999762714, 0.0022572919997401186, 0.0022033750001355656, 0.002125208000506973, 0.001976208000087354, 0.0018363749995842227, 0.002057374999822059, 0.0015855419997024, 0.0015123749999474967, 0.0014088329999140115, 0.0013654169997607823, 0.001271166999686102, 0.0011208329997316469, 0.0010207079994870583, 0.0008961250005086185, 0.0008464169995932025, 0.0007473750001736335, 0.0006937080006537144, 0.0005549170000449521, 0.0006017910000082338, 0.0004225829998176778, 0.00040837500000634464, 0.0002949999998236308, 0.0002777500003503519, 0.00016891599989321548, 6.341700009215856e-05, 0.04492228999879444
total time per move x, 0, 0.026276085000411342, 0.025883332000114834, 0.02567312600060845, 0.024913459001439264, 0.024421623999828057, 0.023412376998720674, 0.022762664999746107, 0.02244475099969634, 0.021397085000245397, 0.018344667000576464, 0.01727550000049405, 0.014660372999742322, 0.01439608300057671, 0.013041875999704189, 0.01214179199996579, 0.01148712500031479, 0.010761543000342044, 0.00999262699940573, 0.009007333999988987, 0.008149750999450589, 0.007368790999635166, 0.006787416999145535, 0.006056083000657964, 0.0054672910005137965, 0.00470829199889522, 0.0039779990000852194, 0.003414917000100104, 0.002865830999553509, 0.002350582000076429, 0.00155366900082754, 0.0010689989999264071, 0.0006884170003331747, 7.366700003785809e-05, 0, 0, 0, 0, 0, 0, 0, 0, 0, 0, 0, 0, 0, 0, 0, 0, 0.40282513000116005
average time per move x, 0.0, 0.0026276085000411344, 0.0025883332000114835, 0.0025673126000608447, 0.0024913459001439263, 0.002442162399982806, 0.0023412376998720673, 0.0022762664999746106, 0.002244475099969634, 0.0021397085000245397, 0.0018344667000576465, 0.001727550000049405, 0.0014660372999742322, 0.001439608300057671, 0.0013041875999704189, 0.0012141791999965789, 0.001148712500031479, 0.0010761543000342045, 0.0009992626999405728, 0.0009007333999988987, 0.0008149750999450589, 0.0007368790999635166, 0.0006787416999145535, 0.0006056083000657963, 0.0005467291000513796, 0.000470829199889522, 0.0003977999000085219, 0.0003414917000100104, 0.00028658309995535094, 0.0002350582000076429, 0.000155366900082754, 0.00010689989999264071, 6.884170003331746e-05, 7.366700003785809e-06, 0.0, 0.0, 0.0, 0.0, 0.0, 0.0, 0.0, 0.0, 0.0, 0.0, 0.0, 0.0, 0.0, 0.0, 0.0, 0.0, 0.040282513000116
