Contains move time for player Roxanne
Colums refer to move numbers, rows to game numermove, 0, 1, 2, 3, 4, 5, 6, 7, 8, 9, 10, 11, 12, 13, 14, 15, 16, 17, 18, 19, 20, 21, 22, 23, 24, 25, 26, 27, 28, 29, 30, 31, 32, 33, 34, 35, 36, 37, 38, 39, 40, 41, 42, 43, 44, 45, 46, 47, 48, 49, total 
game 1, 0.002683832999537117, 0.00259929200001352, 0.002554082999267848, 0.0025038750000021537, 0.002387917000305606, 0.002394375000221771, 0.0023247079998327536, 0.0022559170001841267, 0.0022191669995663688, 0.0021668749996024417, 0.0020414999999047723, 0.0018906659997810493, 0.0018504999998185667, 0.0017050000005838228, 0.0015599170001223683, 0.007398374999866064, 0.0013686669999515289, 0.0012555839994092821, 0.0011665410002024146, 0.001143040999522782, 0.0010391670002718456, 0.0008817500001896406, 0.0007431250005538459, 0.0007101250002961024, 0.0007182919998740545, 0.0005674579997503315, 0.0005976669999654405, 0.00045274999956745887, 0.0003390000001672888, 0.0002950830003101146, 0.00026037499992526136, 0.0002209169997513527, 0.0002231660000688862, 6.974999996600673e-05, 0.05258845799835399
game 2, 0.002651417000379297, 0.0026494169997022254, 0.0025286250001954613, 0.002494334000402887, 0.0024611670005469932, 0.0023784590002833284, 0.0023244579997481196, 0.0022786250001445296, 0.00218662499992206, 0.0020979159999114927, 0.0019683750006151968, 0.0018871659995056689, 0.0018060420006804634, 0.0017052919993147952, 0.0015792499998497078, 0.001463915999920573, 0.0016128749994095415, 0.0012425000004441245, 0.0012056670002493775, 0.0010691249999581487, 0.0009599999993952224, 0.0008390409993808134, 0.0007546670003648615, 0.0006427500002246234, 0.0006443749998652493, 0.0005422499998530839, 0.00045783299992763205, 0.0003248330003771116, 0.0003157089995511342, 0.00024345800011360552, 0.0001352499994027312, 0.04545141699964006
game 3, 0.002631833999657829, 0.0025964579999708803, 0.002500167000107467, 0.0024609160000181873, 0.0024121660007949686, 0.002389917000073183, 0.0022663339996142895, 0.0022135409999464173, 0.002094250000482134, 0.0020018330005768803, 0.001961500000106753, 0.0019630420001703897, 0.0018255839995617862, 0.0016985830006888136, 0.0016086670002550818, 0.0015187500002866727, 0.0014220419998309808, 0.001313665999987279, 0.0011885000003530877, 0.0011456250003902824, 0.0010220000003755558, 0.0009410000002390007, 0.0008761669996601995, 0.0007394590002149926, 0.0006385840006259969, 0.0005461250002554152, 0.0004080830003658775, 0.0003362499992363155, 0.0002570000006016926, 0.00011474999973870581, 0.045092793004187115
game 4, 0.002688042000045243, 0.0025989589994424023, 0.0025406250006199116, 0.002525083999898925, 0.00239758299994719, 0.002330041999812238, 0.002319458000783925, 0.0022972919996391283, 0.002215000000433065, 0.0021157920000405284, 0.0020087920001969906, 0.0018583330002002185, 0.0018423330002406146, 0.00171283300005598, 0.0017068330007532495, 0.0015732919991933159, 0.0014888750001773587, 0.0013480830002663424, 0.001269665999643621, 0.0011489589996926952, 0.001044499999807158, 0.0009391249996042461, 0.0008427499997196719, 0.0007182499994087266, 0.0006080419998397701, 0.000474374999612337, 0.0004262080001353752, 0.0004341670000940212, 0.0002917909996540402, 0.0002841670002453611, 0.00016970799970295047, 6.212500011315569e-05, 0.046281083999019756
game 5, 0.002695125000172993, 0.0026049170000987942, 0.00257029199929093, 0.002495457999430073, 0.002448457999889797, 0.002412707999610575, 0.002330083999368071, 0.0022490000001198496, 0.0021588749996226397, 0.001981583000087994, 0.023946499997691717
game 6, 0.0026479580001250724, 0.0025973749998229323, 0.002554957999564067, 0.0024817080002321745, 0.0024616250002509332, 0.002374167000198213, 0.002288500000759086, 0.002239542000097572, 0.0021772909994979273, 0.002064792000055604, 0.0019479579996186658, 0.0018007919998126454, 0.0017018329999700654, 0.0016257500001302105, 0.001502000000073167, 0.0013838340000802418, 0.0013035840001975885, 0.0011540409996086964, 0.0011412919993745163, 0.0011363749999873107, 0.0010610420004013577, 0.0009262909998142277, 0.0009342090006612125, 0.000781624999945052, 0.0007456250004906906, 0.0007161660005294834, 0.0006899170002725441, 0.0006597080000574351, 0.04509995800162869
game 7, 0.002682457999981125, 0.002598000000034517, 0.0025107080000452697, 0.002506458000425482, 0.002439375000903965, 0.0023634589997527655, 0.0022968749999563443, 0.002232416999504494, 0.002180041999963578, 0.0021000839997213916, 0.002050207999673148, 0.001939124999807973, 0.0018517919997975696, 0.0017385000001013395, 0.0016008340007829247, 0.0015425000001414446, 0.0014367500007210765, 0.0012911249996250262, 0.0012199590000818716, 0.001074709000022267, 0.000998334000541945, 0.0008806249988992931, 0.0007900830005382886, 0.000696917000823305, 0.0006157919997349381, 0.0005306250004650792, 0.0003864580012304941, 0.0003378750006959308, 0.0002255829986097524, 0.00010012500024458859, 5.425000017567072e-05, 0.04527204500300286
game 8, 0.002660000000105356, 0.002577792000010959, 0.0025488330011285143, 0.002479415999914636, 0.002456500000334927, 0.0023841250003897585, 0.002345333999983268, 0.002238209001006908, 0.0021612079999613343, 0.0020773329997609835, 0.0020114999988436466, 0.001949124998645857, 0.001817250000385684, 0.0016761249989940552, 0.0015669159984099679, 0.001454209001167328, 0.001344709000477451, 0.0012212080000608694, 0.0011944999987463234, 0.0010858749992621597, 0.0009144579998974223, 0.0009692090006865328, 0.0008245839999290183, 0.0007441670004482148, 0.000686624998706975, 0.0005429579996416578, 0.0005085829998279223, 0.0005499999988387572, 0.000399124999603373, 0.0002965420007967623, 0.00018724999972619116, 5.887500083190389e-05, 0.04593254299652472
game 9, 0.002648458001203835, 0.0025966249995690305, 0.0025413750008738134, 0.0025295420000475133, 0.0024313750000146683, 0.0023781250001775334, 0.002351082999666687, 0.0021369999994931277, 0.01961358300104621
game 10, 0.0026490000000194414, 0.0025789999999688007, 0.002532332999180653, 0.0025609169988456415, 0.0024608330004411982, 0.0023893749985290924, 0.0022808329995314125, 0.0021378749988798518, 0.01959016599539609
total time per move x, 0, 0.02663812500122731, 0.025997834998634062, 0.025381999000273936, 0.025037707999217673, 0.024356999003430246, 0.023794751999048458, 0.023127666999243957, 0.022279417999016005, 0.017392457999449107, 0.016606207999757316, 0.013989832998959173, 0.013288248997923802, 0.01269533400045475, 0.011862082999869017, 0.011124417000246467, 0.01633487600065564, 0.009977502000765526, 0.00882620699940162, 0.008386124998651212, 0.007803708998835646, 0.007039501000690507, 0.006377040998813754, 0.005765585001427098, 0.005033293001361017, 0.0046573349991376745, 0.003919957000107388, 0.0034747490017252858, 0.0030955829988670303, 0.0018282079981872812, 0.001334125001449138, 0.0008068329989328049, 0.0003419170006964123, 0.0002231660000688862, 6.974999996600673e-05, 0, 0, 0, 0, 0, 0, 0, 0, 0, 0, 0, 0, 0, 0, 0, 0.3888685469964912
average time per move x, 0.0, 0.0026638125001227308, 0.0025997834998634064, 0.0025381999000273934, 0.0025037707999217675, 0.0024356999003430245, 0.002379475199904846, 0.0023127666999243957, 0.0022279417999016005, 0.0017392457999449106, 0.0016606207999757317, 0.0013989832998959173, 0.00132882489979238, 0.001269533400045475, 0.0011862082999869016, 0.0011124417000246468, 0.001633487600065564, 0.0009977502000765525, 0.000882620699940162, 0.0008386124998651212, 0.0007803708998835645, 0.0007039501000690507, 0.0006377040998813754, 0.0005765585001427098, 0.0005033293001361017, 0.00046573349991376747, 0.0003919957000107388, 0.0003474749001725286, 0.000309558299886703, 0.0001828207998187281, 0.00013341250014491378, 8.06832998932805e-05, 3.4191700069641226e-05, 2.231660000688862e-05, 6.974999996600672e-06, 0.0, 0.0, 0.0, 0.0, 0.0, 0.0, 0.0, 0.0, 0.0, 0.0, 0.0, 0.0, 0.0, 0.0, 0.0, 0.03888685469964912
