Contains move time for player AlphaBeta5
Colums refer to move numbers, rows to game numermove, 0, 1, 2, 3, 4, 5, 6, 7, 8, 9, 10, 11, 12, 13, 14, 15, 16, 17, 18, 19, 20, 21, 22, 23, 24, 25, 26, 27, 28, 29, 30, 31, 32, 33, 34, 35, 36, 37, 38, 39, 40, 41, 42, 43, 44, 45, 46, 47, 48, 49, total 
game 1, 1.1777171249999583, 1.6213661670000192, 1.1446309159999828, 2.848783416999936, 5.076384707999978, 9.042753917000027, 6.430543707999959, 6.8028608750000785, 5.234692583000083, 3.859705541999915, 7.496286540999904, 11.639429417000088, 9.863077708999981, 4.067025416999968, 2.355640874999949, 3.8405199580000726, 5.041465083000048, 3.6128832500000954, 2.9359827920000043, 3.3190821670000332, 3.2619966250000516, 1.68965787500008, 0.6218094590000192, 0.6251932909999596, 0.3360481660000687, 0.14953304200003004, 0.05383154200001172, 0.013885791000006975, 0.0010468330000321657, 0.00010029200007011241, 104.16393508300041
game 2, 0.8947316669999736, 1.4998011249999763, 3.970849125000086, 2.2419544580000093, 2.7392349589999867, 7.6120287920000465, 6.309718750000002, 12.282018583000081, 8.453497707999986, 15.39504529099986, 12.329169791999902, 8.32676216599998, 12.293179291999877, 7.206591124999932, 15.286117957999977, 11.529799624999896, 11.278001584000094, 9.735973582999804, 2.8043879169999855, 2.24380604199996, 1.6716299580000396, 1.826577165999879, 1.0850913329998093, 0.44793429200012724, 0.32437366599992856, 0.06792524999991656, 0.03801995799994984, 0.0027827080000406568, 0.000718915999868841, 0.00023704099999122263, 159.89795982999897
game 3, 0.8632536669999809, 2.1101112500000454, 4.707360041999891, 3.7081680829999186, 27.57565054199995, 6.220083750000185, 8.53627887499988, 6.583016291999911, 7.612019584000109, 15.364103375000013, 7.608189833000097, 12.545917874999986, 10.043748125000093, 5.99195662499983, 6.647246166000059, 6.253184582999893, 4.502070125000046, 6.165675499999907, 3.188412834000019, 2.5527077090000603, 1.0258770420000474, 0.8526906249999229, 0.41742866599997797, 0.3165449999999055, 0.07787170799997511, 0.14363937500002066, 0.019739000000072338, 0.00236745899997004, 0.0007071249999626161, 0.00010612500000206637, 151.63612695999973
game 4, 0.7728579170000103, 1.5321085829998538, 2.5471311249998507, 2.6714757080001164, 5.470798625000043, 7.437059999999974, 10.51816137500009, 10.659356915999979, 14.242633458, 6.193527334000009, 11.423499624999977, 6.504698959000052, 8.989898541999992, 9.170477750000146, 7.916364707999946, 9.017833750000136, 4.35101587500003, 2.333892874999947, 1.6570530419999159, 0.10404316699987248, 0.33882733399991594, 0.1107222499999807, 0.22175499999980275, 0.07993941699987772, 0.048164416999952664, 0.10444120800002565, 0.027703499999915948, 0.007964833999949406, 0.0008783339999354212, 9.999999997489795e-05, 124.45438562799927
game 5, 0.89423591700006, 1.4997002499999326, 3.0483419590000267, 3.2716552500000944, 10.630466207999916, 7.695180250000021, 7.007518207999965, 6.556581541000014, 7.4669157910000195, 11.089997583000013, 4.084020791000057, 16.684015375000172, 12.066896167000095, 11.186251667000079, 9.082310124999822, 2.9941223329999502, 3.035663042000124, 2.285195749999957, 1.4080071670000507, 1.106159875000003, 0.9888797500000237, 0.6695376249999754, 0.8568452090000847, 0.2655029170000489, 0.25012066700014657, 0.14843374999986736, 0.0746577919999254, 0.005152124999995067, 0.0008682919999500882, 0.0003712079999331763, 0.00010012500001721492, 126.35370470900034
game 6, 0.7737985420001223, 1.4427256670001043, 2.8647568330000013, 5.691348166999887, 9.044933333000017, 15.43840883300004, 16.798371999999972, 11.586408749999919, 9.818716290999873, 31.843087417000106, 55.60522324999988, 10.802842499999997, 16.401535041999978, 6.2668787499999326, 6.939368624999815, 4.847011749999865, 3.5495589590000236, 2.973234166999873, 0.9895233330000792, 2.2964489999999387, 2.107761499999924, 1.2360650000000533, 0.37415633299997353, 0.18794720800019604, 0.13533800000004703, 0.10074987500001953, 0.027094916999885754, 0.004714707999937673, 0.0011307500001294102, 0.0004275409999081603, 9.858300018095179e-05, 220.14966562399968
game 7, 0.775329291999924, 1.5355262920002133, 2.3878285000000687, 7.026179584000147, 7.409673833999932, 7.1931774580000365, 7.011492582999836, 7.1021820840001055, 8.683834874999775, 13.111471708999943, 15.460450249999894, 11.871045584000058, 13.435565208000071, 13.784597582999822, 7.178273708000006, 4.9101250419998905, 4.701151999999865, 2.446119499999895, 1.099622540999917, 1.3633152079999036, 0.8440189170000849, 0.6060186669999439, 1.6442873749999762, 1.6270275409999613, 0.9055888340001275, 0.42554154200001904, 0.06836029199985205, 0.010231833999796436, 0.0010049170000456797, 9.7707999884733e-05, 144.619140461999
game 8, 0.7757413340000312, 1.852345624999998, 2.5415495410002222, 5.719458499999973, 6.053919417000088, 5.275573124999937, 10.558807833000174, 10.56868325000005, 2.988595083000064, 8.144405208999842, 7.591671791000181, 3.303412707999996, 5.952068749999853, 12.048397582999996, 9.845318874999975, 11.317054958999961, 5.843626332999975, 3.746946792000017, 2.5799427500001, 0.9722725839997111, 1.4877368749998823, 3.24966383400033, 3.098705792000146, 0.26373999999987063, 0.22478491599986228, 0.12154487499992683, 0.048205083000084414, 0.019124250000004395, 0.0025446670001656457, 0.00031070800014276756, 126.19615304200056
game 9, 0.893204292000064, 1.5002001660000133, 2.681645125000159, 4.428013291999832, 4.415674708000097, 5.361825958000281, 8.934767707999981, 7.274324709000211, 6.112996791000114, 34.876179542000045, 10.385837625000022, 6.483148375000383, 8.556741708000118, 12.425261750000118, 7.693451124999683, 3.496475792000183, 14.701299833000121, 12.827734792000228, 7.358052124999631, 3.429918291999911, 21.39643179099994, 3.781072416999905, 3.4797614160002013, 0.8535281670001496, 0.3729188749998684, 0.10020270799986974, 0.08161341599998195, 0.017829583000093407, 0.001363374999982625, 0.0004181670001344173, 9.799999997994746e-05, 193.9219916230013
game 10, 1.1822458749998077, 2.530699542000093, 2.7283932499999537, 3.638494124999852, 6.542734333999761, 9.105480083000202, 3.505217625000114, 5.101733166000031, 6.060395499999686, 5.572557292000056, 7.358899542000017, 5.168369374999656, 5.168854583000211, 11.845502499999839, 11.21087875000012, 8.808070999999927, 7.243098250000003, 12.2412061670002, 8.253410625000015, 5.543501957999979, 1.880002124999919, 1.809277709000071, 1.0617965419996835, 0.8487205420001374, 0.47056720799992036, 0.258925416999773, 0.11465479200023765, 0.0072832500000004075, 0.0008494999997310515, 0.00010424999982205918, 135.26192487699882
total time per move x, 0, 9.003115627999932, 17.12458466700025, 28.622486416000243, 41.245530583999766, 84.95947066799977, 80.38157216600075, 85.61087866499997, 84.51716616600038, 76.67429766399971, 145.4500802939998, 139.34324903999993, 93.32964233400037, 102.77156512600027, 93.99294074999966, 84.15497091499935, 67.01419879199977, 64.24695108400033, 58.368862375999925, 32.27439512599972, 22.931256001999373, 35.00316191699983, 15.831283168000141, 12.861637124999675, 5.516078375000234, 3.145776456999897, 1.6209370419994684, 0.5538802919999171, 0.09133654199979446, 0.011112708999803544, 0.002273039999863613, 0.00029670800017811416, 0, 0, 0, 0, 0, 0, 0, 0, 0, 0, 0, 0, 0, 0, 0, 0, 0, 0, 1486.6549878379979
average time per move x, 0.0, 0.9003115627999932, 1.7124584667000249, 2.8622486416000243, 4.124553058399977, 8.495947066799976, 8.038157216600075, 8.561087866499998, 8.451716616600038, 7.667429766399971, 14.54500802939998, 13.934324903999993, 9.332964233400038, 10.277156512600026, 9.399294074999966, 8.415497091499935, 6.701419879199977, 6.424695108400033, 5.836886237599993, 3.2274395125999717, 2.293125600199937, 3.5003161916999828, 1.583128316800014, 1.2861637124999674, 0.5516078375000234, 0.3145776456999897, 0.16209370419994684, 0.05538802919999171, 0.009133654199979446, 0.0011112708999803545, 0.0002273039999863613, 2.9670800017811416e-05, 0.0, 0.0, 0.0, 0.0, 0.0, 0.0, 0.0, 0.0, 0.0, 0.0, 0.0, 0.0, 0.0, 0.0, 0.0, 0.0, 0.0, 0.0, 148.6654987837998
