Results for game Edax11 against AlphaBeta1
Each cycle contains 100 games, where first half of games Edax11 is black and second half AlphaBeta1 is black
Number of cycles: 10
In first two columns winner gets 1 looser 0
last two columns refers to number of disc each player has at the end of the game

Cycle: 0
Edax11,AlphaBeta1,Discs_Edax11,Discs_AlphaBeta1
0,1,0,64
0,1,0,64
0,1,0,64
0,1,20,44
0,1,0,64
0,1,0,64
1,0,42,22
1,0,52,12
0,1,0,64
0,1,0,64
1,0,48,16
1,0,50,14
1,0,61,3
1,0,53,11
0,1,0,64
1,0,50,14
0,1,0,64
0,1,0,64
0,1,0,64
1,0,50,14
1,0,37,27
0,1,0,64
1,0,64,0
0,1,0,64
1,0,43,21
0,1,0,64
0,1,0,64
0,1,0,64
0,1,0,64
0,1,0,64
1,0,48,16
1,0,58,6
1,0,53,11
0,1,0,64
1,0,39,25
0,1,0,64
0,1,0,64
0,1,0,64
0,1,0,64
1,0,55,9
1,0,43,21
1,0,54,10
1,0,46,18
0,1,0,64
1,0,52,12
0,1,0,64
1,0,45,19
0,1,0,64
0,1,0,64
1,0,56,8
0,1,26,38
1,0,62,2
1,0,48,16
1,0,37,27
1,0,62,2
1,0,64,0
1,0,61,3
1,0,53,11
1,0,64,0
1,0,64,0
0,1,0,64
1,0,53,11
1,0,45,19
1,0,64,0
1,0,50,14
1,0,64,0
0,1,1,63
1,0,37,27
1,0,46,18
1,0,64,0
1,0,49,15
1,0,59,5
1,0,64,0
1,0,42,22
1,0,64,0
1,0,64,0
1,0,51,13
1,0,59,5
1,0,64,0
1,0,64,0
1,0,62,2
0,1,29,35
1,0,64,0
1,0,45,19
1,0,64,0
1,0,64,0
1,0,64,0
1,0,58,6
1,0,47,17
1,0,46,18
1,0,37,27
1,0,40,24
1,0,53,11
1,0,49,15
0,1,0,64
1,0,63,1
1,0,34,30
1,0,64,0
1,0,64,0
0,0,32,32

Cycle: 1
Edax11,AlphaBeta1,Discs_Edax11,Discs_AlphaBeta1
1,0,35,29
0,1,0,64
1,0,58,6
0,1,28,36
0,1,0,64
1,0,46,18
0,1,0,64
0,1,0,64
0,1,0,64
0,1,0,64
1,0,49,15
1,0,37,27
1,0,49,15
1,0,62,2
1,0,64,0
0,1,27,37
1,0,53,11
0,1,18,46
1,0,43,21
1,0,56,8
0,1,0,64
1,0,34,30
0,1,0,64
0,1,0,64
0,1,0,64
1,0,48,16
1,0,33,31
0,1,18,46
1,0,49,15
0,1,0,64
0,1,0,64
0,1,0,64
0,1,0,64
0,1,0,64
1,0,57,7
0,1,0,64
1,0,59,5
1,0,45,19
0,1,10,54
1,0,55,9
0,1,0,64
0,1,0,64
0,1,0,64
0,1,0,64
0,1,0,64
1,0,35,29
1,0,51,13
1,0,40,24
0,1,29,35
0,1,0,64
1,0,48,16
1,0,63,1
1,0,52,12
1,0,62,2
1,0,64,0
1,0,44,20
1,0,54,10
1,0,63,1
1,0,40,24
1,0,62,2
1,0,57,7
1,0,39,25
1,0,61,3
1,0,61,3
1,0,35,29
1,0,55,9
1,0,58,6
1,0,42,22
1,0,61,3
1,0,46,18
1,0,60,4
0,1,26,38
0,1,0,64
1,0,64,0
1,0,64,0
1,0,64,0
1,0,35,29
1,0,45,19
1,0,64,0
0,1,25,39
1,0,51,13
1,0,56,8
1,0,64,0
1,0,38,26
0,1,21,43
1,0,57,7
1,0,47,17
1,0,47,17
1,0,64,0
1,0,55,9
1,0,64,0
1,0,64,0
1,0,59,5
1,0,55,9
1,0,64,0
1,0,64,0
1,0,58,6
1,0,46,18
1,0,33,31
1,0,64,0

Cycle: 2
Edax11,AlphaBeta1,Discs_Edax11,Discs_AlphaBeta1
1,0,63,1
1,0,45,19
0,1,0,64
0,1,0,64
0,1,0,64
0,1,0,64
1,0,57,7
1,0,60,4
1,0,49,15
1,0,48,16
1,0,55,9
0,1,0,64
0,1,0,64
0,1,0,64
0,1,0,64
0,1,0,64
0,1,0,64
1,0,42,22
1,0,57,7
0,1,0,64
1,0,45,19
0,1,0,64
1,0,60,4
1,0,61,3
0,1,0,64
0,1,29,35
0,1,0,64
1,0,64,0
1,0,48,16
0,1,0,64
1,0,53,11
0,1,0,64
0,0,32,32
1,0,44,20
0,1,0,64
0,1,0,64
0,1,28,36
0,1,0,64
1,0,39,25
0,1,0,64
0,0,32,32
0,1,0,64
0,1,0,64
1,0,42,22
0,1,23,41
0,0,32,32
1,0,53,11
0,1,0,64
1,0,52,12
1,0,61,3
1,0,57,7
1,0,43,21
1,0,48,16
1,0,64,0
1,0,53,11
0,1,3,61
1,0,56,8
1,0,33,31
1,0,62,2
1,0,64,0
1,0,35,29
1,0,64,0
1,0,41,23
1,0,46,18
0,1,28,36
0,1,0,64
1,0,54,10
1,0,64,0
1,0,64,0
1,0,63,1
1,0,53,11
1,0,64,0
1,0,55,9
1,0,47,17
1,0,52,12
1,0,38,26
1,0,57,7
1,0,49,15
0,0,32,32
1,0,42,22
1,0,64,0
0,1,0,64
1,0,38,26
1,0,54,10
1,0,64,0
1,0,37,27
1,0,51,13
1,0,64,0
1,0,45,19
1,0,36,28
1,0,62,2
1,0,56,8
1,0,62,2
1,0,60,4
1,0,45,19
1,0,56,8
1,0,52,12
1,0,48,16
1,0,64,0
1,0,50,14

Cycle: 3
Edax11,AlphaBeta1,Discs_Edax11,Discs_AlphaBeta1
1,0,53,11
1,0,41,23
1,0,57,7
1,0,64,0
1,0,50,14
1,0,51,13
1,0,54,10
0,1,0,64
0,1,0,64
0,1,0,64
1,0,53,11
0,1,0,64
1,0,39,25
1,0,53,11
0,1,0,64
1,0,64,0
1,0,50,14
1,0,46,18
1,0,45,19
0,1,0,64
1,0,46,18
1,0,44,20
0,1,0,64
1,0,41,23
1,0,54,10
0,1,0,64
1,0,60,4
1,0,46,18
1,0,39,25
0,1,0,64
1,0,43,21
0,1,16,48
0,1,0,64
1,0,49,15
1,0,37,27
0,1,0,64
0,1,0,64
1,0,46,18
1,0,52,12
1,0,42,22
1,0,41,23
1,0,63,1
1,0,38,26
0,1,0,64
0,1,0,64
0,1,0,64
1,0,36,28
1,0,64,0
0,1,0,64
0,1,0,64
1,0,55,9
1,0,64,0
1,0,39,25
0,1,0,64
0,1,0,64
1,0,41,23
1,0,48,16
1,0,44,20
1,0,64,0
1,0,54,10
1,0,55,9
1,0,64,0
1,0,56,8
0,1,28,36
1,0,35,29
1,0,42,22
1,0,64,0
1,0,64,0
1,0,56,8
1,0,52,12
0,1,17,47
1,0,39,25
1,0,40,24
1,0,46,18
0,1,0,64
1,0,45,19
0,1,30,34
0,1,0,64
0,1,0,64
0,1,20,44
1,0,38,26
1,0,63,1
1,0,60,4
0,1,23,41
1,0,42,22
1,0,51,13
1,0,34,30
1,0,64,0
1,0,52,12
0,0,32,32
1,0,53,11
1,0,55,9
1,0,46,18
1,0,36,28
1,0,55,9
1,0,61,3
1,0,52,12
1,0,63,1
1,0,47,17
1,0,53,11

Cycle: 4
Edax11,AlphaBeta1,Discs_Edax11,Discs_AlphaBeta1
1,0,52,12
1,0,64,0
1,0,48,16
1,0,45,19
1,0,34,30
1,0,39,25
1,0,52,12
0,1,22,42
1,0,55,9
1,0,64,0
1,0,53,11
1,0,49,15
0,1,0,64
1,0,64,0
1,0,52,12
0,1,0,64
1,0,52,12
0,1,0,64
1,0,36,28
0,1,0,64
0,1,0,64
0,1,0,64
0,1,0,64
0,1,0,64
1,0,54,10
1,0,42,22
1,0,40,24
0,1,0,64
0,1,0,64
0,1,0,64
0,1,0,64
1,0,64,0
0,1,0,64
0,1,0,64
1,0,50,14
0,0,32,32
1,0,41,23
1,0,48,16
0,1,0,64
0,1,0,64
1,0,48,16
1,0,48,16
1,0,34,30
0,1,0,64
0,1,0,64
0,1,0,64
0,1,0,64
0,1,0,64
0,1,0,64
1,0,46,18
0,1,0,64
1,0,54,10
1,0,60,4
1,0,53,11
1,0,52,12
1,0,52,12
1,0,64,0
1,0,64,0
1,0,53,11
1,0,39,25
1,0,55,9
1,0,64,0
1,0,48,16
1,0,63,1
1,0,64,0
0,1,28,36
1,0,64,0
1,0,37,27
1,0,49,15
1,0,64,0
0,1,0,64
1,0,53,11
1,0,52,12
1,0,49,15
1,0,43,21
1,0,64,0
1,0,60,4
1,0,59,5
1,0,43,21
1,0,64,0
1,0,64,0
1,0,48,16
1,0,59,5
1,0,56,8
1,0,64,0
1,0,37,27
1,0,64,0
1,0,54,10
1,0,58,6
1,0,52,12
1,0,63,1
1,0,64,0
1,0,45,19
1,0,60,4
1,0,61,3
1,0,58,6
1,0,53,11
1,0,64,0
1,0,64,0
1,0,55,9

Cycle: 5
Edax11,AlphaBeta1,Discs_Edax11,Discs_AlphaBeta1
0,1,0,64
1,0,49,15
1,0,52,12
0,1,0,64
1,0,51,13
0,1,0,64
1,0,41,23
1,0,64,0
0,1,0,64
1,0,43,21
1,0,63,1
1,0,40,24
0,1,0,64
1,0,58,6
1,0,44,20
0,1,0,64
0,1,0,64
0,1,0,64
0,1,0,64
1,0,51,13
0,1,0,64
1,0,40,24
0,1,0,64
1,0,45,19
0,1,0,64
0,1,0,64
0,1,0,64
1,0,42,22
1,0,49,15
1,0,48,16
1,0,55,9
0,1,0,64
0,1,0,64
1,0,35,29
0,1,0,64
0,1,25,39
1,0,57,7
0,1,0,64
0,1,16,48
0,1,0,64
0,1,0,64
1,0,43,21
0,1,16,48
1,0,49,15
1,0,44,20
1,0,49,15
1,0,48,16
1,0,57,7
0,1,0,64
0,1,0,64
1,0,53,11
1,0,59,5
1,0,64,0
1,0,46,18
1,0,53,11
1,0,64,0
1,0,64,0
1,0,57,7
1,0,48,16
1,0,64,0
1,0,58,6
1,0,46,18
1,0,54,10
1,0,64,0
1,0,63,1
1,0,64,0
1,0,59,5
1,0,58,6
1,0,33,31
1,0,52,12
1,0,64,0
0,1,0,64
0,0,32,32
1,0,63,1
1,0,44,20
0,1,18,46
1,0,50,14
1,0,54,10
1,0,64,0
1,0,56,8
0,1,0,64
1,0,54,10
1,0,40,24
1,0,58,6
1,0,52,12
1,0,61,3
1,0,57,7
1,0,64,0
1,0,64,0
1,0,64,0
0,1,31,33
1,0,35,29
1,0,49,15
1,0,56,8
1,0,59,5
1,0,64,0
1,0,64,0
0,1,29,35
1,0,64,0
1,0,46,18

Cycle: 6
Edax11,AlphaBeta1,Discs_Edax11,Discs_AlphaBeta1
0,1,23,41
1,0,54,10
0,1,0,64
1,0,52,12
1,0,40,24
0,1,22,42
0,1,0,64
1,0,52,12
1,0,56,8
1,0,48,16
1,0,44,20
1,0,50,14
1,0,50,14
0,1,0,64
0,1,0,64
0,1,0,64
0,1,14,50
0,1,0,64
0,1,0,64
1,0,59,5
1,0,55,9
1,0,50,14
1,0,45,19
1,0,63,1
1,0,64,0
0,1,0,64
1,0,64,0
0,1,0,64
0,1,0,64
1,0,48,16
0,1,0,64
0,1,0,64
1,0,60,4
0,1,0,64
1,0,59,5
1,0,51,13
1,0,56,8
0,1,0,64
1,0,61,3
1,0,59,5
0,1,0,64
0,1,0,64
1,0,60,4
1,0,51,13
0,1,0,64
1,0,56,8
0,1,0,64
0,1,0,64
0,1,0,64
1,0,52,12
1,0,50,14
1,0,44,20
1,0,64,0
1,0,62,2
1,0,64,0
1,0,52,12
1,0,61,3
1,0,53,11
0,1,0,64
1,0,64,0
1,0,51,13
1,0,51,13
1,0,64,0
1,0,39,25
1,0,40,24
1,0,63,1
1,0,63,1
1,0,50,14
1,0,64,0
1,0,56,8
1,0,47,17
1,0,56,8
1,0,48,16
1,0,57,7
1,0,41,23
1,0,50,14
1,0,64,0
1,0,49,15
1,0,46,18
1,0,44,20
1,0,59,5
1,0,43,21
1,0,64,0
1,0,42,22
1,0,42,22
1,0,60,4
0,1,28,36
1,0,56,8
1,0,64,0
0,1,25,39
1,0,52,12
1,0,56,8
1,0,61,3
1,0,39,25
1,0,56,8
1,0,64,0
1,0,46,18
1,0,64,0
1,0,39,25
1,0,64,0

Cycle: 7
Edax11,AlphaBeta1,Discs_Edax11,Discs_AlphaBeta1
1,0,52,12
0,1,0,64
0,1,0,64
1,0,48,16
0,1,0,64
1,0,58,6
0,1,0,64
1,0,55,9
1,0,58,6
1,0,60,4
0,1,0,64
0,1,0,64
1,0,50,14
1,0,37,27
0,1,0,64
0,1,0,64
0,1,0,64
0,1,0,64
1,0,60,4
1,0,59,5
1,0,53,11
1,0,48,16
0,1,0,64
1,0,57,7
1,0,47,17
1,0,64,0
0,1,0,64
0,1,0,64
1,0,37,27
0,1,0,64
1,0,64,0
0,1,0,64
1,0,52,12
0,1,0,64
1,0,49,15
0,1,0,64
0,1,0,64
0,1,0,64
0,1,0,64
0,1,0,64
1,0,58,6
1,0,50,14
1,0,57,7
1,0,44,20
0,1,0,64
1,0,57,7
0,1,0,64
0,1,24,40
1,0,43,21
0,1,0,64
0,1,0,64
1,0,35,29
1,0,52,12
1,0,64,0
1,0,33,31
1,0,57,7
1,0,46,18
1,0,38,26
1,0,53,11
1,0,64,0
1,0,58,6
1,0,58,6
1,0,56,8
1,0,60,4
1,0,43,21
1,0,56,8
1,0,64,0
0,1,0,64
1,0,64,0
1,0,59,5
1,0,64,0
0,0,32,32
1,0,64,0
1,0,48,16
1,0,64,0
1,0,48,16
1,0,64,0
1,0,60,4
1,0,64,0
1,0,56,8
0,1,11,53
1,0,61,3
1,0,64,0
0,1,27,37
1,0,57,7
0,1,24,40
1,0,34,30
1,0,64,0
1,0,64,0
1,0,64,0
1,0,58,6
1,0,64,0
1,0,59,5
1,0,47,17
1,0,64,0
1,0,33,31
0,1,0,64
1,0,47,17
1,0,34,30
1,0,45,19

Cycle: 8
Edax11,AlphaBeta1,Discs_Edax11,Discs_AlphaBeta1
1,0,58,6
0,1,29,35
0,1,0,64
1,0,58,6
0,1,0,64
0,1,0,64
1,0,49,15
0,1,0,64
0,1,0,64
0,1,0,64
1,0,46,18
1,0,57,7
0,1,29,35
1,0,55,9
1,0,52,12
0,1,0,64
0,1,0,64
1,0,64,0
0,1,0,64
1,0,49,15
0,1,26,38
1,0,52,12
1,0,42,22
0,1,0,64
0,1,0,64
1,0,52,12
1,0,42,22
0,1,0,64
1,0,44,20
1,0,39,25
1,0,50,14
0,1,8,56
1,0,59,5
0,1,0,64
0,1,0,64
1,0,53,11
0,1,0,64
0,1,0,64
0,1,0,64
0,1,0,64
1,0,51,13
1,0,49,15
1,0,55,9
0,1,0,64
0,1,0,64
0,1,0,64
1,0,39,25
0,1,0,64
1,0,53,11
1,0,58,6
1,0,54,10
1,0,64,0
1,0,39,25
0,1,23,41
1,0,55,9
1,0,64,0
1,0,64,0
1,0,64,0
1,0,64,0
1,0,64,0
1,0,64,0
1,0,39,25
1,0,38,26
1,0,64,0
1,0,64,0
1,0,64,0
1,0,64,0
1,0,46,18
1,0,59,5
1,0,58,6
1,0,64,0
1,0,45,19
1,0,40,24
1,0,52,12
1,0,64,0
1,0,50,14
1,0,44,20
1,0,42,22
0,1,0,64
1,0,59,5
1,0,56,8
1,0,64,0
1,0,48,16
1,0,48,16
1,0,45,19
1,0,64,0
1,0,59,5
0,1,28,36
1,0,58,6
1,0,44,20
1,0,64,0
1,0,52,12
1,0,49,15
1,0,38,26
1,0,63,1
1,0,41,23
1,0,56,8
1,0,64,0
0,1,10,54
1,0,64,0

Cycle: 9
Edax11,AlphaBeta1,Discs_Edax11,Discs_AlphaBeta1
1,0,49,15
1,0,40,24
1,0,64,0
0,1,0,64
1,0,51,13
0,1,0,64
1,0,52,12
0,1,0,64
1,0,59,5
0,1,0,64
0,1,0,64
1,0,37,27
0,1,0,64
1,0,55,9
1,0,54,10
0,1,0,64
1,0,51,13
0,1,0,64
0,1,0,64
1,0,64,0
1,0,41,23
0,1,19,45
0,1,0,64
0,1,0,64
1,0,54,10
0,1,0,64
1,0,59,5
1,0,50,14
0,1,0,64
1,0,64,0
0,1,0,64
1,0,50,14
1,0,46,18
1,0,54,10
1,0,51,13
1,0,49,15
0,1,0,64
1,0,51,13
1,0,59,5
1,0,34,30
0,1,0,64
0,1,18,46
0,1,0,64
1,0,63,1
1,0,51,13
0,1,12,52
0,1,3,61
1,0,54,10
0,1,0,64
0,1,0,64
1,0,48,16
1,0,38,26
1,0,64,0
1,0,58,6
1,0,46,18
1,0,64,0
0,0,32,32
1,0,64,0
1,0,43,21
1,0,50,14
1,0,64,0
1,0,64,0
1,0,52,12
1,0,42,22
1,0,38,26
1,0,64,0
1,0,61,3
1,0,38,26
1,0,64,0
1,0,64,0
1,0,59,5
1,0,60,4
1,0,44,20
1,0,37,27
1,0,50,14
1,0,52,12
1,0,47,17
1,0,64,0
1,0,47,17
1,0,55,9
0,1,26,38
1,0,51,13
1,0,45,19
1,0,56,8
1,0,64,0
1,0,63,1
1,0,34,30
1,0,58,6
1,0,52,12
1,0,54,10
1,0,64,0
1,0,44,20
1,0,59,5
1,0,59,5
1,0,63,1
0,1,0,64
1,0,64,0
1,0,54,10
1,0,64,0
1,0,64,0
