Contains move time for player AlphaBeta5; opponent is Edax21
Colums refer to move number, rows to game number
game,1,2,3,4,5,6,7,8,9,10,11,12,13,14,15,16,17,18,19,20,21,22,23,24,25,26,27,28,29,30,31,32,33,34,35,36,37,38,39,40,41,42,43,44,45,46,47,48,49,50,total
1,1.9941901341080666,2.1855301558971405,3.769773706793785,3.7808560021221638,14.031798887997866,17.918584570288658,21.947419553995132,26.846579615026712,20.87870590388775,10.036335330456495,17.614429093897343,0.004099011421203613,19.235251538455486,12.996875889599323,12.431064661592245,7.438924703747034,0.004086006432771683,6.85774727165699,1.166044943034649,0.9386986456811428,1.510013572871685,0.2117924839258194,0.2587752975523472,0.060506660491228104,0.0020575709640979767,0.0,0.0,0.0,0.0,0.0,0.0,0.0,0.0,0.0,0.0,0.0,0.0,0.0,0.0,0.0,0.0,0.0,0.0,0.0,0.0,0.0,0.0,0.0,0.0,0.0,204.12014121189713
2,1.8215105086565018,2.1706479117274284,3.725810505449772,3.759981159120798,14.06315777078271,18.08327142521739,21.833570260554552,27.03255534917116,20.9835568331182,9.948568653315306,17.694038897752762,21.201489981263876,16.79108226671815,18.735611755400896,9.7238949239254,12.712599579244852,17.943291503936052,0.002750784158706665,0.003344528377056122,2.582642689347267,1.8487999215722084,1.1353442072868347,0.0016278363764286041,0.6426807194948196,0.2601938061416149,0.1955426260828972,0.11303997039794922,0.0011911354959011078,0.0005638562142848969,0.0018901452422142029,0.00028117746114730835,0.0,0.0,0.0,0.0,0.0,0.0,0.0,0.0,0.0,0.0,0.0,0.0,0.0,0.0,0.0,0.0,0.0,0.0,0.0,245.01453268900514
3,1.866954606026411,2.175630919635296,0.006528656929731369,6.244485478848219,10.146250121295452,7.244724281132221,12.10313468426466,7.756997361779213,10.352552957832813,8.397914391011,5.8658517226576805,8.26499854773283,6.83580519258976,8.75571471452713,5.152678143233061,3.2039325572550297,5.592341799288988,3.1565236411988735,3.075374089181423,4.000641390681267,2.6614409126341343,0.002025328576564789,2.157750941812992,0.0017709806561470032,0.3370257131755352,0.21891247481107712,0.09623919799923897,0.0007072761654853821,0.0006505921483039856,0.0010216720402240753,0.0003088340163230896,0.0,0.0,0.0,0.0,0.0,0.0,0.0,0.0,0.0,0.0,0.0,0.0,0.0,0.0,0.0,0.0,0.0,0.0,0.0,125.67688918113708
4,1.8308585472404957,2.2615561485290527,3.9399291202425957,3.7776309438049793,13.984298169612885,18.029825024306774,21.846277203410864,27.266966804862022,21.147028606384993,10.046605758368969,17.736925829201937,21.370196003466845,16.6841748803854,18.863277178257704,9.840715277940035,12.941537544131279,17.7499564178288,17.102519378066063,21.065172236412764,13.077482834458351,1.3636965826153755,0.4209364801645279,0.905763253569603,0.00209132581949234,0.0013037696480751038,0.0015141814947128296,0.0008795112371444702,0.020540572702884674,0.0017508305609226227,0.00033900514245033264,0.0,0.0,0.0,0.0,0.0,0.0,0.0,0.0,0.0,0.0,0.0,0.0,0.0,0.0,0.0,0.0,0.0,0.0,0.0,0.0,293.281749419868
5,1.9204812459647655,2.2841565683484077,3.851443238556385,3.801230102777481,14.158874467015266,0.012548182159662247,14.851436838507652,22.494205001741648,20.179441541433334,22.917202085256577,3.666235338896513,8.104984153062105,2.8240096531808376,6.5828329510986805,13.641407433897257,8.434114087373018,6.68914519995451,2.435236468911171,4.978689093142748,5.233066886663437,3.671798776835203,3.687821354717016,1.0085526406764984,1.3945290260016918,0.40161100775003433,0.387794878333807,0.15247581154108047,0.023032881319522858,0.0019665881991386414,0.00021173059940338135,0.0,0.0,0.0,0.0,0.0,0.0,0.0,0.0,0.0,0.0,0.0,0.0,0.0,0.0,0.0,0.0,0.0,0.0,0.0,0.0,179.79053523391485
6,1.6971383318305016,2.5036666356027126,2.8537529036402702,8.075939130038023,8.246741242706776,13.436574954539537,3.489103950560093,2.882833130657673,1.1388077549636364,0.004234436899423599,0.0,0.0,0.0,0.0,0.0,0.0,0.0,0.0,0.0,0.0,0.0,0.0,0.0,0.0,0.0,0.0,0.0,0.0,0.0,0.0,0.0,0.0,0.0,0.0,0.0,0.0,0.0,0.0,0.0,0.0,0.0,0.0,0.0,0.0,0.0,0.0,0.0,0.0,0.0,0.0,44.328792471438646
7,1.699652023613453,2.4703227505087852,6.1538673825562,3.075065888464451,0.005381785333156586,17.14052777737379,13.447827521711588,1.8268395066261292,6.093675833195448,6.801581468433142,2.97768272459507,5.737387407571077,16.295237362384796,7.3093140460550785,4.231731727719307,4.4646629728376865,1.1883625835180283,3.9643859677016735,11.830927096307278,7.216472331434488,6.645617827773094,1.3848343752324581,5.281591184437275,3.34777894243598,0.8783832900226116,0.3003007434308529,0.0017124786972999573,0.0655759759247303,0.0055007971823215485,0.0004580952227115631,0.0,0.0,0.0,0.0,0.0,0.0,0.0,0.0,0.0,0.0,0.0,0.0,0.0,0.0,0.0,0.0,0.0,0.0,0.0,0.0,141.84265986829996
8,1.7868189476430416,2.466606728732586,3.081067606806755,0.005868822336196899,9.068038515746593,20.381269566714764,11.130127098411322,12.365815430879593,14.839503020048141,18.34606971219182,14.048767693340778,15.596741136163473,7.4559975527226925,2.755762778222561,3.3652435541152954,5.187984798103571,1.5678047202527523,1.0794650353491306,0.6991655752062798,2.930088683962822,2.1841937080025673,2.207904566079378,1.5363972522318363,0.6912385635077953,0.7300358898937702,0.3311253897845745,0.07703223079442978,0.0554109551012516,0.00460829958319664,0.00038123875856399536,0.0,0.0,0.0,0.0,0.0,0.0,0.0,0.0,0.0,0.0,0.0,0.0,0.0,0.0,0.0,0.0,0.0,0.0,0.0,0.0,155.97653507068753
9,1.6913059018552303,2.49831285700202,2.868407294154167,0.006181392818689346,3.916531704366207,2.293997395783663,5.775316245853901,3.3191244080662727,1.6017426438629627,3.0208592787384987,3.6826021522283554,2.6021020747721195,1.8303016126155853,5.5903153121471405,8.650780327618122,0.0034134574234485626,10.481518879532814,4.748212326318026,0.9755031280219555,1.6711065471172333,0.002250783145427704,0.0030556805431842804,1.1315802223980427,0.6122806631028652,0.45598627626895905,0.6306505277752876,0.17343208938837051,0.07898329943418503,0.004281401634216309,0.0021043308079242706,0.0003908425569534302,0.0,0.0,0.0,0.0,0.0,0.0,0.0,0.0,0.0,0.0,0.0,0.0,0.0,0.0,0.0,0.0,0.0,0.0,0.0,70.32263105735183
10,1.669573925435543,2.5188152827322483,2.8922125846147537,0.007728256285190582,4.735526196658611,5.900140505284071,6.569197569042444,4.278442099690437,0.004601120948791504,3.3884507454931736,9.590747270733118,5.5083197467029095,0.0039705075323581696,5.923953462392092,8.437153045088053,0.0033477097749710083,3.5913436971604824,0.004044819623231888,13.269588477909565,0.0025757774710655212,2.5244953744113445,0.002231743186712265,1.6085599139332771,2.1711603328585625,0.8206353858113289,0.6175634153187275,0.09950112923979759,0.11303737014532089,0.005748219788074493,0.0006172023713588715,0.0,0.0,0.0,0.0,0.0,0.0,0.0,0.0,0.0,0.0,0.0,0.0,0.0,0.0,0.0,0.0,0.0,0.0,0.0,0.0,86.26328288763762
11,1.827807817608118,2.175323061645031,3.7433971352875233,0.0057105571031570435,11.228805061429739,17.593626894056797,13.571422219276428,9.9314567707479,4.524122469127178,4.18225684016943,6.86172703281045,6.986575424671173,6.935767307877541,3.9111813753843307,4.717938110232353,7.185187820345163,8.153539415448904,3.3449308909475803,5.24437690153718,2.247222490608692,0.8961141221225262,0.43643277138471603,0.0026863478124141693,0.4224603399634361,0.0017745494842529297,0.001459416002035141,0.25388146564364433,0.0008144602179527283,0.003946345299482346,0.0008267834782600403,0.0,0.0,0.0,0.0,0.0,0.0,0.0,0.0,0.0,0.0,0.0,0.0,0.0,0.0,0.0,0.0,0.0,0.0,0.0,0.0,126.39277219772339
12,1.8468694388866425,2.2165888510644436,3.7599349431693554,3.784281726926565,6.852993059903383,15.600494667887688,11.545476511120796,17.579888302832842,15.60840180888772,10.656434122473001,8.332858953624964,9.38769119605422,9.940384965389967,16.130035672336817,16.000186901539564,0.0033854320645332336,6.464812740683556,5.320699371397495,4.873254004865885,3.4465635679662228,2.4455533735454082,1.828316006809473,1.5363879390060902,0.8710212260484695,0.26617587357759476,0.1123749166727066,0.08625788241624832,0.022743795067071915,0.00357978418469429,0.0008833147585391998,0.0,0.0,0.0,0.0,0.0,0.0,0.0,0.0,0.0,0.0,0.0,0.0,0.0,0.0,0.0,0.0,0.0,0.0,0.0,0.0,176.52453035116196
13,1.8359035812318325,2.2115245424211025,3.785702906548977,3.791206955909729,14.229507848620415,17.412619672715664,12.046459171921015,5.826476968824863,16.064460892230272,12.418786369264126,11.894124239683151,22.322458188980818,16.547794319689274,17.509318351745605,14.702995080500841,5.350183941423893,12.613996762782335,5.380282614380121,2.6648602038621902,2.102125544101,2.555074319243431,1.2014280259609222,0.8177529610693455,0.33970368281006813,0.8321754932403564,0.3273061066865921,0.0009510815143585205,0.000687718391418457,0.0006565935909748077,0.00044297054409980774,0.0,0.0,0.0,0.0,0.0,0.0,0.0,0.0,0.0,0.0,0.0,0.0,0.0,0.0,0.0,0.0,0.0,0.0,0.0,0.0,206.7869671098888
14,1.8116515427827835,4.480041641741991,5.3556718826293945,9.85293611139059,13.668410312384367,22.99727362021804,12.72053262591362,6.047165174037218,3.1860681623220444,22.045696076005697,37.518567748367786,32.86098152026534,14.545342791825533,6.299862343817949,3.371906578540802,2.077861323952675,2.851878970861435,2.3207594715058804,3.1129971370100975,0.0023704729974269867,0.0020855478942394257,0.0018490403890609741,0.0016102790832519531,0.0015120245516300201,0.002047322690486908,0.0016919709742069244,0.0014943219721317291,0.0022762715816497803,0.0009151175618171692,0.019894056022167206,0.0004682503640651703,0.00039661675691604614,0.0,0.0,0.0,0.0,0.0,0.0,0.0,0.0,0.0,0.0,0.0,0.0,0.0,0.0,0.0,0.0,0.0,0.0,207.1642163284123
15,1.8402043879032135,2.2148103937506676,3.713687229901552,3.7433453649282455,14.095239199697971,18.213987305760384,21.885701805353165,22.081932846456766,11.371803492307663,18.237245563417673,18.729888137429953,11.662632051855326,18.348924290388823,13.81275088712573,7.193979918956757,11.176995132118464,9.214211285114288,2.0696194283664227,2.541793644428253,1.3153094463050365,2.36757068708539,0.003378581255674362,4.654258698225021,0.0016327686607837677,0.37641967833042145,0.1715087890625,0.10216331481933594,0.02166866883635521,0.003865361213684082,0.00034478679299354553,0.0,0.0,0.0,0.0,0.0,0.0,0.0,0.0,0.0,0.0,0.0,0.0,0.0,0.0,0.0,0.0,0.0,0.0,0.0,0.0,221.1668731458485
16,1.7221058495342731,2.609611190855503,2.819675426930189,7.938290309160948,10.574743464589119,10.271584115922451,12.324161380529404,12.022984802722931,9.843359470367432,29.233636170625687,21.332400672137737,10.536143999546766,14.363579783588648,7.059903059154749,5.680142402648926,1.9087270684540272,0.0029757171869277954,0.0,0.0,0.0,0.0,0.0,0.0,0.0,0.0,0.0,0.0,0.0,0.0,0.0,0.0,0.0,0.0,0.0,0.0,0.0,0.0,0.0,0.0,0.0,0.0,0.0,0.0,0.0,0.0,0.0,0.0,0.0,0.0,0.0,160.24402488395572
17,1.6766293086111546,2.6453997306525707,2.724664818495512,0.005409616976976395,6.8185626566410065,17.44345163181424,23.62489526718855,13.972785964608192,13.689054232090712,10.290415827184916,6.0832033306360245,1.139918390661478,2.1754609011113644,4.107711002230644,5.820921905338764,0.00324283167719841,6.392336972057819,3.5906768552958965,0.0025347545742988586,3.9770339019596577,3.7261239364743233,1.4320515990257263,0.6334692090749741,0.8260035812854767,0.0015319474041461945,0.00171675905585289,0.0015642084181308746,0.0015170127153396606,0.001237340271472931,0.0008104071021080017,0.0031192004680633545,0.00035222992300987244,0.0,0.0,0.0,0.0,0.0,0.0,0.0,0.0,0.0,0.0,0.0,0.0,0.0,0.0,0.0,0.0,0.0,0.0,132.8138073310256
18,1.7000698633491993,2.4848006293177605,2.8581864200532436,8.022294640541077,8.214545492082834,14.574080172926188,14.164997037500143,4.773534718900919,4.825535032898188,9.993918009102345,9.31966495886445,11.033243123441935,22.387025635689497,14.305666465312243,10.7998351380229,10.789236880838871,10.971111584454775,10.650670148432255,4.3408984281122684,2.266399100422859,1.8003275990486145,0.0018978305160999298,0.0019012056291103363,0.0030390992760658264,0.923507533967495,0.5271468199789524,0.3113638386130333,0.2892158515751362,0.04647760093212128,0.011284850537776947,0.00039132311940193176,0.0003812834620475769,0.0,0.0,0.0,0.0,0.0,0.0,0.0,0.0,0.0,0.0,0.0,0.0,0.0,0.0,0.0,0.0,0.0,0.0,182.3926483169198
19,1.6947808340191841,2.4987328946590424,2.8661474026739597,7.961247555911541,8.193469233810902,13.365526732057333,3.39959966391325,2.8278153836727142,1.129977434873581,0.004246193915605545,0.0,0.0,0.0,0.0,0.0,0.0,0.0,0.0,0.0,0.0,0.0,0.0,0.0,0.0,0.0,0.0,0.0,0.0,0.0,0.0,0.0,0.0,0.0,0.0,0.0,0.0,0.0,0.0,0.0,0.0,0.0,0.0,0.0,0.0,0.0,0.0,0.0,0.0,0.0,0.0,43.94154332950711
20,0.012304935604333878,2.5316091887652874,2.8182409033179283,8.123154819011688,8.170827858150005,13.392823290079832,3.457538563758135,2.8619620464742184,1.1274645365774632,0.009120441973209381,0.0,0.0,0.0,0.0,0.0,0.0,0.0,0.0,0.0,0.0,0.0,0.0,0.0,0.0,0.0,0.0,0.0,0.0,0.0,0.0,0.0,0.0,0.0,0.0,0.0,0.0,0.0,0.0,0.0,0.0,0.0,0.0,0.0,0.0,0.0,0.0,0.0,0.0,0.0,0.0,42.5050465837121
21,1.8589442819356918,2.2028959803283215,3.718794383108616,3.827229328453541,13.997972700744867,0.005188029259443283,21.559205889701843,4.719729620963335,17.494231272488832,15.660029094666243,6.246690463274717,15.685647681355476,4.061718195676804,12.694236390292645,4.362369567155838,5.988090142607689,4.147351924329996,5.874975476413965,5.005915429443121,0.8666833750903606,0.3825535625219345,0.4784388206899166,0.23495186492800713,0.39434950798749924,0.213748037815094,0.17706432193517685,0.20196077227592468,0.0275505930185318,0.0007299669086933136,0.00031727924942970276,0.0,0.0,0.0,0.0,0.0,0.0,0.0,0.0,0.0,0.0,0.0,0.0,0.0,0.0,0.0,0.0,0.0,0.0,0.0,0.0,152.08956395462155
22,1.8475756384432316,2.1844952516257763,3.7082178220152855,3.745358996093273,13.954787224531174,17.985502656549215,21.765560500323772,26.696679431945086,20.958770278841257,9.9997275210917,17.620120398700237,21.309023331850767,16.525002781301737,18.789917934685946,9.718212202191353,12.945030458271503,17.673463858664036,16.86473611369729,0.004327643662691116,4.066469643265009,0.4962967596948147,0.001843966543674469,0.8303684033453465,0.3549526818096638,0.0013160444796085358,0.0012196674942970276,0.0009827129542827606,0.000935819000005722,0.014234814792871475,0.0005213916301727295,0.0002757832407951355,0.0,0.0,0.0,0.0,0.0,0.0,0.0,0.0,0.0,0.0,0.0,0.0,0.0,0.0,0.0,0.0,0.0,0.0,0.0,260.0659277327359
23,1.831160444766283,2.1720795184373856,3.9874748215079308,10.469399642199278,8.416117660701275,9.540680445730686,18.36511143669486,17.709098309278488,3.361222766339779,2.7093597166240215,23.253350388258696,10.40264531597495,3.8245170414447784,4.087517637759447,4.006051439791918,5.951905809342861,3.729307621717453,5.636339407414198,3.7962431758642197,8.263736948370934,3.177606984972954,2.279856536537409,1.6184268929064274,1.2482916116714478,0.5954683534801006,0.32386863604187965,0.1494268998503685,0.02345011755824089,0.0004824884235858917,0.0003934204578399658,0.0,0.0,0.0,0.0,0.0,0.0,0.0,0.0,0.0,0.0,0.0,0.0,0.0,0.0,0.0,0.0,0.0,0.0,0.0,0.0,160.9305914901197
24,0.005997173488140106,2.178038150072098,3.7228909097611904,3.7323476001620293,14.023118566721678,17.88974643871188,21.683446247130632,0.004789460450410843,23.276612117886543,0.004310972988605499,17.099303863942623,15.15029627457261,7.288557942956686,5.854962017387152,4.491071499884129,2.5456826724112034,1.8935535103082657,1.2172746993601322,1.3825233057141304,0.22715148329734802,0.20777953788638115,0.6609763652086258,0.23727071657776833,0.29288679361343384,0.0026582814753055573,0.12446620315313339,0.001548316329717636,0.0218544602394104,0.0018888935446739197,0.00020393729209899902,0.0,0.0,0.0,0.0,0.0,0.0,0.0,0.0,0.0,0.0,0.0,0.0,0.0,0.0,0.0,0.0,0.0,0.0,0.0,0.0,145.22320841252804
25,1.855675883591175,2.3316411077976227,3.859672050923109,3.7831758446991444,14.000525541603565,18.09323563054204,21.829527646303177,26.929681919515133,21.147621158510447,10.996369279921055,15.175599198788404,52.859787214547396,20.017220806330442,3.8526583574712276,8.872953839600086,14.116161730140448,9.634824644774199,12.27123922482133,11.56666200235486,3.238882929086685,3.9062950760126114,2.969773594290018,1.459813330322504,0.5917305946350098,0.33408691361546516,0.3328241668641567,0.07720068097114563,0.022648822516202927,0.00047495216131210327,0.00024692341685295105,0.0,0.0,0.0,0.0,0.0,0.0,0.0,0.0,0.0,0.0,0.0,0.0,0.0,0.0,0.0,0.0,0.0,0.0,0.0,0.0,286.1282110661268
26,1.738069199025631,2.4882947467267513,2.948122814297676,0.00557645782828331,0.007400795817375183,0.9507740065455437,1.1137442477047443,0.9392968453466892,0.006120868027210236,2.2445561178028584,1.2114402689039707,1.2852085381746292,8.10476915538311,9.406755410134792,10.318693865090609,9.420628234744072,20.003473453223705,12.798723209649324,5.456598326563835,3.584095750004053,0.003908660262823105,0.002405736595392227,2.7126467265188694,1.831244233995676,3.0997273810207844,0.24679876118898392,0.21845241636037827,0.05958301201462746,0.021113742142915726,0.00405174121260643,0.0003547854721546173,0.0,0.0,0.0,0.0,0.0,0.0,0.0,0.0,0.0,0.0,0.0,0.0,0.0,0.0,0.0,0.0,0.0,0.0,0.0,102.23262950778008
27,1.7234355807304382,2.470404863357544,2.879692606627941,8.020177327096462,8.267038185149431,13.53841170296073,3.6334788538515568,2.8996244110167027,1.162654846906662,0.004208654165267944,0.0,0.0,0.0,0.0,0.0,0.0,0.0,0.0,0.0,0.0,0.0,0.0,0.0,0.0,0.0,0.0,0.0,0.0,0.0,0.0,0.0,0.0,0.0,0.0,0.0,0.0,0.0,0.0,0.0,0.0,0.0,0.0,0.0,0.0,0.0,0.0,0.0,0.0,0.0,0.0,44.599127031862736
28,1.6756034307181835,2.482953302562237,2.8752022311091423,8.031596519052982,8.208008162677288,13.455888900905848,0.005055051296949387,4.189974989742041,5.674060899764299,11.734364338219166,16.064539819955826,17.018187154084444,8.021115507930517,11.746406722813845,15.596744466573,8.076025355607271,6.898421324789524,1.0835619233548641,0.7211958579719067,0.9301456771790981,1.639147512614727,0.0019175894558429718,0.0028563402593135834,0.6231391839683056,0.0014239586889743805,0.0022412799298763275,0.0012319274246692657,0.0016611963510513306,0.0010724179446697235,0.11299346014857292,0.0007105879485607147,0.00048788636922836304,0.00039257481694221497,0.0,0.0,0.0,0.0,0.0,0.0,0.0,0.0,0.0,0.0,0.0,0.0,0.0,0.0,0.0,0.0,0.0,146.87832755222917
29,1.736553117632866,2.533226367086172,2.9001324214041233,8.020157422870398,8.237637426704168,13.5433393381536,3.4291366450488567,2.871353644877672,1.1404611580073833,0.004219308495521545,0.0,0.0,0.0,0.0,0.0,0.0,0.0,0.0,0.0,0.0,0.0,0.0,0.0,0.0,0.0,0.0,0.0,0.0,0.0,0.0,0.0,0.0,0.0,0.0,0.0,0.0,0.0,0.0,0.0,0.0,0.0,0.0,0.0,0.0,0.0,0.0,0.0,0.0,0.0,0.0,44.41621685028076
30,1.6854087598621845,0.011526841670274734,2.5695371702313423,7.0568479411304,14.99205643311143,13.81629240885377,8.11567734181881,4.62820640206337,10.820152696222067,4.914876364171505,9.515014804899693,15.684026770293713,15.507876086980104,0.0036298148334026337,4.65408968552947,4.327040933072567,0.0030346065759658813,4.733262941241264,5.992100540548563,3.7875580303370953,1.4546774849295616,0.8131092302501202,0.0025277994573116302,1.1200257800519466,0.3660576194524765,0.11639894545078278,0.10184356570243835,0.047726184129714966,0.007177695631980896,0.000552445650100708,0.0,0.0,0.0,0.0,0.0,0.0,0.0,0.0,0.0,0.0,0.0,0.0,0.0,0.0,0.0,0.0,0.0,0.0,0.0,0.0,136.84831332415342
31,1.9152650237083435,2.1858175843954086,3.7649261951446533,3.853885743767023,14.151052951812744,18.17878534644842,21.964478757232428,0.007130846381187439,9.023650884628296,4.248991750180721,11.564066141843796,5.956324588507414,2.1821285896003246,0.713759683072567,1.5067954175174236,3.876618817448616,3.2376330122351646,6.489685367792845,3.5360318906605244,1.4603761732578278,0.5127109847962856,0.0031873174011707306,0.0025173984467983246,0.0023442693054676056,0.0014076493680477142,0.001406695693731308,0.0017968341708183289,0.001726355403661728,0.0011019222438335419,0.0008936896920204163,0.0006569735705852509,0.0005530938506126404,0.0,0.0,0.0,0.0,0.0,0.0,0.0,0.0,0.0,0.0,0.0,0.0,0.0,0.0,0.0,0.0,0.0,0.0,120.34770794957876
32,1.879247985780239,0.007418867200613022,4.125874891877174,8.498172961175442,18.894159976392984,11.234667107462883,6.894483134150505,5.48463623598218,11.76196101680398,9.503452859818935,6.741342779248953,4.84119588881731,4.834098506718874,3.0109880045056343,4.360284365713596,4.805232085287571,5.4340655989944935,12.683848682790995,4.056847121566534,9.478000052273273,0.484932292252779,1.8543785400688648,1.7911657877266407,1.752953078597784,0.33041875064373016,0.1469777747988701,0.001095365732908249,0.008115533739328384,0.0005010366439819336,0.00020663440227508545,0.0,0.0,0.0,0.0,0.0,0.0,0.0,0.0,0.0,0.0,0.0,0.0,0.0,0.0,0.0,0.0,0.0,0.0,0.0,0.0,144.90072291716933
33,1.882606815546751,2.201473891735077,3.8150229193270206,12.272467441856861,20.039642121642828,0.005238436162471771,30.545936662703753,46.88826088234782,24.683708421885967,11.068050343543291,11.05538422241807,6.435570582747459,15.786889716982841,6.485535725951195,29.416223727166653,10.330167863518,8.686421539634466,4.112291816622019,0.0026831552386283875,6.150502502918243,2.541382420808077,3.4649262577295303,1.6898721642792225,0.6011244356632233,0.15011052414774895,0.08128373697400093,0.05272382125258446,0.034989770501852036,0.0004520416259765625,0.0005294047296047211,0.00037347525358200073,0.0,0.0,0.0,0.0,0.0,0.0,0.0,0.0,0.0,0.0,0.0,0.0,0.0,0.0,0.0,0.0,0.0,0.0,0.0,260.4818468429148
34,1.8917336948215961,2.1883468814194202,3.780136574059725,3.816952597349882,14.156594265252352,18.122893266379833,22.0968816280365,26.859330844134092,21.696662560105324,10.305060658603907,18.190391819924116,0.00568915531039238,11.848421968519688,1.357308316975832,0.6533332653343678,2.261810179799795,4.8441777266561985,4.865097936242819,8.683937672525644,7.83329688385129,4.430421832948923,5.569553308188915,1.7720289416611195,0.5797501131892204,0.23941843211650848,0.12298035994172096,0.050094377249479294,0.038615114986896515,0.0005885213613510132,0.00046058371663093567,0.0,0.0,0.0,0.0,0.0,0.0,0.0,0.0,0.0,0.0,0.0,0.0,0.0,0.0,0.0,0.0,0.0,0.0,0.0,0.0,198.26196948066354
35,1.873602893203497,2.2572677358984947,3.7642184272408485,3.8427792340517044,14.225540522485971,18.127502523362637,22.075216755270958,27.129879739135504,21.350172821432352,10.122195854783058,17.82788350060582,0.005609732121229172,17.651514925062656,24.200261022895575,12.319649022072554,12.438976805657148,8.234400015324354,4.339972876012325,5.206423170864582,4.578628037124872,2.3823856338858604,2.4972690120339394,1.2940911278128624,2.2522399239242077,0.2971549332141876,0.14933348447084427,0.05157249793410301,0.0006818510591983795,0.0008866526186466217,0.0010260716080665588,0.0,0.0,0.0,0.0,0.0,0.0,0.0,0.0,0.0,0.0,0.0,0.0,0.0,0.0,0.0,0.0,0.0,0.0,0.0,0.0,240.49833680316806
36,1.7324604876339436,2.5400931611657143,2.881597902625799,2.8466698192059994,3.764990147203207,9.999949749559164,6.004406951367855,10.7529913559556,16.90753299742937,0.008811600506305695,28.147797483950853,14.492553554475307,9.85090148076415,2.508380673825741,0.005887370556592941,13.117332220077515,11.630631156265736,4.509266898036003,2.5028934702277184,7.778709687292576,1.724641591310501,0.6906420215964317,0.0036561787128448486,0.0033486969769001007,0.0017976537346839905,0.32500169053673744,0.0016145706176757812,0.0009002909064292908,0.0010484792292118073,0.0005640760064125061,0.00026590004563331604,0.0,0.0,0.0,0.0,0.0,0.0,0.0,0.0,0.0,0.0,0.0,0.0,0.0,0.0,0.0,0.0,0.0,0.0,0.0,154.73733931779861
37,1.7571658454835415,2.481918405741453,2.8908753655850887,8.026467628777027,8.209966864436865,13.452894601970911,3.473024606704712,5.670684691518545,0.09755775332450867,0.004370734095573425,0.0,0.0,0.0,0.0,0.0,0.0,0.0,0.0,0.0,0.0,0.0,0.0,0.0,0.0,0.0,0.0,0.0,0.0,0.0,0.0,0.0,0.0,0.0,0.0,0.0,0.0,0.0,0.0,0.0,0.0,0.0,0.0,0.0,0.0,0.0,0.0,0.0,0.0,0.0,0.0,46.064926497638226
38,1.741958238184452,2.4878208078444004,2.897645328193903,8.01884464547038,8.233664084225893,13.48693398758769,3.4224825352430344,2.8822052367031574,1.1419497542083263,0.004230748862028122,0.0,0.0,0.0,0.0,0.0,0.0,0.0,0.0,0.0,0.0,0.0,0.0,0.0,0.0,0.0,0.0,0.0,0.0,0.0,0.0,0.0,0.0,0.0,0.0,0.0,0.0,0.0,0.0,0.0,0.0,0.0,0.0,0.0,0.0,0.0,0.0,0.0,0.0,0.0,0.0,44.317735366523266
39,1.76991568505764,2.5229139178991318,2.8863017447292805,8.062898572534323,8.229321219027042,13.532348234206438,3.475622657686472,2.9039442911744118,1.168261505663395,0.004237517714500427,0.0,0.0,0.0,0.0,0.0,0.0,0.0,0.0,0.0,0.0,0.0,0.0,0.0,0.0,0.0,0.0,0.0,0.0,0.0,0.0,0.0,0.0,0.0,0.0,0.0,0.0,0.0,0.0,0.0,0.0,0.0,0.0,0.0,0.0,0.0,0.0,0.0,0.0,0.0,0.0,44.555765345692635
40,1.7516778632998466,2.512026533484459,2.873648129403591,8.030603848397732,8.259217958897352,13.480410750955343,3.41165054962039,3.042760707437992,1.1330045461654663,0.004261288791894913,0.0,0.0,0.0,0.0,0.0,0.0,0.0,0.0,0.0,0.0,0.0,0.0,0.0,0.0,0.0,0.0,0.0,0.0,0.0,0.0,0.0,0.0,0.0,0.0,0.0,0.0,0.0,0.0,0.0,0.0,0.0,0.0,0.0,0.0,0.0,0.0,0.0,0.0,0.0,0.0,44.49926217645407
41,1.8600271120667458,2.242632519453764,0.005826786160469055,3.94593209028244,10.51943126693368,7.876394838094711,13.040804106742144,16.722125224769115,19.438149392604828,0.004589196294546127,6.397721864283085,15.528003890067339,16.153813585639,0.003582339733839035,8.687657728791237,5.8314057141542435,2.1155822165310383,2.7415117770433426,2.4716054759919643,1.1713727042078972,1.57200101390481,0.002571631222963333,0.0023048631846904755,0.002108469605445862,0.38888244330883026,0.2543669231235981,0.0020160041749477386,0.07218194007873535,0.001173168420791626,0.0005133002996444702,0.00026553869247436523,0.0,0.0,0.0,0.0,0.0,0.0,0.0,0.0,0.0,0.0,0.0,0.0,0.0,0.0,0.0,0.0,0.0,0.0,0.0,139.05655512586236
42,1.8135492913424969,2.200717445462942,3.8419306240975857,3.814422383904457,14.246108449995518,18.174466345459223,22.019364316016436,27.15915387123823,21.179197423160076,10.05992752686143,17.768024418503046,21.487055275589228,16.848705761134624,18.161462295800447,19.65325352177024,8.263861957937479,4.8084276132285595,0.0037702396512031555,4.02382455021143,2.6502907127141953,2.7737501934170723,3.238663125783205,2.876675933599472,1.0974304601550102,0.41057730093598366,0.22841952368617058,0.06450361013412476,0.01758011057972908,0.0007234029471874237,0.00024426355957984924,0.0,0.0,0.0,0.0,0.0,0.0,0.0,0.0,0.0,0.0,0.0,0.0,0.0,0.0,0.0,0.0,0.0,0.0,0.0,0.0,248.88608194887638
43,1.8409470245242119,0.01183246448636055,4.794913358986378,10.250721342861652,12.228950925171375,13.396901551634073,12.118049666285515,12.677780378609896,6.485982857644558,7.331590764224529,10.991075772792101,9.754004016518593,14.201861396431923,12.099532969295979,18.533430386334658,21.0355173535645,15.90074859559536,8.85189638659358,10.077973943203688,5.613735247403383,5.687956511974335,3.6561413779854774,2.545961916446686,1.3022199869155884,1.058061383664608,0.5985912457108498,0.18924041464924812,0.031917423009872437,0.001436438411474228,0.00020670145750045776,0.0,0.0,0.0,0.0,0.0,0.0,0.0,0.0,0.0,0.0,0.0,0.0,0.0,0.0,0.0,0.0,0.0,0.0,0.0,0.0,223.26917980238795
44,1.8453131839632988,2.186859369277954,3.838360745459795,3.8046951480209827,14.454452451318502,18.222333699464798,21.986461639404297,27.122015915811062,21.210319872945547,10.074627291411161,17.826477993279696,0.004033904522657394,0.00789029523730278,21.51891676336527,0.0033578872680664062,6.554149568080902,19.040472473949194,9.720052320510149,5.835902098566294,5.487350843846798,6.396116554737091,3.7056176625192165,1.3665699735283852,0.5264643542468548,0.21217763796448708,0.0011623241007328033,0.0012105777859687805,0.0009245388209819794,0.003258548676967621,0.0005138479173183441,0.0,0.0,0.0,0.0,0.0,0.0,0.0,0.0,0.0,0.0,0.0,0.0,0.0,0.0,0.0,0.0,0.0,0.0,0.0,0.0,222.95805948600173
45,1.9046095982193947,2.212630346417427,3.8118290565907955,3.7930721901357174,14.161004576832056,18.166412226855755,0.01023595780134201,24.09221150353551,7.529216051101685,26.179980795830488,20.88968250527978,17.575839277356863,14.657810769975185,8.088436488062143,2.99614692106843,2.7599524594843388,0.004364531487226486,1.8839395679533482,0.0025696493685245514,0.2938488870859146,0.002138987183570862,0.0,0.0,0.0,0.0,0.0,0.0,0.0,0.0,0.0,0.0,0.0,0.0,0.0,0.0,0.0,0.0,0.0,0.0,0.0,0.0,0.0,0.0,0.0,0.0,0.0,0.0,0.0,0.0,0.0,171.0159323476255
46,1.6901955716311932,2.4588087424635887,2.8862070217728615,8.092065658420324,13.252891555428505,0.009838014841079712,9.380005549639463,6.720846612006426,3.3252834044396877,19.32233425974846,23.530704755336046,19.055213261395693,15.097737845033407,10.459501672536135,8.282531026750803,16.13793984800577,15.248135030269623,12.663814589381218,9.17043212801218,8.062027141451836,2.4463058188557625,3.747965555638075,7.705746904015541,2.561647415161133,2.736230794340372,0.8727105855941772,0.11028755828738213,0.02199641242623329,0.0008670538663864136,0.0003678761422634125,0.000176355242729187,0.0,0.0,0.0,0.0,0.0,0.0,0.0,0.0,0.0,0.0,0.0,0.0,0.0,0.0,0.0,0.0,0.0,0.0,0.0,225.05081601813436
47,1.6889971159398556,2.5023192577064037,2.8704132810235023,0.005563925951719284,0.005721449851989746,1.1877705566585064,2.358496081084013,5.709749776870012,3.850534215569496,2.580021895468235,3.2196708619594574,5.2379065081477165,4.6000998094677925,2.7205156348645687,3.5068350471556187,0.0032813549041748047,4.136229760944843,1.3382825963199139,1.7915150336921215,3.0858750119805336,0.00230276957154274,3.163195624947548,1.3280269131064415,1.8746631927788258,1.0590276531875134,0.06777306646108627,0.05903938412666321,0.009179968386888504,0.002908136695623398,0.00044001638889312744,0.00028194114565849304,0.0,0.0,0.0,0.0,0.0,0.0,0.0,0.0,0.0,0.0,0.0,0.0,0.0,0.0,0.0,0.0,0.0,0.0,0.0,59.96663784235716
48,1.68480908498168,2.4798637852072716,3.0975392423570156,4.505356401205063,8.239993054419756,9.069677945226431,12.124726511538029,7.816502030938864,0.009536024183034897,0.004295371472835541,9.387719620019197,7.890470959246159,3.9298399463295937,4.262045759707689,13.660495664924383,13.022310182452202,6.028107360005379,1.9976646453142166,2.7603350952267647,3.5643311850726604,1.359241183847189,1.8858464881777763,0.522452138364315,0.6626746766269207,0.0014969594776630402,0.13697466999292374,0.0017587244510650635,0.0013569258153438568,0.000789884477853775,0.0005624853074550629,0.00040888041257858276,0.00038087740540504456,0.0,0.0,0.0,0.0,0.0,0.0,0.0,0.0,0.0,0.0,0.0,0.0,0.0,0.0,0.0,0.0,0.0,0.0,120.10956376418471
49,1.7008482031524181,2.51065856218338,2.910654228180647,2.872068841010332,3.0077925100922585,11.71645587682724,12.467386461794376,5.352311413735151,0.006871107965707779,12.175711169838905,0.004181195050477982,9.351925622671843,3.07428852468729,0.0034535378217697144,0.0,0.0,0.0,0.0,0.0,0.0,0.0,0.0,0.0,0.0,0.0,0.0,0.0,0.0,0.0,0.0,0.0,0.0,0.0,0.0,0.0,0.0,0.0,0.0,0.0,0.0,0.0,0.0,0.0,0.0,0.0,0.0,0.0,0.0,0.0,0.0,67.1546072550118
50,1.740413162857294,2.477164391428232,2.8716758340597153,8.174918599426746,8.243589460849762,13.525188963860273,3.4298144578933716,2.887406565248966,0.006344880908727646,8.422565001994371,41.89383905380964,19.86730107292533,15.162551820278168,12.493819184601307,8.42052225023508,7.151784971356392,6.063061121851206,3.9336102232337,3.812943708151579,2.725221522152424,2.5206818282604218,2.14327559620142,0.5852483287453651,0.4179058186709881,0.4648459814488888,0.0012554638087749481,0.0012803524732589722,0.0008413754403591156,0.0758274607360363,0.000694960355758667,0.0005060769617557526,0.0003996230661869049,0.0002714507281780243,0.0,0.0,0.0,0.0,0.0,0.0,0.0,0.0,0.0,0.0,0.0,0.0,0.0,0.0,0.0,0.0,0.0,179.51677056401968
51,1.862443521618843,2.240718849003315,3.7730667144060135,3.800048965960741,14.255691457539797,18.237125013023615,22.08895169571042,26.99410207569599,21.19671857357025,10.091900315135717,0.005875665694475174,18.425281897187233,4.264509938657284,7.592290412634611,8.734348703175783,3.6536054611206055,2.785229206085205,3.4706761203706264,2.6827903389930725,3.855700995773077,7.052405893802643,0.0030143223702907562,1.0991965010762215,0.5503421239554882,0.42267705127596855,0.06655709445476532,0.0012983307242393494,0.0009976290166378021,0.0004884526133537292,0.00037979334592819214,0.0,0.0,0.0,0.0,0.0,0.0,0.0,0.0,0.0,0.0,0.0,0.0,0.0,0.0,0.0,0.0,0.0,0.0,0.0,0.0,189.2084331139922
52,1.8395909182727337,2.213799864053726,4.065977938473225,10.610280089080334,0.005583427846431732,22.77198514714837,28.522786919027567,38.83762472867966,15.614053808152676,56.491491336375475,35.992283929139376,75.19745432585478,69.21841990202665,69.1102929264307,25.09146022796631,15.500620137900114,23.090708687901497,14.638504840433598,3.2999760024249554,2.372401040047407,3.5597506053745747,1.442390512675047,1.1009968295693398,0.4928908981382847,0.2705492824316025,0.5805993303656578,0.20404359698295593,0.01739460974931717,0.0015189982950687408,0.0002093091607093811,0.0,0.0,0.0,0.0,0.0,0.0,0.0,0.0,0.0,0.0,0.0,0.0,0.0,0.0,0.0,0.0,0.0,0.0,0.0,0.0,522.1556401699781
53,1.8512589000165462,2.219975106418133,3.8418760523200035,0.005544070154428482,29.346364434808493,37.31081351265311,49.22020576521754,53.46057768538594,11.09904208779335,10.882243447005749,18.1962828412652,10.738600172102451,9.180774308741093,10.186947476118803,6.700532961636782,5.679680615663528,1.7674412429332733,1.201657708734274,0.8561301454901695,1.0037300176918507,2.057602670043707,1.9625427089631557,4.097738027572632,2.7761977910995483,0.002887509763240814,0.4053078629076481,0.209547970443964,0.027567598968744278,0.0018457397818565369,0.000280868262052536,0.0,0.0,0.0,0.0,0.0,0.0,0.0,0.0,0.0,0.0,0.0,0.0,0.0,0.0,0.0,0.0,0.0,0.0,0.0,0.0,276.2911972999573
54,1.9313470758497715,2.2143028639256954,3.8177262507379055,3.8468284755945206,14.273928128182888,18.302656173706055,22.05138973891735,27.242038521915674,21.270556192845106,10.077559683471918,17.895683627575636,21.43710843473673,16.917002212256193,19.073687709867954,9.902037139981985,12.960806146264076,17.853094801306725,17.109422132372856,21.148994114249945,13.03367218747735,1.4193830080330372,0.3919912986457348,0.90770173817873,0.001831885427236557,0.28414517268538475,0.2266221009194851,0.0012640170753002167,0.0006931573152542114,0.000492781400680542,0.0003980398178100586,0.0,0.0,0.0,0.0,0.0,0.0,0.0,0.0,0.0,0.0,0.0,0.0,0.0,0.0,0.0,0.0,0.0,0.0,0.0,0.0,295.594364810735
55,1.8649257943034172,2.227913551032543,3.782770302146673,3.844715379178524,14.179927319288254,18.19346407800913,20.733208242803812,7.173297178000212,10.726132418960333,35.67547391355038,31.39369874447584,41.56484032422304,27.563195899128914,35.9202058725059,23.643627859652042,33.9058942347765,58.4221327714622,9.703236490488052,20.62718904390931,8.598062168806791,0.00488865002989769,2.6770273484289646,1.4004550725221634,1.6691691279411316,0.9941244907677174,0.18354780226945877,0.0011450126767158508,0.06644527986645699,0.004310153424739838,0.0004662424325942993,0.0,0.0,0.0,0.0,0.0,0.0,0.0,0.0,0.0,0.0,0.0,0.0,0.0,0.0,0.0,0.0,0.0,0.0,0.0,0.0,416.7454907670617
56,1.7227399460971355,2.5354683734476566,2.981239326298237,8.067107908427715,8.306857388466597,13.552713695913553,3.439804334193468,2.962151452898979,0.011653706431388855,6.85177605971694,0.004245806485414505,0.0,0.0,0.0,0.0,0.0,0.0,0.0,0.0,0.0,0.0,0.0,0.0,0.0,0.0,0.0,0.0,0.0,0.0,0.0,0.0,0.0,0.0,0.0,0.0,0.0,0.0,0.0,0.0,0.0,0.0,0.0,0.0,0.0,0.0,0.0,0.0,0.0,0.0,0.0,50.435757998377085
57,1.8024144880473614,2.5966405384242535,2.873642422258854,8.098427072167397,8.575687561184168,13.867442201822996,3.6072209663689137,3.0241974778473377,1.1483233124017715,0.004277855157852173,0.0,0.0,0.0,0.0,0.0,0.0,0.0,0.0,0.0,0.0,0.0,0.0,0.0,0.0,0.0,0.0,0.0,0.0,0.0,0.0,0.0,0.0,0.0,0.0,0.0,0.0,0.0,0.0,0.0,0.0,0.0,0.0,0.0,0.0,0.0,0.0,0.0,0.0,0.0,0.0,45.598273895680904
58,1.719636231660843,2.5107754319906235,2.9044173508882523,8.03069343417883,8.243909239768982,13.543347518891096,3.4691596403717995,1.2965557724237442,0.060021914541721344,0.00434860959649086,0.0,0.0,0.0,0.0,0.0,0.0,0.0,0.0,0.0,0.0,0.0,0.0,0.0,0.0,0.0,0.0,0.0,0.0,0.0,0.0,0.0,0.0,0.0,0.0,0.0,0.0,0.0,0.0,0.0,0.0,0.0,0.0,0.0,0.0,0.0,0.0,0.0,0.0,0.0,0.0,41.78286514431238
59,1.8010618314146996,2.5089545398950577,2.9501704312860966,8.070592362433672,8.288354780524969,13.495238941162825,3.4112804606556892,2.873690538108349,1.1845721006393433,0.00420539453625679,0.0,0.0,0.0,0.0,0.0,0.0,0.0,0.0,0.0,0.0,0.0,0.0,0.0,0.0,0.0,0.0,0.0,0.0,0.0,0.0,0.0,0.0,0.0,0.0,0.0,0.0,0.0,0.0,0.0,0.0,0.0,0.0,0.0,0.0,0.0,0.0,0.0,0.0,0.0,0.0,44.58812138065696
60,1.695533536374569,2.5737902000546455,2.9316369891166687,8.112406983971596,10.81798579916358,10.439188852906227,12.594638179987669,12.30739787966013,10.111413653939962,29.5660038292408,21.781655617058277,10.770108636468649,18.5502814874053,20.27049369364977,11.028445839881897,10.238824248313904,6.637170031666756,7.409974742680788,3.201248850673437,4.201283223927021,3.2178970463573933,1.5203661508858204,0.6129999570548534,0.18883629515767097,0.34325549006462097,0.10186002030968666,0.0844820998609066,0.10337572172284126,0.0007531009614467621,0.0010961368680000305,0.0,0.0,0.0,0.0,0.0,0.0,0.0,0.0,0.0,0.0,0.0,0.0,0.0,0.0,0.0,0.0,0.0,0.0,0.0,0.0,221.41440429538488
61,0.0067347995936870575,2.522587452083826,7.0467532984912395,16.331053771078587,7.017037346959114,4.538292910903692,9.743277084082365,3.2903605587780476,4.359227657318115,5.17933701723814,7.355784889310598,8.406362742185593,2.3103807754814625,5.47173210978508,7.402154419571161,4.085580352693796,1.3787179328501225,1.4932372532784939,0.3499016761779785,1.001302309334278,0.3838214613497257,1.0119046866893768,0.9713472798466682,0.37971071153879166,0.29462142661213875,0.08772089704871178,0.04326549917459488,0.0006757713854312897,0.0008111968636512756,0.0004128962755203247,0.00023447349667549133,0.0,0.0,0.0,0.0,0.0,0.0,0.0,0.0,0.0,0.0,0.0,0.0,0.0,0.0,0.0,0.0,0.0,0.0,0.0,102.46434265747666
62,0.005931701511144638,2.4137162640690804,7.112624369561672,16.41935009881854,7.026735071092844,4.56177930533886,9.768259447067976,3.2716746367514133,4.366675443947315,5.152585804462433,7.42848003283143,8.418321128934622,4.819450691342354,5.529309969395399,3.0158423334360123,5.966542474925518,3.241392068564892,2.321677640080452,1.651454672217369,0.8053935393691063,0.0021500885486602783,0.0027065202593803406,0.0016516819596290588,0.37841832265257835,0.5985255725681782,0.11582694202661514,0.10025399923324585,0.027998417615890503,0.0009803920984268188,0.00034303218126296997,0.0,0.0,0.0,0.0,0.0,0.0,0.0,0.0,0.0,0.0,0.0,0.0,0.0,0.0,0.0,0.0,0.0,0.0,0.0,0.0,104.5260516628623
63,1.8569479398429394,2.2263678535819054,3.792039670050144,3.8108470663428307,0.007430747151374817,18.129047200083733,22.008154720067978,27.03708042576909,21.202996149659157,10.129346840083599,17.927250035107136,21.474193420261145,16.649701833724976,18.9928209297359,9.801947616040707,13.017031192779541,8.816912032663822,6.618042152374983,10.548190664499998,5.093029614537954,1.4068573117256165,0.0018172003328800201,0.8654722087085247,0.0014907531440258026,0.35528992116451263,0.002344030886888504,0.00131162628531456,0.0008509345352649689,0.001106955111026764,0.0008093118667602539,0.0005031302571296692,0.00034467875957489014,0.0,0.0,0.0,0.0,0.0,0.0,0.0,0.0,0.0,0.0,0.0,0.0,0.0,0.0,0.0,0.0,0.0,0.0,241.77757616713643
64,1.8502728752791882,2.2873862348496914,3.766341131180525,3.8149376399815083,14.188348963856697,17.169290740042925,12.012959159910679,0.010051120072603226,14.43984305858612,0.009073160588741302,15.773766323924065,10.123411264270544,5.3619331158697605,8.381537526845932,10.562010902911425,5.160816289484501,22.992257054895163,3.4499955102801323,6.945776037871838,10.740200068801641,1.969476718455553,1.885212630033493,0.2866324558854103,0.4795922338962555,0.161476481705904,0.11888594552874565,0.04089931398630142,0.0008232481777667999,0.001898299902677536,0.00024304166436195374,0.0,0.0,0.0,0.0,0.0,0.0,0.0,0.0,0.0,0.0,0.0,0.0,0.0,0.0,0.0,0.0,0.0,0.0,0.0,0.0,173.98534854874015
65,1.8686394058167934,3.047659605741501,9.203452546149492,10.369165126234293,15.611599680036306,11.598972260951996,16.493011374026537,14.778046984225512,22.434904400259256,7.276047058403492,12.61930375173688,6.689937990158796,16.286017559468746,29.827992133796215,19.871046114712954,10.219561148434877,10.112798921763897,12.107925593852997,7.001501750200987,2.878598887473345,4.7065649330616,2.067186404019594,0.6769268587231636,1.3369426392018795,0.6745380982756615,0.38827764242887497,0.24192142486572266,0.01335955411195755,0.002034686505794525,0.00019462034106254578,0.0,0.0,0.0,0.0,0.0,0.0,0.0,0.0,0.0,0.0,0.0,0.0,0.0,0.0,0.0,0.0,0.0,0.0,0.0,0.0,250.40412915498018
66,1.702681079506874,2.4861383847892284,2.84092091396451,8.024820432066917,8.232188194990158,13.461615297943354,3.457439359277487,2.9141368083655834,1.1625869907438755,0.0042237937450408936,0.0,0.0,0.0,0.0,0.0,0.0,0.0,0.0,0.0,0.0,0.0,0.0,0.0,0.0,0.0,0.0,0.0,0.0,0.0,0.0,0.0,0.0,0.0,0.0,0.0,0.0,0.0,0.0,0.0,0.0,0.0,0.0,0.0,0.0,0.0,0.0,0.0,0.0,0.0,0.0,44.28675125539303
67,1.7796116843819618,2.472561240196228,2.887853506952524,8.048440728336573,0.005348652601242065,19.829642318189144,24.1965019851923,16.946108523756266,26.888065580278635,20.510094601660967,14.36041247844696,7.351121738553047,10.554929446429014,4.438934877514839,13.26787881180644,23.815125677734613,17.084328208118677,5.395424325019121,3.702313557267189,0.004845336079597473,2.226983554661274,0.6853542141616344,0.6605851389467716,0.6312131732702255,0.38185056298971176,0.4059482254087925,0.25622251629829407,0.000891372561454773,0.0325532965362072,0.0009573176503181458,0.00041423365473747253,0.0,0.0,0.0,0.0,0.0,0.0,0.0,0.0,0.0,0.0,0.0,0.0,0.0,0.0,0.0,0.0,0.0,0.0,0.0,228.82251688465476
68,1.812199980020523,2.5119365118443966,2.8756879307329655,8.044000905007124,8.215181767940521,13.459467444568872,3.4803147092461586,2.89894300326705,1.1226498521864414,0.004238378256559372,0.0,0.0,0.0,0.0,0.0,0.0,0.0,0.0,0.0,0.0,0.0,0.0,0.0,0.0,0.0,0.0,0.0,0.0,0.0,0.0,0.0,0.0,0.0,0.0,0.0,0.0,0.0,0.0,0.0,0.0,0.0,0.0,0.0,0.0,0.0,0.0,0.0,0.0,0.0,0.0,44.42462048307061
69,1.6803894490003586,2.5742826983332634,2.885261218994856,8.07548089325428,8.299295246601105,0.0051787905395030975,3.4610672369599342,2.928434059023857,1.1334581635892391,0.004230894148349762,0.0,0.0,0.0,0.0,0.0,0.0,0.0,0.0,0.0,0.0,0.0,0.0,0.0,0.0,0.0,0.0,0.0,0.0,0.0,0.0,0.0,0.0,0.0,0.0,0.0,0.0,0.0,0.0,0.0,0.0,0.0,0.0,0.0,0.0,0.0,0.0,0.0,0.0,0.0,0.0,31.047078650444746
70,1.8233023695647717,2.479541350156069,2.8916149213910103,8.008054196834564,8.206326391547918,20.75979644060135,22.85882816463709,9.17527911812067,7.3604409992694855,12.766760490834713,5.156385160982609,5.522860549390316,6.544429421424866,6.684756234288216,9.928421095013618,10.818769089877605,6.353830195963383,4.415106672793627,2.016032725572586,1.997775886207819,2.500447243452072,0.757125411182642,0.5002915449440479,0.0026353970170021057,0.47507308423519135,0.33112141117453575,0.0010210871696472168,0.0008155032992362976,0.000674419105052948,0.0004599355161190033,0.00040612369775772095,0.0,0.0,0.0,0.0,0.0,0.0,0.0,0.0,0.0,0.0,0.0,0.0,0.0,0.0,0.0,0.0,0.0,0.0,0.0,160.3383826352656
71,1.824152436107397,2.1904884465038776,3.7568372189998627,3.7831172458827496,14.188001718372107,18.109771236777306,21.9953898973763,27.70817520469427,21.345499735325575,10.094810109585524,17.83677387610078,21.53943532705307,16.796614360064268,19.254305966198444,9.889976672828197,13.032242730259895,17.86903027817607,20.687557600438595,31.143364530056715,1.4696662425994873,1.6784210056066513,5.852636381983757,0.0025622472167015076,0.4916432872414589,0.4975653141736984,0.2741464376449585,0.13531889766454697,0.023600179702043533,0.0029025115072727203,0.00034581124782562256,0.0001865774393081665,0.0,0.0,0.0,0.0,0.0,0.0,0.0,0.0,0.0,0.0,0.0,0.0,0.0,0.0,0.0,0.0,0.0,0.0,0.0,303.4745394848287
72,1.8164076656103134,2.1963877268135548,3.7666158378124237,3.7595177367329597,14.210464593023062,18.270313065499067,22.08582604676485,27.09530396014452,21.246008478105068,10.052620325237513,17.947745136916637,21.52064438164234,16.70121381804347,19.03750939294696,9.851378239691257,12.97163487225771,17.870210021734238,17.067621130496264,21.073986530303955,0.002447076141834259,1.2845721244812012,0.42196427285671234,0.9068169593811035,0.0014852248132228851,0.0012986622750759125,0.0010705925524234772,0.0008753761649131775,0.02003331109881401,0.002421863377094269,0.00025572627782821655,0.0,0.0,0.0,0.0,0.0,0.0,0.0,0.0,0.0,0.0,0.0,0.0,0.0,0.0,0.0,0.0,0.0,0.0,0.0,0.0,281.1846501491964
73,1.8331421986222267,2.1853816471993923,3.7849278785288334,3.7997001260519028,14.240352667868137,18.343172550201416,22.07192651554942,27.432247553020716,0.004715811461210251,66.51998333632946,28.931694246828556,50.13190670311451,35.79827244207263,14.96552562341094,13.414730120450258,8.24717354401946,12.215046714991331,1.4461880400776863,5.603535298258066,2.484695851802826,1.185064658522606,1.6656860709190369,0.5238710157573223,0.917423814535141,0.3078821673989296,0.373531810939312,0.35393884778022766,0.013352673500776291,0.0005326420068740845,0.000295836478471756,0.0,0.0,0.0,0.0,0.0,0.0,0.0,0.0,0.0,0.0,0.0,0.0,0.0,0.0,0.0,0.0,0.0,0.0,0.0,0.0,338.7958984076977
74,1.85794547945261,2.196696899831295,3.7915417216718197,3.833671670407057,14.188936300575733,18.209972571581602,22.12565690651536,27.076551504433155,28.86484742537141,23.03688843175769,18.952226776629686,8.769947413355112,6.10926928371191,13.834165342152119,15.409921977669,8.919186789542437,0.002859547734260559,7.970722995698452,0.004912104457616806,0.002589195966720581,0.002034209668636322,0.0024987012147903442,1.17163797467947,0.0025459378957748413,0.0014809705317020416,0.0018407031893730164,0.0011693798005580902,0.0015491433441638947,0.0010185129940509796,0.0007818490266799927,0.0006570778787136078,0.0004198625683784485,0.0,0.0,0.0,0.0,0.0,0.0,0.0,0.0,0.0,0.0,0.0,0.0,0.0,0.0,0.0,0.0,0.0,0.0,226.34614466130733
75,1.88910773396492,2.3018331825733185,3.8188767097890377,3.8831206150352955,14.226321529597044,18.31196692585945,22.075651228427887,27.201557230204344,21.271646410226822,16.706328727304935,10.703246422111988,10.875232052057981,27.72614823654294,31.439523801207542,25.28800341486931,20.134569458663464,18.77170993760228,13.11537229269743,10.412270188331604,3.059790685772896,2.4467764608561993,0.5688013955950737,1.146513283252716,0.6845048144459724,1.1457824259996414,0.2763802632689476,0.05475227162241936,0.0006717443466186523,0.007616948336362839,0.00037251412868499756,0.00026769936084747314,0.0,0.0,0.0,0.0,0.0,0.0,0.0,0.0,0.0,0.0,0.0,0.0,0.0,0.0,0.0,0.0,0.0,0.0,0.0,309.544716604054
76,1.7331633754074574,2.5169421024620533,2.8936809822916985,8.087562706321478,8.265484880656004,13.503203321248293,3.4679568260908127,3.1973307579755783,7.092716448009014,0.004484526813030243,0.0,0.0,0.0,0.0,0.0,0.0,0.0,0.0,0.0,0.0,0.0,0.0,0.0,0.0,0.0,0.0,0.0,0.0,0.0,0.0,0.0,0.0,0.0,0.0,0.0,0.0,0.0,0.0,0.0,0.0,0.0,0.0,0.0,0.0,0.0,0.0,0.0,0.0,0.0,0.0,50.76252592727542
77,1.7604409530758858,2.5257875584065914,2.873658426105976,8.054931946098804,3.213139735162258,12.292018320411444,16.924571875482798,14.482142064720392,13.220030505210161,17.244549624621868,0.008635032922029495,8.346338529139757,5.174515772610903,4.309617266058922,4.06391167268157,8.224089309573174,4.164370559155941,0.004984479397535324,12.166251048445702,2.1651716865599155,2.3514821380376816,0.0034896619617938995,1.0693521164357662,0.0032754242420196533,0.20664281770586967,0.00238984078168869,0.16303801909089088,0.0011167488992214203,0.0007106177508831024,0.0008246786892414093,0.0003772825002670288,0.0002623647451400757,0.0,0.0,0.0,0.0,0.0,0.0,0.0,0.0,0.0,0.0,0.0,0.0,0.0,0.0,0.0,0.0,0.0,0.0,145.0221180766821
78,1.8263673223555088,2.489280227571726,2.8833602890372276,1.0055677369236946,6.922949105501175,7.84537161141634,15.113988664001226,22.092093966901302,18.117766305804253,14.339303094893694,16.571206588298082,18.377266816794872,8.226068798452616,7.013953659683466,6.450506530702114,8.85698639601469,5.089569017291069,2.6787245646119118,4.9909394569695,6.989839181303978,6.635009706020355,3.8016485273838043,0.7504999749362469,0.9953176565468311,0.511379886418581,0.0019876956939697266,0.0009697489440441132,0.1086132787168026,0.0009310133755207062,0.00046525150537490845,0.0004959329962730408,0.0,0.0,0.0,0.0,0.0,0.0,0.0,0.0,0.0,0.0,0.0,0.0,0.0,0.0,0.0,0.0,0.0,0.0,0.0,190.68842800706625
79,1.7596436850726604,0.008078206330537796,9.740781538188457,8.394435089081526,9.204702395945787,6.723563991487026,2.4272350296378136,8.08155583590269,3.4671366587281227,14.331954095512629,14.74534185603261,3.509202469140291,12.841604214161634,13.197567094117403,9.635942477732897,12.132514458149672,11.21872429177165,12.855233155190945,10.271666590124369,6.885648775845766,6.119822613894939,0.003070604056119919,3.073629066348076,1.890055127441883,1.6138557232916355,0.6630116924643517,0.11728379130363464,0.07043378800153732,0.007846836000680923,0.0017121881246566772,0.00037590041756629944,0.0,0.0,0.0,0.0,0.0,0.0,0.0,0.0,0.0,0.0,0.0,0.0,0.0,0.0,0.0,0.0,0.0,0.0,0.0,184.99362923949957
80,1.6828239560127258,2.4982702024281025,2.8788685128092766,7.989001031965017,8.233096670359373,13.509566895663738,3.4196889251470566,2.876441612839699,1.129131756722927,0.0042230673134326935,0.0,0.0,0.0,0.0,0.0,0.0,0.0,0.0,0.0,0.0,0.0,0.0,0.0,0.0,0.0,0.0,0.0,0.0,0.0,0.0,0.0,0.0,0.0,0.0,0.0,0.0,0.0,0.0,0.0,0.0,0.0,0.0,0.0,0.0,0.0,0.0,0.0,0.0,0.0,0.0,44.22111263126135
81,1.825511734932661,2.208658140152693,3.7676589488983154,3.775458198040724,14.017369087785482,17.98429287225008,22.078687023371458,5.828150819987059,17.21999018266797,24.30917441472411,15.604790553450584,15.085056148469448,6.143260404467583,0.006372295320034027,11.285219576209784,5.106764633208513,2.5919100530445576,1.475910723209381,0.6701565645635128,1.1528066284954548,3.895727649331093,0.6638048216700554,0.6026613377034664,0.49764635413885117,0.2902609705924988,0.12803931161761284,0.16377772390842438,0.03895626589655876,0.0019674152135849,0.0002958923578262329,0.0,0.0,0.0,0.0,0.0,0.0,0.0,0.0,0.0,0.0,0.0,0.0,0.0,0.0,0.0,0.0,0.0,0.0,0.0,0.0,178.42033674567938
82,1.9045016914606094,2.20550050586462,3.7967314533889294,3.7991701811552048,14.203692458570004,18.176249764859676,21.98023971542716,26.944723017513752,21.170820750296116,10.06453087553382,17.738442312926054,21.48407243937254,16.716676235198975,18.938777647912502,18.209256660193205,23.855805203318596,23.534525144845247,16.11291067302227,2.2464163675904274,3.0885505080223083,2.794433631002903,1.6489450857043266,0.0022640638053417206,0.6673810854554176,0.0017731711268424988,0.15447919070720673,0.0013154968619346619,0.06621997430920601,0.0008997917175292969,0.0004974305629730225,0.00040039047598838806,0.0,0.0,0.0,0.0,0.0,0.0,0.0,0.0,0.0,0.0,0.0,0.0,0.0,0.0,0.0,0.0,0.0,0.0,0.0,291.5102029182017
83,1.8303718082606792,2.2242180593311787,0.008628200739622116,12.361472107470036,10.051232852041721,16.742163717746735,9.90511417388916,4.7070974335074425,2.680463280528784,0.004149097949266434,0.0,0.0,0.0,0.0,0.0,0.0,0.0,0.0,0.0,0.0,0.0,0.0,0.0,0.0,0.0,0.0,0.0,0.0,0.0,0.0,0.0,0.0,0.0,0.0,0.0,0.0,0.0,0.0,0.0,0.0,0.0,0.0,0.0,0.0,0.0,0.0,0.0,0.0,0.0,0.0,60.514910731464624
84,1.8321273922920227,2.203177686780691,3.763782285153866,3.801711704581976,14.227056171745062,18.153825342655182,22.04599443823099,26.93333963304758,21.291625045239925,10.076128900051117,17.80502026155591,21.506752029061317,16.740599907934666,18.924114428460598,9.877236507833004,0.006566915661096573,3.8868945948779583,5.518285892903805,2.442653302103281,2.545505553483963,0.0021299123764038086,1.4110378958284855,0.11136951297521591,0.0020513013005256653,0.0013343915343284607,0.0673021748661995,0.0010142922401428223,0.0009854286909103394,0.011226002126932144,0.00045811012387275696,0.0003303028643131256,0.0,0.0,0.0,0.0,0.0,0.0,0.0,0.0,0.0,0.0,0.0,0.0,0.0,0.0,0.0,0.0,0.0,0.0,0.0,225.19163731858134
85,1.8736742250621319,2.2195011489093304,3.7404321767389774,3.8159760870039463,14.230432618409395,18.162088815122843,21.98926506191492,27.04941040277481,21.248684659600258,0.004361145198345184,12.014249969273806,9.215706530958414,5.209139905869961,6.311604529619217,0.005789302289485931,5.106520798057318,1.5971406772732735,2.253952842205763,1.1854241266846657,0.004251584410667419,0.002035122364759445,0.002103850245475769,0.7028104700148106,0.0015469864010810852,0.0013279207050800323,0.2680673226714134,0.14684339985251427,0.0009179972112178802,0.0008822083473205566,0.0020163394510746002,0.00037842243909835815,0.0,0.0,0.0,0.0,0.0,0.0,0.0,0.0,0.0,0.0,0.0,0.0,0.0,0.0,0.0,0.0,0.0,0.0,0.0,158.36653664708138
86,1.793096400797367,2.499636460095644,2.8615243434906006,8.084461502730846,8.327825091779232,13.50137109681964,0.009206358343362808,4.173286318778992,5.617979254573584,11.806925557553768,16.075089290738106,16.987277537584305,8.054510734975338,11.779248386621475,15.698849871754646,8.116556994616985,6.949941214174032,1.1303832232952118,0.6945062018930912,0.9305483885109425,0.002710111439228058,0.0019396841526031494,0.0018240995705127716,1.5824060700833797,0.002603646367788315,0.0013583265244960785,0.002377517521381378,0.001279044896364212,0.0012581199407577515,0.021122075617313385,0.0025347284972667694,0.0005139075219631195,0.0,0.0,0.0,0.0,0.0,0.0,0.0,0.0,0.0,0.0,0.0,0.0,0.0,0.0,0.0,0.0,0.0,0.0,146.71415156126022
87,1.7573126591742039,2.5387438982725143,2.8940873704850674,8.079716682434082,8.25335943698883,13.468308791518211,3.514439381659031,2.8967564590275288,1.1354400180280209,0.004207838326692581,0.0,0.0,0.0,0.0,0.0,0.0,0.0,0.0,0.0,0.0,0.0,0.0,0.0,0.0,0.0,0.0,0.0,0.0,0.0,0.0,0.0,0.0,0.0,0.0,0.0,0.0,0.0,0.0,0.0,0.0,0.0,0.0,0.0,0.0,0.0,0.0,0.0,0.0,0.0,0.0,44.54237253591418
88,1.7517234683036804,2.475362740457058,2.908349182456732,8.100767385214567,8.297612100839615,0.006847091019153595,3.9944339506328106,2.446604635566473,1.4000386446714401,0.0043867044150829315,0.0,0.0,0.0,0.0,0.0,0.0,0.0,0.0,0.0,0.0,0.0,0.0,0.0,0.0,0.0,0.0,0.0,0.0,0.0,0.0,0.0,0.0,0.0,0.0,0.0,0.0,0.0,0.0,0.0,0.0,0.0,0.0,0.0,0.0,0.0,0.0,0.0,0.0,0.0,0.0,31.386125903576612
89,1.7359331138432026,2.549986109137535,2.912465825676918,8.094803865998983,8.331509485840797,13.552391491830349,3.473937064409256,2.8687618374824524,1.1730438731610775,0.004319868981838226,0.0,0.0,0.0,0.0,0.0,0.0,0.0,0.0,0.0,0.0,0.0,0.0,0.0,0.0,0.0,0.0,0.0,0.0,0.0,0.0,0.0,0.0,0.0,0.0,0.0,0.0,0.0,0.0,0.0,0.0,0.0,0.0,0.0,0.0,0.0,0.0,0.0,0.0,0.0,0.0,44.69715253636241
90,1.7427742332220078,2.4988786950707436,2.9150367826223373,8.062922466546297,0.007428530603647232,6.123381864279509,0.006870504468679428,3.189766474068165,5.002257160842419,9.89254005998373,34.33381312713027,15.347586452960968,0.6337579786777496,0.9045763723552227,0.1329924575984478,0.003130316734313965,0.0,0.0,0.0,0.0,0.0,0.0,0.0,0.0,0.0,0.0,0.0,0.0,0.0,0.0,0.0,0.0,0.0,0.0,0.0,0.0,0.0,0.0,0.0,0.0,0.0,0.0,0.0,0.0,0.0,0.0,0.0,0.0,0.0,0.0,90.7977134771645
91,0.005917776376008987,2.449328549206257,7.176098182797432,4.772776108235121,1.0611413568258286,3.9044600799679756,10.737289477139711,8.847787700593472,21.970074258744717,21.553890120238066,11.197812341153622,11.706077713519335,20.449866496026516,11.539236977696419,0.007280964404344559,3.542764000594616,2.165658473968506,3.2275511100888252,4.980392396450043,5.752974960952997,1.3175947293639183,1.1021576672792435,0.0020293667912483215,0.0014586672186851501,0.0018620826303958893,0.22431061416864395,0.0011288337409496307,0.0680382065474987,0.0009502619504928589,0.0006387904286384583,0.00040486082434654236,0.0002125762403011322,0.0,0.0,0.0,0.0,0.0,0.0,0.0,0.0,0.0,0.0,0.0,0.0,0.0,0.0,0.0,0.0,0.0,0.0,159.76916570216417
92,1.819220196455717,0.008084159344434738,4.812134522944689,10.214179128408432,12.211857210844755,13.33261126279831,12.16865786910057,12.650257781147957,0.004496950656175613,2.9255658872425556,6.216940972954035,8.191762056201696,7.203012004494667,5.0120827332139015,3.299083150923252,3.6597583293914795,3.020197581499815,2.642086014151573,0.2744200862944126,0.002278052270412445,0.002064991742372513,0.0018958523869514465,0.0018774867057800293,0.0016159415245056152,0.0013945512473583221,0.15308476239442825,0.0010110773146152496,0.05156067758798599,0.0006746649742126465,0.00065603107213974,0.0005001053214073181,0.0002583637833595276,0.0,0.0,0.0,0.0,0.0,0.0,0.0,0.0,0.0,0.0,0.0,0.0,0.0,0.0,0.0,0.0,0.0,0.0,109.88528045639396
93,1.9023305401206017,2.1749279648065567,3.757660411298275,3.86167261749506,14.199259154498577,0.005128536373376846,20.14272614568472,21.385978031903505,20.382642049342394,24.52807353436947,11.900513425469398,14.207741390913725,10.112136285752058,5.804859574884176,3.3091455288231373,8.34417449310422,2.344312611967325,3.5394047014415264,2.55752819404006,2.661427538841963,0.7562758773565292,0.47143640369176865,0.36891499906778336,0.28677840530872345,0.0013378337025642395,0.11542334035038948,0.001682966947555542,0.17538787797093391,0.0063217319548130035,0.0010396279394626617,0.0,0.0,0.0,0.0,0.0,0.0,0.0,0.0,0.0,0.0,0.0,0.0,0.0,0.0,0.0,0.0,0.0,0.0,0.0,0.0,179.30624179542065
94,1.8318814113736153,4.567212104797363,5.349833965301514,5.6055563762784,9.660220324993134,10.641175355762243,9.583278477191925,8.3965551443398,6.896819923073053,4.474180739372969,8.847318477928638,11.700528241693974,5.4336541295051575,1.824622169137001,3.3056970685720444,2.926940657198429,3.366538029164076,0.004258338361978531,0.0031519755721092224,0.002201240509748459,0.0028937645256519318,0.7062110044062138,2.565752986818552,1.034916214644909,0.003076009452342987,0.0019523873925209045,0.0011925213038921356,0.15410091355443,0.001010451465845108,0.0006686821579933167,0.0003923848271369934,0.0003877095878124237,0.0,0.0,0.0,0.0,0.0,0.0,0.0,0.0,0.0,0.0,0.0,0.0,0.0,0.0,0.0,0.0,0.0,0.0,108.89417918026447
95,0.005909755825996399,2.2116421051323414,3.7425054349005222,0.005553595721721649,7.99452693387866,10.27371471747756,13.886751588433981,11.93135041743517,7.648901842534542,8.9724089987576,5.8602872639894485,4.1979484260082245,1.9168947227299213,2.298569291830063,3.827993519604206,0.0030460432171821594,0.0,0.0,0.0,0.0,0.0,0.0,0.0,0.0,0.0,0.0,0.0,0.0,0.0,0.0,0.0,0.0,0.0,0.0,0.0,0.0,0.0,0.0,0.0,0.0,0.0,0.0,0.0,0.0,0.0,0.0,0.0,0.0,0.0,0.0,84.77800465747714
96,1.6804916337132454,3.2952299900352955,4.227807443588972,8.73920039832592,13.969367809593678,9.10621028020978,0.004987873136997223,16.869036749005318,12.485116347670555,10.437237873673439,9.844294998794794,4.268069796264172,13.417320918291807,15.845737677067518,8.579407088458538,14.727570243179798,0.0030845068395137787,18.441401835530996,13.91466710343957,0.0032682307064533234,0.8219114802777767,0.8543007150292397,1.0514237210154533,0.8126845583319664,0.5134381540119648,0.00131254643201828,0.24991073831915855,0.05068438500165939,0.00872429832816124,0.0007636472582817078,0.0,0.0,0.0,0.0,0.0,0.0,0.0,0.0,0.0,0.0,0.0,0.0,0.0,0.0,0.0,0.0,0.0,0.0,0.0,0.0,184.22466304153204
97,1.689711894840002,2.5030561797320843,2.876756027340889,8.16876557096839,8.17206683382392,3.2817270793020725,11.989184498786926,0.006575595587491989,5.600441176444292,4.269808333367109,0.8379233404994011,0.9912402667105198,0.0037312358617782593,0.0,0.0,0.0,0.0,0.0,0.0,0.0,0.0,0.0,0.0,0.0,0.0,0.0,0.0,0.0,0.0,0.0,0.0,0.0,0.0,0.0,0.0,0.0,0.0,0.0,0.0,0.0,0.0,0.0,0.0,0.0,0.0,0.0,0.0,0.0,0.0,0.0,50.390988033264875
98,1.7805257216095924,0.008080117404460907,2.87710165604949,7.969467740505934,8.218435656279325,13.48553742468357,3.4144932627677917,2.9144177101552486,1.140502568334341,0.00417637825012207,0.0,0.0,0.0,0.0,0.0,0.0,0.0,0.0,0.0,0.0,0.0,0.0,0.0,0.0,0.0,0.0,0.0,0.0,0.0,0.0,0.0,0.0,0.0,0.0,0.0,0.0,0.0,0.0,0.0,0.0,0.0,0.0,0.0,0.0,0.0,0.0,0.0,0.0,0.0,0.0,41.81273823603988
99,1.7828344143927097,2.545273508876562,2.897284798324108,8.05075342208147,8.211966264992952,13.471670892089605,3.457574211061001,2.86791318282485,1.1358253732323647,0.004262495785951614,0.0,0.0,0.0,0.0,0.0,0.0,0.0,0.0,0.0,0.0,0.0,0.0,0.0,0.0,0.0,0.0,0.0,0.0,0.0,0.0,0.0,0.0,0.0,0.0,0.0,0.0,0.0,0.0,0.0,0.0,0.0,0.0,0.0,0.0,0.0,0.0,0.0,0.0,0.0,0.0,44.425358563661575
100,1.736215639859438,2.5211697965860367,2.8869423046708107,0.005293179303407669,0.829256221652031,1.519782431423664,2.7025114074349403,0.992647510021925,2.055699560791254,2.090847123414278,5.787879176437855,3.8294353373348713,0.8504512533545494,1.2260071784257889,4.500848136842251,0.8614622354507446,0.014362536370754242,0.0028060302138328552,0.0,0.0,0.0,0.0,0.0,0.0,0.0,0.0,0.0,0.0,0.0,0.0,0.0,0.0,0.0,0.0,0.0,0.0,0.0,0.0,0.0,0.0,0.0,0.0,0.0,0.0,0.0,0.0,0.0,0.0,0.0,0.0,34.41361705958843

total time per move x,168.61350316926837,229.20915991812944,354.9544806741178,590.3763708099723,999.5052983574569,1304.3319726102054,1260.9456616006792,1234.0322899408638,1005.5513678230345,948.1324452422559,1070.2240933440626,1049.1123122125864,892.9191887527704,830.1226508840919,672.7820902653039,607.648560050875,618.0807019025087,432.15358021855354,386.37375033274293,242.69774739816785,144.11958161368966,90.38512343913317,79.36165180429816,50.24691344052553,28.620270639657974,13.864036861807108,5.397147312760353,2.253211498260498,0.3318508118391037,0.20747612789273262,0.018095552921295166,0.005351074039936066,0.0006640255451202393,0,0,0,0,0,0,0,0,0,0,0,0,0,0,0,0,0,15312.578599710017
average time per move x,1.6861350316926838,2.2920915991812945,3.549544806741178,5.9037637080997225,9.995052983574569,13.043319726102053,12.609456616006792,12.340322899408639,10.055513678230346,9.481324452422559,13.89901419927354,13.804109371218242,11.7489366941154,11.06830201178789,9.091649868450052,8.211467027714527,8.5844541930904,6.086670143923289,5.51962500475347,3.4671106771166835,2.0588511659098523,1.3099293252048285,1.150168866728959,0.7282161368192106,0.4147865310095359,0.2038828950265751,0.07936981342294637,0.03313546320971321,0.004880158997633878,0.0030511195278343033,0.0005322221447439754,0.00038221957428114753,0.00033201277256011963,nan,nan,nan,nan,nan,nan,nan,nan,nan,nan,nan,nan,nan,nan,nan,nan,nan,153.12578599710017
std of time per move x,0.43249245240674805,0.6780428829412866,1.373398714674028,3.406626635320375,4.91429490750946,6.437994584201851,9.06383285395166,11.40455181943481,8.67375052020227,11.045769809834308,8.95142941830805,12.29384526223086,9.893976766677362,10.360503594402367,6.374311334839754,6.36953489302435,8.873568275071818,5.389682944639638,6.145211054982922,3.1039277726307275,1.8234003720112395,1.4043115424509862,1.3590276254904403,0.7589275739179553,0.5561145303804712,0.19624717385641877,0.09151485865166455,0.04896653661525629,0.011372470393954013,0.014011916542831303,0.000599725242280782,9.626013174851384e-05,8.564766453020054e-05,nan,nan,nan,nan,nan,nan,nan,nan,nan,nan,nan,nan,nan,nan,nan,nan,nan,94.47346246084159
err of average time,0.043249245240674805,0.06780428829412866,0.1373398714674028,0.3406626635320375,0.49142949075094605,0.6437994584201852,0.9063832853951659,1.140455181943481,0.867375052020227,1.1045769809834307,1.020110056648147,1.4102007664629106,1.1349169704127875,1.1963279078336582,0.7409986412930841,0.7404433912104462,1.045760050104183,0.639637686217856,0.7344932063313578,0.37099032751558264,0.21793802908988097,0.16905924303615436,0.16360770006179393,0.09136414341642621,0.06694832215324494,0.023798465486440212,0.011097806721596562,0.0059380647819228345,0.0013791146076024142,0.001699194468336262,0.00010285203052540242,2.5726602357761398e-05,6.056204438209534e-05,nan,nan,nan,nan,nan,nan,nan,nan,nan,nan,nan,nan,nan,nan,nan,nan,nan,9.447346246084159
