Contains move time for player Edax21; opponent is AlphaBeta5
Colums refer to move number, rows to game number
game,1,2,3,4,5,6,7,8,9,10,11,12,13,14,15,16,17,18,19,20,21,22,23,24,25,26,27,28,29,30,31,32,33,34,35,36,37,38,39,40,41,42,43,44,45,46,47,48,49,50,total
1,0.4603298008441925,0.12312911078333855,0.1097048781812191,0.1197335496544838,0.1076049692928791,0.11592741310596466,0.11398662626743317,0.11941925063729286,0.1193615011870861,0.11630463227629662,0.11338996887207031,0.11879608407616615,0.11799898371100426,0.10652283951640129,0.12370508909225464,0.1172722801566124,0.11368559673428535,0.1196727566421032,0.10480055212974548,0.12141506373882294,0.12051849067211151,0.10365807265043259,0.10933927446603775,0.10947944596409798,0.002387065440416336,0.0,0.0,0.0,0.0,0.0,0.0,0.0,0.0,0.0,0.0,0.0,0.0,0.0,0.0,0.0,0.0,0.0,0.0,0.0,0.0,0.0,0.0,0.0,0.0,0.0,3.1081432960927486
2,0.335836797952652,0.12208785861730576,0.11004850268363953,0.11557332053780556,0.12018217146396637,0.10734158754348755,0.11983982101082802,0.11949373409152031,0.1276511549949646,0.11895736679434776,0.10730472952127457,0.11800660565495491,0.11241339519619942,0.11353972554206848,0.11626092717051506,0.10948657244443893,0.11755787208676338,0.10821301117539406,0.10438049584627151,0.11713039875030518,0.10675239190459251,0.10414886102080345,0.10812508687376976,0.10553685948252678,0.10351606458425522,0.1106703169643879,0.11504805460572243,0.10342817008495331,0.10249801352620125,0.0005639903247356415,0.109887033700943,0.0,0.0,0.0,0.0,0.0,0.0,0.0,0.0,0.0,0.0,0.0,0.0,0.0,0.0,0.0,0.0,0.0,0.0,0.0,3.591480892151594
3,0.3704244829714298,0.1201329454779625,0.11073395237326622,0.10775725916028023,0.10730250924825668,0.12557506933808327,0.005313076078891754,0.10658334940671921,0.005030281841754913,0.004788577556610107,0.10625592991709709,0.11857496947050095,0.11743298545479774,0.117689348757267,0.11736766993999481,0.10516433045268059,0.11697365343570709,0.0031116679310798645,0.10433314368128777,0.11620777100324631,0.10411392524838448,0.11673892289400101,0.11348335444927216,0.135157972574234,0.11578310653567314,0.11584465578198433,0.11508838459849358,0.11064542457461357,0.1025208868086338,0.10245313495397568,0.10275059193372726,0.0,0.0,0.0,0.0,0.0,0.0,0.0,0.0,0.0,0.0,0.0,0.0,0.0,0.0,0.0,0.0,0.0,0.0,0.0,3.321333333849907
4,0.2970096804201603,0.11973556876182556,0.11414596810936928,0.12052107602357864,0.12002744525671005,0.11528993770480156,0.10993608459830284,0.11477086320519447,0.10788913071155548,0.12198609486222267,0.11887412145733833,0.11544909328222275,0.11476446315646172,0.10774317756295204,0.10622018575668335,0.10511868819594383,0.11209382489323616,0.11790765076875687,0.10457082465291023,0.11657759919762611,0.11682481691241264,0.11639346554875374,0.10652544721961021,0.11231891438364983,0.11456389725208282,0.1034250371158123,0.11208736151456833,0.11490455269813538,0.11447041854262352,0.1019585058093071,0.0002402178943157196,0.0,0.0,0.0,0.0,0.0,0.0,0.0,0.0,0.0,0.0,0.0,0.0,0.0,0.0,0.0,0.0,0.0,0.0,0.0,3.574344113469124
5,0.40286656096577644,0.10844648256897926,0.12066735699772835,0.11555395275354385,0.12440962716937065,0.12086032330989838,0.11990481987595558,0.005147870630025864,0.11918235197663307,0.0050204843282699585,0.11908155679702759,0.118479423224926,0.11622929200530052,0.12245392054319382,0.12357840314507484,0.10689603164792061,0.11719377338886261,0.11779442429542542,0.11666741967201233,0.11639084294438362,0.11706476286053658,0.11189450323581696,0.11021070554852486,0.1165519505739212,0.11523148790001869,0.1151205413043499,0.109139833599329,0.10865336656570435,0.11489291116595268,0.000255044549703598,0.0,0.0,0.0,0.0,0.0,0.0,0.0,0.0,0.0,0.0,0.0,0.0,0.0,0.0,0.0,0.0,0.0,0.0,0.0,0.0,3.4358400255441666
6,0.12015260756015778,0.11743965744972229,0.11997708305716515,0.11979488655924797,0.1085738018155098,0.11915898695588112,0.11964622139930725,0.11904951557517052,0.004435718059539795,0.0,0.0,0.0,0.0,0.0,0.0,0.0,0.0,0.0,0.0,0.0,0.0,0.0,0.0,0.0,0.0,0.0,0.0,0.0,0.0,0.0,0.0,0.0,0.0,0.0,0.0,0.0,0.0,0.0,0.0,0.0,0.0,0.0,0.0,0.0,0.0,0.0,0.0,0.0,0.0,0.0,0.9482284784317017
7,0.11474687606096268,0.005919709801673889,0.1192343682050705,0.11879141628742218,0.10692838951945305,0.11907758936285973,0.11923059448599815,0.11891907826066017,0.11936241388320923,0.11537287011742592,0.11821131780743599,0.11799035593867302,0.114140335470438,0.11068618670105934,0.11706236004829407,0.10579125583171844,0.11631770059466362,0.11657482758164406,0.10668454319238663,0.11321033164858818,0.00247303768992424,0.0022783204913139343,0.11661579832434654,0.10406884551048279,0.11558543518185616,0.11451713740825653,0.1031947210431099,0.11449925228953362,0.11573739349842072,0.0001839958131313324,0.0,0.0,0.0,0.0,0.0,0.0,0.0,0.0,0.0,0.0,0.0,0.0,0.0,0.0,0.0,0.0,0.0,0.0,0.0,0.0,2.9834064580500126
8,0.11978381499648094,0.005777612328529358,0.13857395574450493,0.1195184774696827,0.10862677916884422,0.1123412661254406,0.11465562507510185,0.1190708577632904,0.1192224957048893,0.1189650297164917,0.004811149090528488,0.1184629313647747,0.11784942075610161,0.11823765560984612,0.10693860799074173,0.10510602220892906,0.11777160689234734,0.1175113208591938,0.11384564265608788,0.1095198206603527,0.10738445445895195,0.1094345897436142,0.11090975254774094,0.11565295606851578,0.11596177518367767,0.10330057516694069,0.10523669421672821,0.10269131138920784,0.10217883065342903,0.00016346946358680725,0.0,0.0,0.0,0.0,0.0,0.0,0.0,0.0,0.0,0.0,0.0,0.0,0.0,0.0,0.0,0.0,0.0,0.0,0.0,0.0,3.0795045010745525
9,0.11171291023492813,0.12018623575568199,0.11934779211878777,0.10846531018614769,0.1195862740278244,0.11903433129191399,0.11877290159463882,0.12041148170828819,0.11351502686738968,0.004368290305137634,0.11778498440980911,0.10616512224078178,0.10624019056558609,0.1088695302605629,0.11718893423676491,0.10511694103479385,0.12622126564383507,0.11741195619106293,0.11643360555171967,0.11672045662999153,0.1037270799279213,0.10425817593932152,0.11643104627728462,0.11534835770726204,0.11492816358804703,0.11523058637976646,0.11460546776652336,0.10919071361422539,0.10460997745394707,0.00023189187049865723,0.0,0.0,0.0,0.0,0.0,0.0,0.0,0.0,0.0,0.0,0.0,0.0,0.0,0.0,0.0,0.0,0.0,0.0,0.0,0.0,3.1921150013804436
10,0.12020107358694077,0.1081538014113903,0.12862656638026237,0.1209091953933239,0.10969138890504837,0.11978451907634735,0.12023953720927238,0.10953553393483162,0.10581189021468163,0.11409539729356766,0.11925491690635681,0.11071030423045158,0.10997121408581734,0.11774100363254547,0.1095636673271656,0.0033718012273311615,0.11720802262425423,0.11478232964873314,0.11793366074562073,0.11699135228991508,0.11239802092313766,0.11071629449725151,0.11604345217347145,0.0016938969492912292,0.0014003477990627289,0.0011039376258850098,0.11484121531248093,0.11534266173839569,0.11415430903434753,0.00022246316075325012,0.0,0.0,0.0,0.0,0.0,0.0,0.0,0.0,0.0,0.0,0.0,0.0,0.0,0.0,0.0,0.0,0.0,0.0,0.0,0.0,2.8824937753379345
11,0.45288270711898804,0.12828384712338448,0.11503295600414276,0.11951625347137451,0.11436295509338379,0.1197097934782505,0.1166464164853096,0.11957439035177231,0.12026572600007057,0.11869815364480019,0.11860358342528343,0.11839967221021652,0.1122477725148201,0.11807353049516678,0.12682105973362923,0.11716235056519508,0.11759797856211662,0.11028718575835228,0.11725787073373795,0.11778750643134117,0.11645857989788055,0.11737244576215744,0.11643977090716362,0.11676179617643356,0.11544281616806984,0.11605925485491753,0.11554408445954323,0.11540396139025688,0.000642288476228714,0.10196743160486221,0.00015789270401000977,0.0,0.0,0.0,0.0,0.0,0.0,0.0,0.0,0.0,0.0,0.0,0.0,0.0,0.0,0.0,0.0,0.0,0.0,0.0,3.7314620316028595
12,0.2904950678348541,0.12026116624474525,0.1095518246293068,0.11968497186899185,0.0054239071905612946,0.11936501041054726,0.10651320964097977,0.11911135166883469,0.11917443573474884,0.11107543855905533,0.1187882199883461,0.1076190397143364,0.11872321367263794,0.118532195687294,0.11791615933179855,0.11563160642981529,0.11950785666704178,0.12332569435238838,0.0031468532979488373,0.10782648995518684,0.0024767592549324036,0.11677170917391777,0.11650945618748665,0.0017712078988552094,0.11537827551364899,0.11598332971334457,0.11536840721964836,0.11498764157295227,0.11495368555188179,0.0003161020576953888,0.00019937381148338318,0.0,0.0,0.0,0.0,0.0,0.0,0.0,0.0,0.0,0.0,0.0,0.0,0.0,0.0,0.0,0.0,0.0,0.0,0.0,3.086389660835266
13,0.3994205668568611,0.11119786649942398,0.11967826634645462,0.12017317488789558,0.12069031968712807,0.005247872322797775,0.11955748125910759,0.11651576310396194,0.1185845136642456,0.11902253702282906,0.12818988412618637,0.12077854201197624,0.11842162534594536,0.1181422583758831,0.11052055284380913,0.11812068521976471,0.11506476998329163,0.10905056074261665,0.12202281877398491,0.12566568329930305,0.11864452809095383,0.11571294814348221,0.11606064066290855,0.11576304584741592,0.10910993814468384,0.1036372072994709,0.10765477642416954,0.10593772679567337,0.10242084786295891,0.10234849900007248,0.0003290139138698578,0.0,0.0,0.0,0.0,0.0,0.0,0.0,0.0,0.0,0.0,0.0,0.0,0.0,0.0,0.0,0.0,0.0,0.0,0.0,3.633684914559126
14,0.31669121608138084,0.00573672354221344,0.11953067407011986,0.11364223435521126,0.11969339847564697,0.10784237086772919,0.0056281015276908875,0.11889459565281868,0.11471753194928169,0.1116410456597805,0.11868869885802269,0.004213277250528336,0.11402234807610512,0.11205096542835236,0.11805447936058044,0.11769592761993408,0.11731894314289093,0.11288978531956673,0.11204469203948975,0.1162131018936634,0.10666731372475624,0.10369162261486053,0.10373365879058838,0.10388048738241196,0.10326530411839485,0.1040518581867218,0.11621088162064552,0.10310829430818558,0.11002562195062637,0.0007635988295078278,0.10993127897381783,0.10202682763338089,0.00014839321374893188,0.0,0.0,0.0,0.0,0.0,0.0,0.0,0.0,0.0,0.0,0.0,0.0,0.0,0.0,0.0,0.0,0.0,3.344715252518654
15,0.38021180778741837,0.11498238146305084,0.005528867244720459,0.11382328346371651,0.1079314537346363,0.11917271465063095,0.11905910447239876,0.00533796101808548,0.11485516279935837,0.11867096275091171,0.11802824214100838,0.11837490648031235,0.11826745793223381,0.10801084712147713,0.10592499747872353,0.12315592542290688,0.1128266267478466,0.11415016278624535,0.11363688111305237,0.1167210228741169,0.11652231961488724,0.10748034343123436,0.003437768667936325,0.11606765910983086,0.1031140573322773,0.10919615253806114,0.0009784437716007233,0.11449316143989563,0.11055243015289307,0.1121346727013588,0.0002585873007774353,0.0,0.0,0.0,0.0,0.0,0.0,0.0,0.0,0.0,0.0,0.0,0.0,0.0,0.0,0.0,0.0,0.0,0.0,0.0,3.242906365543604
16,0.11452633887529373,0.11915159597992897,0.11648210138082504,0.005328606814146042,0.11933648958802223,0.10842351242899895,0.11898263543844223,0.11487212404608727,0.11858141794800758,0.11828453093767166,0.11245357617735863,0.11688712984323502,0.11931157857179642,0.11004607379436493,0.11099253967404366,0.0032616592943668365,0.0,0.0,0.0,0.0,0.0,0.0,0.0,0.0,0.0,0.0,0.0,0.0,0.0,0.0,0.0,0.0,0.0,0.0,0.0,0.0,0.0,0.0,0.0,0.0,0.0,0.0,0.0,0.0,0.0,0.0,0.0,0.0,0.0,0.0,1.6269219107925892
17,0.005797799676656723,0.1200459860265255,0.005446881055831909,0.1256968416273594,0.11907117068767548,0.11957458779215813,0.11972718685865402,0.005385465919971466,0.11935757845640182,0.11907433345913887,0.1058417297899723,0.11113396659493446,0.11731325462460518,0.11743384972214699,0.003363225609064102,0.11718138307332993,0.11790928989648819,0.11705959960818291,0.0028503909707069397,0.11645776778459549,0.11590595915913582,0.12488362193107605,0.10735940560698509,0.11185991764068604,0.10557149350643158,0.10406123846769333,0.10324523970484734,0.10896028950810432,0.1032324992120266,0.10240364447236061,0.0004799962043762207,0.0,0.0,0.0,0.0,0.0,0.0,0.0,0.0,0.0,0.0,0.0,0.0,0.0,0.0,0.0,0.0,0.0,0.0,0.0,2.873685594648123
18,0.119765505194664,0.11998339742422104,0.11984173581004143,0.11958368122577667,0.005265969783067703,0.005451921373605728,0.11948640644550323,0.11949676647782326,0.11463859677314758,0.1199437789618969,0.11796603724360466,0.12034052610397339,0.11847086623311043,0.1181647814810276,0.11407353356480598,0.10748391598463058,0.0034114085137844086,0.11700360849499702,0.116997629404068,0.11261634156107903,0.11231762543320656,0.12668118253350258,0.11564136669039726,0.11817728355526924,0.117762241512537,0.10872020572423935,0.10841349884867668,0.11492744833230972,0.1099049374461174,0.11136173084378242,0.11410478129982948,0.00025960803031921387,0.0,0.0,0.0,0.0,0.0,0.0,0.0,0.0,0.0,0.0,0.0,0.0,0.0,0.0,0.0,0.0,0.0,0.0,3.2682583183050156
19,0.1279258280992508,0.11943415552377701,0.10764484480023384,0.11928831413388252,0.11511979252099991,0.11944137886166573,0.11928461119532585,0.10882733762264252,0.004398547112941742,0.0,0.0,0.0,0.0,0.0,0.0,0.0,0.0,0.0,0.0,0.0,0.0,0.0,0.0,0.0,0.0,0.0,0.0,0.0,0.0,0.0,0.0,0.0,0.0,0.0,0.0,0.0,0.0,0.0,0.0,0.0,0.0,0.0,0.0,0.0,0.0,0.0,0.0,0.0,0.0,0.0,0.9413648098707199
20,0.4164266958832741,0.005659230053424835,0.11929813772439957,0.11990748345851898,0.11909962818026543,0.1190013475716114,0.11937564983963966,0.11906806752085686,0.004347153007984161,0.0,0.0,0.0,0.0,0.0,0.0,0.0,0.0,0.0,0.0,0.0,0.0,0.0,0.0,0.0,0.0,0.0,0.0,0.0,0.0,0.0,0.0,0.0,0.0,0.0,0.0,0.0,0.0,0.0,0.0,0.0,0.0,0.0,0.0,0.0,0.0,0.0,0.0,0.0,0.0,0.0,1.142183393239975
21,0.2743741311132908,0.11953585222363472,0.1200924962759018,0.11926761269569397,0.11019382625818253,0.10969428718090057,0.10660192370414734,0.005052089691162109,0.11833565309643745,0.10592075437307358,0.11931527405977249,0.1125219315290451,0.11887966468930244,0.11831079050898552,0.0036406666040420532,0.11786135286092758,0.11681873723864555,0.00318768247961998,0.11672990396618843,0.11664092913269997,0.002363160252571106,0.11615856364369392,0.12486348301172256,0.11776268854737282,0.001518193632364273,0.11674460396170616,0.1158926784992218,0.11542574316263199,0.0010200627148151398,0.11562538519501686,0.00024748221039772034,0.0,0.0,0.0,0.0,0.0,0.0,0.0,0.0,0.0,0.0,0.0,0.0,0.0,0.0,0.0,0.0,0.0,0.0,0.0,2.9605976045131683
22,0.27340664342045784,0.12024224922060966,0.005557522177696228,0.11970321461558342,0.11959198117256165,0.12098740413784981,0.11933496966958046,0.11942582949995995,0.1163775622844696,0.1204497367143631,0.11886579170823097,0.11481281742453575,0.11827931180596352,0.11901222169399261,0.11767728626728058,0.10758910700678825,0.11707767099142075,0.11735981330275536,0.11721780896186829,0.12885349988937378,0.10845782980322838,0.11671939119696617,0.0019390396773815155,0.11620510742068291,0.10421593859791756,0.10279761627316475,0.12344061955809593,0.11552661284804344,0.10238559171557426,0.10845144093036652,0.11413806676864624,0.0001607462763786316,0.0,0.0,0.0,0.0,0.0,0.0,0.0,0.0,0.0,0.0,0.0,0.0,0.0,0.0,0.0,0.0,0.0,0.0,3.526260443031788
23,0.32007839903235435,0.11407047137618065,0.0055321380496025085,0.1128155067563057,0.13360095769166946,0.11582712084054947,0.11937080696225166,0.11959178745746613,0.12774775922298431,0.1091112270951271,0.11236518248915672,0.11773595958948135,0.11816617846488953,0.11763178929686546,0.10480131953954697,0.11754284054040909,0.10688559710979462,0.11170129477977753,0.10604699328541756,0.002692088484764099,0.10535872355103493,0.11705532670021057,0.12140878662467003,0.11573712900280952,0.10675621032714844,0.10430736094713211,0.11685364320874214,0.11146802455186844,0.0007063485682010651,0.11393256485462189,0.00017055124044418335,0.0,0.0,0.0,0.0,0.0,0.0,0.0,0.0,0.0,0.0,0.0,0.0,0.0,0.0,0.0,0.0,0.0,0.0,0.0,3.3070700876414776
24,0.34055064991116524,0.10937857255339622,0.11915773153305054,0.11370673775672913,0.11946162208914757,0.12751809507608414,0.119354959577322,0.11956881731748581,0.11904467269778252,0.12718885019421577,0.1085703894495964,0.004369702190160751,0.11823148652911186,0.1179979108273983,0.12346180528402328,0.12594790384173393,0.11712271720170975,0.10649479180574417,0.1354789137840271,0.002536378800868988,0.11595875024795532,0.1291206106543541,0.11597974225878716,0.11582167446613312,0.11502828076481819,0.1038026325404644,0.11178753897547722,0.11555587127804756,0.11077453941106796,0.0002771914005279541,0.0,0.0,0.0,0.0,0.0,0.0,0.0,0.0,0.0,0.0,0.0,0.0,0.0,0.0,0.0,0.0,0.0,0.0,0.0,0.0,3.4092495404183865
25,0.3620917871594429,0.10869844257831573,0.11928693577647209,0.11663805693387985,0.10897403955459595,0.1280287206172943,0.11930025368928909,0.12858352065086365,0.11815280467271805,0.004846043884754181,0.11950108781456947,0.004688885062932968,0.11974124610424042,0.11843659356236458,0.10564746707677841,0.1106390617787838,0.12676741927862167,0.11788013949990273,0.13223960623145103,0.1219891831278801,0.12676450982689857,0.12670084834098816,0.1266724243760109,0.1174156479537487,0.11297465115785599,0.0012877248227596283,0.11561820283532143,0.11623774468898773,0.1334623396396637,0.11043033003807068,0.00016964226961135864,0.0,0.0,0.0,0.0,0.0,0.0,0.0,0.0,0.0,0.0,0.0,0.0,0.0,0.0,0.0,0.0,0.0,0.0,0.0,3.479865361005068
26,0.1285836063325405,0.11957590654492378,0.11985195800662041,0.12834668904542923,0.1182844415307045,0.11462874710559845,0.11917126923799515,0.12544773519039154,0.006275106221437454,0.11837993562221527,0.11820684745907784,0.12663090601563454,0.11825891584157944,0.10564137622714043,0.1175861731171608,0.11221397295594215,0.11052899062633514,0.11747020483016968,0.10848115012049675,0.12460652366280556,0.10647297278046608,0.10937601327896118,0.11728614568710327,0.10774993151426315,0.11623626947402954,0.0012920722365379333,0.11540140584111214,0.11482696980237961,0.0008125603199005127,0.0004507489502429962,0.0,0.0,0.0,0.0,0.0,0.0,0.0,0.0,0.0,0.0,0.0,0.0,0.0,0.0,0.0,0.0,0.0,0.0,0.0,0.0,3.048075545579195
27,0.12042286619544029,0.1192655898630619,0.11939283460378647,0.11660124734044075,0.11998167634010315,0.1100100465118885,0.12554563954472542,0.11887390539050102,0.004383385181427002,0.0,0.0,0.0,0.0,0.0,0.0,0.0,0.0,0.0,0.0,0.0,0.0,0.0,0.0,0.0,0.0,0.0,0.0,0.0,0.0,0.0,0.0,0.0,0.0,0.0,0.0,0.0,0.0,0.0,0.0,0.0,0.0,0.0,0.0,0.0,0.0,0.0,0.0,0.0,0.0,0.0,0.9544771909713745
28,0.11407065764069557,0.11131679266691208,0.11989202722907066,0.11919984966516495,0.12006663903594017,0.119694784283638,0.10658350959420204,0.1186988390982151,0.11875766143202782,0.11860368773341179,0.11825549229979515,0.1187107004225254,0.11787856742739677,0.11850181967020035,0.11811891570687294,0.11789324879646301,0.1174946054816246,0.11970680952072144,0.10986955463886261,0.11655636876821518,0.10475077852606773,0.10484981909394264,0.11726478859782219,0.11688896268606186,0.1154458224773407,0.11666453257203102,0.11291656643152237,0.10881199687719345,0.10334233939647675,0.11524194106459618,0.11078054457902908,0.10230155289173126,0.00015624985098838806,0.0,0.0,0.0,0.0,0.0,0.0,0.0,0.0,0.0,0.0,0.0,0.0,0.0,0.0,0.0,0.0,0.0,3.6692864261567593
29,0.11965658888220787,0.12054595723748207,0.11977217718958855,0.11982998251914978,0.10962850600481033,0.10814079642295837,0.11703001707792282,0.1278506964445114,0.00440920889377594,0.0,0.0,0.0,0.0,0.0,0.0,0.0,0.0,0.0,0.0,0.0,0.0,0.0,0.0,0.0,0.0,0.0,0.0,0.0,0.0,0.0,0.0,0.0,0.0,0.0,0.0,0.0,0.0,0.0,0.0,0.0,0.0,0.0,0.0,0.0,0.0,0.0,0.0,0.0,0.0,0.0,0.9468639306724072
30,0.12041041254997253,0.13344226405024529,0.11924844235181808,0.11917735263705254,0.12854263931512833,0.11982207745313644,0.005263999104499817,0.12996773049235344,0.11211034283041954,0.1184876598417759,0.11810645088553429,0.11298840120434761,0.1187346987426281,0.1125231422483921,0.1197550855576992,0.12578897178173065,0.11699608340859413,0.11673765257000923,0.11232313513755798,0.11694202199578285,0.12516902387142181,0.11229230090975761,0.11323164030909538,0.12491673231124878,0.11581167578697205,0.1156444288790226,0.11524408683180809,0.1148652657866478,0.10274367406964302,0.00024433061480522156,0.0,0.0,0.0,0.0,0.0,0.0,0.0,0.0,0.0,0.0,0.0,0.0,0.0,0.0,0.0,0.0,0.0,0.0,0.0,0.0,3.3175317235291004
31,0.37571633234620094,0.11378217488527298,0.1289626955986023,0.1208450086414814,0.12813148275017738,0.12953349202871323,0.11930705979466438,0.1288990043103695,0.11557386443018913,0.11919066682457924,0.11893575266003609,0.1274126060307026,0.11822565644979477,0.1175786554813385,0.11433205753564835,0.12584270909428596,0.11745477467775345,0.12254838272929192,0.11036321520805359,0.10542566329240799,0.11704300716519356,0.11718855053186417,0.10451824963092804,0.10564624145627022,0.10428096726536751,0.10372744500637054,0.11547476053237915,0.1057744026184082,0.10382973402738571,0.1160915419459343,0.10686198249459267,0.1022326648235321,0.00023305043578147888,0.0,0.0,0.0,0.0,0.0,0.0,0.0,0.0,0.0,0.0,0.0,0.0,0.0,0.0,0.0,0.0,0.0,3.9609638527035713
32,0.29377100616693497,0.13242505118250847,0.12066816911101341,0.11899716407060623,0.11974503844976425,0.11991812288761139,0.11524451524019241,0.1191796213388443,0.1171606294810772,0.1129332035779953,0.118971336632967,0.120418231934309,0.12266867980360985,0.11325672641396523,0.11368490010499954,0.11778808385133743,0.11769361048936844,0.10474716871976852,0.1223285049200058,0.10613692551851273,0.10520611330866814,0.11099813506007195,0.1035015881061554,0.11627789214253426,0.1237623579800129,0.11316494271159172,0.11189843341708183,0.11544348672032356,0.10381222143769264,0.00028445199131965637,0.0,0.0,0.0,0.0,0.0,0.0,0.0,0.0,0.0,0.0,0.0,0.0,0.0,0.0,0.0,0.0,0.0,0.0,0.0,0.0,3.5320863127708435
33,0.33862948417663574,0.11698736995458603,0.12025599926710129,0.005488261580467224,0.10985827818512917,0.12148550897836685,0.11959691345691681,0.1335708610713482,0.12027909979224205,0.11891340836882591,0.004756230860948563,0.004495657980442047,0.11695725098252296,0.10753325000405312,0.12585844844579697,0.11731359362602234,0.0034504644572734833,0.12328484654426575,0.00278322771191597,0.11663131788372993,0.11662707105278969,0.002293415367603302,0.11626027897000313,0.13218659907579422,0.11262953281402588,0.12441954389214516,0.12525951117277145,0.12708887085318565,0.11175511032342911,0.10301849618554115,0.1024935245513916,0.0,0.0,0.0,0.0,0.0,0.0,0.0,0.0,0.0,0.0,0.0,0.0,0.0,0.0,0.0,0.0,0.0,0.0,0.0,3.2021614275872707
34,0.36488233134150505,0.1257869079709053,0.1289830282330513,0.13177456706762314,0.11327168717980385,0.11912140250205994,0.12857595458626747,0.11947906017303467,0.11564479023218155,0.12636994197964668,0.10833244770765305,0.12119200080633163,0.12007627263665199,0.12757541239261627,0.12143148854374886,0.0034176036715507507,0.003326617181301117,0.13079460337758064,0.1263662837445736,0.13135456293821335,0.11589239910244942,0.11498669534921646,0.1253887601196766,0.12713976576924324,0.11151682212948799,0.12473376467823982,0.10906326398253441,0.12406259402632713,0.10881800949573517,0.10883673280477524,0.0,0.0,0.0,0.0,0.0,0.0,0.0,0.0,0.0,0.0,0.0,0.0,0.0,0.0,0.0,0.0,0.0,0.0,0.0,0.0,3.6381957717239857
35,0.3296804651618004,0.1206156313419342,0.12022672593593597,0.10913753136992455,0.11983222141861916,0.11932249367237091,0.12463928014039993,0.1162090077996254,0.11295999214053154,0.11905625462532043,0.1282791756093502,0.12815450504422188,0.1076488234102726,0.11475461348891258,0.00407293438911438,0.12718454748392105,0.11167062446475029,0.11437300965189934,0.11708585917949677,0.12611788883805275,0.1149052232503891,0.12925389036536217,0.12576161324977875,0.10894068703055382,0.12499961629509926,0.11625625565648079,0.11593353003263474,0.11530232802033424,0.10331829264760017,0.10252001509070396,0.00023278966546058655,0.0,0.0,0.0,0.0,0.0,0.0,0.0,0.0,0.0,0.0,0.0,0.0,0.0,0.0,0.0,0.0,0.0,0.0,0.0,3.628445826470852
36,0.12020793557167053,0.11983172595500946,0.005590960383415222,0.11897647008299828,0.11884986236691475,0.1281994841992855,0.1285327970981598,0.12580183893442154,0.13110696151852608,0.11015378683805466,0.12531139329075813,0.10950000956654549,0.11838656291365623,0.12331327795982361,0.007704693824052811,0.1118130199611187,0.11719619482755661,0.1178860068321228,0.11699062958359718,0.11623924598097801,0.11650790274143219,0.1160736083984375,0.11726153269410133,0.1176137775182724,0.11609809845685959,0.11510566994547844,0.11118010804057121,0.11103344708681107,0.11481617018580437,0.10590525344014168,0.00018553435802459717,0.0,0.0,0.0,0.0,0.0,0.0,0.0,0.0,0.0,0.0,0.0,0.0,0.0,0.0,0.0,0.0,0.0,0.0,0.0,3.3133739605545998
37,0.12001185119152069,0.12008451670408249,0.1199706681072712,0.1196289137005806,0.11985493078827858,0.11998577788472176,0.005444478243589401,0.11894500628113747,0.004410929977893829,0.0,0.0,0.0,0.0,0.0,0.0,0.0,0.0,0.0,0.0,0.0,0.0,0.0,0.0,0.0,0.0,0.0,0.0,0.0,0.0,0.0,0.0,0.0,0.0,0.0,0.0,0.0,0.0,0.0,0.0,0.0,0.0,0.0,0.0,0.0,0.0,0.0,0.0,0.0,0.0,0.0,0.848337072879076
38,0.12056868895888329,0.12004374340176582,0.12801089882850647,0.11938220635056496,0.11930333450436592,0.11894787847995758,0.11942029744386673,0.12812359258532524,0.004489239305257797,0.0,0.0,0.0,0.0,0.0,0.0,0.0,0.0,0.0,0.0,0.0,0.0,0.0,0.0,0.0,0.0,0.0,0.0,0.0,0.0,0.0,0.0,0.0,0.0,0.0,0.0,0.0,0.0,0.0,0.0,0.0,0.0,0.0,0.0,0.0,0.0,0.0,0.0,0.0,0.0,0.0,0.9782898798584938
39,0.12054045498371124,0.12886730954051018,0.12859134003520012,0.1288786455988884,0.1154356487095356,0.11155695840716362,0.12873507291078568,0.12798837572336197,0.00440606102347374,0.0,0.0,0.0,0.0,0.0,0.0,0.0,0.0,0.0,0.0,0.0,0.0,0.0,0.0,0.0,0.0,0.0,0.0,0.0,0.0,0.0,0.0,0.0,0.0,0.0,0.0,0.0,0.0,0.0,0.0,0.0,0.0,0.0,0.0,0.0,0.0,0.0,0.0,0.0,0.0,0.0,0.9949998669326305
40,0.12006833031773567,0.11983455717563629,0.12802208587527275,0.11988810822367668,0.1195010356605053,0.11937784403562546,0.1284695342183113,0.11142431944608688,0.0044585466384887695,0.0,0.0,0.0,0.0,0.0,0.0,0.0,0.0,0.0,0.0,0.0,0.0,0.0,0.0,0.0,0.0,0.0,0.0,0.0,0.0,0.0,0.0,0.0,0.0,0.0,0.0,0.0,0.0,0.0,0.0,0.0,0.0,0.0,0.0,0.0,0.0,0.0,0.0,0.0,0.0,0.0,0.9710443615913391
41,0.2587895542383194,0.11629869788885117,0.13118716329336166,0.10701364651322365,0.1201167032122612,0.11942251771688461,0.11841042339801788,0.11408880352973938,0.13446244597434998,0.1193215548992157,0.11849867179989815,0.11389864236116409,0.10690801963210106,0.004038684070110321,0.12277186289429665,0.10502026975154877,0.11586149409413338,0.11320251226425171,0.1184532456099987,0.12436114624142647,0.11674782261252403,0.11578606441617012,0.11644814908504486,0.1169109158217907,0.1167227290570736,0.11438273265957832,0.12466065585613251,0.0018406584858894348,0.124546580016613,0.10314783081412315,0.10831978544592857,0.0001728832721710205,0.0,0.0,0.0,0.0,0.0,0.0,0.0,0.0,0.0,0.0,0.0,0.0,0.0,0.0,0.0,0.0,0.0,0.0,3.5418128669261932
42,0.27365515381097794,0.12028390541672707,0.11600736156105995,0.12003640085458755,0.11257527023553848,0.12783121690154076,0.11964679881930351,0.11943883076310158,0.11880994215607643,0.11872239783406258,0.11895681545138359,0.11885784566402435,0.10646245628595352,0.0045815929770469666,0.11853402853012085,0.11780805513262749,0.11108895018696785,0.11753764003515244,0.1182744950056076,0.11701594293117523,0.11673538759350777,0.1050507016479969,0.11651855707168579,0.11585956439375877,0.11560238152742386,0.0013069696724414825,0.12451018020510674,0.11165449768304825,0.10710909217596054,0.0004097744822502136,0.00021031126379966736,0.0,0.0,0.0,0.0,0.0,0.0,0.0,0.0,0.0,0.0,0.0,0.0,0.0,0.0,0.0,0.0,0.0,0.0,0.0,3.3110925182700157
43,0.26506226882338524,0.12950003519654274,0.13147789612412453,0.12637250497937202,0.12169885262846947,0.1284380406141281,0.1293351948261261,0.12653177604079247,0.1300988309085369,0.11284434795379639,0.11841725185513496,0.11783653870224953,0.00413091853260994,0.12728016451001167,0.1145787164568901,0.11792372539639473,0.0035898834466934204,0.12634220346808434,0.1221703365445137,0.12578612193465233,0.11307929083704948,0.11494631692767143,0.11715546995401382,0.10780055820941925,0.11825339868664742,0.11472233384847641,0.11442524939775467,0.11472652852535248,0.0005060508847236633,0.0002833716571331024,0.0,0.0,0.0,0.0,0.0,0.0,0.0,0.0,0.0,0.0,0.0,0.0,0.0,0.0,0.0,0.0,0.0,0.0,0.0,0.0,3.2953141778707504
44,0.27576711773872375,0.11603622138500214,0.11920076608657837,0.10837342962622643,0.11171290278434753,0.11905130743980408,0.11977256461977959,0.11923674121499062,0.11914926022291183,0.1185329519212246,0.1145569272339344,0.11425761505961418,0.12739361822605133,0.12199319526553154,0.1266106739640236,0.10548705607652664,0.003426704555749893,0.12640796974301338,0.11668182909488678,0.12906764820218086,0.11469920352101326,0.11833912134170532,0.1166619174182415,0.10455608740448952,0.0014798343181610107,0.11547897011041641,0.11562631279230118,0.11075450107455254,0.0009046830236911774,0.11487985029816628,0.00022743269801139832,0.0,0.0,0.0,0.0,0.0,0.0,0.0,0.0,0.0,0.0,0.0,0.0,0.0,0.0,0.0,0.0,0.0,0.0,0.0,3.326324414461851
45,0.31818242371082306,0.10860101133584976,0.12886719033122063,0.10807787626981735,0.12604708224534988,0.11876275017857552,0.11970715597271919,0.1111237220466137,0.005041446536779404,0.11517603695392609,0.11901580169796944,0.11877031624317169,0.1262602023780346,0.11448758840560913,0.12905001640319824,0.11787685379385948,0.1109156385064125,0.11552277952432632,0.11205347999930382,0.10383240506052971,0.0022779181599617004,0.0,0.0,0.0,0.0,0.0,0.0,0.0,0.0,0.0,0.0,0.0,0.0,0.0,0.0,0.0,0.0,0.0,0.0,0.0,0.0,0.0,0.0,0.0,0.0,0.0,0.0,0.0,0.0,0.0,2.429649695754051
46,0.11971178278326988,0.11252938956022263,0.11632293090224266,0.006053805351257324,0.12193331494927406,0.11891623958945274,0.11892799288034439,0.11498882621526718,0.11875998601317406,0.11857553943991661,0.10668720304965973,0.1182299554347992,0.11837847903370857,0.11120976507663727,0.11348934471607208,0.12588520348072052,0.11690883338451385,0.11010072007775307,0.11277192458510399,0.12029658257961273,0.11699392274022102,0.11609980091452599,0.0016948506236076355,0.10968721657991409,0.11077932268381119,0.11111640557646751,0.11073818057775497,0.11141092702746391,0.1023506447672844,0.0002816207706928253,0.00013487786054611206,0.0,0.0,0.0,0.0,0.0,0.0,0.0,0.0,0.0,0.0,0.0,0.0,0.0,0.0,0.0,0.0,0.0,0.0,0.0,3.111965589225292
47,0.11994403973221779,0.1154814288020134,0.1154404915869236,0.11561059206724167,0.11940160021185875,0.11896391212940216,0.1143304891884327,0.11407066136598587,0.13044282048940659,0.004427619278430939,0.1181047186255455,0.11200004070997238,0.12466754019260406,0.1270420402288437,0.11173050478100777,0.0032102055847644806,0.12613870203495026,0.11252172663807869,0.11050823330879211,0.11199440062046051,0.11167806014418602,0.12318654730916023,0.12503746896982193,0.0016337595880031586,0.11870953813195229,0.11138003319501877,0.11092289909720421,0.0006355680525302887,0.000395018607378006,0.0002720355987548828,0.0,0.0,0.0,0.0,0.0,0.0,0.0,0.0,0.0,0.0,0.0,0.0,0.0,0.0,0.0,0.0,0.0,0.0,0.0,0.0,2.8298826962709427
48,0.11555476859211922,0.0057201087474823,0.11996617540717125,0.11957531049847603,0.11845963820815086,0.11509594693779945,0.1292942501604557,0.11924731731414795,0.12317508086562157,0.004371952265501022,0.11522901430726051,0.10990482568740845,0.12679389119148254,0.003886401653289795,0.003567080944776535,0.11761423200368881,0.12518731132149696,0.12611234560608864,0.12649867311120033,0.1256590187549591,0.10948172956705093,0.11641930043697357,0.12358463183045387,0.12489356473088264,0.10335879772901535,0.1153852678835392,0.10340442135930061,0.11109238862991333,0.10254496708512306,0.10246807709336281,0.10243308171629906,0.0,0.0,0.0,0.0,0.0,0.0,0.0,0.0,0.0,0.0,0.0,0.0,0.0,0.0,0.0,0.0,0.0,0.0,0.0,3.1659795716404915
49,0.1190478652715683,0.11349701881408691,0.005498360842466354,0.005375217646360397,0.11896171793341637,0.12573646754026413,0.1303083300590515,0.11971234157681465,0.12111923098564148,0.11299135163426399,0.11142086610198021,0.12756836786866188,0.0039031505584716797,0.0,0.0,0.0,0.0,0.0,0.0,0.0,0.0,0.0,0.0,0.0,0.0,0.0,0.0,0.0,0.0,0.0,0.0,0.0,0.0,0.0,0.0,0.0,0.0,0.0,0.0,0.0,0.0,0.0,0.0,0.0,0.0,0.0,0.0,0.0,0.0,0.0,1.2151402868330479
50,0.11987501010298729,0.12287714704871178,0.11912116780877113,0.11376231163740158,0.11927986517548561,0.11998406052589417,0.11597549915313721,0.11861415952444077,0.11449958384037018,0.1183120496571064,0.11419056728482246,0.11144229769706726,0.1080055944621563,0.11761809885501862,0.0037686899304389954,0.003676746040582657,0.11716143786907196,0.11730323731899261,0.10526184737682343,0.11656079441308975,0.10430625826120377,0.11654975637793541,0.11552588641643524,0.11437239870429039,0.1207740269601345,0.10329017788171768,0.10335663706064224,0.1057007759809494,0.10471691191196442,0.10303792357444763,0.10384102165699005,0.10291629657149315,0.0,0.0,0.0,0.0,0.0,0.0,0.0,0.0,0.0,0.0,0.0,0.0,0.0,0.0,0.0,0.0,0.0,0.0,3.395678237080574
51,0.35743458196520805,0.11968769878149033,0.12023458257317543,0.005490656942129135,0.10713865607976913,0.005295984447002411,0.11890272423624992,0.11891495808959007,0.11980855464935303,0.1191803403198719,0.11918088048696518,0.12005547434091568,0.11487282440066338,0.10577572137117386,0.11375933885574341,0.11794514209032059,0.11728637292981148,0.11764488369226456,0.11966674029827118,0.0027827881276607513,0.0024345777928829193,0.13432299345731735,0.11806649714708328,0.11576506122946739,0.11589120328426361,0.10571422055363655,0.11492549628019333,0.10307633876800537,0.10251694545149803,0.10228895023465157,0.0,0.0,0.0,0.0,0.0,0.0,0.0,0.0,0.0,0.0,0.0,0.0,0.0,0.0,0.0,0.0,0.0,0.0,0.0,0.0,3.256061188876629
52,0.3820117264986038,0.11898989602923393,0.0056114718317985535,0.11982528120279312,0.11151302233338356,0.12325851619243622,0.127823818475008,0.005111537873744965,0.11534231528639793,0.11913349479436874,0.11950638145208359,0.10638351738452911,0.11865773424506187,0.118341825902462,0.12652484327554703,0.12767891585826874,0.11731922999024391,0.11804342642426491,0.13229820504784584,0.11780198663473129,0.11805081367492676,0.10452179610729218,0.11629480496048927,0.11645210906863213,0.11637997627258301,0.0012820884585380554,0.11587382480502129,0.11109894886612892,0.111517995595932,0.00026742368936538696,0.0,0.0,0.0,0.0,0.0,0.0,0.0,0.0,0.0,0.0,0.0,0.0,0.0,0.0,0.0,0.0,0.0,0.0,0.0,0.0,3.342916928231716
53,0.3205338642001152,0.12900232896208763,0.11959488317370415,0.11983414739370346,0.11440544575452805,0.12002385035157204,0.12122614681720734,0.12813866138458252,0.11946004629135132,0.11897484213113785,0.10868921875953674,0.10625084489583969,0.1177709549665451,0.11813253909349442,0.11789320036768913,0.12655916064977646,0.11313741281628609,0.10941623151302338,0.11846258118748665,0.11671965569257736,0.12567457556724548,0.12525378167629242,0.11605152487754822,0.11184828728437424,0.12682998180389404,0.002644546329975128,0.10386500507593155,0.10540395602583885,0.0005128979682922363,0.11054553091526031,0.00016267970204353333,0.0,0.0,0.0,0.0,0.0,0.0,0.0,0.0,0.0,0.0,0.0,0.0,0.0,0.0,0.0,0.0,0.0,0.0,0.0,3.4930187836289406
54,0.36739595979452133,0.1297222375869751,0.12956887111067772,0.12247241660952568,0.12709130346775055,0.10737960785627365,0.12514793127775192,0.12853612750768661,0.12804218381643295,0.11528833210468292,0.11549798026680946,0.11812674626708031,0.118915144354105,0.1234573982656002,0.134846281260252,0.12116694077849388,0.11788629740476608,0.128689244389534,0.11743563786149025,0.12638398259878159,0.11690095439553261,0.1096438579261303,0.11092475056648254,0.10763682052493095,0.001903042197227478,0.1082666777074337,0.10594041272997856,0.10262519866228104,0.10215471312403679,0.10601923987269402,0.0002726912498474121,0.0,0.0,0.0,0.0,0.0,0.0,0.0,0.0,0.0,0.0,0.0,0.0,0.0,0.0,0.0,0.0,0.0,0.0,0.0,3.6753389835357666
55,0.34803592041134834,0.11947456374764442,0.12277992069721222,0.12123734876513481,0.1287074200809002,0.1281868740916252,0.005241520702838898,0.11956457793712616,0.13135004043579102,0.004762541502714157,0.11877935752272606,0.12832792475819588,0.11803339794278145,0.10928476974368095,0.10758011788129807,0.0035887882113456726,0.11725937575101852,0.11764855310320854,0.11693770810961723,0.11660658195614815,0.12629010528326035,0.11677516624331474,0.12046095356345177,0.11849072575569153,0.0015423744916915894,0.12414750456809998,0.12397506833076477,0.10293883457779884,0.11759130284190178,0.10210328921675682,0.00025685131549835205,0.0,0.0,0.0,0.0,0.0,0.0,0.0,0.0,0.0,0.0,0.0,0.0,0.0,0.0,0.0,0.0,0.0,0.0,0.0,3.3379594795405865
56,0.12575693801045418,0.1214388906955719,0.12873344868421555,0.13756820559501648,0.11519772559404373,0.12665526568889618,0.11566880717873573,0.11931648850440979,0.11259775608778,0.004348032176494598,0.0,0.0,0.0,0.0,0.0,0.0,0.0,0.0,0.0,0.0,0.0,0.0,0.0,0.0,0.0,0.0,0.0,0.0,0.0,0.0,0.0,0.0,0.0,0.0,0.0,0.0,0.0,0.0,0.0,0.0,0.0,0.0,0.0,0.0,0.0,0.0,0.0,0.0,0.0,0.0,1.1072815582156181
57,0.12138589844107628,0.12015590816736221,0.11932734027504921,0.1193455196917057,0.11949457600712776,0.1203860193490982,0.1277676522731781,0.12334487214684486,0.0043988898396492004,0.0,0.0,0.0,0.0,0.0,0.0,0.0,0.0,0.0,0.0,0.0,0.0,0.0,0.0,0.0,0.0,0.0,0.0,0.0,0.0,0.0,0.0,0.0,0.0,0.0,0.0,0.0,0.0,0.0,0.0,0.0,0.0,0.0,0.0,0.0,0.0,0.0,0.0,0.0,0.0,0.0,0.9756066761910915
58,0.12276995927095413,0.12023941054940224,0.11956995353102684,0.11956184357404709,0.11971414461731911,0.128576822578907,0.005625743418931961,0.12244083359837532,0.004363879561424255,0.0,0.0,0.0,0.0,0.0,0.0,0.0,0.0,0.0,0.0,0.0,0.0,0.0,0.0,0.0,0.0,0.0,0.0,0.0,0.0,0.0,0.0,0.0,0.0,0.0,0.0,0.0,0.0,0.0,0.0,0.0,0.0,0.0,0.0,0.0,0.0,0.0,0.0,0.0,0.0,0.0,0.862862590700388
59,0.12079567462205887,0.12833194062113762,0.11985645815730095,0.11955126002430916,0.11987348273396492,0.005497593432664871,0.11950024217367172,0.11808443814516068,0.004513051360845566,0.0,0.0,0.0,0.0,0.0,0.0,0.0,0.0,0.0,0.0,0.0,0.0,0.0,0.0,0.0,0.0,0.0,0.0,0.0,0.0,0.0,0.0,0.0,0.0,0.0,0.0,0.0,0.0,0.0,0.0,0.0,0.0,0.0,0.0,0.0,0.0,0.0,0.0,0.0,0.0,0.0,0.8560041412711143
60,0.11728955805301666,0.1293446496129036,0.0057406798005104065,0.00551040843129158,0.114731315523386,0.11168030649423599,0.11132938042283058,0.11937540769577026,0.11521660536527634,0.12279019504785538,0.1184726133942604,0.004301637411117554,0.11816283315420151,0.11854249238967896,0.11743710935115814,0.12853699922561646,0.12232951819896698,0.0031461790204048157,0.11647689715027809,0.11671052500605583,0.12072921544313431,0.11575131118297577,0.11613968014717102,0.0016806572675704956,0.10986610502004623,0.0011638104915618896,0.10931288078427315,0.10272842273116112,0.11030932515859604,0.00024206563830375671,0.0,0.0,0.0,0.0,0.0,0.0,0.0,0.0,0.0,0.0,0.0,0.0,0.0,0.0,0.0,0.0,0.0,0.0,0.0,0.0,2.7050487846136093
61,0.3159070201218128,0.1207292191684246,0.12008679658174515,0.12024877220392227,0.12168031185865402,0.12934206426143646,0.11775438115000725,0.1298590898513794,0.004632908850908279,0.1117183305323124,0.1212511882185936,0.12035168707370758,0.12732448801398277,0.13021890819072723,0.1272203028202057,0.12769592553377151,0.11161922663450241,0.11688168719410896,0.1261720061302185,0.10593805089592934,0.002217363566160202,0.001993440091609955,0.11243994906544685,0.11653351038694382,0.12434396892786026,0.1091621145606041,0.11535258963704109,0.10451845079660416,0.1142612136900425,0.0005693808197975159,0.00020825862884521484,0.0,0.0,0.0,0.0,0.0,0.0,0.0,0.0,0.0,0.0,0.0,0.0,0.0,0.0,0.0,0.0,0.0,0.0,0.0,3.308232605457306
62,0.2621747590601444,0.12034571915864944,0.11643019318580627,0.12904786318540573,0.12261133268475533,0.121315598487854,0.12019729241728783,0.11273325607180595,0.004566963762044907,0.11965784057974815,0.12780272215604782,0.1294378601014614,0.003923363983631134,0.0036803334951400757,0.1259305477142334,0.11808808520436287,0.11820550262928009,0.12948115542531013,0.11825352907180786,0.1204349584877491,0.11655407026410103,0.11100868135690689,0.10429773107171059,0.0016663186252117157,0.10697417333722115,0.12746714055538177,0.1270386464893818,0.10788677260279655,0.10275070741772652,0.10273879393935204,0.00025343894958496094,0.0,0.0,0.0,0.0,0.0,0.0,0.0,0.0,0.0,0.0,0.0,0.0,0.0,0.0,0.0,0.0,0.0,0.0,0.0,3.232955351471901
63,0.29988956451416016,0.1291293390095234,0.12988442927598953,0.12234912440180779,0.12061022967100143,0.12101820111274719,0.1245674304664135,0.11617124453186989,0.13040950149297714,0.12850120663642883,0.11979947239160538,0.11513514071702957,0.12376952171325684,0.11907508969306946,0.12794321030378342,0.003777194768190384,0.11116008087992668,0.11286148428916931,0.11713789030909538,0.10986705496907234,0.12621892988681793,0.11262206360697746,0.10911853611469269,0.10445716232061386,0.11101138591766357,0.1166629008948803,0.1044752225279808,0.10828211531043053,0.11507730931043625,0.11003611609339714,0.10958945751190186,0.10991952195763588,0.0,0.0,0.0,0.0,0.0,0.0,0.0,0.0,0.0,0.0,0.0,0.0,0.0,0.0,0.0,0.0,0.0,0.0,3.820527132600546
64,0.2883981727063656,0.12019649893045425,0.1089470386505127,0.11519905179738998,0.10787982121109962,0.005194846540689468,0.13055037707090378,0.12890124320983887,0.1255584955215454,0.12826798483729362,0.12301934510469437,0.11565685272216797,0.11454684287309647,0.11909804493188858,0.12265340983867645,0.11400793865323067,0.11770226433873177,0.1192929595708847,0.12833166867494583,0.11585386842489243,0.12547479942440987,0.12549491599202156,0.12572985887527466,0.12531285732984543,0.1310776323080063,0.12479127198457718,0.115746159106493,0.0008668899536132812,0.0005393996834754944,0.0002775155007839203,0.0,0.0,0.0,0.0,0.0,0.0,0.0,0.0,0.0,0.0,0.0,0.0,0.0,0.0,0.0,0.0,0.0,0.0,0.0,0.0,3.324568025767803
65,0.29578421264886856,0.005888722836971283,0.10887948051095009,0.12055449560284615,0.11567875742912292,0.11462840810418129,0.10875244438648224,0.10865088552236557,0.11535302922129631,0.11961845308542252,0.12722114473581314,0.11848224326968193,0.004262428730726242,0.1226092055439949,0.1179775781929493,0.11785298213362694,0.1269197016954422,0.12710395082831383,0.12938329949975014,0.11737670376896858,0.11682987213134766,0.11115396022796631,0.11588635668158531,0.11583788320422173,0.115144994109869,0.11532726138830185,0.1105843335390091,0.11501206085085869,0.0004910528659820557,0.0002605132758617401,0.0,0.0,0.0,0.0,0.0,0.0,0.0,0.0,0.0,0.0,0.0,0.0,0.0,0.0,0.0,0.0,0.0,0.0,0.0,0.0,3.2395064160227776
66,0.11857079714536667,0.11981413885951042,0.13199874013662338,0.12832390144467354,0.11375152692198753,0.11508715897798538,0.11965101584792137,0.10819990932941437,0.004452377557754517,0.0,0.0,0.0,0.0,0.0,0.0,0.0,0.0,0.0,0.0,0.0,0.0,0.0,0.0,0.0,0.0,0.0,0.0,0.0,0.0,0.0,0.0,0.0,0.0,0.0,0.0,0.0,0.0,0.0,0.0,0.0,0.0,0.0,0.0,0.0,0.0,0.0,0.0,0.0,0.0,0.0,0.9598495662212372
67,0.11969238147139549,0.12027028203010559,0.12007208541035652,0.11936942860484123,0.11968078091740608,0.12883271649479866,0.1197671964764595,0.1188211478292942,0.11903016269207001,0.10889160633087158,0.10639763623476028,0.11193855479359627,0.12778028845787048,0.1271962970495224,0.11391758173704147,0.12960512191057205,0.12068875506520271,0.11364427953958511,0.12678159028291702,0.12009177729487419,0.12625060603022575,0.1123286560177803,0.13337873667478561,0.13458533585071564,0.12232616916298866,0.11979054287075996,0.12384149804711342,0.11073574796319008,0.12384368851780891,0.10276440158486366,0.0,0.0,0.0,0.0,0.0,0.0,0.0,0.0,0.0,0.0,0.0,0.0,0.0,0.0,0.0,0.0,0.0,0.0,0.0,0.0,3.602315053343773
68,0.12034104391932487,0.1274605728685856,0.12683459371328354,0.1290082186460495,0.11662481725215912,0.136148389428854,0.12888478860259056,0.11875547096133232,0.00437694787979126,0.0,0.0,0.0,0.0,0.0,0.0,0.0,0.0,0.0,0.0,0.0,0.0,0.0,0.0,0.0,0.0,0.0,0.0,0.0,0.0,0.0,0.0,0.0,0.0,0.0,0.0,0.0,0.0,0.0,0.0,0.0,0.0,0.0,0.0,0.0,0.0,0.0,0.0,0.0,0.0,0.0,1.0084348432719707
69,0.11605086922645569,0.11954060569405556,0.11978790536522865,0.1194312646985054,0.11956685036420822,0.12004242464900017,0.11973428353667259,0.11838150769472122,0.004368804395198822,0.0,0.0,0.0,0.0,0.0,0.0,0.0,0.0,0.0,0.0,0.0,0.0,0.0,0.0,0.0,0.0,0.0,0.0,0.0,0.0,0.0,0.0,0.0,0.0,0.0,0.0,0.0,0.0,0.0,0.0,0.0,0.0,0.0,0.0,0.0,0.0,0.0,0.0,0.0,0.0,0.0,0.9569045156240463
70,0.12026514485478401,0.12031534314155579,0.11925876513123512,0.11983684450387955,0.005412831902503967,0.1190805658698082,0.12613221257925034,0.11875219270586967,0.12001257389783859,0.11910338699817657,0.11068547889590263,0.10664233192801476,0.13109298795461655,0.11841582506895065,0.12496982142329216,0.12244312092661858,0.126137126237154,0.12415089830756187,0.12609874457120895,0.12012329325079918,0.10747609287500381,0.11081183329224586,0.12475191056728363,0.10549440234899521,0.1252141408622265,0.11101160198450089,0.10243772342801094,0.11478337273001671,0.111360352486372,0.10210791602730751,0.00016904622316360474,0.0,0.0,0.0,0.0,0.0,0.0,0.0,0.0,0.0,0.0,0.0,0.0,0.0,0.0,0.0,0.0,0.0,0.0,0.0,3.414547882974148
71,0.28573955968022346,0.12025969102978706,0.11915622651576996,0.11902708187699318,0.11994940787553787,0.11893254891037941,0.11903467029333115,0.11962388083338737,0.11549007147550583,0.11131506413221359,0.11021006107330322,0.11845794320106506,0.11859017238020897,0.11919557675719261,0.10794929042458534,0.11786741390824318,0.11435534805059433,0.003181472420692444,0.11917749792337418,0.11681496724486351,0.11185785010457039,0.11669477075338364,0.11638106778264046,0.11628414317965508,0.1282188482582569,0.11132565513253212,0.11499644443392754,0.11506135761737823,0.1151880994439125,0.00024455413222312927,0.00014253705739974976,0.0,0.0,0.0,0.0,0.0,0.0,0.0,0.0,0.0,0.0,0.0,0.0,0.0,0.0,0.0,0.0,0.0,0.0,0.0,3.4407232739031315
72,0.308690432459116,0.10919897630810738,0.12228700146079063,0.11746935918927193,0.13088659942150116,0.11968635767698288,0.11954643949866295,0.11908961832523346,0.11944939196109772,0.1189756840467453,0.1185506135225296,0.11927304044365883,0.13408277928829193,0.12795841321349144,0.11434828862547874,0.1115492656826973,0.11318467929959297,0.11541309952735901,0.13228273391723633,0.11093070358037949,0.11327478662133217,0.11456019803881645,0.10917429998517036,0.11645752936601639,0.11614495143294334,0.1034146249294281,0.1119682714343071,0.10272056609392166,0.11481168493628502,0.11082762107253075,0.00017297640442848206,0.0,0.0,0.0,0.0,0.0,0.0,0.0,0.0,0.0,0.0,0.0,0.0,0.0,0.0,0.0,0.0,0.0,0.0,0.0,3.696380987763405
73,0.4104820489883423,0.1154208593070507,0.11641640961170197,0.12049181759357452,0.12256564944982529,0.11968302354216576,0.12056870386004448,0.11405635252594948,0.12228143960237503,0.10711119696497917,0.11818001046776772,0.11444727331399918,0.11490553244948387,0.1143752783536911,0.11395438387989998,0.11814289540052414,0.12689467892050743,0.11754722148180008,0.11680305749177933,0.11725715920329094,0.11641698703169823,0.11560403555631638,0.11276616901159286,0.12467476725578308,0.11577070131897926,0.10826650261878967,0.11573928967118263,0.11534237861633301,0.11441529169678688,0.11445312947034836,0.0,0.0,0.0,0.0,0.0,0.0,0.0,0.0,0.0,0.0,0.0,0.0,0.0,0.0,0.0,0.0,0.0,0.0,0.0,0.0,3.795034244656563
74,0.3575456738471985,0.12052588909864426,0.11686059832572937,0.11952579393982887,0.11919111013412476,0.1280716136097908,0.11911476403474808,0.12798795476555824,0.005041200667619705,0.11874686926603317,0.11888809502124786,0.11867139860987663,0.1189454011619091,0.11785179749131203,0.11757790297269821,0.11902954801917076,0.10783406719565392,0.11744290962815285,0.11762675270438194,0.11072792857885361,0.10936109721660614,0.11672931537032127,0.10451404005289078,0.12000413984060287,0.10527428239583969,0.10417381674051285,0.10459180921316147,0.10327363759279251,0.10411688685417175,0.10347595065832138,0.10306808724999428,0.10248271375894547,0.0,0.0,0.0,0.0,0.0,0.0,0.0,0.0,0.0,0.0,0.0,0.0,0.0,0.0,0.0,0.0,0.0,0.0,3.778273046016693
75,0.3502451330423355,0.11941773444414139,0.1218879334628582,0.1211712472140789,0.12958187982439995,0.11622969433665276,0.10923809930682182,0.11830812320113182,0.1282384805381298,0.004900775849819183,0.11875337362289429,0.1274855099618435,0.13775350525975227,0.11874464154243469,0.11447865515947342,0.11773136630654335,0.10535857453942299,0.11319106444716454,0.11358757317066193,0.11505009979009628,0.11670726165175438,0.1084834672510624,0.11194196343421936,0.10947814211249352,0.1113918386399746,0.12626206874847412,0.11549689620733261,0.11508401483297348,0.11436346173286438,0.11426051333546638,0.10203440487384796,0.00023035332560539246,0.0,0.0,0.0,0.0,0.0,0.0,0.0,0.0,0.0,0.0,0.0,0.0,0.0,0.0,0.0,0.0,0.0,0.0,3.747087851166725
76,0.11964333802461624,0.11262239143252373,0.12035232037305832,0.11953094974160194,0.11471740901470184,0.1197083480656147,0.005462910979986191,0.1188490204513073,0.0045235976576805115,0.0,0.0,0.0,0.0,0.0,0.0,0.0,0.0,0.0,0.0,0.0,0.0,0.0,0.0,0.0,0.0,0.0,0.0,0.0,0.0,0.0,0.0,0.0,0.0,0.0,0.0,0.0,0.0,0.0,0.0,0.0,0.0,0.0,0.0,0.0,0.0,0.0,0.0,0.0,0.0,0.0,0.8354102857410908
77,0.1299634948372841,0.12870582565665245,0.1261942908167839,0.005379050970077515,0.12846345826983452,0.12790537998080254,0.11258423328399658,0.12682359293103218,0.11451785638928413,0.1275298073887825,0.12902174517512321,0.004253983497619629,0.003885231912136078,0.1300656981766224,0.11094513908028603,0.117171511054039,0.11756067723035812,0.13170279935002327,0.11336536705493927,0.12535177916288376,0.10730885714292526,0.11790119484066963,0.12572847679257393,0.10520320758223534,0.12487003952264786,0.10439212247729301,0.11551621556282043,0.0010023228824138641,0.1151466816663742,0.11517076939344406,0.10207531601190567,0.00017218664288520813,0.0,0.0,0.0,0.0,0.0,0.0,0.0,0.0,0.0,0.0,0.0,0.0,0.0,0.0,0.0,0.0,0.0,0.0,3.2458783127367496
78,0.11797678470611572,0.12035536766052246,0.005531013011932373,0.1280694454908371,0.11920562759041786,0.1195933036506176,0.119301438331604,0.005052328109741211,0.11954747512936592,0.1279555968940258,0.11851897463202477,0.12947292253375053,0.12727031484246254,0.12702558562159538,0.1176893524825573,0.13017681241035461,0.11359163001179695,0.11717377230525017,0.11707239970564842,0.1257714182138443,0.10406488925218582,0.1162581779062748,0.1155790314078331,0.11151508614420891,0.11385850235819817,0.10700399056077003,0.1026293933391571,0.11444849148392677,0.10237778723239899,0.11502722278237343,0.00021422654390335083,0.0,0.0,0.0,0.0,0.0,0.0,0.0,0.0,0.0,0.0,0.0,0.0,0.0,0.0,0.0,0.0,0.0,0.0,0.0,3.3093283623456955
79,0.12060928344726562,0.12661632150411606,0.11927571520209312,0.11919325217604637,0.11943945661187172,0.005382698029279709,0.11950672417879105,0.1186295934021473,0.11876838281750679,0.0044643692672252655,0.12688525766134262,0.004174929112195969,0.11807379871606827,0.12615390121936798,0.11718989536166191,0.11747737228870392,0.003217361867427826,0.11961067467927933,0.11332273110747337,0.12575259059667587,0.1240164190530777,0.10464074462652206,0.12847401201725006,0.12041454017162323,0.0013273060321807861,0.11069802194833755,0.11072729155421257,0.11170829832553864,0.0008688941597938538,0.0002702251076698303,0.0,0.0,0.0,0.0,0.0,0.0,0.0,0.0,0.0,0.0,0.0,0.0,0.0,0.0,0.0,0.0,0.0,0.0,0.0,0.0,2.7568900622427464
80,0.11595708876848221,0.11924992501735687,0.11209191009402275,0.11473643407225609,0.1279360130429268,0.11967483535408974,0.12787900492548943,0.11879855394363403,0.004387103021144867,0.0,0.0,0.0,0.0,0.0,0.0,0.0,0.0,0.0,0.0,0.0,0.0,0.0,0.0,0.0,0.0,0.0,0.0,0.0,0.0,0.0,0.0,0.0,0.0,0.0,0.0,0.0,0.0,0.0,0.0,0.0,0.0,0.0,0.0,0.0,0.0,0.0,0.0,0.0,0.0,0.0,0.9607108682394028
81,0.28474658727645874,0.12179546430706978,0.11188692227005959,0.12847953662276268,0.12286030128598213,0.12796485424041748,0.11957722529768944,0.005205240100622177,0.12396735325455666,0.12819736078381538,0.11824386566877365,0.12738563492894173,0.11895643174648285,0.11667716130614281,0.10811467841267586,0.12670903652906418,0.11347628012299538,0.12596146389842033,0.11858731135725975,0.11187630519270897,0.1054016463458538,0.12652762606739998,0.12513992935419083,0.116018146276474,0.12408608943223953,0.10763746127486229,0.10288796201348305,0.10934053361415863,0.1273583546280861,0.00041557103395462036,0.0,0.0,0.0,0.0,0.0,0.0,0.0,0.0,0.0,0.0,0.0,0.0,0.0,0.0,0.0,0.0,0.0,0.0,0.0,0.0,3.5054823346436024
82,0.3807682432234287,0.005825862288475037,0.12070422619581223,0.12220222130417824,0.12915874272584915,0.1279991865158081,0.13238222524523735,0.11658301576972008,0.11539709195494652,0.12193003296852112,0.12580378726124763,0.11911265179514885,0.11796701326966286,0.12070810049772263,0.00441572442650795,0.11808756738901138,0.11708123609423637,0.0032934099435806274,0.11738231033086777,0.11737808212637901,0.11673492193222046,0.11574024334549904,0.11645015329122543,0.11689510941505432,0.11524352431297302,0.11631593108177185,0.11534145846962929,0.11577870324254036,0.11009210348129272,0.11556413024663925,0.108197882771492,0.00016925111413002014,0.0,0.0,0.0,0.0,0.0,0.0,0.0,0.0,0.0,0.0,0.0,0.0,0.0,0.0,0.0,0.0,0.0,0.0,3.5967041440308094
83,0.3346301168203354,0.12018616124987602,0.11998442187905312,0.11875474825501442,0.11974949389696121,0.13143795356154442,0.12942099198698997,0.11692100018262863,0.11548451334238052,0.004431433975696564,0.0,0.0,0.0,0.0,0.0,0.0,0.0,0.0,0.0,0.0,0.0,0.0,0.0,0.0,0.0,0.0,0.0,0.0,0.0,0.0,0.0,0.0,0.0,0.0,0.0,0.0,0.0,0.0,0.0,0.0,0.0,0.0,0.0,0.0,0.0,0.0,0.0,0.0,0.0,0.0,1.3110008351504803
84,0.2628679499030113,0.11611121520400047,0.12607662752270699,0.11991508677601814,0.11918172612786293,0.11672801896929741,0.11518175899982452,0.11492106691002846,0.11182066798210144,0.12856726348400116,0.12761003151535988,0.12819403409957886,0.1187189370393753,0.1186181791126728,0.1303851157426834,0.12734012678265572,0.12149397656321526,0.003152415156364441,0.1263510212302208,0.11682070791721344,0.11042363569140434,0.10375220328569412,0.11247603967785835,0.11512699723243713,0.11587958037853241,0.11558061838150024,0.10483714193105698,0.102667897939682,0.001081179827451706,0.11704462021589279,0.10242033004760742,0.0002513192594051361,0.0,0.0,0.0,0.0,0.0,0.0,0.0,0.0,0.0,0.0,0.0,0.0,0.0,0.0,0.0,0.0,0.0,0.0,3.5515974909067154
85,0.31023113802075386,0.11563573032617569,0.11492490023374557,0.12006477639079094,0.11906690895557404,0.11930413544178009,0.11896495521068573,0.12837299332022667,0.1187707930803299,0.1190650574862957,0.11686050519347191,0.12797225639224052,0.1174578070640564,0.12516696751117706,0.12630713358521461,0.121553435921669,0.1215670183300972,0.11726637557148933,0.11740013211965561,0.1291646473109722,0.12252909317612648,0.1159684769809246,0.1041984111070633,0.12014200165867805,0.10341549292206764,0.1034531518816948,0.11772606149315834,0.12407448515295982,0.10261372104287148,0.11053483560681343,0.1036641113460064,0.0,0.0,0.0,0.0,0.0,0.0,0.0,0.0,0.0,0.0,0.0,0.0,0.0,0.0,0.0,0.0,0.0,0.0,0.0,3.8334375098347664
86,0.11243044957518578,0.1121208444237709,0.1193242222070694,0.13146794214844704,0.12872085347771645,0.11629335209727287,0.11035408824682236,0.1189395971596241,0.12823975831270218,0.1193474791944027,0.11905370280146599,0.11862416192889214,0.11925933510065079,0.11791321635246277,0.13596203923225403,0.11661055311560631,0.11091598868370056,0.1232697144150734,0.11729230359196663,0.11747272685170174,0.10622920840978622,0.1039726510643959,0.11694221943616867,0.10567367821931839,0.10526888072490692,0.10643777623772621,0.11653168499469757,0.11185164749622345,0.0011559799313545227,0.0006074234843254089,0.12677836418151855,0.0,0.0,0.0,0.0,0.0,0.0,0.0,0.0,0.0,0.0,0.0,0.0,0.0,0.0,0.0,0.0,0.0,0.0,0.0,3.39506184309721
87,0.12040789425373077,0.1398821547627449,0.11985550820827484,0.11222061887383461,0.13066966086626053,0.1182929240167141,0.11570481583476067,0.11925425380468369,0.004437748342752457,0.0,0.0,0.0,0.0,0.0,0.0,0.0,0.0,0.0,0.0,0.0,0.0,0.0,0.0,0.0,0.0,0.0,0.0,0.0,0.0,0.0,0.0,0.0,0.0,0.0,0.0,0.0,0.0,0.0,0.0,0.0,0.0,0.0,0.0,0.0,0.0,0.0,0.0,0.0,0.0,0.0,0.9807255789637566
88,0.1161656305193901,0.1285945288836956,0.12889640405774117,0.12005297839641571,0.12858910486102104,0.13036979362368584,0.13162153959274292,0.10840738192200661,0.004457142204046249,0.0,0.0,0.0,0.0,0.0,0.0,0.0,0.0,0.0,0.0,0.0,0.0,0.0,0.0,0.0,0.0,0.0,0.0,0.0,0.0,0.0,0.0,0.0,0.0,0.0,0.0,0.0,0.0,0.0,0.0,0.0,0.0,0.0,0.0,0.0,0.0,0.0,0.0,0.0,0.0,0.0,0.9971545040607452
89,0.12868481874465942,0.11894679442048073,0.1196790412068367,0.11494340747594833,0.11530591174960136,0.12017903104424477,0.1282159723341465,0.11930925399065018,0.00461023673415184,0.0,0.0,0.0,0.0,0.0,0.0,0.0,0.0,0.0,0.0,0.0,0.0,0.0,0.0,0.0,0.0,0.0,0.0,0.0,0.0,0.0,0.0,0.0,0.0,0.0,0.0,0.0,0.0,0.0,0.0,0.0,0.0,0.0,0.0,0.0,0.0,0.0,0.0,0.0,0.0,0.0,0.9698744677007198
90,0.11423594877123833,0.1199115477502346,0.11994306370615959,0.11902083083987236,0.13025742396712303,0.11986415460705757,0.1210409663617611,0.004805870354175568,0.10763617977499962,0.11884119734168053,0.11090853437781334,0.11892378702759743,0.0037726014852523804,0.1266287975013256,0.003471706062555313,0.0,0.0,0.0,0.0,0.0,0.0,0.0,0.0,0.0,0.0,0.0,0.0,0.0,0.0,0.0,0.0,0.0,0.0,0.0,0.0,0.0,0.0,0.0,0.0,0.0,0.0,0.0,0.0,0.0,0.0,0.0,0.0,0.0,0.0,0.0,1.4392626099288464
91,0.2642788849771023,0.12044404074549675,0.12014007568359375,0.0057028234004974365,0.12679770216345787,0.12890999019145966,0.12824087217450142,0.11692829802632332,0.12057839706540108,0.1131647564470768,0.12585029006004333,0.11811493709683418,0.11588594317436218,0.1219785027205944,0.1274775043129921,0.12107019498944283,0.12217289209365845,0.11712101101875305,0.11235397309064865,0.10738969594240189,0.1284983716905117,0.11611108109354973,0.10883867740631104,0.10332078486680984,0.11594141647219658,0.11601969227194786,0.10765283554792404,0.10305552929639816,0.11507697775959969,0.10989660769701004,0.10198801383376122,0.0002552345395088196,0.0,0.0,0.0,0.0,0.0,0.0,0.0,0.0,0.0,0.0,0.0,0.0,0.0,0.0,0.0,0.0,0.0,0.0,3.66125600785017
92,0.6634300462901592,0.12069866806268692,0.11487675458192825,0.11434995755553246,0.11895733699202538,0.10847223550081253,0.11993265151977539,0.1287233941257,0.11635704711079597,0.1060522310435772,0.004466645419597626,0.1271684765815735,0.11841243878006935,0.11308697238564491,0.11745867133140564,0.11801675707101822,0.11979222297668457,0.12408323213458061,0.11736036464571953,0.1062227115035057,0.10408928245306015,0.10394086688756943,0.11111465469002724,0.10762638971209526,0.10344979912042618,0.10722847655415535,0.10521838814020157,0.10718843713402748,0.10499060899019241,0.10243957862257957,0.10210371762514114,0.11085237190127373,0.0002046823501586914,0.0,0.0,0.0,0.0,0.0,0.0,0.0,0.0,0.0,0.0,0.0,0.0,0.0,0.0,0.0,0.0,0.0,4.048366069793701
93,0.27272164821624756,0.11651186645030975,0.11345667019486427,0.11538848653435707,0.11340774223208427,0.005181986838579178,0.10690218210220337,0.11930935457348824,0.11899713426828384,0.11562055349349976,0.11539040505886078,0.11478878185153008,0.11179502680897713,0.12678876146674156,0.1273023933172226,0.11370754987001419,0.11978983879089355,0.11742668598890305,0.12538322061300278,0.11309559270739555,0.11031569167971611,0.10932126641273499,0.13278934732079506,0.109809510409832,0.1194467768073082,0.10319549962878227,0.12419993802905083,0.10381150990724564,0.10561107844114304,0.11413145810365677,0.00029274076223373413,0.0,0.0,0.0,0.0,0.0,0.0,0.0,0.0,0.0,0.0,0.0,0.0,0.0,0.0,0.0,0.0,0.0,0.0,0.0,3.515890698879957
94,0.34987106919288635,0.005882591009140015,0.11614443734288216,0.005596131086349487,0.11998866498470306,0.11953063309192657,0.00524582713842392,0.11935944482684135,0.1285884790122509,0.11521858721971512,0.12393403053283691,0.12716637179255486,0.11992627754807472,0.11830514669418335,0.12660247832536697,0.11253464594483376,0.12072533741593361,0.11741600185632706,0.11853884905576706,0.11374052241444588,0.11604046076536179,0.11804823949933052,0.0021910443902015686,0.1151665449142456,0.12293920293450356,0.10552146285772324,0.11004051938652992,0.10776165127754211,0.12401930242776871,0.10960043221712112,0.0005651377141475677,0.10287147015333176,0.0,0.0,0.0,0.0,0.0,0.0,0.0,0.0,0.0,0.0,0.0,0.0,0.0,0.0,0.0,0.0,0.0,0.0,3.4190809950232506
95,0.32230180501937866,0.0056678615510463715,0.11963105946779251,0.109100092202425,0.11983523517847061,0.11937608197331429,0.1190497912466526,0.13222044706344604,0.12733734399080276,0.12850315868854523,0.12298811972141266,0.004517644643783569,0.10785634815692902,0.1194617748260498,0.1266862191259861,0.0031755566596984863,0.0,0.0,0.0,0.0,0.0,0.0,0.0,0.0,0.0,0.0,0.0,0.0,0.0,0.0,0.0,0.0,0.0,0.0,0.0,0.0,0.0,0.0,0.0,0.0,0.0,0.0,0.0,0.0,0.0,0.0,0.0,0.0,0.0,0.0,1.7877085395157337
96,0.005860660225152969,0.11990920826792717,0.11993688717484474,0.1198197603225708,0.11938688904047012,0.11989676207304001,0.11897384002804756,0.005065854638814926,0.11963897570967674,0.11846014112234116,0.11891190335154533,0.11804644018411636,0.12734391167759895,0.004027530550956726,0.11369941756129265,0.11281010508537292,0.10540049150586128,0.11666505038738251,0.11891676113009453,0.10550515726208687,0.11607349291443825,0.1140720285475254,0.11474516615271568,0.11208724230527878,0.13358669355511665,0.1035032607614994,0.1120675541460514,0.10682733729481697,0.11540581285953522,0.00015587732195854187,0.0,0.0,0.0,0.0,0.0,0.0,0.0,0.0,0.0,0.0,0.0,0.0,0.0,0.0,0.0,0.0,0.0,0.0,0.0,0.0,3.0368002131581306
97,0.1183372475206852,0.10785259306430817,0.119480200111866,0.11632230132818222,0.005389288067817688,0.11741307005286217,0.11265822499990463,0.1206354945898056,0.11835397034883499,0.00449763610959053,0.11756755411624908,0.003787439316511154,0.0,0.0,0.0,0.0,0.0,0.0,0.0,0.0,0.0,0.0,0.0,0.0,0.0,0.0,0.0,0.0,0.0,0.0,0.0,0.0,0.0,0.0,0.0,0.0,0.0,0.0,0.0,0.0,0.0,0.0,0.0,0.0,0.0,0.0,0.0,0.0,0.0,0.0,1.0622950196266174
98,0.11553293466567993,0.12160967662930489,0.11976690217852592,0.1087724082171917,0.11918718740344048,0.10938096418976784,0.11542404443025589,0.11979550123214722,0.004492748528718948,0.0,0.0,0.0,0.0,0.0,0.0,0.0,0.0,0.0,0.0,0.0,0.0,0.0,0.0,0.0,0.0,0.0,0.0,0.0,0.0,0.0,0.0,0.0,0.0,0.0,0.0,0.0,0.0,0.0,0.0,0.0,0.0,0.0,0.0,0.0,0.0,0.0,0.0,0.0,0.0,0.0,0.9339623674750328
99,0.11990320682525635,0.13231638073921204,0.1290249340236187,0.1282392293214798,0.12894726172089577,0.12596606835722923,0.11053110286593437,0.12620632722973824,0.004464965313673019,0.0,0.0,0.0,0.0,0.0,0.0,0.0,0.0,0.0,0.0,0.0,0.0,0.0,0.0,0.0,0.0,0.0,0.0,0.0,0.0,0.0,0.0,0.0,0.0,0.0,0.0,0.0,0.0,0.0,0.0,0.0,0.0,0.0,0.0,0.0,0.0,0.0,0.0,0.0,0.0,0.0,1.0055994763970375
100,0.12863431125879288,0.11894284188747406,0.005653664469718933,0.11895985528826714,0.12813472747802734,0.10935667157173157,0.11869341507554054,0.11419542878866196,0.1149747259914875,0.004434417933225632,0.11445029452443123,0.11407864093780518,0.11154690384864807,0.1139707863330841,0.003353312611579895,0.003120921552181244,0.002971488982439041,0.0,0.0,0.0,0.0,0.0,0.0,0.0,0.0,0.0,0.0,0.0,0.0,0.0,0.0,0.0,0.0,0.0,0.0,0.0,0.0,0.0,0.0,0.0,0.0,0.0,0.0,0.0,0.0,0.0,0.0,0.0,0.0,0.0,1.4254724085330963

total time per move x,22.82389822229743,10.972198363393545,10.881891030818224,10.899531189352274,11.458118364214897,11.186041921377182,11.061596930027008,10.943652264773846,8.730730887502432,7.736717741936445,8.613730557262897,7.951989784836769,8.190374106168747,8.166674241423607,7.731449197977781,7.53918469324708,7.504457905888557,7.564893390983343,7.880826734006405,7.857762232422829,7.338173054158688,7.57156890258193,7.543816983699799,7.357766591012478,7.140575010329485,6.815795335918665,7.561803966760635,7.097369089722633,6.069086804986,4.557760741561651,2.2534156665205956,0.8372750021517277,0.0007423758506774902,0,0,0,0,0,0,0,0,0,0,0,0,0,0,0,0,0,267.84086928516626
average time per move x,0.2282389822229743,0.10972198363393545,0.10881891030818223,0.10899531189352274,0.11458118364214898,0.11186041921377182,0.11061596930027008,0.10943652264773845,0.08730730887502432,0.09918868899918519,0.1133385599639855,0.10463144453732591,0.10920498808224996,0.11036046272194064,0.10447904321591596,0.10327650264722027,0.1056965902237825,0.10806990558547633,0.11258323905723436,0.11225374617746899,0.1048310436308384,0.10973288264611493,0.10933068092318549,0.10663429842047069,0.10348659435260123,0.10023228435174507,0.11120299951118581,0.10437307484886225,0.08925127654391177,0.06702589325825958,0.04898729709827382,0.05232968763448298,0.00018559396266937256,nan,nan,nan,nan,nan,nan,nan,nan,nan,nan,nan,nan,nan,nan,nan,nan,nan,2.678408692851663
std of time per move x,0.12267971607307324,0.03336433281743263,0.03502870529917921,0.0331283401109088,0.02323959186328697,0.029962599605032,0.031709247827181083,0.03340724506050585,0.052088999871635525,0.04287408051275654,0.022844359507402375,0.03745704624579922,0.03177817999693633,0.029402063142544822,0.03822084477736254,0.03826537368127357,0.034420911535181585,0.03280871394462002,0.024397660143105737,0.024189577356546452,0.032260089053183914,0.024107793886986903,0.02758304910998824,0.0303456093157045,0.0351595601840051,0.03431936356953897,0.014927859162842517,0.026581190449575562,0.043858948094815636,0.053036907507723954,0.05393188032434504,0.05388888707502807,4.025525219467315e-05,nan,nan,nan,nan,nan,nan,nan,nan,nan,nan,nan,nan,nan,nan,nan,nan,nan,1.097367735794302
err of average time,0.012267971607307323,0.003336433281743263,0.003502870529917921,0.00331283401109088,0.002323959186328697,0.0029962599605032,0.0031709247827181085,0.0033407245060505853,0.005208899987163553,0.004854533672466058,0.00262042775059683,0.004296617876551799,0.0036694281551175136,0.0034179204145175146,0.004443082956162432,0.004478623233544881,0.004085010646826673,0.003921391354207811,0.0029160781403857433,0.0028912074904251755,0.0038558181376040705,0.00290223733310081,0.0033206088978126012,0.0036531820648785514,0.004232713646871899,0.004161834147093645,0.0018102688262571802,0.0032234428199488067,0.0053186786948060975,0.006431669756190005,0.00795182193413324,0.013472221768757018,2.0127626097336576e-05,nan,nan,nan,nan,nan,nan,nan,nan,nan,nan,nan,nan,nan,nan,nan,nan,nan,0.1097367735794302
