Contains move time for player AlphaBeta6; opponent is Edax33
Colums refer to move number, rows to game number
game,1,2,3,4,5,6,7,8,9,10,11,12,13,14,15,16,17,18,19,20,21,22,23,24,25,26,27,28,29,30,31,32,33,34,35,36,37,38,39,40,41,42,43,44,45,46,47,48,49,50,total
1,8.475121334195137,0.011772427707910538,19.740890722721815,29.895786993205547,32.438323467969894,46.25956127420068,53.117186702787876,86.50227216258645,0.004496108740568161,48.019255220890045,0.007653463631868362,65.14276711270213,60.30055799335241,76.34245198592544,30.012189749628305,61.53996470198035,20.46122643351555,91.59515627101064,99.52103926241398,71.15821727737784,20.29562458768487,0.00341695174574852,0.0028338171541690826,0.0028548836708068848,0.0017579980194568634,1.1587263196706772,0.0017889589071273804,0.001573760062456131,0.0012681633234024048,0.0012160763144493103,0.0011806301772594452,0.0005391649901866913,0.0,0.0,0.0,0.0,0.0,0.0,0.0,0.0,0.0,0.0,0.0,0.0,0.0,0.0,0.0,0.0,0.0,0.0,922.018671978265
2,8.82302550598979,12.421056754887104,35.25631761550903,58.263399828225374,47.509564492851496,46.498540949076414,51.53823984414339,0.006147813051939011,117.01049133017659,144.49597608298063,72.17676754295826,134.112960729748,0.004001762717962265,53.00346212089062,74.92333555221558,62.378890819847584,16.47728196159005,15.21410235017538,0.003657463937997818,5.51704390719533,0.00202898308634758,13.907944768667221,2.267961375415325,1.3922593146562576,0.0021236538887023926,0.0010552182793617249,0.0011307857930660248,0.0006769932806491852,0.0009125210344791412,0.00032077357172966003,0.0,0.0,0.0,0.0,0.0,0.0,0.0,0.0,0.0,0.0,0.0,0.0,0.0,0.0,0.0,0.0,0.0,0.0,0.0,0.0,973.2106788158417
3,0.010452624410390854,12.439009677618742,35.392273258417845,35.47717844322324,34.36258998140693,77.19013938307762,37.23188019543886,51.919201869517565,64.07086977362633,112.49099092185497,153.99954141676426,92.914641328156,79.41846789047122,103.90776697918773,19.633520271629095,27.60350265353918,28.049472022801638,47.25358046218753,15.303294971585274,45.38386819139123,27.32906176149845,19.652721367776394,4.376804355531931,3.3426344096660614,1.487157054245472,0.0015555024147033691,0.0013302527368068695,0.000908728688955307,0.0006624199450016022,0.004586134105920792,0.0005003474652767181,0.0003495439887046814,0.0,0.0,0.0,0.0,0.0,0.0,0.0,0.0,0.0,0.0,0.0,0.0,0.0,0.0,0.0,0.0,0.0,0.0,1130.2505141943693
4,8.786054626107216,12.477071665227413,35.42947094514966,58.11086681485176,46.96419080346823,46.60656075552106,51.3848911896348,163.22500212863088,41.46574502438307,59.61878002434969,62.44575064629316,0.004161261022090912,58.737142253667116,105.04148563370109,99.80025186389685,67.87169873714447,0.0032103359699249268,30.050863184034824,19.31499221548438,18.885489501059055,9.412884209305048,21.93371642753482,9.152001347392797,1.8379455134272575,0.2357942759990692,0.0010571479797363281,0.0008629225194454193,0.0007237046957015991,0.01146724820137024,0.002943050116300583,0.0003623776137828827,0.0,0.0,0.0,0.0,0.0,0.0,0.0,0.0,0.0,0.0,0.0,0.0,0.0,0.0,0.0,0.0,0.0,0.0,0.0,1028.813437834382
5,8.752129152417183,12.436517968773842,35.42213127017021,58.24643316119909,47.03709761053324,46.399469804018736,51.65493739023805,163.16996989026666,41.404991552233696,59.736907847225666,62.12051064521074,0.0041899606585502625,69.59520629048347,63.84972110018134,37.723476726561785,21.382433969527483,37.23630138114095,15.555065844208002,10.56284362077713,9.738521289080381,0.0021887458860874176,0.002031806856393814,0.0018494799733161926,0.9128192439675331,0.7954019457101822,0.1651107855141163,0.0008633062243461609,0.0010825768113136292,0.0008185543119907379,0.0006272010505199432,0.0006483718752861023,0.0005186013877391815,0.0,0.0,0.0,0.0,0.0,0.0,0.0,0.0,0.0,0.0,0.0,0.0,0.0,0.0,0.0,0.0,0.0,0.0,853.912817094475
6,0.006147895008325577,12.285608183592558,8.499543372541666,17.52669581025839,22.521781411021948,32.39064284041524,18.721441812813282,22.280048970133066,32.09689923375845,22.62756520882249,30.892633225768805,24.62377405166626,9.908936221152544,26.090572487562895,13.507605660706758,2.753653921186924,6.125114265829325,7.486259676516056,0.004532504826784134,37.53244411945343,16.046483602374792,0.002506949007511139,8.747352074831724,2.353658478707075,3.5784522742033005,0.7687611356377602,0.4791134148836136,0.0007347166538238525,0.0007158480584621429,0.0020019151270389557,0.0003883540630340576,0.0,0.0,0.0,0.0,0.0,0.0,0.0,0.0,0.0,0.0,0.0,0.0,0.0,0.0,0.0,0.0,0.0,0.0,0.0,379.8620696365833
7,5.075780630111694,13.053040783852339,17.67358997836709,17.345142021775246,39.02095232531428,93.22094824537635,62.86716165393591,61.709718622267246,31.016587007790804,13.273504376411438,9.868552844971418,0.0040186867117881775,0.0,0.0,0.0,0.0,0.0,0.0,0.0,0.0,0.0,0.0,0.0,0.0,0.0,0.0,0.0,0.0,0.0,0.0,0.0,0.0,0.0,0.0,0.0,0.0,0.0,0.0,0.0,0.0,0.0,0.0,0.0,0.0,0.0,0.0,0.0,0.0,0.0,0.0,364.1289971768856
8,5.058047454804182,12.970110144466162,17.628665074706078,39.04578548669815,42.00967390090227,44.971860729157925,51.667791333049536,31.832342252135277,39.8473317399621,0.004432551562786102,0.004197459667921066,0.005144309252500534,0.003875214606523514,26.357981838285923,0.007097497582435608,57.403658993542194,78.47733073681593,63.22095271945,23.067432928830385,28.990103293210268,15.42333148792386,0.002004578709602356,7.404714606702328,0.0016079545021057129,2.5359414480626583,0.0012209005653858185,0.26106785610318184,0.0008615925908088684,0.0007655657827854156,0.00039472058415412903,0.0,0.0,0.0,0.0,0.0,0.0,0.0,0.0,0.0,0.0,0.0,0.0,0.0,0.0,0.0,0.0,0.0,0.0,0.0,0.0,588.2057263702154
9,0.00636407732963562,12.956672336906195,17.65993846207857,17.36611809208989,39.049544125795364,92.46114424616098,63.15268862992525,61.61773557588458,30.842256255447865,13.206726536154747,1.6449951194226742,0.0038600675761699677,0.0,0.0,0.0,0.0,0.0,0.0,0.0,0.0,0.0,0.0,0.0,0.0,0.0,0.0,0.0,0.0,0.0,0.0,0.0,0.0,0.0,0.0,0.0,0.0,0.0,0.0,0.0,0.0,0.0,0.0,0.0,0.0,0.0,0.0,0.0,0.0,0.0,0.0,349.96804352477193
10,5.005254607647657,12.994898952543736,17.57024746015668,17.228535886853933,39.13493658974767,93.32454061508179,62.8901533447206,61.69664307683706,30.761449217796326,13.106662571430206,9.969865560531616,0.004027429968118668,0.0,0.0,0.0,0.0,0.0,0.0,0.0,0.0,0.0,0.0,0.0,0.0,0.0,0.0,0.0,0.0,0.0,0.0,0.0,0.0,0.0,0.0,0.0,0.0,0.0,0.0,0.0,0.0,0.0,0.0,0.0,0.0,0.0,0.0,0.0,0.0,0.0,0.0,363.6872153133154
11,8.904842723160982,12.564964961260557,35.62964804843068,58.31572049111128,47.350634172558784,46.285693392157555,51.53635014221072,163.62879088521004,41.47487786784768,0.00914325937628746,50.122745998203754,91.41643111035228,0.007106635719537735,6.357294492423534,17.9843617901206,11.7942781932652,23.836710661649704,25.50573720037937,0.004884261637926102,13.194812651723623,13.307562500238419,5.715063527226448,3.3965523429214954,0.8582087196409702,0.34891196712851524,0.38146454840898514,0.0011604838073253632,0.0009653717279434204,0.0005685985088348389,0.0008899867534637451,0.0006673559546470642,0.00041273608803749084,0.0,0.0,0.0,0.0,0.0,0.0,0.0,0.0,0.0,0.0,0.0,0.0,0.0,0.0,0.0,0.0,0.0,0.0,729.9374570772052
12,8.749240186065435,12.424135122448206,35.377217907458544,58.22243611142039,46.8917194083333,46.20746226981282,51.7055529654026,163.33229737356305,28.297571171075106,56.22590942308307,96.21786250919104,60.20304474979639,62.65756620466709,90.72549445554614,0.005128543823957443,0.003699053078889847,11.129253476858139,0.002810373902320862,0.002978980541229248,6.084499433636665,5.14492754265666,0.003593210130929947,2.7046307399868965,0.0017482452094554901,0.0013180263340473175,0.0011881738901138306,0.0012031905353069305,0.0008786320686340332,0.0007639005780220032,0.0007825717329978943,0.0002766512334346771,0.0,0.0,0.0,0.0,0.0,0.0,0.0,0.0,0.0,0.0,0.0,0.0,0.0,0.0,0.0,0.0,0.0,0.0,0.0,842.3271906040609
13,8.663723930716515,12.618658494204283,35.61582816019654,58.51216505467892,46.744265999644995,0.007143333554267883,51.54749454930425,162.6236545369029,41.30540404096246,59.62505451589823,62.64826847985387,72.4846476353705,39.114304695278406,51.63597084954381,98.09593740850687,75.65391374379396,61.53123535588384,14.836732804775238,8.166468527168036,2.664871919900179,0.0022082626819610596,2.8463330306112766,3.249742440879345,0.0030205436050891876,2.14814293384552,0.0016450956463813782,0.6265677995979786,0.001055743545293808,0.0007773526012897491,0.0006684400141239166,0.0007084272801876068,0.00039976462721824646,0.0,0.0,0.0,0.0,0.0,0.0,0.0,0.0,0.0,0.0,0.0,0.0,0.0,0.0,0.0,0.0,0.0,0.0,972.9770138710737
14,8.847050279378891,12.537329386919737,35.34385088458657,58.30096872523427,46.73228653147817,46.195313923060894,0.005006279796361923,78.53753040358424,154.41250501945615,106.39884563907981,162.39463617280126,373.5685074441135,52.78872064128518,27.039195492863655,42.767007168382406,12.409821934998035,26.476521112024784,18.5273372605443,0.0035993941128253937,5.921744406223297,3.0675996765494347,4.774224437773228,2.6346285305917263,1.8138219825923443,0.0017858631908893585,0.001592446118593216,0.0008417293429374695,0.03848954662680626,0.0006433315575122833,0.00048245862126350403,0.0002640672028064728,0.0,0.0,0.0,0.0,0.0,0.0,0.0,0.0,0.0,0.0,0.0,0.0,0.0,0.0,0.0,0.0,0.0,0.0,0.0,1281.5421521700919
15,8.743339776992798,12.456181716173887,35.24285692721605,58.32897224277258,46.961571868509054,46.09239171072841,51.297054927796125,162.94437559694052,41.32026279345155,59.41760056093335,0.0061364807188510895,54.45818818733096,44.99447654932737,103.72985081747174,0.0036371424794197083,49.6507450081408,129.80735982209444,14.370306234806776,37.859604850411415,26.608674313873053,20.348628774285316,0.0019638575613498688,0.4388003684580326,0.0014725178480148315,0.0014299899339675903,0.0013251155614852905,0.001131642609834671,0.0011790171265602112,0.0009462758898735046,0.0023368224501609802,0.0018200799822807312,0.0004636235535144806,0.0,0.0,0.0,0.0,0.0,0.0,0.0,0.0,0.0,0.0,0.0,0.0,0.0,0.0,0.0,0.0,0.0,0.0,1005.0950856134295
16,5.331309586763382,7.09221038967371,8.144497100263834,8.045857451856136,23.849081002175808,23.57120019197464,16.65514326095581,35.66830716654658,51.69292249158025,23.063150234520435,23.27757690474391,58.38957088813186,33.30162811279297,12.826975110918283,8.755508057773113,12.470610607415438,9.739477079361677,9.552201140671968,8.833924729377031,11.313643850386143,7.379106357693672,0.002761218696832657,0.0023189373314380646,0.00176253542304039,2.4010031148791313,0.6538688503205776,0.4940965585410595,0.10218708217144012,0.0008670911192893982,0.0006680972874164581,0.0004668496549129486,0.0,0.0,0.0,0.0,0.0,0.0,0.0,0.0,0.0,0.0,0.0,0.0,0.0,0.0,0.0,0.0,0.0,0.0,0.0,402.6139020510018
17,5.084661073982716,12.879100270569324,17.655115444213152,17.300151612609625,39.17170809954405,92.56386811286211,62.878269482403994,61.46995114162564,30.560610815882683,13.158763457089663,9.759768228977919,0.0040002986788749695,0.0,0.0,0.0,0.0,0.0,0.0,0.0,0.0,0.0,0.0,0.0,0.0,0.0,0.0,0.0,0.0,0.0,0.0,0.0,0.0,0.0,0.0,0.0,0.0,0.0,0.0,0.0,0.0,0.0,0.0,0.0,0.0,0.0,0.0,0.0,0.0,0.0,0.0,362.48596803843975
18,5.050967451184988,10.520551644265652,9.776132479310036,26.04679863154888,14.386686127632856,13.740938514471054,20.138901248574257,19.55332338809967,71.32102781534195,37.53070794418454,38.04200277850032,60.64103879407048,23.716030713170767,13.538684215396643,32.10560717061162,12.402827445417643,11.034741252660751,5.299637973308563,0.003426920622587204,0.003432508558034897,1.9090841822326183,2.8556578047573566,0.0020163357257843018,2.9803051352500916,0.5226294063031673,0.7418306916952133,0.22085931152105331,0.0007890574634075165,0.0006442330777645111,0.005458276718854904,0.0005381293594837189,0.0,0.0,0.0,0.0,0.0,0.0,0.0,0.0,0.0,0.0,0.0,0.0,0.0,0.0,0.0,0.0,0.0,0.0,0.0,434.0932775810361
19,5.098567683249712,12.926110718399286,17.541682355105877,17.293443631380796,39.290547009557486,92.01641151681542,62.7765326499939,61.65046517923474,30.741312734782696,48.012522760778666,63.70773659646511,54.35263027995825,78.6392434462905,39.72326658666134,54.700944505631924,0.0033246949315071106,29.394406612962484,26.839419823139906,18.118367969989777,13.590602565556765,7.505880236625671,7.110224150121212,5.069347016513348,1.820337537676096,1.6718918606638908,1.2132428027689457,0.0011866725981235504,0.0009302981197834015,0.001412510871887207,0.0009837262332439423,0.0008111335337162018,0.0004188753664493561,0.0,0.0,0.0,0.0,0.0,0.0,0.0,0.0,0.0,0.0,0.0,0.0,0.0,0.0,0.0,0.0,0.0,0.0,790.8142061419785
20,5.045961793512106,12.88562709838152,17.55429097265005,17.295655891299248,38.98742189630866,28.771260086447,113.23213963955641,50.88578408956528,28.615212336182594,51.30440450459719,36.93012285977602,32.691507294774055,25.805844128131866,11.812669150531292,0.003961648792028427,8.185552768409252,14.990625653415918,7.993150904774666,14.50302691757679,13.026738476008177,14.225197359919548,15.183437205851078,8.170745052397251,3.0172561667859554,3.3920130990445614,0.6561218537390232,0.0020275376737117767,0.0010649152100086212,0.000546574592590332,0.00043247640132904053,0.0005950853228569031,0.0,0.0,0.0,0.0,0.0,0.0,0.0,0.0,0.0,0.0,0.0,0.0,0.0,0.0,0.0,0.0,0.0,0.0,0.0,575.170395437628
21,8.690647095441818,12.39540233835578,35.199490670114756,57.99449363723397,46.47117089480162,45.98374078050256,51.26540020108223,161.72300490364432,41.57533346861601,30.79112957790494,13.856253560632467,48.36641302704811,33.924720495939255,52.98904914408922,45.48954937234521,30.790148623287678,8.740525215864182,1.8719981499016285,2.684173960238695,0.004925400018692017,2.5632024072110653,6.13199470192194,0.0015315823256969452,0.002874169498682022,2.505855869501829,0.001681845635175705,0.38730059564113617,0.0010941363871097565,0.004379160702228546,0.0003320537507534027,0.0,0.0,0.0,0.0,0.0,0.0,0.0,0.0,0.0,0.0,0.0,0.0,0.0,0.0,0.0,0.0,0.0,0.0,0.0,0.0,742.4078170396388
22,8.838855970650911,12.484595142304897,35.478783901780844,57.81643947213888,46.36213221773505,46.17920332029462,51.27372815832496,162.16703202575445,41.732742581516504,59.58688808605075,67.0087941288948,72.52897080779076,38.93162449449301,51.89351126551628,99.05732548609376,0.0034242086112499237,141.06920562312007,34.062208477407694,19.501207817345858,14.465137094259262,16.285982321947813,7.443798124790192,2.5671210810542107,1.8884187191724777,1.1885251179337502,0.6873124912381172,0.1420479752123356,0.014132197946310043,0.003801189363002777,0.000517137348651886,0.0,0.0,0.0,0.0,0.0,0.0,0.0,0.0,0.0,0.0,0.0,0.0,0.0,0.0,0.0,0.0,0.0,0.0,0.0,0.0,1090.6634666360915
23,5.8537547923624516,5.5374672301113605,16.00834207981825,27.519806534051895,38.93014394491911,56.72223371267319,0.010098438709974289,85.67071200162172,155.96520229056478,39.284039195626974,0.004371859133243561,17.90495340526104,19.967386733740568,66.24302877113223,0.0034765824675559998,95.90807447582483,47.931109983474016,15.147436935454607,3.5920978374779224,6.251428663730621,6.326989438384771,3.690360475331545,2.796341922134161,0.001498434692621231,0.0019061639904975891,0.0010338686406612396,0.14957661554217339,0.0008167102932929993,0.001271374523639679,0.009479302912950516,0.0007316730916500092,0.0,0.0,0.0,0.0,0.0,0.0,0.0,0.0,0.0,0.0,0.0,0.0,0.0,0.0,0.0,0.0,0.0,0.0,0.0,717.4351714476943
24,8.80986576154828,4.268308617174625,12.094426061958075,8.952448673546314,37.15108845382929,68.29819752275944,0.006563171744346619,61.968083932995796,33.638745691627264,30.505498714745045,61.19503352046013,47.75193206965923,4.234029371291399,0.0034820251166820526,8.994701381772757,25.80715338885784,50.95326915383339,57.71592518314719,33.901767536997795,26.045427594333887,30.534134209156036,8.023149974644184,3.8912982530891895,0.0016654245555400848,0.0023285262286663055,1.0439618341624737,0.19566011056303978,0.0014062300324440002,0.000626441091299057,0.00042345747351646423,0.0002530999481678009,0.0,0.0,0.0,0.0,0.0,0.0,0.0,0.0,0.0,0.0,0.0,0.0,0.0,0.0,0.0,0.0,0.0,0.0,0.0,625.9908553883433
25,8.244566135108471,12.90715154632926,28.43998195230961,51.07666100934148,123.97379722073674,177.15379881486297,109.50210289284587,111.68923539668322,67.72844506427646,35.38347376510501,43.79021893814206,87.22326746210456,62.07573648169637,45.403281915932894,0.004171665757894516,85.31687910854816,51.907818112522364,18.49345989152789,13.097995445132256,9.615721099078655,3.698631174862385,2.469681676477194,2.5865612514317036,1.6358755603432655,0.0012839548289775848,0.0015909187495708466,0.0009968727827072144,0.0011158622801303864,0.000699702650308609,0.0005594342947006226,0.0005155466496944427,0.0,0.0,0.0,0.0,0.0,0.0,0.0,0.0,0.0,0.0,0.0,0.0,0.0,0.0,0.0,0.0,0.0,0.0,0.0,1153.4252758733928
26,5.034089107066393,12.874915789812803,17.64496248960495,38.83362689986825,41.60638723522425,44.606919068843126,51.57632442563772,31.319459173828363,0.0047576576471328735,88.44350046664476,76.91108080744743,46.82046251744032,25.334959145635366,9.766073524951935,0.006937127560377121,66.21815782040358,25.410053849220276,25.412884902209044,22.852453336119652,49.74744005873799,13.583599127829075,19.675787188112736,3.97829694673419,0.0015477761626243591,0.0013886727392673492,0.002284206449985504,0.0019703134894371033,0.0009957216680049896,0.001586519181728363,0.011037126183509827,0.0009801164269447327,0.0,0.0,0.0,0.0,0.0,0.0,0.0,0.0,0.0,0.0,0.0,0.0,0.0,0.0,0.0,0.0,0.0,0.0,0.0,717.6849191188812
27,5.02083008736372,12.917523968964815,17.550830367952585,17.158794421702623,38.72058619558811,92.33072444051504,63.483406607061625,61.44588515907526,30.85332190990448,13.21895107999444,9.934294246137142,0.003963984549045563,0.0,0.0,0.0,0.0,0.0,0.0,0.0,0.0,0.0,0.0,0.0,0.0,0.0,0.0,0.0,0.0,0.0,0.0,0.0,0.0,0.0,0.0,0.0,0.0,0.0,0.0,0.0,0.0,0.0,0.0,0.0,0.0,0.0,0.0,0.0,0.0,0.0,0.0,362.6391124688089
28,5.109658893197775,12.91056565195322,17.964533161371946,17.24669725075364,38.93013326078653,92.09462178498507,62.78593832626939,61.932989954948425,30.57838785275817,13.032996479421854,9.764644287526608,0.003964647650718689,0.0,0.0,0.0,0.0,0.0,0.0,0.0,0.0,0.0,0.0,0.0,0.0,0.0,0.0,0.0,0.0,0.0,0.0,0.0,0.0,0.0,0.0,0.0,0.0,0.0,0.0,0.0,0.0,0.0,0.0,0.0,0.0,0.0,0.0,0.0,0.0,0.0,0.0,362.35513155162334
29,5.036249943077564,12.847444549202919,17.69829611107707,17.339391343295574,40.030923906713724,92.19548771157861,62.751566272228956,61.07957109808922,24.788935109972954,42.328981414437294,29.717405263334513,133.49618120864034,58.05320778116584,26.20050285756588,49.82247707992792,77.7171637006104,55.94963496923447,36.30231911689043,19.086269784718752,16.732285410165787,3.3980253227055073,5.165014211088419,5.515873976051807,6.2695321924984455,1.6990650407969952,0.9719227440655231,0.0020344071090221405,0.08083012700080872,0.0005823411047458649,0.000673636794090271,0.00023867562413215637,0.0,0.0,0.0,0.0,0.0,0.0,0.0,0.0,0.0,0.0,0.0,0.0,0.0,0.0,0.0,0.0,0.0,0.0,0.0,902.2780873067677
30,5.100718330591917,0.00889013335108757,18.35365714505315,26.566225294023752,27.72392715141177,43.84745480120182,91.31386757642031,54.506194435060024,53.126624189317226,80.06682836636901,105.24119647219777,38.79556633532047,28.301268007606268,21.394620422273874,45.396521270275116,70.0297621563077,43.169151805341244,32.8814292550087,29.64809263497591,20.49719189107418,21.15926170349121,7.052218567579985,7.199979145079851,2.785018254071474,2.2072801291942596,0.8227065466344357,0.21980568766593933,0.022895682603120804,0.0008930899202823639,0.00038728490471839905,0.00023939460515975952,0.0,0.0,0.0,0.0,0.0,0.0,0.0,0.0,0.0,0.0,0.0,0.0,0.0,0.0,0.0,0.0,0.0,0.0,0.0,877.4398731589317
31,0.006069730967283249,5.905651934444904,21.12550748884678,13.341010469943285,47.86928852275014,41.827826384454966,78.5892602801323,110.81699264794588,137.7114007882774,134.80993904918432,98.58098094537854,43.441843051463366,107.76894108206034,0.0035958774387836456,58.97753436118364,0.00538305938243866,13.402193438261747,7.683711264282465,10.442202687263489,5.121855773031712,2.393081672489643,5.1876487247645855,0.0017606578767299652,0.002628754824399948,0.6405351907014847,0.3355112634599209,0.10741454362869263,0.0006953515112400055,0.0006917975842952728,0.0002602040767669678,0.0,0.0,0.0,0.0,0.0,0.0,0.0,0.0,0.0,0.0,0.0,0.0,0.0,0.0,0.0,0.0,0.0,0.0,0.0,0.0,946.1014169976115
32,8.670468412339687,12.455160278826952,29.19068206101656,58.04851429909468,86.96905587613583,126.51003129035234,76.58662987500429,98.87103850021958,140.74046993628144,100.53545651212335,71.4726851657033,126.08716322481632,103.25399385765195,47.03322798013687,68.838932197541,36.82072035595775,32.0793276950717,50.92350182682276,0.0037793368101119995,83.17185316234827,18.748395808041096,4.008702728897333,1.6599892154335976,0.710432443767786,0.907958135008812,0.6796807460486889,0.13684643805027008,0.0011455155909061432,0.0007073953747749329,0.0002363845705986023,0.0,0.0,0.0,0.0,0.0,0.0,0.0,0.0,0.0,0.0,0.0,0.0,0.0,0.0,0.0,0.0,0.0,0.0,0.0,0.0,1385.1167866550386
33,8.915078975260258,4.221534885466099,12.126755971461535,9.044223543256521,36.92811797559261,69.51806046813726,54.46864657104015,56.53731641173363,0.004641249775886536,40.25797984004021,129.55251663923264,125.38026375696063,143.07668755203485,110.71380255371332,95.41348416358232,52.43035101518035,37.59725354984403,30.59818623960018,14.61875393986702,6.004382912069559,1.6179086118936539,2.5255882926285267,0.001690637320280075,0.0015059597790241241,0.002556435763835907,0.002060800790786743,0.0013034231960773468,0.0009116679430007935,0.0005904547870159149,0.0004537440836429596,0.0003682039678096771,0.0,0.0,0.0,0.0,0.0,0.0,0.0,0.0,0.0,0.0,0.0,0.0,0.0,0.0,0.0,0.0,0.0,0.0,0.0,1041.5629764460027
34,8.856586258858442,12.64733649045229,0.00567563995718956,24.928125709295273,37.97638965025544,50.325490426272154,58.38123178482056,62.58530976623297,53.34729912877083,46.38861143961549,26.125905010849237,48.16962082311511,53.87358109652996,46.6067745834589,22.13776157796383,36.42414429038763,77.76033651456237,21.933121606707573,17.38945359736681,11.348066937178373,0.005540389567613602,7.64221839979291,2.230177689343691,1.2329182103276253,0.7206009179353714,0.49482183530926704,0.13560019433498383,0.0007671825587749481,0.0012666136026382446,0.00085444375872612,0.0,0.0,0.0,0.0,0.0,0.0,0.0,0.0,0.0,0.0,0.0,0.0,0.0,0.0,0.0,0.0,0.0,0.0,0.0,0.0,729.675588209182
35,8.952412389218807,13.489783652126789,36.20263821259141,0.010591816157102585,35.293353006243706,33.20400009304285,29.576941676437855,50.04088609293103,0.00925089418888092,67.26219548285007,84.58744369074702,75.2580731883645,70.05518997460604,59.34386768564582,65.9433890171349,35.82608722522855,17.616574198007584,10.978500451892614,20.119011878967285,17.790360167622566,5.100511476397514,0.0038123689591884613,1.5107898563146591,1.1539231799542904,0.002145092934370041,0.002054944634437561,0.0016574449837207794,0.0013904571533203125,0.0012753643095493317,0.005546797066926956,0.0004513002932071686,0.0,0.0,0.0,0.0,0.0,0.0,0.0,0.0,0.0,0.0,0.0,0.0,0.0,0.0,0.0,0.0,0.0,0.0,0.0,739.3441090770066
36,5.077526792883873,10.465322948992252,9.883577276021242,0.011239685118198395,33.99881488829851,50.3243204690516,31.395699810236692,24.77607572078705,59.055709790438414,13.576042231172323,63.61202059313655,46.30360426008701,51.23859664425254,8.910576768219471,23.09486921131611,24.563023306429386,7.852566611021757,0.005243547260761261,1.4520150013267994,0.0037359148263931274,0.003603830933570862,0.0030830949544906616,0.0028716735541820526,2.058871302753687,0.0023018494248390198,0.002599801868200302,0.002520941197872162,0.0021771900355815887,0.0021528638899326324,0.22349763661623,0.0015454329550266266,0.0010606646537780762,0.0006471909582614899,0.00045980140566825867,0.0,0.0,0.0,0.0,0.0,0.0,0.0,0.0,0.0,0.0,0.0,0.0,0.0,0.0,0.0,0.0,467.90797474607825
37,5.022946588695049,12.974494125694036,17.457242775708437,17.113554056733847,38.61128865554929,91.53912007436156,62.535825699567795,61.13368348032236,30.49985733628273,13.031715650111437,9.722426250576973,0.003944471478462219,0.0,0.0,0.0,0.0,0.0,0.0,0.0,0.0,0.0,0.0,0.0,0.0,0.0,0.0,0.0,0.0,0.0,0.0,0.0,0.0,0.0,0.0,0.0,0.0,0.0,0.0,0.0,0.0,0.0,0.0,0.0,0.0,0.0,0.0,0.0,0.0,0.0,0.0,359.646099165082
38,5.081753134727478,12.814601995050907,17.57354913279414,17.132217943668365,38.60141143202782,92.2131416797638,76.90613011270761,81.74217965826392,37.95884080603719,45.851837661117315,25.76909699290991,39.46074102446437,0.007261902093887329,14.309310130774975,4.063594751060009,6.600392796099186,4.920163419097662,8.759259887039661,3.7720717564225197,3.1153133623301983,10.062733311206102,4.939806401729584,9.692478187382221,4.668823938816786,2.1269474737346172,1.4182176664471626,0.3276752196252346,0.055573757737874985,0.010141465812921524,0.0005808919668197632,0.000458352267742157,0.0,0.0,0.0,0.0,0.0,0.0,0.0,0.0,0.0,0.0,0.0,0.0,0.0,0.0,0.0,0.0,0.0,0.0,0.0,569.956306245178
39,5.093000162392855,12.827995758503675,17.7429316714406,17.341748502105474,38.81785053759813,91.45675165578723,62.51043197512627,61.026231449097395,30.703966159373522,0.006284579634666443,32.05313007161021,20.90076096355915,16.744949851185083,0.0035904869437217712,0.0,0.0,0.0,0.0,0.0,0.0,0.0,0.0,0.0,0.0,0.0,0.0,0.0,0.0,0.0,0.0,0.0,0.0,0.0,0.0,0.0,0.0,0.0,0.0,0.0,0.0,0.0,0.0,0.0,0.0,0.0,0.0,0.0,0.0,0.0,0.0,407.229623824358
40,5.075553055852652,12.919581729918718,17.42654136568308,17.136853702366352,38.990876227617264,91.65980626270175,62.74679050594568,61.372942455112934,30.406800538301468,0.008557658642530441,48.055790297687054,11.888884168118238,18.329515118151903,9.75050737708807,8.604571491479874,20.743522830307484,22.4463917799294,0.0054067447781562805,22.66577695682645,10.24984409660101,7.200481537729502,8.930488251149654,2.9361032098531723,5.101660918444395,1.60820447281003,0.002402983605861664,0.0018791183829307556,0.0015900582075119019,0.001145046204328537,0.0006085522472858429,0.0,0.0,0.0,0.0,0.0,0.0,0.0,0.0,0.0,0.0,0.0,0.0,0.0,0.0,0.0,0.0,0.0,0.0,0.0,0.0,536.2690785117447
41,8.852541107684374,12.453513354063034,35.14886860176921,58.14897845685482,57.809515319764614,43.481039844453335,96.35177755355835,138.26471892371774,89.87856957688928,72.96507486701012,0.008779391646385193,25.392012793570757,38.82315881177783,25.583143401890993,21.923185877501965,20.389758218079805,23.25560349598527,0.004148103296756744,12.222072746604681,0.0037195347249507904,1.2307577803730965,0.002646110951900482,1.5585870742797852,0.7775304056704044,0.0024658702313899994,0.0017836056649684906,0.29417936131358147,0.0014794878661632538,0.0009429603815078735,0.0008240602910518646,0.0005596131086349487,0.00037772953510284424,0.0,0.0,0.0,0.0,0.0,0.0,0.0,0.0,0.0,0.0,0.0,0.0,0.0,0.0,0.0,0.0,0.0,0.0,784.8323140405118
42,8.687568128108978,12.614061255007982,0.011521242558956146,15.911639526486397,27.71020809561014,29.606992095708847,16.821964252740145,17.058168064802885,9.852288115769625,10.352065164595842,15.485327310860157,16.3384615406394,19.476022370159626,4.573828861117363,18.910768397152424,25.577869702130556,35.348666820675135,23.83207391574979,16.323436252772808,15.313996460288763,4.164409179240465,3.2949461340904236,0.9370621368288994,1.3937054052948952,1.0950870923697948,0.39261798188090324,0.09996278956532478,0.012276262044906616,0.0026941299438476562,0.0002723969519138336,0.0,0.0,0.0,0.0,0.0,0.0,0.0,0.0,0.0,0.0,0.0,0.0,0.0,0.0,0.0,0.0,0.0,0.0,0.0,0.0,351.1999610811472
43,8.744760762900114,12.325319867581129,35.26854199916124,58.236396718770266,47.1371709741652,46.25043638050556,51.21906132996082,161.98101156577468,42.03650302812457,30.71890464052558,13.799404721707106,48.36190204694867,34.00541032478213,53.22966453805566,46.09338802471757,31.008783251047134,8.70582553371787,1.848593708127737,2.6989366374909878,0.0033373571932315826,2.7540147118270397,3.8567301370203495,3.2389709912240505,4.039853643625975,1.5948770120739937,0.5038869231939316,0.3037698492407799,0.001373138278722763,0.0010125674307346344,0.0008463114500045776,0.0012708567082881927,0.0,0.0,0.0,0.0,0.0,0.0,0.0,0.0,0.0,0.0,0.0,0.0,0.0,0.0,0.0,0.0,0.0,0.0,0.0,749.9699595533311
44,8.804936952888966,12.385721571743488,35.5855411849916,58.21702566370368,46.61547629162669,46.086824122816324,51.170220635831356,162.49219388142228,58.57229660451412,30.62308729439974,56.81572712212801,69.4793258458376,82.8439879976213,37.763574831187725,42.60049722716212,23.310005087405443,35.642527151852846,20.821945417672396,20.30215111002326,11.081133000552654,5.917950961738825,5.328144825994968,0.0033128000795841217,0.5965936817228794,0.6144500784575939,0.0019435547292232513,0.0013614371418952942,0.03331382945179939,0.0009569264948368073,0.0008488260209560394,0.0,0.0,0.0,0.0,0.0,0.0,0.0,0.0,0.0,0.0,0.0,0.0,0.0,0.0,0.0,0.0,0.0,0.0,0.0,0.0,923.7130759172142
45,8.834394428879023,12.421171698719263,35.06302134692669,57.781087558716536,38.551931604743004,18.96322426199913,54.1928737051785,0.00958365947008133,28.670340441167355,30.646057061851025,0.008671939373016357,36.760826371610165,19.67124104872346,22.331863559782505,50.91059501841664,38.14359102398157,0.006411295384168625,0.005244959145784378,15.197282135486603,6.0180046409368515,24.945008635520935,5.829936154186726,3.6923445239663124,0.002987675368785858,2.034592717885971,0.0018050633370876312,0.0020626746118068695,0.0016817152500152588,0.0011079870164394379,0.0008315667510032654,0.0007575787603855133,0.0,0.0,0.0,0.0,0.0,0.0,0.0,0.0,0.0,0.0,0.0,0.0,0.0,0.0,0.0,0.0,0.0,0.0,0.0,510.70053405314684
46,5.051843088120222,12.872601084411144,17.769356094300747,17.11800080537796,39.05119603872299,93.054054915905,63.48020139709115,61.00897929817438,30.42809061333537,13.057067532092333,1.6306607350707054,0.0038435719907283783,0.0,0.0,0.0,0.0,0.0,0.0,0.0,0.0,0.0,0.0,0.0,0.0,0.0,0.0,0.0,0.0,0.0,0.0,0.0,0.0,0.0,0.0,0.0,0.0,0.0,0.0,0.0,0.0,0.0,0.0,0.0,0.0,0.0,0.0,0.0,0.0,0.0,0.0,354.52589517459273
47,5.104376580566168,12.8907610476017,17.670253664255142,17.230724185705185,0.009765081107616425,32.84770256653428,139.49074064195156,35.58831064403057,83.83020900934935,197.81439089775085,61.71182060986757,40.10205368325114,17.26255138963461,51.10147810354829,0.00550701841711998,70.46569298580289,37.58427035808563,62.357702516019344,43.65551235899329,13.912313044071198,5.815902881324291,5.686038546264172,3.212215442210436,0.00293751060962677,2.059509862214327,1.0439729392528534,0.0011753365397453308,0.0010031238198280334,0.0014147721230983734,0.001013103872537613,0.0007914677262306213,0.0014602802693843842,0.0,0.0,0.0,0.0,0.0,0.0,0.0,0.0,0.0,0.0,0.0,0.0,0.0,0.0,0.0,0.0,0.0,0.0,958.46357165277
48,5.137074399739504,12.798858568072319,0.01060546189546585,51.76043877005577,32.31182387471199,37.44879277050495,53.03293229267001,0.009186241775751114,55.57413702830672,43.71291705593467,63.62318655475974,0.0068386010825634,15.678363502025604,13.008315928280354,6.679568216204643,25.660802088677883,30.342000648379326,17.888990215957165,7.136542059481144,0.003376070410013199,0.0025377683341503143,1.3347994536161423,0.6466159857809544,1.6990584023296833,0.0023453347384929657,0.0025031045079231262,0.2204589881002903,0.0019494816660881042,0.21010131761431694,0.001298762857913971,0.013045024126768112,0.0005997754633426666,0.00037864595651626587,0.0,0.0,0.0,0.0,0.0,0.0,0.0,0.0,0.0,0.0,0.0,0.0,0.0,0.0,0.0,0.0,0.0,475.9604423940182
49,5.182108324021101,12.831689048558474,17.514917112886906,17.16670711711049,38.6756668202579,91.71069921553135,62.68526718765497,62.13026665523648,30.94412648305297,0.008726414293050766,22.84196326881647,33.968473732471466,31.35093204677105,23.89542616531253,26.248402386903763,12.779065057635307,19.425285898149014,7.75783933699131,4.961720645427704,7.008678123354912,7.618997115641832,7.914450172334909,3.5488112457096577,2.3611369282007217,1.7244436629116535,0.38541143387556076,0.0010285191237926483,0.01843886822462082,0.0012091994285583496,0.0006884746253490448,0.0003246814012527466,0.0,0.0,0.0,0.0,0.0,0.0,0.0,0.0,0.0,0.0,0.0,0.0,0.0,0.0,0.0,0.0,0.0,0.0,0.0,552.6629013419151
50,5.002169258892536,12.849461115896702,17.415523819625378,17.160410456359386,38.64612356200814,91.69448466226459,0.00493280217051506,0.005079038441181183,73.26694121584296,31.64717848226428,35.75450390204787,26.7968298047781,52.76463171467185,54.28662620857358,40.362737242132425,59.947084706276655,92.28885376825929,0.0073744431138038635,36.840470001101494,30.889950465410948,23.897850655019283,6.868594992905855,3.0978455618023872,0.0016180872917175293,0.0015381686389446259,0.0011337175965309143,0.3414735943078995,0.0009159259498119354,0.0009579472243785858,0.0006493180990219116,0.0007189996540546417,0.0008067041635513306,0.0,0.0,0.0,0.0,0.0,0.0,0.0,0.0,0.0,0.0,0.0,0.0,0.0,0.0,0.0,0.0,0.0,0.0,751.8454703427851
51,8.916878394782543,12.408323273062706,35.483049154281616,58.02384349703789,46.79393117874861,0.007424641400575638,53.45372426509857,97.7973933070898,35.95105153694749,52.781848814338446,81.10637757182121,19.71576138958335,38.17863688245416,55.55611650273204,34.856474708765745,23.13045873492956,8.058377627283335,0.0026633478701114655,0.0037292800843715668,0.0025075525045394897,11.385839257389307,9.894784931093454,8.060613602399826,0.0027691200375556946,0.0015546083450317383,0.0014033615589141846,0.0010731220245361328,0.0009148977696895599,0.0006871968507766724,0.0032132379710674286,0.00033615902066230774,0.0,0.0,0.0,0.0,0.0,0.0,0.0,0.0,0.0,0.0,0.0,0.0,0.0,0.0,0.0,0.0,0.0,0.0,0.0,691.5817611552775
52,8.731291927397251,12.355067040771246,35.14377634599805,58.31719720736146,47.404067523777485,0.005432881414890289,68.20659730955958,118.84368111938238,63.96980220079422,42.53596057370305,38.75460281223059,44.807491917163134,69.16728151217103,9.994747310876846,38.210644636303186,20.840768817812204,8.538471382111311,14.434380382299423,3.5477427504956722,8.090081211179495,1.0853207781910896,0.6109839640557766,0.5230048187077045,3.1885240338742733,0.002209097146987915,0.0016356073319911957,0.2521057352423668,0.0513995960354805,0.0009194761514663696,0.0006479434669017792,0.0,0.0,0.0,0.0,0.0,0.0,0.0,0.0,0.0,0.0,0.0,0.0,0.0,0.0,0.0,0.0,0.0,0.0,0.0,0.0,717.6158379130065
53,8.741086285561323,12.321697819977999,35.149182476103306,57.74482133612037,46.32227623090148,46.179993595927954,51.17029418423772,161.59906630590558,41.405164901167154,0.0053224749863147736,61.52554888650775,46.532693054527044,58.81956570968032,20.50535161420703,10.59308660775423,25.975787367671728,19.17794107273221,29.956091828644276,19.310861062258482,9.366355959326029,2.709545336663723,3.6720364950597286,6.283846016973257,0.6931748725473881,0.3326146975159645,0.0022476203739643097,0.0013766326010227203,0.0012993477284908295,0.007916383445262909,0.0007137693464756012,0.0,0.0,0.0,0.0,0.0,0.0,0.0,0.0,0.0,0.0,0.0,0.0,0.0,0.0,0.0,0.0,0.0,0.0,0.0,0.0,776.1069599464536
54,8.721638388931751,12.358235262334347,35.236598923802376,57.762087516486645,46.4204299710691,45.985082231462,51.18860888853669,161.4032485820353,41.03640518337488,59.07878436520696,61.45902153477073,0.007628250867128372,92.84770400822163,59.40092281624675,32.59658945724368,80.25879107415676,77.50052516907454,48.055330749601126,40.44344100356102,18.94584784284234,10.458946950733662,6.932306386530399,2.66318653896451,1.4545543231070042,0.0024098344147205353,0.0021532177925109863,0.0019132047891616821,0.06483247876167297,0.001150626689195633,0.0006804056465625763,0.0005039907991886139,0.0,0.0,0.0,0.0,0.0,0.0,0.0,0.0,0.0,0.0,0.0,0.0,0.0,0.0,0.0,0.0,0.0,0.0,0.0,1052.2895591780543
55,8.808095142245293,12.302282959222794,35.00783932954073,57.668163135647774,46.29823734611273,52.07048087194562,60.676076881587505,49.63691455870867,50.70986959710717,31.872095305472612,60.1888423897326,0.007143087685108185,0.007186315953731537,45.65499299392104,41.76857539638877,38.36968529969454,117.58013333380222,26.453217834234238,72.70104708150029,18.336097359657288,11.18747641146183,0.003044523298740387,7.1801446452736855,2.5068511180579662,0.7636554501950741,0.0014593712985515594,0.13666484504938126,0.0011974722146987915,0.00663110613822937,0.0005777366459369659,0.0004961714148521423,0.0,0.0,0.0,0.0,0.0,0.0,0.0,0.0,0.0,0.0,0.0,0.0,0.0,0.0,0.0,0.0,0.0,0.0,0.0,847.9051750712097
56,5.186017621308565,12.801980450749397,17.48481487110257,17.155940782278776,38.51480135321617,91.49800349399447,62.54961400851607,60.87334084138274,30.483459260314703,13.00866949185729,9.71621173620224,0.0039522685110569,0.0,0.0,0.0,0.0,0.0,0.0,0.0,0.0,0.0,0.0,0.0,0.0,0.0,0.0,0.0,0.0,0.0,0.0,0.0,0.0,0.0,0.0,0.0,0.0,0.0,0.0,0.0,0.0,0.0,0.0,0.0,0.0,0.0,0.0,0.0,0.0,0.0,0.0,359.27680617943406
57,4.744884833693504,12.39465694874525,0.011639401316642761,51.39023419469595,39.45433423668146,51.44710798189044,21.9144564345479,84.56767528131604,48.25135749205947,47.03203513473272,88.62546836957335,112.43590553104877,53.23151685670018,55.92162145674229,40.936696249991655,25.25801970437169,18.012723073363304,7.96643552929163,18.06783253327012,12.051692076027393,11.131043050438166,10.894266922026873,4.297115288674831,2.8670687153935432,3.1124131567776203,0.590992946177721,0.16291668638586998,0.0012128502130508423,0.00097636878490448,0.0010084956884384155,0.0006991066038608551,0.0,0.0,0.0,0.0,0.0,0.0,0.0,0.0,0.0,0.0,0.0,0.0,0.0,0.0,0.0,0.0,0.0,0.0,0.0,826.7760069072247
58,5.084860056638718,12.86746584624052,17.527184393256903,17.185699619352818,10.79024563729763,30.93485952541232,47.370220489799976,52.10432705655694,85.99164804816246,44.77499873563647,136.279481574893,58.95340855792165,153.00678482279181,80.91850791871548,58.204382345080376,72.03207518905401,52.7788773663342,43.39520241692662,21.1540256626904,33.73213912546635,25.211760327219963,12.96559077501297,5.577694486826658,2.259158030152321,0.0023863278329372406,1.6569357700645924,0.0017542503774166107,0.0014340132474899292,0.0178510844707489,0.0009478628635406494,0.00041015446186065674,0.0,0.0,0.0,0.0,0.0,0.0,0.0,0.0,0.0,0.0,0.0,0.0,0.0,0.0,0.0,0.0,0.0,0.0,0.0,1082.7823174707592
59,5.167299222201109,12.842355005443096,17.51565431058407,17.182330939918756,38.898513205349445,91.69660151004791,62.727431409060955,61.13600576668978,31.331570334732533,1.7554619796574116,9.809832740575075,0.0038819648325443268,0.0,0.0,0.0,0.0,0.0,0.0,0.0,0.0,0.0,0.0,0.0,0.0,0.0,0.0,0.0,0.0,0.0,0.0,0.0,0.0,0.0,0.0,0.0,0.0,0.0,0.0,0.0,0.0,0.0,0.0,0.0,0.0,0.0,0.0,0.0,0.0,0.0,0.0,350.0669383890927
60,5.179121438413858,10.518174294382334,9.645571414381266,25.856425672769547,14.295573461800814,13.548321884125471,0.008413318544626236,46.894932352006435,43.20134497061372,52.184840474277735,49.933036763221025,34.25314570590854,64.05825255438685,93.26717168837786,86.10459895059466,0.006018124520778656,82.49733125790954,0.004258856177330017,16.079441633075476,0.004913367331027985,0.0040738545358181,0.003863248974084854,0.0029912665486335754,5.709227737039328,1.6659833304584026,0.0023319870233535767,0.0022445209324359894,0.13977671787142754,0.006489872932434082,0.001037251204252243,0.00041488558053970337,0.0,0.0,0.0,0.0,0.0,0.0,0.0,0.0,0.0,0.0,0.0,0.0,0.0,0.0,0.0,0.0,0.0,0.0,0.0,655.0793228559196
61,8.684257999062538,12.403512433171272,35.259583223611116,58.01419560238719,46.688701681792736,46.209632091224194,51.49463872984052,162.19511833414435,41.48946317285299,0.005416028201580048,57.96320078521967,107.42409883439541,86.78355456888676,48.89397082105279,30.96597670763731,16.066409658640623,16.749808974564075,26.01331164315343,34.44331945106387,12.675164677202702,8.187130440026522,6.751155473291874,5.359144542366266,2.097592309117317,0.5499289520084858,0.0010608620941638947,0.002068709582090378,0.0013743452727794647,0.013638954609632492,0.000741712749004364,0.0,0.0,0.0,0.0,0.0,0.0,0.0,0.0,0.0,0.0,0.0,0.0,0.0,0.0,0.0,0.0,0.0,0.0,0.0,0.0,923.3871717192233
62,8.677999254316092,12.307959079742432,35.26846433058381,58.01163362711668,46.64987025037408,52.28746369481087,61.19153732061386,49.950113374739885,50.79793184995651,32.11248990148306,41.541354421526194,34.404671128839254,51.41302561014891,37.90931637585163,14.209724098443985,26.504758592694998,85.03463131934404,75.83163325116038,106.15091476589441,73.4471976980567,0.0021723732352256775,11.266587346792221,5.350931242108345,2.4137778654694557,0.741475410759449,0.0012973211705684662,0.0016906335949897766,0.0007806643843650818,0.0009214170277118683,0.000479675829410553,0.00027479231357574463,0.0,0.0,0.0,0.0,0.0,0.0,0.0,0.0,0.0,0.0,0.0,0.0,0.0,0.0,0.0,0.0,0.0,0.0,0.0,973.4830786883831
63,9.47632783651352,21.922364071011543,14.002887852489948,45.09768804162741,44.77186605706811,51.795867405831814,105.67936997115612,107.81191436946392,38.45043358579278,40.13945533335209,22.808529816567898,14.42122259363532,68.03873370215297,62.05171646550298,49.0113075748086,41.00140368193388,58.666665591299534,22.22800413519144,26.321543853729963,14.74092223122716,5.425331935286522,2.1043368838727474,3.4130695164203644,0.0029321685433387756,0.6450831890106201,0.0017931535840034485,0.0010676570236682892,0.0007787570357322693,0.0005162768065929413,0.0003478042781352997,0.0002600178122520447,0.0,0.0,0.0,0.0,0.0,0.0,0.0,0.0,0.0,0.0,0.0,0.0,0.0,0.0,0.0,0.0,0.0,0.0,0.0,870.033741530031
64,8.852672073990107,12.42910597100854,35.702926121652126,0.010820746421813965,45.57391883805394,68.76764215528965,74.82430908456445,31.00819929689169,41.2172933742404,69.66182255744934,58.582415487617254,26.821071442216635,18.684435799717903,28.956171296536922,29.884026620537043,35.58261375874281,20.345592238008976,27.039854608476162,8.168063692748547,7.363561794161797,4.016910199075937,3.3961279466748238,0.0027231574058532715,0.9906849525868893,0.6409094668924809,0.6532238908112049,0.0008865669369697571,0.08053392171859741,0.0005979202687740326,0.0007906071841716766,0.000368509441614151,0.00027712807059288025,0.0,0.0,0.0,0.0,0.0,0.0,0.0,0.0,0.0,0.0,0.0,0.0,0.0,0.0,0.0,0.0,0.0,0.0,659.260551225394
65,8.671926937997341,12.34086999669671,35.45955781266093,58.01939472183585,46.91568284854293,46.45453532785177,51.60604303330183,163.4202283397317,41.34210206568241,59.63353921473026,62.202749602496624,0.007341515272855759,50.09565265849233,61.11616540327668,71.30831955373287,104.94190250337124,131.63083231076598,45.35889921709895,8.683772534132004,3.9045838937163353,6.8025735802948475,9.735150959342718,0.0016558431088924408,2.08468609303236,2.668375715613365,0.0012953691184520721,0.2896716631948948,0.018911287188529968,0.0005089007318019867,0.00045255571603775024,0.0,0.0,0.0,0.0,0.0,0.0,0.0,0.0,0.0,0.0,0.0,0.0,0.0,0.0,0.0,0.0,0.0,0.0,0.0,0.0,1084.7173814587295
66,5.121410027146339,13.05594651773572,17.548721596598625,17.280279889702797,39.22390518337488,92.4572318084538,0.009601045399904251,48.08853396773338,62.575733069330454,14.830574125051498,61.00115114450455,57.47761671245098,44.95260836184025,22.285860273987055,24.41078620404005,33.87939653545618,31.603697013109922,21.69003837928176,23.481866151094437,14.691811464726925,15.76074131205678,8.173462621867657,8.103761214762926,1.2049559615552425,1.9744572080671787,1.096469223499298,0.4920027330517769,0.10120460391044617,0.005983442068099976,0.0010189972817897797,0.000204525887966156,0.0,0.0,0.0,0.0,0.0,0.0,0.0,0.0,0.0,0.0,0.0,0.0,0.0,0.0,0.0,0.0,0.0,0.0,0.0,682.5810313150287
67,5.0767832249403,7.062679328024387,8.036810480058193,7.979672897607088,23.7792639285326,23.582537159323692,0.005335256457328796,51.894601210951805,41.66004961356521,37.72943356260657,78.99099636822939,65.61368899419904,67.92328793555498,72.2401641048491,12.701524380594492,27.46169039234519,33.13029859960079,36.67000924050808,21.864648144692183,7.496183354407549,11.45102184265852,6.444976609200239,1.5340818911790848,2.4158958345651627,1.294131901115179,0.37777747586369514,0.0010184310376644135,0.0019077323377132416,0.0006924793124198914,0.0005878657102584839,0.0004883147776126862,0.00038901716470718384,0.0,0.0,0.0,0.0,0.0,0.0,0.0,0.0,0.0,0.0,0.0,0.0,0.0,0.0,0.0,0.0,0.0,0.0,654.4226275719702
68,5.067283295094967,13.033907409757376,17.71445032954216,17.32254695892334,38.88241957500577,92.44255836308002,64.19059205427766,61.58564480766654,30.903673347085714,13.17394270375371,9.792841028422117,0.003954216837882996,0.0,0.0,0.0,0.0,0.0,0.0,0.0,0.0,0.0,0.0,0.0,0.0,0.0,0.0,0.0,0.0,0.0,0.0,0.0,0.0,0.0,0.0,0.0,0.0,0.0,0.0,0.0,0.0,0.0,0.0,0.0,0.0,0.0,0.0,0.0,0.0,0.0,0.0,364.11381408944726
69,5.765314478427172,15.352789748460054,20.218291383236647,17.529798597097397,41.031317699700594,93.16682251915336,65.8416153229773,61.53340142592788,0.004697602242231369,60.11616360396147,34.96492184326053,0.003954887390136719,66.82162525504827,25.641493923962116,28.378432378172874,11.266034822911024,24.952272593975067,14.671791318804026,12.748505767434835,2.4042643420398235,0.0031433887779712677,0.003408912569284439,0.003803431987762451,0.0025511011481285095,0.001654215157032013,0.002783682197332382,0.0015872865915298462,0.0012182407081127167,0.0011323243379592896,0.0007559843361377716,0.0006544403731822968,0.0005776546895503998,0.0004794672131538391,0.00039997324347496033,0.00019530579447746277,0.0,0.0,0.0,0.0,0.0,0.0,0.0,0.0,0.0,0.0,0.0,0.0,0.0,0.0,0.0,602.4378549233079
70,5.017007794231176,12.952129639685154,17.844652138650417,17.319003019481897,39.235013246536255,92.22378450632095,63.31201722100377,61.44944727048278,30.656797397881746,13.05311520025134,9.765630286186934,0.003977090120315552,0.0,0.0,0.0,0.0,0.0,0.0,0.0,0.0,0.0,0.0,0.0,0.0,0.0,0.0,0.0,0.0,0.0,0.0,0.0,0.0,0.0,0.0,0.0,0.0,0.0,0.0,0.0,0.0,0.0,0.0,0.0,0.0,0.0,0.0,0.0,0.0,0.0,0.0,362.83257481083274
71,8.740603819489479,12.38517315685749,35.28298009932041,58.59983563050628,46.86411804333329,46.21690893173218,51.228108678013086,163.30506299063563,41.4173429608345,59.510393146425486,61.91516386345029,71.79065516591072,38.59151562675834,374.0092386342585,41.69422121718526,65.05814763903618,0.003190118819475174,29.25131343305111,12.93745955452323,12.436486758291721,13.593216113746166,0.0019760243594646454,2.147900279611349,1.6813818402588367,0.23612055554986,0.001111343502998352,0.0009226873517036438,0.0007659830152988434,0.0044861361384391785,0.00040008872747421265,0.0,0.0,0.0,0.0,0.0,0.0,0.0,0.0,0.0,0.0,0.0,0.0,0.0,0.0,0.0,0.0,0.0,0.0,0.0,0.0,1248.9062005206943
72,8.086177852004766,0.010029058903455734,0.005703624337911606,32.25935857743025,39.333464588969946,48.465039134025574,97.37043811380863,0.00467386469244957,33.09710719808936,158.81815001741052,43.69510463997722,57.12870201468468,17.896117441356182,4.352372027933598,0.0032420791685581207,0.004178818315267563,30.916509620845318,40.36717054620385,6.631445221602917,0.0038705728948116302,4.656820483505726,3.1020362824201584,0.003532949835062027,1.0409292206168175,0.4065663665533066,0.20090993121266365,0.09708222001791,0.0006154850125312805,0.0009458400309085846,0.0004091300070285797,0.0,0.0,0.0,0.0,0.0,0.0,0.0,0.0,0.0,0.0,0.0,0.0,0.0,0.0,0.0,0.0,0.0,0.0,0.0,0.0,627.9587029218674
73,8.80550368130207,12.485042490065098,35.15876518562436,57.88423156738281,47.98146293312311,46.94732715934515,51.233130648732185,161.60138996690512,41.117717038840055,59.32034431770444,62.443002581596375,71.61047190800309,38.71075522527099,51.285422917455435,97.73390742763877,75.34232152625918,61.536131620407104,14.664744067937136,25.347650855779648,7.700766071677208,6.2447611428797245,0.6396486908197403,0.9855610430240631,0.0027588531374931335,0.6555812172591686,0.3852452039718628,0.16523175314068794,0.0006870478391647339,0.0004933997988700867,0.0003572218120098114,0.0,0.0,0.0,0.0,0.0,0.0,0.0,0.0,0.0,0.0,0.0,0.0,0.0,0.0,0.0,0.0,0.0,0.0,0.0,0.0,1037.9904147647321
74,8.73232139274478,12.365785047411919,0.011567313224077225,57.845666605979204,46.92589756846428,0.006885319948196411,49.40082551911473,57.194897666573524,77.62857017293572,27.00678464770317,68.30505043640733,63.988998014479876,33.24190741404891,66.50479532405734,20.828579183667898,22.754494681954384,15.666757091879845,16.632495749741793,25.05598509684205,2.985410403460264,4.9976533725857735,3.3427834771573544,7.077631950378418,2.2523845434188843,0.7649286240339279,0.2993314601480961,0.0008956529200077057,0.0010966025292873383,0.0005805939435958862,0.0003704875707626343,0.0,0.0,0.0,0.0,0.0,0.0,0.0,0.0,0.0,0.0,0.0,0.0,0.0,0.0,0.0,0.0,0.0,0.0,0.0,0.0,691.8213314153254
75,8.686039574444294,0.010423623025417328,24.265501853078604,42.89948705211282,39.37273694574833,76.74672469496727,47.80987324565649,51.76738688722253,81.13924137875438,48.19619047269225,69.92473692074418,42.37721646949649,21.04803066700697,11.937408164143562,9.235864639282227,28.72587402164936,19.463813606649637,28.500698905438185,23.174684315919876,18.21610087901354,5.212019618600607,1.95849135145545,2.84564009308815,9.560868591070175,2.8022855035960674,1.6746097207069397,0.1853170432150364,0.023283183574676514,0.0009773746132850647,0.0004888810217380524,0.0,0.0,0.0,0.0,0.0,0.0,0.0,0.0,0.0,0.0,0.0,0.0,0.0,0.0,0.0,0.0,0.0,0.0,0.0,0.0,717.7620156779885
76,5.043242763727903,12.992234006524086,17.68054875358939,17.23867731168866,10.909420471638441,31.10691326856613,47.51993618905544,0.0049540139734745026,121.76647346839309,88.68567942455411,58.2180013358593,14.01310969144106,17.21287899836898,9.213381841778755,20.92295267060399,23.64528439566493,13.493916537612677,5.228024695068598,0.004956565797328949,0.002339135855436325,0.003339424729347229,0.0038909390568733215,0.0018335692584514618,0.0017780810594558716,0.001556500792503357,0.0028026923537254333,0.7751952856779099,0.00096854567527771,0.001271616667509079,0.0055380165576934814,0.00035886093974113464,0.00023837387561798096,0.0,0.0,0.0,0.0,0.0,0.0,0.0,0.0,0.0,0.0,0.0,0.0,0.0,0.0,0.0,0.0,0.0,0.0,515.7016974464059
77,5.035057686269283,12.872605953365564,17.5256242826581,17.14120479300618,39.124220084398985,92.31330819427967,62.81902223080397,61.182499807327986,30.619534522294998,13.092885341495275,9.818596385419369,0.003951527178287506,0.0,0.0,0.0,0.0,0.0,0.0,0.0,0.0,0.0,0.0,0.0,0.0,0.0,0.0,0.0,0.0,0.0,0.0,0.0,0.0,0.0,0.0,0.0,0.0,0.0,0.0,0.0,0.0,0.0,0.0,0.0,0.0,0.0,0.0,0.0,0.0,0.0,0.0,361.54851080849767
78,5.007711552083492,12.91108462586999,17.6409716270864,17.14345032721758,38.73536940664053,93.84787399321795,64.39584225788713,61.68542294949293,0.004645287990570068,59.402533017098904,34.840100932866335,58.47637040540576,31.35966781899333,24.113662488758564,37.95482746139169,10.704631119966507,5.805183716118336,7.552050832659006,11.670380972325802,1.5584079436957836,2.6365993432700634,2.5057211741805077,2.3621498979628086,0.002588421106338501,0.4980706013739109,0.0012162365019321442,0.12634750083088875,0.0010337680578231812,0.000699121505022049,0.0017456449568271637,0.0004611574113368988,0.00039555877447128296,0.0002588629722595215,0.0,0.0,0.0,0.0,0.0,0.0,0.0,0.0,0.0,0.0,0.0,0.0,0.0,0.0,0.0,0.0,0.0,602.9474760256708
79,5.062714159488678,13.298246677964926,17.51990655064583,17.148273799568415,38.740941900759935,91.80587076768279,62.8997882977128,61.35515334457159,30.690722957253456,13.234143301844597,9.771326821297407,0.004006005823612213,0.0,0.0,0.0,0.0,0.0,0.0,0.0,0.0,0.0,0.0,0.0,0.0,0.0,0.0,0.0,0.0,0.0,0.0,0.0,0.0,0.0,0.0,0.0,0.0,0.0,0.0,0.0,0.0,0.0,0.0,0.0,0.0,0.0,0.0,0.0,0.0,0.0,0.0,361.53109458461404
80,4.9963733442127705,12.874278515577316,17.586954433470964,17.2366143129766,39.00271297991276,92.65343601256609,63.36828996613622,61.31185710430145,30.7932762876153,13.18693332746625,9.845619458705187,0.0040055736899375916,0.0,0.0,0.0,0.0,0.0,0.0,0.0,0.0,0.0,0.0,0.0,0.0,0.0,0.0,0.0,0.0,0.0,0.0,0.0,0.0,0.0,0.0,0.0,0.0,0.0,0.0,0.0,0.0,0.0,0.0,0.0,0.0,0.0,0.0,0.0,0.0,0.0,0.0,362.86035131663084
81,8.080236457288265,12.740998156368732,0.005763377994298935,31.96189646422863,39.4821449033916,47.936902951449156,97.03297744691372,16.07649613916874,197.00642420351505,53.7246491573751,11.03689705580473,27.049578323960304,2.8467235825955868,2.2702897898852825,12.086335234344006,0.003047458827495575,0.0,0.0,0.0,0.0,0.0,0.0,0.0,0.0,0.0,0.0,0.0,0.0,0.0,0.0,0.0,0.0,0.0,0.0,0.0,0.0,0.0,0.0,0.0,0.0,0.0,0.0,0.0,0.0,0.0,0.0,0.0,0.0,0.0,0.0,559.3413607031107
82,8.700103808194399,0.005867362022399902,24.672684900462627,39.003140799701214,0.005503248423337936,22.218253649771214,55.84581069275737,35.72284294292331,29.015179350972176,25.19329909607768,46.44999745860696,37.43939246982336,15.886911571025848,3.546925477683544,7.300576731562614,20.67031119763851,33.38731823116541,37.458264611661434,11.022570986300707,10.913083266466856,10.31309213861823,3.5564276203513145,3.3743534088134766,1.2866332978010178,0.0013677701354026794,0.6516645289957523,0.0010636746883392334,0.009828813374042511,0.0004582740366458893,0.0006332434713840485,0.0,0.0,0.0,0.0,0.0,0.0,0.0,0.0,0.0,0.0,0.0,0.0,0.0,0.0,0.0,0.0,0.0,0.0,0.0,0.0,483.6535606235266
83,8.75079182907939,12.432388674467802,35.42565651983023,58.201496597379446,46.99044431373477,46.6981234960258,52.07329247891903,162.9646145515144,41.39915967732668,59.57501311227679,61.931366201490164,71.98090256005526,38.77657297998667,51.58818406239152,0.0034789927303791046,115.89478163048625,51.465850688517094,44.127898294478655,16.7516380995512,12.119413517415524,28.598682269454002,9.608838941901922,0.001907244324684143,3.1508886702358723,0.0013471953570842743,0.5205684527754784,0.11194844543933868,0.001221872866153717,0.0009522773325443268,0.00046931952238082886,0.0004884935915470123,0.0,0.0,0.0,0.0,0.0,0.0,0.0,0.0,0.0,0.0,0.0,0.0,0.0,0.0,0.0,0.0,0.0,0.0,0.0,1031.148381460458
84,8.665426909923553,12.463940426707268,36.7428591363132,60.80120574682951,46.57931166142225,46.07223668321967,51.88348335400224,0.00885532796382904,137.6615249812603,0.009029872715473175,30.521091766655445,55.226296838372946,19.45597567036748,13.791072346270084,53.322715263813734,23.54065788909793,0.006113216280937195,14.647600926458836,2.7175969630479813,2.2401094250380993,3.3260284028947353,4.340295519679785,4.861473344266415,2.5808684825897217,4.567155349999666,2.047293070703745,0.18512281402945518,0.0010492689907550812,0.0005664266645908356,0.00045266374945640564,0.0001965351402759552,0.0,0.0,0.0,0.0,0.0,0.0,0.0,0.0,0.0,0.0,0.0,0.0,0.0,0.0,0.0,0.0,0.0,0.0,0.0,638.2676062844694
85,0.005925815552473068,12.668529815971851,36.82016947492957,49.96027347445488,33.49736129119992,54.903936326503754,10.913071621209383,45.41861807927489,41.09828709065914,15.037289049476385,33.087059304118156,45.204211469739676,46.11065211519599,35.95588915795088,94.07047203555703,45.912698928266764,13.672814827412367,11.034305691719055,0.0031099654734134674,18.21625104546547,9.506210174411535,4.316596142947674,0.002261802554130554,1.7903898805379868,0.001825280487537384,0.0021631382405757904,0.001513756811618805,0.0012708231806755066,0.005977839231491089,0.0003825277090072632,0.0,0.0,0.0,0.0,0.0,0.0,0.0,0.0,0.0,0.0,0.0,0.0,0.0,0.0,0.0,0.0,0.0,0.0,0.0,0.0,659.2195179462433
86,5.042178880423307,12.906776137650013,17.68433092534542,17.18870534002781,38.9665921330452,92.7471574768424,62.95001294836402,62.1581801250577,30.822008550167084,13.271399658173323,9.54862891510129,0.004032786935567856,0.0,0.0,0.0,0.0,0.0,0.0,0.0,0.0,0.0,0.0,0.0,0.0,0.0,0.0,0.0,0.0,0.0,0.0,0.0,0.0,0.0,0.0,0.0,0.0,0.0,0.0,0.0,0.0,0.0,0.0,0.0,0.0,0.0,0.0,0.0,0.0,0.0,0.0,363.29000387713313
87,5.212256766855717,12.849419496953487,17.769082337617874,17.27603681758046,39.06444103643298,92.3048484660685,63.19271882623434,61.67444531992078,30.670390624552965,13.34401397779584,9.815969437360764,0.004058923572301865,0.0,0.0,0.0,0.0,0.0,0.0,0.0,0.0,0.0,0.0,0.0,0.0,0.0,0.0,0.0,0.0,0.0,0.0,0.0,0.0,0.0,0.0,0.0,0.0,0.0,0.0,0.0,0.0,0.0,0.0,0.0,0.0,0.0,0.0,0.0,0.0,0.0,0.0,363.177682030946
88,5.1452217772603035,12.909852337092161,0.01149224117398262,15.290138863027096,33.46267129480839,28.973039347678423,50.6547004878521,51.70453630760312,51.34019338339567,110.63722571730614,93.66548666357994,29.88232096657157,9.315825060009956,31.775350365787745,39.32964192330837,47.679267920553684,19.58431738615036,55.57237912714481,24.891689460724592,0.002390645444393158,0.002187199890613556,12.264585383236408,8.429782066494226,10.065717704594135,1.2827569097280502,0.7790495008230209,0.2941020838916302,0.0013216063380241394,0.017810020595788956,0.0006366074085235596,0.00039374828338623047,0.0,0.0,0.0,0.0,0.0,0.0,0.0,0.0,0.0,0.0,0.0,0.0,0.0,0.0,0.0,0.0,0.0,0.0,0.0,744.9660841077566
89,5.1048997156322,13.128628507256508,17.646326012909412,17.229868818074465,39.073085587471724,92.14283703267574,62.571592550724745,62.89219878613949,30.306691091507673,13.06676958873868,9.710339926183224,0.003934774547815323,0.0,0.0,0.0,0.0,0.0,0.0,0.0,0.0,0.0,0.0,0.0,0.0,0.0,0.0,0.0,0.0,0.0,0.0,0.0,0.0,0.0,0.0,0.0,0.0,0.0,0.0,0.0,0.0,0.0,0.0,0.0,0.0,0.0,0.0,0.0,0.0,0.0,0.0,362.8771723918617
90,5.12709528580308,12.906394932419062,17.59018011763692,17.357803396880627,38.75462282821536,28.692457988858223,112.90974175184965,50.59913098439574,28.51006379723549,50.83484713733196,33.19668836146593,43.190710093826056,80.97634523361921,133.64427975565195,60.83495473116636,17.952089462429285,21.864523865282536,6.28601323440671,2.046693902462721,3.509535312652588,7.675843585282564,4.770952556282282,3.067806638777256,3.027169030159712,1.8438648357987404,0.7537560686469078,0.0017848163843154907,0.1544991470873356,0.0011583603918552399,0.0007099583745002747,0.00045318901538848877,0.0,0.0,0.0,0.0,0.0,0.0,0.0,0.0,0.0,0.0,0.0,0.0,0.0,0.0,0.0,0.0,0.0,0.0,0.0,788.0821703597903
91,8.738246254622936,0.0066077820956707,20.284997388720512,30.26383849605918,32.43941977620125,46.44305020198226,53.26296431571245,86.66501266509295,80.37416051328182,88.46387411281466,0.004863161593675613,100.42889701202512,120.67088392749429,86.37178087234497,53.24735137447715,98.77219088748097,55.422280345112085,0.004740476608276367,37.54292356967926,0.003778856247663498,18.357459858059883,6.26638288795948,2.532401528209448,0.002983052283525467,0.8420227058231831,0.001749776303768158,0.0019137188792228699,0.001566089689731598,0.10443872585892677,0.000762447714805603,0.0008672736585140228,0.0005702637135982513,0.0005036927759647369,0.0,0.0,0.0,0.0,0.0,0.0,0.0,0.0,0.0,0.0,0.0,0.0,0.0,0.0,0.0,0.0,0.0,1027.5254840105772
92,0.01219814270734787,12.41114005446434,28.91975574940443,57.65413247421384,87.24378371983767,126.2777094990015,76.69918134436011,99.17438189685345,138.9014362320304,100.60801551118493,71.33103555068374,0.006644308567047119,92.98584697395563,36.42843556404114,95.48932574689388,77.90584756806493,29.232583068311214,21.806248255074024,4.559407889842987,9.90907646715641,9.4533765129745,4.870006702840328,5.149499304592609,0.0026637613773345947,0.8034496903419495,0.0016964003443717957,0.0010217837989330292,0.010290667414665222,0.0004384145140647888,0.0003847479820251465,0.0,0.0,0.0,0.0,0.0,0.0,0.0,0.0,0.0,0.0,0.0,0.0,0.0,0.0,0.0,0.0,0.0,0.0,0.0,0.0,1187.8490140028298
93,8.681956067681313,21.28988689184189,13.9531836733222,30.78008596226573,47.95708690956235,87.3350430727005,160.75169505923986,273.90772024542093,142.1881033293903,133.0181268416345,154.54269183427095,104.97744869440794,208.52884251624346,166.82894622534513,74.42897716909647,60.34957780316472,88.0252068080008,25.381657101213932,6.316055756062269,5.468976691365242,8.784961812198162,3.8261363580822945,1.5669250041246414,1.621766384691,0.00237061083316803,0.0019597969949245453,0.0017478354275226593,0.07598738372325897,0.0012835785746574402,0.0012157037854194641,0.0006141513586044312,0.00042755529284477234,0.0,0.0,0.0,0.0,0.0,0.0,0.0,0.0,0.0,0.0,0.0,0.0,0.0,0.0,0.0,0.0,0.0,0.0,1830.596664827317
94,8.789658714085817,12.39688914641738,0.011460486799478531,21.269162390381098,16.783354621380568,37.10501357167959,18.185328010469675,19.40013672783971,48.89853259921074,0.006021536886692047,27.865525111556053,19.116719886660576,25.855828132480383,20.591267246752977,10.715943947434425,0.005570448935031891,0.003247324377298355,8.055436618626118,9.425607953220606,0.004589434713125229,2.638160862028599,1.7800230979919434,0.003190159797668457,2.057140164077282,0.0017923377454280853,0.0022882893681526184,0.001871943473815918,0.0015421770513057709,0.008041158318519592,0.001438770443201065,0.0,0.0,0.0,0.0,0.0,0.0,0.0,0.0,0.0,0.0,0.0,0.0,0.0,0.0,0.0,0.0,0.0,0.0,0.0,0.0,310.98078287020326
95,8.940042182803154,12.473331116139889,35.49099760502577,58.79062067717314,46.636938363313675,46.21242520585656,51.6578661352396,163.34736002981663,0.008343718945980072,50.74362534657121,73.31501233577728,70.11002400889993,77.82158878073096,51.932516653090715,8.859850686043501,17.71777641400695,11.0407075881958,6.525426365435123,5.654071297496557,8.629723981022835,0.0023364387452602386,3.53973226621747,1.685723677277565,2.0512503385543823,0.991333644837141,0.3172414116561413,0.2391008771955967,0.010421689599752426,0.000529993325471878,0.00022018328309059143,0.0,0.0,0.0,0.0,0.0,0.0,0.0,0.0,0.0,0.0,0.0,0.0,0.0,0.0,0.0,0.0,0.0,0.0,0.0,0.0,814.7461390122771
96,5.102708246558905,12.85828635841608,17.511216927319765,0.010486271232366562,59.384723737835884,37.725301049649715,75.43603890016675,96.3355944417417,432.2004704028368,344.3616389669478,223.13565727323294,121.86499148607254,235.0313002280891,263.1091887690127,225.74594396352768,79.32475355640054,13.193966664373875,48.66819828003645,5.708537694066763,11.112870082259178,10.29105157405138,4.553227625787258,0.6459122560918331,1.0851294323801994,0.8183358460664749,0.7145112343132496,0.14754552394151688,0.001125182956457138,0.001120205968618393,0.0007136613130569458,0.0,0.0,0.0,0.0,0.0,0.0,0.0,0.0,0.0,0.0,0.0,0.0,0.0,0.0,0.0,0.0,0.0,0.0,0.0,0.0,2326.0805458426476
97,5.108796492218971,12.875907242298126,18.56953940913081,38.53566709533334,75.94732645154,36.782017551362514,49.369498297572136,56.49493742734194,51.89556834474206,44.13951778784394,55.91216151416302,6.661051198840141,54.02369235828519,46.94351387396455,63.28132688626647,81.62115273624659,142.48177932947874,52.98208424821496,31.745558366179466,20.34629984945059,21.989153441041708,7.74399833381176,4.645751632750034,1.8929051645100117,0.0030258633196353912,0.8360469080507755,0.331167321652174,0.0713854543864727,0.006617024540901184,0.0003050006926059723,0.00047407299280166626,0.0,0.0,0.0,0.0,0.0,0.0,0.0,0.0,0.0,0.0,0.0,0.0,0.0,0.0,0.0,0.0,0.0,0.0,0.0,983.2382266782224
98,5.096951004117727,12.89093691855669,17.603113003075123,17.24714283272624,38.80169604346156,92.28502805903554,62.982445534318686,0.005742665380239487,60.08357209339738,165.88819508254528,43.90514749288559,58.17736862972379,15.201591577380896,112.99260509759188,62.65040326118469,59.19610104709864,72.8236801661551,55.57375259697437,19.733940098434687,0.0039746761322021484,3.1269446089863777,1.4663958065211773,3.876785460859537,1.7235789820551872,0.002826835960149765,0.0017914660274982452,0.0015789642930030823,0.0016035623848438263,0.001610495150089264,0.0010175295174121857,0.000955536961555481,0.0007323883473873138,0.0006275102496147156,0.0003042742609977722,0.0,0.0,0.0,0.0,0.0,0.0,0.0,0.0,0.0,0.0,0.0,0.0,0.0,0.0,0.0,0.0,983.3501413017511
99,4.99746972694993,0.008170530200004578,17.65542719140649,17.208638329058886,38.93429747223854,0.0060145556926727295,91.14215478673577,47.044079806655645,0.006321147084236145,59.81641009449959,65.65259297564626,44.841664761304855,31.009858936071396,10.89131898805499,26.059359073638916,39.08576267212629,0.006340507417917252,8.199558559805155,24.06889444962144,0.005166750401258469,4.1103692427277565,1.9237906262278557,0.0025881975889205933,3.2737021781504154,1.5071786269545555,0.0012289099395275116,0.0010882429778575897,0.0012909956276416779,0.000687573105096817,0.0004777386784553528,0.001491401344537735,0.0,0.0,0.0,0.0,0.0,0.0,0.0,0.0,0.0,0.0,0.0,0.0,0.0,0.0,0.0,0.0,0.0,0.0,0.0,537.4633950479329
100,4.986092373728752,12.815293658524752,18.487461049109697,17.366010554134846,41.92959779128432,92.162626568228,99.97467213124037,65.07053255662322,106.92394200712442,99.48799852654338,97.1199368648231,51.305449314415455,35.0686406865716,31.939598105847836,0.005413416773080826,14.19894865527749,19.361470066010952,12.560243543237448,4.968963332474232,0.0033943243324756622,12.518811013549566,0.00422469899058342,0.002932976931333542,0.0031332112848758698,0.0023148097097873688,0.001889791339635849,0.0022076666355133057,0.001996491104364395,0.0014171004295349121,0.000665716826915741,0.0011543557047843933,0.0005408301949501038,0.000471360981464386,0.0,0.0,0.0,0.0,0.0,0.0,0.0,0.0,0.0,0.0,0.0,0.0,0.0,0.0,0.0,0.0,0.0,838.2780455499887

total time per move x,643.5866055525839,1152.543167874217,2145.576621644199,3253.1771152876318,4077.7593093030155,5941.805967371911,5687.070371452719,7655.07838755101,5470.761911906302,4964.4102470725775,4840.409726977348,4391.806048437953,4077.6988636255264,4090.6573030017316,3099.5603278912604,3064.6369004659355,2930.891170371324,1871.453249219805,1394.5899007096887,1056.6595259793103,693.2934199757874,406.245487511158,237.762241858989,138.7873436845839,74.31126799806952,28.14965560287237,9.20080916583538,1.2577001862227917,0.505164198577404,0.3213108330965042,0.045497722923755646,0.011556234210729599,0.003366731107234955,0.0011640489101409912,0.00019530579447746277,0,0,0,0,0,0,0,0,0,0,0,0,0,0,0,73400.02890275419
average time per move x,6.435866055525839,11.525431678742171,21.45576621644199,32.53177115287632,40.777593093030156,59.41805967371911,56.87070371452719,76.55078387551009,54.70761911906302,49.64410247072578,48.40409726977348,43.91806048437953,49.728034922262516,49.88606467075282,38.26617688754642,37.835023462542416,36.63613962964155,23.39316561524756,17.43237375887111,13.208244074741378,8.666167749697342,5.0780685938894745,2.9720280232373626,1.7348417960572988,0.928890849975869,0.3518706950359046,0.11501011457294226,0.015721252327784895,0.00631455248221755,0.004016385413706303,0.0008272313258864662,0.0005502968671775999,0.0004809615867478507,0.0003880163033803304,0.00019530579447746277,nan,nan,nan,nan,nan,nan,nan,nan,nan,nan,nan,nan,nan,nan,nan,734.0002890275418
std of time per move x,2.414043234201501,3.865713936461451,11.118228133481711,19.603823743622318,15.284103316889729,31.70022343160915,28.073785789989117,53.06263019362546,53.64581770355144,49.51908068012058,40.350624542141816,49.04128149801583,42.01383240923734,54.87395696233609,35.709327032009256,28.65371723345007,34.15632193624856,19.63410882498661,18.84179795670865,16.23761600040156,7.801968847974953,4.773668312807786,2.7075413446694054,1.927411855561415,1.0435048781033522,0.47818358781994014,0.16531272463969757,0.03246112807871617,0.025990500152022037,0.024917439467337658,0.0017141550698725585,0.00027978975438470657,0.00013510249752605652,7.8449980845495e-05,nan,nan,nan,nan,nan,nan,nan,nan,nan,nan,nan,nan,nan,nan,nan,nan,329.9747585834509
err of average time,0.24140432342015009,0.3865713936461451,1.1118228133481711,1.9603823743622317,1.5284103316889728,3.170022343160915,2.807378578998912,5.306263019362546,5.3645817703551435,4.951908068012058,4.035062454214182,4.904128149801582,4.639651629204925,6.059814809116224,3.967703003556584,3.18374635927223,3.8187928855409505,2.195160100514929,2.106577052475859,1.815420658471807,0.8722866351203858,0.5337123424737469,0.3027123249285989,0.2154911964837165,0.11666739211458636,0.05346255040450633,0.018482524492003407,0.003629264450516825,0.0029058262554569943,0.0027858544237101576,0.0002311366224697496,6.105512991147717e-05,5.106394427966638e-05,4.5293117559067524e-05,nan,nan,nan,nan,nan,nan,nan,nan,nan,nan,nan,nan,nan,nan,nan,nan,32.99747585834509
