Contains move time for player Greedy; opponent is AlphaBeta4
Colums refer to move number, rows to game number
game,1,2,3,4,5,6,7,8,9,10,11,12,13,14,15,16,17,18,19,20,21,22,23,24,25,26,27,28,29,30,31,32,33,34,35,36,37,38,39,40,41,42,43,44,45,46,47,48,49,50,total
1,0.002537375000000175,0.002489040999999581,0.0024460830000005984,0.0023441669999986203,0.0023128329999995145,0.002261749999998841,0.0022428750000003106,0.002107750000000408,0.0019992920000007075,0.001960624999998828,0.0018774579999991658,0.0017274999999976615,0.0017121660000007921,0.001643665999999655,0.0015560420000007014,0.0014200000000030855,0.0013477910000005977,0.0012814170000012837,0.0011418750000018463,0.0010691250000007813,0.0009643750000023488,0.000853749999997433,0.0007230840000005401,0.000626208999996436,0.0005422079999988227,0.0004770419999999831,0.00037850000000361206,0.0,0.0,0.0,0.0,0.0,0.0,0.0,0.0,0.0,0.0,0.0,0.0,0.0,0.0,0.0,0.0,0.0,0.0,0.0,0.0,0.0,0.0,0.0,0.04204399900000233
2,0.0026274579999991943,0.002566792000003204,0.0025099580000045307,0.002565500000002885,0.002338082999997937,0.002172791999996093,0.002091874999997856,0.0020207499999997935,0.001960500000002696,0.001872583000000816,0.0017941250000035325,0.0017951249999939023,0.0017355839999950717,0.0016393750000034402,0.0015075829999986468,0.001396667000001628,0.0013128749999964384,0.00126691699999526,0.0011969170000014628,0.0010400419999996302,0.0009436660000119446,0.000873499999997307,0.0008048750000000382,0.0006606669999911219,0.000543207999996298,0.00048666600000046856,0.00047212500000171076,0.0003975830000086944,0.00029233300000441886,0.00017908399999555513,5.8667000004675174e-05,0.0,0.0,0.0,0.0,0.0,0.0,0.0,0.0,0.0,0.0,0.0,0.0,0.0,0.0,0.0,0.0,0.0,0.0,0.0,0.04312387500000625
3,0.0025763329999932694,0.0025684170000062068,0.0025331670000099393,0.002413500000002955,0.002339042000002678,0.002212124999999787,0.0021874579999945354,0.0020433749999995143,0.0020013330000097085,0.0018922079999867947,0.0017770000000041364,0.0016908330000120486,0.0016026249999896436,0.0015170409999996082,0.0014216659999988224,0.001292083000009825,0.0012550839999931895,0.0012265839999940908,0.0011559159999876556,0.001027665999998817,0.0009315419999893493,0.0010437090000010585,0.00081429200000116,0.0006904999999903794,0.0005874590000018998,0.0005030829999981279,0.00042204200001094705,0.0003386250000119162,0.0002445420000043441,0.00013312499999074134,0.0,0.0,0.0,0.0,0.0,0.0,0.0,0.0,0.0,0.0,0.0,0.0,0.0,0.0,0.0,0.0,0.0,0.0,0.0,0.0,0.04244237499999315
4,0.002582375000002912,0.0025465420000045924,0.002502582999994729,0.002367291999988197,0.0023590830000017604,0.002254625000006172,0.0020957919999915475,0.0020366669999987153,0.0019428330000010874,0.00186949999999797,0.0018311249999953816,0.0018159159999981966,0.0016694580000091719,0.001601499999992484,0.0014693330000028482,0.0013227499999999281,0.0012746250000077453,0.0011743329999944763,0.0010527920000100721,0.0009531249999952252,0.0009073330000006763,0.0008262500000029149,0.0007346249999926613,0.0007115419999905725,0.0005944589999984373,0.0005579579999874795,0.0005827919999887854,0.000476875000003929,0.00038212500000156524,0.0002745409999960202,0.00017366699999854518,0.0,0.0,0.0,0.0,0.0,0.0,0.0,0.0,0.0,0.0,0.0,0.0,0.0,0.0,0.0,0.0,0.0,0.0,0.0,0.0429444159999548
5,0.002557292000005873,0.0025350829999979396,0.0024499579999996968,0.0024108750000095824,0.002344582999995737,0.0022543330000104334,0.0022359579999999823,0.002081291999999735,0.0019817080000024134,0.0018720829999949729,0.0018744580000031874,0.0018034590000013395,0.0017002080000025899,0.001600416999991694,0.0014507079999930284,0.0013445409999945923,0.001232083000004991,0.0011520000000047048,0.0010642910000058237,0.0009445840000097405,0.000835584000000722,0.0007983330000058686,0.0008162080000033711,0.0006789589999982582,0.0006682920000002923,0.0005729169999995065,0.0005023330000000215,0.00040791600000034123,0.0003096669999962387,0.0002446670000040285,0.00013304200000163746,0.0,0.0,0.0,0.0,0.0,0.0,0.0,0.0,0.0,0.0,0.0,0.0,0.0,0.0,0.0,0.0,0.0,0.0,0.0,0.04285783200003834
6,0.0025430409999955828,0.002514707999992538,0.0024915420000013455,0.0024102499999969496,0.0023545410000025413,0.002259457999997494,0.002199665999995659,0.002009125000000722,0.0019511660000119946,0.0018930410000024267,0.0018710839999869222,0.0017230420000089453,0.0016436670000246068,0.001550041999990981,0.0014630840000222634,0.001393332999981567,0.0012446249999982228,0.0011688749999905212,0.0010756670000091617,0.0009707910000145148,0.0008664169999974547,0.0008556250000140153,0.0007402500000068812,0.0006711659999893982,0.0005651669999906517,0.00044895799999267183,0.0004251660000136326,0.0004092089999971904,0.00034304199999724005,0.0001983749999965312,0.00017287500000406908,0.00012812500000336513,0.0,0.0,0.0,0.0,0.0,0.0,0.0,0.0,0.0,0.0,0.0,0.0,0.0,0.0,0.0,0.0,0.0,0.0,0.04255512300002806
7,0.0025626250000243544,0.0025420000000053733,0.0025012909999873045,0.002426833000015449,0.0023557090000281278,0.00225374999999417,0.002243749999990996,0.0020425000000159343,0.0020083750000026157,0.0019335839999996551,0.001842083999974875,0.0017312080000237984,0.0017525419999913083,0.0015406670000004397,0.001435541000006424,0.0013571249999984047,0.001269540999999208,0.0012667919999955757,0.0011332089999882555,0.0010551670000040758,0.000907665999989149,0.0008265829999913876,0.0007210839999913787,0.0006638750000149685,0.0006972499999733373,0.0005895840000107455,0.00047491600000171275,0.0003517499999929896,0.00029362500001184344,0.0001787910000246029,6.53749999912634e-05,0.0,0.0,0.0,0.0,0.0,0.0,0.0,0.0,0.0,0.0,0.0,0.0,0.0,0.0,0.0,0.0,0.0,0.0,0.0,0.043024792000039724
8,0.0027105839999990167,0.0025391670000090016,0.002470750000014732,0.002395708000022978,0.0023496250000221153,0.002275541000017256,0.00224858300001074,0.002160166000010122,0.0021674999999845568,0.00211054199999694,0.0019429580000007718,0.0018567919999838978,0.0017422090000138724,0.0016266670000106842,0.0016195000000038817,0.0016138750000038726,0.0014707499999815354,0.00126379200000315,0.0011660000000119908,0.0010578330000043934,0.0009460000000274249,0.0008339169999942442,0.0007429580000177793,0.000672207999997454,0.0005600829999821144,0.00041562500001646185,0.00041133299998818984,0.0003182920000028844,0.00023329199999011507,0.0001257910000163065,0.0,0.0,0.0,0.0,0.0,0.0,0.0,0.0,0.0,0.0,0.0,0.0,0.0,0.0,0.0,0.0,0.0,0.0,0.0,0.0,0.04404804100013848
9,0.0026008750000130476,0.0025375419999988935,0.002477625000011585,0.002388874999979862,0.0023544580000134374,0.002277750000018841,0.0022112499999877855,0.0021110830000168335,0.0019907090000117478,0.0019364999999993415,0.0017867089999867858,0.0016563750000102573,0.0015898750000076234,0.0015414579999912803,0.001451125000016873,0.0013922910000019328,0.0013387499999737429,0.0012659159999941494,0.0011764590000211683,0.0009653749999927186,0.0008850000000109048,0.0007883330000026945,0.0006794590000254175,0.000635832999989816,0.00049158299998453,0.0004691670000056547,0.0003832920000093054,0.0003120410000008178,0.00022045899999056928,0.00012887500000147156,0.0,0.0,0.0,0.0,0.0,0.0,0.0,0.0,0.0,0.0,0.0,0.0,0.0,0.0,0.0,0.0,0.0,0.0,0.0,0.0,0.04204504200006909
10,0.00260354200000279,0.0025360420000026807,0.002482749999984435,0.002433374999981197,0.0023955420000163485,0.002292334000003393,0.0021420840000132557,0.002021667000008165,0.002087749999986954,0.001915458999974362,0.0017935420000014801,0.0018617500000175369,0.0016653330000053757,0.0015835000000095079,0.0015796659999978147,0.0013837500000022374,0.0013307090000012067,0.001273833999988483,0.0012193750000051296,0.0011612499999955617,0.0010482499999966421,0.001009041000003208,0.000844000000000733,0.000746750000018892,0.0006397919999869828,0.0005258749999939027,0.00041745799998693656,0.00030262500001754233,0.00019483399998421191,6.429100000104881e-05,0.0,0.0,0.0,0.0,0.0,0.0,0.0,0.0,0.0,0.0,0.0,0.0,0.0,0.0,0.0,0.0,0.0,0.0,0.0,0.0,0.043556169999988015
11,0.002573666999978741,0.002519875000018601,0.0024583329999927628,0.0023950829999819234,0.0023889580000115984,0.0023331250000069303,0.002328000000005659,0.0020841249999818956,0.002086083999984112,0.001987084000006689,0.0018535829999848374,0.0017390830000181268,0.0016269580000027872,0.0015156249999961346,0.0014474169999800779,0.0013588749999939864,0.0012762080000072729,0.0011422090000223761,0.00102275000000418,0.0009774159999835774,0.0009413749999964693,0.0008961249999970278,0.0009416250000242599,0.0008099580000191509,0.0007957920000194463,0.0006810000000143646,0.0006641250000143373,0.0005503330000067308,0.0005008750000001783,0.00046949999997991654,0.0,0.0,0.0,0.0,0.0,0.0,0.0,0.0,0.0,0.0,0.0,0.0,0.0,0.0,0.0,0.0,0.0,0.0,0.0,0.0,0.04436516600003415
12,0.0025875829999790767,0.002533042000010255,0.002433542000005673,0.0024045419999936257,0.0023217920000035974,0.002277416999987736,0.0021729999999990923,0.0021099999999876218,0.0020416250000039327,0.0019706249999842385,0.0019169170000168378,0.0017909580000150527,0.0017222500000002583,0.0015854590000117241,0.0014901659999964068,0.0013819590000139215,0.001535125000032167,0.0011497500000245964,0.0010189579999746456,0.0009857499999839092,0.0009341250000147738,0.0009441249999895263,0.0008221249999564861,0.0007792079999831003,0.0008110829999736779,0.0006573750000029577,0.0005452080000054593,0.0005082079999851885,0.000497832999997172,0.0004480409999700896,0.00032141700000920537,0.00024062500000354703,0.0001317089999588461,0.0,0.0,0.0,0.0,0.0,0.0,0.0,0.0,0.0,0.0,0.0,0.0,0.0,0.0,0.0,0.0,0.0,0.0450715419998744
13,0.002617791999966812,0.0025682919999781006,0.002473500000007789,0.002404834000003575,0.002340417000027628,0.00226520800003982,0.0022419999999669926,0.0021876249999763786,0.002104458000019349,0.002037374999986241,0.0018743329999892921,0.001808625000023767,0.0016680839999594355,0.0015611669999771038,0.0015948330000128408,0.0014421250000395958,0.0012930420000429876,0.0012011669999765218,0.0010722079999823109,0.0009663750000186155,0.0008627919999639744,0.0007669999999961874,0.0007391249999955107,0.0007890420000080667,0.0006333750000067084,0.0005251669999779551,0.0005412500000261389,0.00042445899998710956,0.000347250000004351,0.00023408300000937743,0.00012054100000113976,0.0,0.0,0.0,0.0,0.0,0.0,0.0,0.0,0.0,0.0,0.0,0.0,0.0,0.0,0.0,0.0,0.0,0.0,0.0,0.043707543999971676
14,0.0025873330000081296,0.0025384580000036294,0.0024890839999898162,0.0024116250000361106,0.0023197909999908006,0.0022634590000052413,0.0021894999999858555,0.002089707999971324,0.0019544159999895783,0.0018341659999805415,0.0017636250000236942,0.0017306250000501677,0.001643374999957814,0.001513875000000553,0.0014360409999767398,0.0013604580000219357,0.0012556660000200282,0.0011661669999512014,0.0010863330000461247,0.0009852919999957521,0.0009294589999626623,0.0009233749999566498,0.0007996660000344491,0.0008925839999847085,0.0007330839999895034,0.0006302920000393897,0.0005145420000189915,0.00040616699999418415,0.00038454099995988145,0.00030904099997997037,0.00018970799999351584,6.983299999774317e-05,0.0,0.0,0.0,0.0,0.0,0.0,0.0,0.0,0.0,0.0,0.0,0.0,0.0,0.0,0.0,0.0,0.0,0.0,0.04340128899991669
15,0.002573207999944316,0.002528208999990511,0.002475917000026584,0.0024369170000113627,0.0023802079999768466,0.0022850000000289583,0.0022552920000293852,0.002136875000019245,0.002030708000006598,0.00200929099997893,0.0018616250000036416,0.0017722499999877073,0.0017465419999780352,0.0017037499999901229,0.0015838329999837697,0.001479166000024179,0.0014229170000135127,0.0013498339999955533,0.0012371249999887368,0.0011168749999797,0.0010218749999921783,0.0008822909999821604,0.000782125000000633,0.000675916000034249,0.0005560829999922134,0.0004265420000137965,0.00035674999998036583,0.00029450000005226684,0.00017379199999822958,6.466700000373748e-05,0.0,0.0,0.0,0.0,0.0,0.0,0.0,0.0,0.0,0.0,0.0,0.0,0.0,0.0,0.0,0.0,0.0,0.0,0.0,0.0,0.043620083000007526
16,0.002558541000041714,0.002508707999993476,0.0024927500000444525,0.002421790999960649,0.002369791999967674,0.0022225419999699625,0.002153416999988167,0.0021513329999720554,0.0020436659999631956,0.0019466670000269914,0.0018626670000116974,0.001770874999976968,0.0016651249999881657,0.0015760410000211778,0.0014751250000131222,0.0014089160000025913,0.0012944580000180395,0.0011825839999914933,0.0011220839999737109,0.0010212920000185477,0.0008834579999756897,0.000817417000007481,0.0007050419999927726,0.0007064170000035119,0.0005825829999821508,0.0005589170000348531,0.0005011249999711254,0.0003846249999810425,0.0002607910000165248,0.00020658300002196484,0.00017216600002711857,5.8125000009567884e-05,0.0,0.0,0.0,0.0,0.0,0.0,0.0,0.0,0.0,0.0,0.0,0.0,0.0,0.0,0.0,0.0,0.0,0.0,0.043085622999967654
17,0.002582082999992963,0.0025274579999745583,0.002467625000008411,0.0033012090000283933,0.002372083000011571,0.0023074999999721513,0.0024337920000334634,0.0022981250000384534,0.002102292000017769,0.0020480420000126287,0.001936666000005971,0.001859041999978217,0.001741791999961606,0.0016105000000266045,0.0015226249999500396,0.0014241249999713546,0.0013042090000112694,0.0012432909999802177,0.0011642089999668315,0.0010862500000143882,0.000978792000012163,0.0008607089999941309,0.0007683750000069267,0.000725291999970068,0.000604542000019137,0.0005080000000248219,0.0003902919999632104,0.0002992089999906966,0.00017445799994675326,7.158299996490314e-05,0.0,0.0,0.0,0.0,0.0,0.0,0.0,0.0,0.0,0.0,0.0,0.0,0.0,0.0,0.0,0.0,0.0,0.0,0.0,0.0,0.04471416999984967
18,0.002624249999996664,0.002543250000030639,0.0025691669999901023,0.002622040999995079,0.0023597090000180287,0.002325041999995392,0.002191208999988703,0.0021138749999636275,0.002077917000008256,0.0019992080000292844,0.0019144999999980428,0.001758499999994001,0.0016743329999826528,0.0015742920000434424,0.0015405409999971198,0.001434375000030741,0.0013650000000211548,0.0012564590000465614,0.0011681660000135707,0.000977042000045003,0.000911832999975104,0.0007659170000238191,0.000717417000032583,0.0007495830000152637,0.000604249999980766,0.0006370419999939259,0.0005155840000270473,0.0004128330000412461,0.00029499999999416104,0.0002739170000154445,0.00017433300001812313,6.008299999393785e-05,0.0,0.0,0.0,0.0,0.0,0.0,0.0,0.0,0.0,0.0,0.0,0.0,0.0,0.0,0.0,0.0,0.0,0.0,0.04420666800029949
19,0.002585250000038286,0.0025294170000051963,0.0024775409999620024,0.002393499999982396,0.002364874999955191,0.002237957999966511,0.0022254579999980706,0.002151582999999846,0.0020845000000235814,0.00202995799998007,0.0019077499999866632,0.0017765420000159793,0.0016266669999822625,0.001589292000005571,0.0015282500000353139,0.001457249999987198,0.0013846669999679762,0.0012895410000055563,0.001188124999998763,0.0010467920000110098,0.0009814590000019052,0.0008874589999550153,0.0007416250000460423,0.0006154999999807842,0.0005142499999806205,0.0005073329999731868,0.0004099579999774505,0.00030895800000507734,0.0002608749999808424,0.0002297500000167929,0.00019883300001311,7.966700002270954e-05,0.0,0.0,0.0,0.0,0.0,0.0,0.0,0.0,0.0,0.0,0.0,0.0,0.0,0.0,0.0,0.0,0.0,0.0,0.04361058299986098
20,0.0025920840000139833,0.0025268750000009277,0.0024662089999765158,0.0024151249999704305,0.0023489999999810607,0.002320125000039752,0.0022281249999878128,0.002161791999981233,0.0020423330000198803,0.0019970420000277045,0.0018728340000393473,0.0018284579999772177,0.0016570409999872027,0.0016151670000112972,0.0014955830000076276,0.0013796659999911753,0.0013779590000240205,0.0012145409999675394,0.0011949579999850357,0.0010435419999907936,0.000957665999976598,0.0008922079999820198,0.0008336249999842948,0.0006919170000401209,0.0005933749999940119,0.00045708300001479074,0.0003223340000317876,0.00029795800003284967,0.00023045800003274053,0.00013458399996579828,0.0,0.0,0.0,0.0,0.0,0.0,0.0,0.0,0.0,0.0,0.0,0.0,0.0,0.0,0.0,0.0,0.0,0.0,0.0,0.0,0.04318966700003557
21,0.0025635000000079344,0.002584667000007812,0.0024718750000261025,0.00239604099999724,0.002361666000012974,0.0022722090000115713,0.002232666999987032,0.00210966700001336,0.0020083750000026157,0.0019397500000195578,0.0018159580000087772,0.0017407089999892378,0.001658250000048156,0.0014962909999667318,0.0013730840000221178,0.001312999999981912,0.0012290409999877738,0.0011488750000125947,0.0010324170000330923,0.0010191249999706997,0.000913792000005742,0.0008105000000000473,0.0007732500000088294,0.0007221669999921687,0.0006906250000042746,0.0006965000000036525,0.0005722499999478714,0.0005571669999540063,0.00046612500000264845,0.00035250000001951776,0.00031662500003903915,0.0002795000000332948,0.0,0.0,0.0,0.0,0.0,0.0,0.0,0.0,0.0,0.0,0.0,0.0,0.0,0.0,0.0,0.0,0.0,0.0,0.043918168000118385
22,0.002649832999964019,0.002502915999968991,0.0024757909999948424,0.0023911249999741813,0.002357542000027024,0.002313666999953057,0.0022456670000110535,0.0020810839999967357,0.0020922909999967487,0.002024208000023009,0.0019247500000005857,0.0017838750000009895,0.0016864579999946727,0.0016388749999691754,0.001509209000005285,0.0013797080000017559,0.001326333000008617,0.001204625000013948,0.001185915999997178,0.0010524589999931777,0.0009298749999970823,0.0008186669999759033,0.000704915999961031,0.0005963749999864376,0.0005547079999814741,0.0005301249999547508,0.0004189169999904152,0.000374041999975816,0.0003877920000263657,0.0002709999999979118,0.0,0.0,0.0,0.0,0.0,0.0,0.0,0.0,0.0,0.0,0.0,0.0,0.0,0.0,0.0,0.0,0.0,0.0,0.0,0.0,0.043412748999742234
23,0.0025916669999901387,0.0026074579999999514,0.002435207999951672,0.002410542000006899,0.0023516249999602223,0.002284791999954905,0.002259582999954546,0.0021655419999433434,0.002032416000020021,0.0019636250000303335,0.0018559999999752108,0.0017902920000096856,0.0017202909999696203,0.0016366250000601212,0.0015866249999589854,0.001512833000106184,0.0013862089999747695,0.0013384579999637936,0.0012125000000651198,0.0010767500000383734,0.000974625000026208,0.0008735409999189869,0.0007556669999075893,0.0008906250000109139,0.0005559589999393211,0.00046037500010243093,0.0004592500000626387,0.00036820900004386203,0.00026279199994405644,0.00023454200004380255,0.00012700000002041634,6.691700002647849e-05,0.0,0.0,0.0,0.0,0.0,0.0,0.0,0.0,0.0,0.0,0.0,0.0,0.0,0.0,0.0,0.0,0.0,0.0,0.0442485429999806
24,0.0026194580000264978,0.002536041000098521,0.0025236250000943983,0.0024216670000214435,0.0023783340000136377,0.002233374999946136,0.0021340829999871858,0.003088332999936938,0.0019859579999774724,0.0018914170000243757,0.0017974170000343292,0.0017702080000390197,0.0017336669999394871,0.0016825830000470887,0.0015315000000555301,0.001457833000017672,0.0013330829999631533,0.0012248330000375063,0.0011106659999313706,0.0010168329999942216,0.0009327499999471911,0.0008637500000077125,0.0007477090000520548,0.0006858330000341084,0.0005401659999506592,0.00048104199993304064,0.0004646659999707481,0.00042533299995284324,0.0003190420000009908,0.00020600000004833419,6.704099996568402e-05,0.0,0.0,0.0,0.0,0.0,0.0,0.0,0.0,0.0,0.0,0.0,0.0,0.0,0.0,0.0,0.0,0.0,0.0,0.0,0.04420424600004935
25,0.0028526669999564547,0.004019249999942076,0.003062707999902159,0.0026400420000527447,0.0023891670000466547,0.002435041000012461,0.002272666999942885,0.0022145839999438977,0.0020480000000588916,0.0020026669999424485,0.001800833000061175,0.0017265420000285303,0.0016328340000200114,0.0015716670000074373,0.0014940830000114147,0.0013866250000091895,0.001383665999924233,0.0011781250000240107,0.0011237090000122407,0.0010340420000147788,0.0009439579999934722,0.0008288750000247092,0.0007141249999449428,0.0006374580000283459,0.0005296669999097503,0.0005702079999991838,0.00037595799994960544,0.0003778750000265063,0.00028599999996004044,0.00017287499997564737,7.929200000944547e-05,0.0,0.0,0.0,0.0,0.0,0.0,0.0,0.0,0.0,0.0,0.0,0.0,0.0,0.0,0.0,0.0,0.0,0.0,0.0,0.04578520999973534
26,0.00259291600002598,0.002530375000105778,0.003069125000024542,0.002435082999909355,0.002430375000017193,0.002347666999980902,0.0021629579999853377,0.002224874999910753,0.001998999999955231,0.0018975829999590133,0.002010292000022673,0.0017954999999574284,0.0017336660000637494,0.0019172909999269905,0.00158941600000162,0.0014520419999826117,0.0013500410000233387,0.0012811249999913343,0.0011839169999348087,0.0010893749999922875,0.000967957999932878,0.0008808750000071086,0.000784082999985003,0.000685750000002372,0.0005543749999787906,0.0004161660000363554,0.000412583000070299,0.0002980000000434302,0.00019354100004420616,0.0001718329999675916,6.133399995178479e-05,0.0,0.0,0.0,0.0,0.0,0.0,0.0,0.0,0.0,0.0,0.0,0.0,0.0,0.0,0.0,0.0,0.0,0.0,0.0,0.044519119999790746
27,0.002579875000037646,0.002547165999999379,0.002526125000031243,0.002411457999983213,0.0024025000000165164,0.002375959000005423,0.002236790999972982,0.002175916000055622,0.002098790999980338,0.002049833999990369,0.001934167000058551,0.0019032919999517617,0.0019228329999805283,0.001844540999968558,0.001597083999968163,0.0015254589999358359,0.001392624999994041,0.0012782919999381193,0.0011207080000303904,0.0010259169999926598,0.0008905000000822838,0.0007760000000871514,0.0006741249999322463,0.0006604170000628073,0.0005674579999777052,0.000468500000010863,0.00038366599994787975,0.00033470799996848655,0.00020637499994791142,0.00017370899990964972,7.916700008081534e-05,0.0,0.0,0.0,0.0,0.0,0.0,0.0,0.0,0.0,0.0,0.0,0.0,0.0,0.0,0.0,0.0,0.0,0.0,0.0,0.04416395799989914
28,0.0026255829999399793,0.0024992910000491975,0.002498666999940724,0.002409916000033263,0.0023827500000379587,0.002205082999921615,0.002107625000007829,0.0020378749999281354,0.0019719590000022436,0.0019014590000097087,0.001821707999965838,0.00179408400003922,0.0017004169999381702,0.0015837919999057704,0.0014377080000258502,0.001431791999948473,0.0013191250000090804,0.001294332999918879,0.0011227500000359214,0.001057833999993818,0.0009044169999015139,0.0007908750000069631,0.000744499999996151,0.0006262089999609088,0.0005557910000106858,0.00042987500000890577,0.0003778330000159258,0.0003381660000059128,0.00034079199997449905,0.0002064999999902284,0.0001761249999390202,0.0,0.0,0.0,0.0,0.0,0.0,0.0,0.0,0.0,0.0,0.0,0.0,0.0,0.0,0.0,0.0,0.0,0.0,0.0,0.04269483399946239
29,0.002572125000028791,0.0025318750000451473,0.0024756669999987935,0.002396999999973559,0.002353458000015962,0.0023138749999134234,0.0022051249999321954,0.002156291999995119,0.002040959000055409,0.001998625000055654,0.0020212499999843203,0.0018916669999953228,0.0017172909999771946,0.0016569580000123096,0.0015729169999758597,0.001402582999958213,0.001290667000034773,0.001266999999984364,0.0011144590000640164,0.0009713749999491483,0.0009193329999561684,0.0008022920000030354,0.0007613330000140195,0.000633457999924758,0.00055070800010526,0.00042224999992868106,0.0004214169999841033,0.00032725000005484617,0.00020641700007217878,0.00016425000001163426,0.00012662500000715227,0.0,0.0,0.0,0.0,0.0,0.0,0.0,0.0,0.0,0.0,0.0,0.0,0.0,0.0,0.0,0.0,0.0,0.0,0.0,0.04328650100001141
30,0.0025767079999923226,0.002514707999921484,0.002470582999990256,0.0023885420000624435,0.0024122910000414777,0.002306916999941677,0.0022137079999993148,0.0022113329999911002,0.002041125000005195,0.0019463329999780399,0.0019354160000375487,0.0018346660000361226,0.0017427079999379202,0.0016276249999691572,0.0015126250000321306,0.0013964169999098885,0.001323833000014929,0.0012137500000335422,0.0011637500000460932,0.0009999999999763531,0.0009309589999020318,0.0008186249999653228,0.0007712499999570355,0.000625207999974009,0.0005617079999638008,0.0004847909999625699,0.0004190829999970447,0.000301250000006803,0.00018391599996903096,7.466699992164649e-05,0.0,0.0,0.0,0.0,0.0,0.0,0.0,0.0,0.0,0.0,0.0,0.0,0.0,0.0,0.0,0.0,0.0,0.0,0.0,0.0,0.04300449499953629
31,0.002568165999946359,0.0025293329999840353,0.002459291000036501,0.002391292000083922,0.0022932499999797074,0.002257041999996545,0.0022149999999783176,0.0022635830000581336,0.002036999999972977,0.0019775829999844063,0.0018066669999825535,0.001756499999942207,0.0016250840000111566,0.0015123749999474967,0.0014444999999341235,0.00137845799997649,0.0013396670000247468,0.0011948329999995622,0.0010868750000554428,0.0010047499999927823,0.0008815420000019003,0.0008103750000145737,0.000681750000012471,0.000740250000035303,0.000651708999953371,0.00052274999995916,0.00043387499999880674,0.00031687500006682967,0.00021045799996954884,0.00011979199996403622,0.0,0.0,0.0,0.0,0.0,0.0,0.0,0.0,0.0,0.0,0.0,0.0,0.0,0.0,0.0,0.0,0.0,0.0,0.0,0.0,0.04251062499986347
32,0.0025804169999901205,0.0025413749999643187,0.0024684170000455197,0.0023703329999307243,0.002372541999989153,0.0022689999999556676,0.00225079199992706,0.00215379100006885,0.002099584000006871,0.002003833999992821,0.001904957999954604,0.0019064580000076603,0.0017537080000238348,0.0016049160000193297,0.0014812499999834472,0.0014317499999378924,0.0013227499999857173,0.0012076670000169543,0.0011074999999891588,0.0010063339999533127,0.0009002079999618218,0.0008002920000080849,0.0006849159999546828,0.0006890829999974812,0.0005912500000704313,0.0004931659999556359,0.00038066600006914086,0.0003598330000613714,0.0003216670000938393,0.0,0.0,0.0,0.0,0.0,0.0,0.0,0.0,0.0,0.0,0.0,0.0,0.0,0.0,0.0,0.0,0.0,0.0,0.0,0.0,0.0,0.043058456999915506
33,0.0025904159999754484,0.002532041999984358,0.0025011670001049424,0.002411667000046691,0.0024525409999114345,0.0022836670000287995,0.0021793329999582056,0.0020458749999079373,0.0019273330000260103,0.0018898750000744258,0.0017897080000466303,0.0017219160000649936,0.0016264579999187845,0.001545292000059817,0.0014493330000959759,0.0013202919999457663,0.001238250000028529,0.0011775839999472737,0.0011157080000430142,0.000985083000045961,0.0008704580000085116,0.0007627499999216525,0.000739999999950669,0.0006239580000055867,0.0006095420000065133,0.000549792000015259,0.0004590830000097412,0.0003866660000539923,0.00027983400002540293,0.0001970409999785261,7.98339999619202e-05,0.0,0.0,0.0,0.0,0.0,0.0,0.0,0.0,0.0,0.0,0.0,0.0,0.0,0.0,0.0,0.0,0.0,0.0,0.0,0.04234249800015277
34,0.0025913340000442986,0.0025339169999369915,0.0024245419999715523,0.0024406659999840485,0.0023795829999926355,0.002312250000045424,0.002257624999970176,0.0020979160000251795,0.001975166999955036,0.0019449170000598315,0.0017659999999750653,0.001738999999929547,0.0015732079999679627,0.0015160840000589815,0.0014367090000177996,0.0013771249999763313,0.0013378750001038497,0.0012449170000081722,0.0011406669999587393,0.0010003329999790367,0.0009877500000357031,0.0008690829999977723,0.000732250000055501,0.000656584000012117,0.0005436669999880905,0.0004275000000006912,0.00040799999999308056,0.00027716700003566075,0.0001853339999797754,7.483399997454399e-05,0.0,0.0,0.0,0.0,0.0,0.0,0.0,0.0,0.0,0.0,0.0,0.0,0.0,0.0,0.0,0.0,0.0,0.0,0.0,0.0,0.042252004000033594
35,0.0026187079999999696,0.002544667000051959,0.0024929170000405065,0.0024175830000103815,0.0023440410000148404,0.0022030420000191953,0.0021218750000571163,0.0021174170000222148,0.001960082999971746,0.0019167499999639404,0.0018719160000273405,0.0018128330000308779,0.0016516250000222499,0.0015588750000006257,0.0014827919999333972,0.0014047500000060609,0.0013696250000521104,0.0012580420000176673,0.0011451670000042213,0.00104229100008979,0.0009564999999156498,0.0008605409999518088,0.0007482920000256854,0.0006266670000059094,0.00054362499997751,0.0004494159999239855,0.00037870799997108406,0.00029729200002748257,0.00020512499997948908,6.095800006278296e-05,0.0,0.0,0.0,0.0,0.0,0.0,0.0,0.0,0.0,0.0,0.0,0.0,0.0,0.0,0.0,0.0,0.0,0.0,0.0,0.0,0.0424621230001776
36,0.0026773329999514317,0.002525083000023187,0.0024580829999649723,0.002380375000029744,0.00236404199995377,0.0023020410000071934,0.002284084000052644,0.002179083999976683,0.0021052499999996144,0.0021596249999902284,0.001878084000054514,0.0017137919999186124,0.001643625000042448,0.0015731659999573822,0.0014561250000042492,0.001345958999991126,0.0013142919999609148,0.0012474579999661728,0.001108666000050107,0.0009556249999604916,0.0008780839999644741,0.0007813749999741049,0.0007187090000115859,0.0006534170000804806,0.0005396250001012959,0.0004411250000657674,0.00039666600002874475,0.0002885829999286216,0.00019658299993352557,6.504199996015814e-05,0.0,0.0,0.0,0.0,0.0,0.0,0.0,0.0,0.0,0.0,0.0,0.0,0.0,0.0,0.0,0.0,0.0,0.0,0.0,0.0,0.042631000999904245
37,0.0025992910000240954,0.0027572909999662443,0.002488749999997708,0.002384624999990592,0.00234554099995421,0.0022298749998981293,0.002157874999966225,0.002112624999995205,0.0019774160000451957,0.001952749999986736,0.001831334000030438,0.0017183749999958309,0.0017270419999704245,0.0015787499999078136,0.0014797079999198104,0.0014269580000245696,0.0013159169999426013,0.0012345830000413116,0.0011949999999387728,0.0010699160000058328,0.0009519590000763856,0.000862166000047182,0.0007835000000113723,0.0006349169999566584,0.0005112080000344577,0.00043883299997560243,0.0003453750000517175,0.00023599999997259147,0.00021774999993340316,0.00012862500000210275,0.0,0.0,0.0,0.0,0.0,0.0,0.0,0.0,0.0,0.0,0.0,0.0,0.0,0.0,0.0,0.0,0.0,0.0,0.0,0.0,0.04269395499966322
38,0.0025716669999837904,0.0025081249999630018,0.0025035000001025765,0.002410542000006899,0.0023651660000041375,0.002198292000002766,0.0021359579999398193,0.002056999999922482,0.0019301660000792253,0.0018490840000140452,0.0018310419999352234,0.001688208000018676,0.0017388329999903362,0.0015734589999283344,0.0015237499999329884,0.0016518329999826165,0.0013343330000452625,0.0012232500000664004,0.001137624999955733,0.0010845410000683842,0.0009821669999610094,0.0008802500000228974,0.0007597500000429136,0.0006510419999585793,0.0005436670001017774,0.00042962500003795867,0.00036537500000122236,0.00032854200003384904,0.00033841700007997133,0.00023641600000701146,0.00020749999998770363,0.00012020799999845622,0.0,0.0,0.0,0.0,0.0,0.0,0.0,0.0,0.0,0.0,0.0,0.0,0.0,0.0,0.0,0.0,0.0,0.0,0.04315933300017605
39,0.002623000000085085,0.0025457909999886397,0.002462042000047404,0.0024153750000550644,0.0023467920000257436,0.0022645840000450335,0.0022375830000100905,0.002234416000078454,0.0019954169999891747,0.0019269160000021657,0.001808833000040977,0.0016995410001072742,0.001639625000052547,0.0014935420000483646,0.0014204579999841371,0.0013689579999436319,0.0012818750000178625,0.0011642499999879874,0.0010846250000895452,0.0009978749999390857,0.0009183749999692736,0.0007992079999894486,0.0007028330001048744,0.0005910419999963779,0.0005912499999567444,0.0004955000000563814,0.00044895799999267183,0.0003454589999591917,0.0002202919999945152,0.0001799169999685546,0.00011995800002750912,0.0,0.0,0.0,0.0,0.0,0.0,0.0,0.0,0.0,0.0,0.0,0.0,0.0,0.0,0.0,0.0,0.0,0.0,0.0,0.04242429000055381
40,0.002569833000052313,0.002528542000050038,0.002518916999974863,0.002369208000004619,0.0023592080000298665,0.0022855000000845394,0.0022218330000214337,0.002190208000001803,0.00201545899994926,0.0019290420000288577,0.0017888749999883657,0.0016959999999244246,0.001564250000001266,0.0015572500000189393,0.001368250000041371,0.0012782910000623815,0.0012639999999919382,0.0011687910000546253,0.0011345420000452577,0.0010940409999875556,0.001072582999995575,0.0010271250000641885,0.0008941250000589207,0.0007969160000129705,0.0007168750000801083,0.0005974169999944934,0.0005999999999630745,0.0005207499999642096,0.00042645799999263545,0.0,0.0,0.0,0.0,0.0,0.0,0.0,0.0,0.0,0.0,0.0,0.0,0.0,0.0,0.0,0.0,0.0,0.0,0.0,0.0,0.0,0.043554289000439894
41,0.002571083000020735,0.0025450000000546424,0.002478291999977955,0.0024694590000535754,0.0023827500000379587,0.00228229200001806,0.0022466670000085287,0.0021446250000280997,0.001973167000073772,0.001873124999974607,0.001797833999944487,0.0017390420000538143,0.0016460419999475562,0.001568625000004431,0.0015056669999466976,0.0013822500000060245,0.0013340830000743154,0.0012690840000004755,0.0011617080000405622,0.0010491660000297998,0.0009384580000642018,0.0008311249999906067,0.000702584000009665,0.0005935830000680653,0.0005672920000279191,0.0005170410000800985,0.00048095900001499103,0.0004788340000914104,0.00036737499999617285,0.0002698750000718064,0.00022841600002720952,0.00017583399994691717,0.0,0.0,0.0,0.0,0.0,0.0,0.0,0.0,0.0,0.0,0.0,0.0,0.0,0.0,0.0,0.0,0.0,0.0,0.04357133700068516
42,0.0025728749999416323,0.002546790999986115,0.002461583000012979,0.0024311250000437212,0.0023944999999230276,0.00236787500000446,0.002224083000101018,0.002205666999998357,0.00216366699999071,0.0020140840000522076,0.001959082999974271,0.0019994580000002316,0.0018046249999770225,0.0016577909999568874,0.0015832499999532956,0.0014861670000527738,0.0013636669999641526,0.0012440839999499076,0.001123458000051869,0.001018958000031489,0.0010192500000130167,0.000899584000080722,0.0007889589999194868,0.0006934580000006463,0.0005952909999678013,0.0004894159999366821,0.0003851249999797801,0.0002610840000443204,0.00016900000002806337,5.708300000151212e-05,0.0,0.0,0.0,0.0,0.0,0.0,0.0,0.0,0.0,0.0,0.0,0.0,0.0,0.0,0.0,0.0,0.0,0.0,0.0,0.0,0.04398104099993816
43,0.0026343329999463094,0.002498667000054411,0.002471915999990415,0.002401250000048094,0.002343041000017365,0.002333375000034721,0.002119750000019849,0.002040458999999828,0.001962000000048647,0.0019210409999459443,0.0018867909999471522,0.0018339160000095944,0.001702416000057383,0.0016823340000655662,0.001515832999984923,0.0014078749999271167,0.0013272080000206188,0.0012714169999981095,0.0011263339999914024,0.0010254999999688152,0.0009123340000769531,0.0008447500000556829,0.000752874999989217,0.0006705000000692962,0.0005515000000286818,0.0005061669999122387,0.0004863340000156313,0.0,0.0,0.0,0.0,0.0,0.0,0.0,0.0,0.0,0.0,0.0,0.0,0.0,0.0,0.0,0.0,0.0,0.0,0.0,0.0,0.0,0.0,0.0,0.042229916000223966
44,0.002591416999962348,0.0026928329999691414,0.0024667920000638333,0.002385666999998648,0.0024099999999407373,0.0022710829999823545,0.002186208000011902,0.0020804999999199936,0.0020032080000191854,0.0019430829999009802,0.001876207999998769,0.0017604170000140584,0.0016842500000393557,0.0015717500000391738,0.0014880000001085136,0.0014074170001094899,0.0013182499999402353,0.0012279160000616685,0.0011165829998844856,0.00102100000003702,0.0009641250001095614,0.0008062920001066232,0.0007419589999244636,0.0006446669999604637,0.000541291999979876,0.00044095899988860765,0.00036045800015926943,0.0002646249999997963,0.00017204200003106962,6.099999995967664e-05,0.0,0.0,0.0,0.0,0.0,0.0,0.0,0.0,0.0,0.0,0.0,0.0,0.0,0.0,0.0,0.0,0.0,0.0,0.0,0.0,0.0425000010001213
45,0.002586291999932655,0.00255783300008261,0.002492500000016662,0.0024110839999593736,0.0023573750002015004,0.0022945829998661793,0.0021500830000604765,0.0020415839999259333,0.001933166999833702,0.0019681669998590223,0.0018528329999298876,0.0017260829999941052,0.0016472080001221912,0.0015308749998439453,0.0015004580000095302,0.0014051670000299055,0.00129316600009588,0.0012207079998916015,0.00114845799998875,0.0010563750001892913,0.0009328330002063012,0.0008156659998803661,0.0006829579999703128,0.0006277079999108537,0.0006411670001398306,0.0005804579998311965,0.0004886659999101539,0.0003882500000145228,0.00029966599981889885,0.000219792000052621,0.00016958299988800718,0.00011816699998234981,0.0,0.0,0.0,0.0,0.0,0.0,0.0,0.0,0.0,0.0,0.0,0.0,0.0,0.0,0.0,0.0,0.0,0.0,0.04313891299943862
46,0.0025637080000251444,0.002520458999924813,0.002480290999983481,0.0024426250001852168,0.002303417000121044,0.0022479159999875264,0.0021782080000321002,0.0021405830000276183,0.002639250000129323,0.0019572920000427985,0.001876749999837557,0.0017212920001838938,0.0016397089998463343,0.0015783750000082364,0.0014590410000892007,0.0013236249999408756,0.0012465419999898586,0.0011452089997874282,0.001024250000000393,0.0009959169999547157,0.0009381249999478314,0.0009250830000837595,0.0008142919998590514,0.0008336250000411383,0.0007311250001293956,0.0006156669999199949,0.0005003750000014406,0.000500833000160128,0.0,0.0,0.0,0.0,0.0,0.0,0.0,0.0,0.0,0.0,0.0,0.0,0.0,0.0,0.0,0.0,0.0,0.0,0.0,0.0,0.0,0.0,0.0433435840002403
47,0.002584541999794965,0.002539832999900682,0.002424708000035025,0.0023817090000193275,0.0023292079999919224,0.0022865829998863774,0.002235917000007248,0.002140042000064568,0.002007750000075248,0.0018994580000253336,0.001796708000028957,0.0016836670001794118,0.0016102920001230814,0.0015392499999506981,0.0014694999999846914,0.001362999999855674,0.0012344579999989946,0.0011276249999809806,0.0011070000000472646,0.0010692079999898851,0.0010290409998106043,0.001012334000051851,0.0009519999998701678,0.0008611659998223331,0.0008102500000859436,0.0006832090000443714,0.0005654999999933352,0.0005179170000246813,0.0004894579999472626,0.0,0.0,0.0,0.0,0.0,0.0,0.0,0.0,0.0,0.0,0.0,0.0,0.0,0.0,0.0,0.0,0.0,0.0,0.0,0.0,0.0,0.043751332999590886
48,0.002577250000058484,0.0025622089999615127,0.0024571250000917644,0.002464832999976352,0.0023537500001111766,0.0022758749998956773,0.0021757909998996183,0.002126166999914858,0.002004040999963763,0.001881874999980937,0.0018257499998526328,0.0017164160001357232,0.001681875000031141,0.0015761659999498079,0.0014491660001567652,0.0013512499999706051,0.0012820420001844468,0.001175249999960215,0.0010627089998251904,0.0009717499999624124,0.0008482920000005834,0.0007978329999787093,0.000788332999945851,0.000745250000136366,0.0007334580000133428,0.0,0.0,0.0,0.0,0.0,0.0,0.0,0.0,0.0,0.0,0.0,0.0,0.0,0.0,0.0,0.0,0.0,0.0,0.0,0.0,0.0,0.0,0.0,0.0,0.0,0.040884455999957936
49,0.002640500000097745,0.0025114999998550047,0.0024620410001716664,0.002417334000028859,0.002368125000202781,0.002258959000073446,0.002220999999963169,0.0021454170000652084,0.0019832089999454183,0.0019938329999149573,0.0019037909999042313,0.0018623329999627458,0.0017374590001963952,0.0017400420001649763,0.0015948339998885785,0.0014866249998704006,0.001391208000086408,0.0012280000000828295,0.0011521250000896543,0.001051707999977225,0.0009402919999956794,0.0008961250000538712,0.0007869999999456923,0.000647790999892095,0.000550874999817097,0.0004484999999476713,0.0003392500000245491,0.00025933300003089244,0.00017058299999916926,8.141700004671293e-05,0.0,0.0,0.0,0.0,0.0,0.0,0.0,0.0,0.0,0.0,0.0,0.0,0.0,0.0,0.0,0.0,0.0,0.0,0.0,0.0,0.04327120900029513
50,0.0026067500000408472,0.0025121250000665896,0.0024983749999591964,0.00241649999998117,0.0023680829999648267,0.0022088339999299933,0.0021044580000761925,0.0020459580000533606,0.001990624999962165,0.0019227500001761655,0.0018275830000220594,0.0018192919999364676,0.0017317920001005405,0.001557457999979306,0.0014138330000150745,0.001329749999968044,0.0013103329999921698,0.0011711249999279971,0.0010567499998614949,0.0009509159999652184,0.0008539159998690593,0.0008068329998422996,0.0008175000000392174,0.0007287500000074942,0.0006459589999394666,0.0005344169999261794,0.00048016599998845777,0.0003764170000977174,0.0003188329999375128,0.0002772080001705035,0.0002192910001213022,0.0,0.0,0.0,0.0,0.0,0.0,0.0,0.0,0.0,0.0,0.0,0.0,0.0,0.0,0.0,0.0,0.0,0.0,0.0,0.04290257999991809
51,0.002655249999861553,0.0025613750001411972,0.002546624999922642,0.002433208000184095,0.0023696250000284635,0.002299583000194616,0.002187541000012061,0.0021651250001468725,0.001976582999986931,0.0018814170000496233,0.001803707999897597,0.0017370840000694443,0.001673084000003655,0.001543249999940599,0.0014346670000122685,0.0015270830001554714,0.0013818340000852913,0.001269417000003159,0.001198292000026413,0.001133125000023938,0.0010372920000918384,0.0009479160000864795,0.0008030830001644063,0.0007097499999417778,0.0005945000000338041,0.0005522080000446294,0.0005522920000657905,0.0004890420000265294,0.00037416700001813297,0.00029683299999305746,0.0001893749999908323,5.816599991703697e-05,0.0,0.0,0.0,0.0,0.0,0.0,0.0,0.0,0.0,0.0,0.0,0.0,0.0,0.0,0.0,0.0,0.0,0.0,0.044382500001120206
52,0.0026462920000085433,0.002572750000126689,0.002507708000166531,0.0024252079999769194,0.0023985410000477714,0.0023323329999129783,0.002237459000070885,0.0021170840000195312,0.002102624999906766,0.0020195419999708975,0.0019763750001402514,0.001880292000123518,0.0017957499999283755,0.0016162080000867718,0.0015109590001429751,0.0013768750000053842,0.00130695799998648,0.0011769590000767494,0.0010861250000289147,0.001026916999990135,0.001018166999983805,0.0009058329999334092,0.0008910830001696013,0.000773834000028728,0.0007271250001394947,0.0006868339999073214,0.0006459999999606225,0.000610625000035725,0.0006169579999095731,0.0005255409998881078,0.00043858300000465533,0.00031912500003272726,0.0001965000001291628,0.00015962499992383528,0.000125750000051994,0.0,0.0,0.0,0.0,0.0,0.0,0.0,0.0,0.0,0.0,0.0,0.0,0.0,0.0,0.0,0.04675454300081583
53,0.0026108330000624846,0.0025891669999964506,0.002508499999976266,0.0024952500000381406,0.0024259169999822916,0.0023327500000505097,0.0022702500000377768,0.002163082999913968,0.002089166999894587,0.0019540420000794256,0.0019122920000427257,0.0017589999999927386,0.0016983339999114833,0.0015935829999307316,0.0015181250000750879,0.0014425000001665467,0.0013403749999270076,0.0012589580001076683,0.0012046669999108417,0.0010867079997751716,0.0009758749999946303,0.0008534589999271702,0.0007894579998719564,0.0007037499999569263,0.0006493339999451564,0.0005512919999546284,0.0004331669999828591,0.0003199999998741987,0.00022120800008451624,0.0001247499999408319,0.0,0.0,0.0,0.0,0.0,0.0,0.0,0.0,0.0,0.0,0.0,0.0,0.0,0.0,0.0,0.0,0.0,0.0,0.0,0.0,0.04387579399940478
54,0.002640166999981375,0.0025862920001600287,0.0025363749998632557,0.002480666999872483,0.0023772500001086883,0.002349667000089539,0.0022125830000732094,0.0021270839999942837,0.0020377920000100858,0.0019752499999867723,0.0018676250001590233,0.0017015419998642756,0.0016205000001718872,0.0015357909999238473,0.001469041000063953,0.0014239590000215685,0.0015010000001893786,0.0014875830001983559,0.001252792000059344,0.0011172920001172315,0.0010742090000803728,0.001068082999836406,0.0009904169999117585,0.0009230000000570726,0.0008400409999467229,0.0007089999999152496,0.0006113750000622531,0.0005462090000492026,0.0005830420000165759,0.0004616660000920092,0.0003433340000356111,0.00032654200003889855,0.0002402090001396573,0.00013020899996263324,0.0,0.0,0.0,0.0,0.0,0.0,0.0,0.0,0.0,0.0,0.0,0.0,0.0,0.0,0.0,0.0,0.04714758800105301
55,0.0026439159998972173,0.0025989999999183055,0.0026346669999384176,0.0024624579998544505,0.002446791000011217,0.002415292000023328,0.002285291000134748,0.0022117080000043643,0.0021679589999621385,0.0020417089999682503,0.0019793750000189902,0.001853375000109736,0.0017778330000055576,0.0015969169999152655,0.001477916999874651,0.0013717920000999584,0.001278082999988328,0.0011766249999709544,0.0011364580000190472,0.001008250000040789,0.0009671669999988808,0.0009382079999795678,0.0009388339999532036,0.0008520000001226435,0.0007565000000795408,0.0006757500000276195,0.0006094999998822459,0.00048370900003646966,0.00041229199996450916,0.0003150000000005093,0.00021912499983045564,0.00011683299999276642,0.0,0.0,0.0,0.0,0.0,0.0,0.0,0.0,0.0,0.0,0.0,0.0,0.0,0.0,0.0,0.0,0.0,0.0,0.04585033399962413
56,0.0026533749999089196,0.0025919170000179292,0.002530540999941877,0.0024445830001695867,0.002455249999911757,0.002325375000054919,0.0026007920000665763,0.0021961669999654987,0.0021149169999716833,0.002027083000029961,0.0019573330000639544,0.0020316669999829173,0.0018110419998720317,0.0017239159999462572,0.001647290999926554,0.0014972079998187837,0.0013544170001296152,0.0011974579999787238,0.0011107499999525317,0.0009738329999890993,0.0009721250000893633,0.0008378750001156732,0.0008322920000409795,0.0008236670000769664,0.0007607919999372825,0.0006211249999523716,0.0005340840000371827,0.0004459169999790902,0.00034800000003087916,0.0002435830001559225,0.00012941699992552458,0.0,0.0,0.0,0.0,0.0,0.0,0.0,0.0,0.0,0.0,0.0,0.0,0.0,0.0,0.0,0.0,0.0,0.0,0.0,0.04579379200004041
57,0.0026401249999707943,0.002685790999976234,0.002516167000067071,0.0024815409999519034,0.00238295899998775,0.002303875000052358,0.0022182499999416905,0.0022553750000042783,0.002124165999930483,0.0020337500000096043,0.0018895410000823176,0.001819834000116316,0.0017417909998584946,0.001645207999899867,0.0015371670001513849,0.0015221670000755694,0.0014006660001086857,0.0013489579998804402,0.0012097920000542217,0.0011120000001483277,0.0010176660000524862,0.0009088750000501022,0.0008418340000844182,0.000707291000026089,0.0005750000000261934,0.0004674169999816513,0.0004352920000201266,0.0003537499999310967,0.00026766700011648936,0.00018866700020225835,5.987500003357127e-05,0.0,0.0,0.0,0.0,0.0,0.0,0.0,0.0,0.0,0.0,0.0,0.0,0.0,0.0,0.0,0.0,0.0,0.0,0.0,0.044692457000792274
58,0.0026092079999671114,0.002560457999834398,0.002527041000121244,0.0024408340000263706,0.0023925830000735004,0.0022706250001647277,0.0021995419999711885,0.0021379999998316634,0.0019977919998837024,0.0018701249998684943,0.0018269580000378483,0.001786832999869148,0.0017603329999928974,0.0016505000000961445,0.001497250000056738,0.0013816250000218133,0.0013273750000735163,0.0012273750000986183,0.0011354170001141028,0.001064958000142724,0.0009486670001024322,0.0008427919999576261,0.0007669159999750264,0.0006357079998906556,0.0006226670000160084,0.0005310829999416455,0.0005320420000316517,0.0004040839999106538,0.00030004100017322344,0.0001701660000890115,7.200000004559115e-05,0.0,0.0,0.0,0.0,0.0,0.0,0.0,0.0,0.0,0.0,0.0,0.0,0.0,0.0,0.0,0.0,0.0,0.0,0.0,0.04349099800037948
59,0.0026312499999221473,0.002557041999807552,0.0026291669998954603,0.0024438749999262654,0.002354459000116549,0.002287999999907697,0.0022042919999876176,0.002150125000071057,0.0020513749998372077,0.0019473750000997825,0.001919458999964263,0.0018281250002019078,0.0017847919998530415,0.0017883750001601584,0.0015834589999030868,0.0014949589999559976,0.0013838340000802418,0.001373332999946797,0.0012484169999424921,0.0011465000000043801,0.0010431250000237924,0.0008900420000372833,0.0008433329999206762,0.0007161249998262065,0.0006112079997819819,0.0005049999999755528,0.00040112499982569716,0.00028345799978524155,0.00025583399997231027,0.00018574999990050856,6.820899989179452e-05,0.0,0.0,0.0,0.0,0.0,0.0,0.0,0.0,0.0,0.0,0.0,0.0,0.0,0.0,0.0,0.0,0.0,0.0,0.0,0.04461142199852475
60,0.0026565830000890855,0.002575875000047745,0.0025235410000732372,0.0024738749998505227,0.002400374999979249,0.002321875000006912,0.0022124999998140993,0.0021587080000244896,0.002115999999887208,0.0019416249999721913,0.0018596669999624282,0.0018059999999877618,0.0016708749999452266,0.00157325000009223,0.0015057919999890146,0.0014425829999709094,0.0013095419999444857,0.0012073340001279576,0.0011048329999994166,0.0009743329999309935,0.0009333329999208217,0.0008981670000594022,0.0008968330000698188,0.0007676249999803986,0.0007391250001091976,0.0007356249998338171,0.000638417000118352,0.000531249999994543,0.0005138750000241998,0.0004105000000436121,0.0003215419999378355,0.00021987500008435745,0.00011058299992328102,5.9959000054732314e-05,0.0,0.0,0.0,0.0,0.0,0.0,0.0,0.0,0.0,0.0,0.0,0.0,0.0,0.0,0.0,0.0,0.04561187499984953
61,0.0026444590000664903,0.0026033329997972032,0.0025245419999464502,0.0024970419999590376,0.0024435840000478493,0.002320999999938067,0.0022661660000267148,0.0021258750000470172,0.0020981249999749707,0.001941166000051453,0.0018704169999637088,0.0017479170001024613,0.001690957999926468,0.0016360420002001774,0.0015114999998786516,0.0014110409999830154,0.0013221249998878193,0.001204083999937211,0.0011335000001508888,0.0010366670001076272,0.0009513749998859566,0.0008097079999060952,0.0008210000000872242,0.0007201670000540616,0.0006258340001750184,0.0005005000000437576,0.0004927079999106354,0.0003824999998869316,0.00038387499989767093,0.0002889169998070429,0.00018745899978966918,0.00011862499991366349,0.0,0.0,0.0,0.0,0.0,0.0,0.0,0.0,0.0,0.0,0.0,0.0,0.0,0.0,0.0,0.0,0.0,0.0,0.04431221099935101
62,0.0026096670001152233,0.0025635829999828275,0.0025146250000034343,0.0024441250000108994,0.002363458999980139,0.002323292000028232,0.0022295829999166017,0.0020809169998301513,0.001985332999993261,0.001988417000120535,0.0019258340000760654,0.0018625830000473798,0.0017022500001075969,0.0016581670001869497,0.001518875000101616,0.0014201659998889227,0.0013287500000842556,0.0011742500000764267,0.0012557909999486583,0.0010560419998455473,0.0009909170000810263,0.0009662499999194551,0.0009391250000589935,0.0008706670000719896,0.0008166670002083265,0.0007272079999438574,0.000627040999916062,0.0005409170000802987,0.0004422499998781859,0.00036454199994295777,0.00023804200009180931,0.00012795799989362422,0.0,0.0,0.0,0.0,0.0,0.0,0.0,0.0,0.0,0.0,0.0,0.0,0.0,0.0,0.0,0.0,0.0,0.0,0.04565729300043131
63,0.00261504199988849,0.0025700410001263663,0.0025777910000215343,0.002464375000045038,0.0023548330000267015,0.002341958999977578,0.0021625419999509177,0.002124167000147281,0.0019931659999201656,0.0019429590001891484,0.001945125000020198,0.0018019579999872803,0.0017402920000222366,0.001607958000022336,0.0014798750000863947,0.0013979159998598334,0.001327917000025991,0.0013134579999132256,0.0012094999999590073,0.001119167000069865,0.0009726249998038838,0.0008872910000263801,0.0007716249999702995,0.0006931249999979627,0.0006103750001784647,0.0005304579999574344,0.00041062500008592906,0.0003387500000826549,0.00023854099981690524,0.00012883399995189393,0.0,0.0,0.0,0.0,0.0,0.0,0.0,0.0,0.0,0.0,0.0,0.0,0.0,0.0,0.0,0.0,0.0,0.0,0.0,0.0,0.0436722900001314
64,0.0026247499999954016,0.0025563340000189783,0.0025152499999876454,0.002426000000014028,0.002374624999902153,0.00231695899992701,0.0022009580000030837,0.0020754170000145677,0.0020153329999175185,0.0019512090000262106,0.0018507089998820447,0.001797874999965643,0.0017560420001245802,0.0016755419999299193,0.0015221250000649889,0.0013599170001725724,0.0012375419998988946,0.0011847920000036538,0.0011451670000042213,0.001105707999840888,0.0010971250001148292,0.000978750000058426,0.0009330830000635615,0.0009339580001324066,0.0008387499999571446,0.000796416999946814,0.0007850419999613223,0.0006554590001996985,0.000633166999932655,0.0005455000000438304,0.0005394580000483984,0.0,0.0,0.0,0.0,0.0,0.0,0.0,0.0,0.0,0.0,0.0,0.0,0.0,0.0,0.0,0.0,0.0,0.0,0.0,0.04642896300015309
65,0.0025750419999894802,0.0025568749999820284,0.002518415999929857,0.0026097079999090056,0.0023575000000164437,0.002285583000002589,0.0021602499998607527,0.002106417000049987,0.0020575410001129057,0.002049790999990364,0.0019687090000388707,0.0019406249998610292,0.0018477500000244618,0.0017407080001703434,0.001603125000201544,0.0015355420000560116,0.001421083999957773,0.0013440840000384924,0.0012102079999749549,0.0010728340000696335,0.0010423329999866837,0.0009224999998878047,0.0008355420000043523,0.0007296670000869199,0.0006298749999587017,0.0004991250000330183,0.00037666699995497765,0.0003510419999201986,0.0003440420000515587,0.00024687499990250217,0.0001199999999244028,0.0,0.0,0.0,0.0,0.0,0.0,0.0,0.0,0.0,0.0,0.0,0.0,0.0,0.0,0.0,0.0,0.0,0.0,0.0,0.04505945999994765
66,0.002637292000144953,0.0026385420001133753,0.0025992500000029395,0.0024720830001569993,0.0023889999999937572,0.002342084000019895,0.002265583000053084,0.002122707999888007,0.0020712499999717693,0.002007499999990614,0.0018580420000944287,0.0017463750000388245,0.0016653329998916888,0.001573000000007596,0.0015035000001262233,0.0013807919999635487,0.0012977500000488362,0.001216915999975754,0.001084541999944122,0.0009759580000263668,0.0009665420000146696,0.0009086249999654683,0.000899625000101878,0.0007814170000983722,0.0007327079999868147,0.0006918750000295404,0.0007037919999675069,0.0005949999999756983,0.000654832999998689,0.0004953340001065953,0.00037983399988661404,0.00034945799984598125,0.00022349999994730751,0.0001745419999679143,0.00013558299997384893,0.0,0.0,0.0,0.0,0.0,0.0,0.0,0.0,0.0,0.0,0.0,0.0,0.0,0.0,0.0,0.04654016800031968
67,0.002629749999869091,0.0026482089999717573,0.002505083000187369,0.0024777500000254804,0.0023605000001225562,0.0022639999999682914,0.0022005409998655523,0.0021641660000568663,0.0020382909999625554,0.001929500000187545,0.0018535829999564157,0.0017853750000540458,0.0016930829999637353,0.001549416999978348,0.0014409169998543803,0.001484083000150349,0.0014242090001062024,0.0013152500000614964,0.001246750000063912,0.0011799169999449077,0.001070959000117,0.0009545840000555472,0.0008520420001332241,0.0007447499999670981,0.0006523330000618444,0.0005317079999258567,0.0004470839999157761,0.00034391700000924175,0.0003178750000643049,0.00023483299992221873,0.00013441600003716303,0.0,0.0,0.0,0.0,0.0,0.0,0.0,0.0,0.0,0.0,0.0,0.0,0.0,0.0,0.0,0.0,0.0,0.0,0.0,0.04447487500056013
68,0.0026229170000533486,0.0025523330000396527,0.0025017920002028404,0.0024018330000217247,0.002350624999962747,0.002300750000131302,0.002267666000079771,0.002146209000102317,0.002105833000086932,0.001958957999931954,0.0019238750001022709,0.0017589999999927386,0.0016504999998687708,0.0016137909999542899,0.0014737920000698068,0.0013812080001116556,0.001279915999930381,0.0011892909999460244,0.0011364169999978913,0.0010229170000002341,0.0008994159998110263,0.0008524590000433818,0.0008053750000271975,0.0007884169999670121,0.0007405839999137243,0.0006333750000067084,0.000501499999927546,0.00046391699993364455,0.00042795900003511633,0.00041329099985887296,0.0,0.0,0.0,0.0,0.0,0.0,0.0,0.0,0.0,0.0,0.0,0.0,0.0,0.0,0.0,0.0,0.0,0.0,0.0,0.0,0.04416591600011088
69,0.0026230839998788724,0.002591333000054874,0.002501124999980675,0.0024000419998628786,0.0024252499999875,0.0022636249998413405,0.0022052499998608255,0.0021166670001093735,0.0020351250000203436,0.0019781249998231942,0.001881499999853986,0.0017810829999689304,0.0017212080001627328,0.0015964579999945272,0.0014984580000145797,0.0013797910000903357,0.001267374999997628,0.0011531669999840233,0.001123292000102083,0.0010629579999203997,0.0009767500000634755,0.0008722499999294087,0.0008682909999606636,0.000773665999986406,0.0007482910000362608,0.0006468750000294676,0.000547333999975308,0.0004992080000647547,0.00046320899991769693,0.00041583300003367185,0.00037991600015629956,0.0,0.0,0.0,0.0,0.0,0.0,0.0,0.0,0.0,0.0,0.0,0.0,0.0,0.0,0.0,0.0,0.0,0.0,0.0,0.044796538999662516
70,0.0026697910000166303,0.002615082999909646,0.002542875000017375,0.0024669169999924634,0.0023651669998798752,0.0022497079999084235,0.0021630420001201855,0.0021339580000585556,0.002033125000025393,0.0019770419999076694,0.0018435419999605074,0.0017891659999804688,0.0017271669998990546,0.0016158749999704014,0.0015513340001689357,0.0013880840001547767,0.0013035829999807902,0.0012262919999557198,0.0011484589999781747,0.0010282079999797133,0.0009455000001707958,0.0008701670001300954,0.0007222080000701681,0.0006887919998916914,0.0007016659999408148,0.0005771669998466677,0.0005391669999426085,0.0005232080000041606,0.0004175830001713621,0.0003728330000285496,0.0,0.0,0.0,0.0,0.0,0.0,0.0,0.0,0.0,0.0,0.0,0.0,0.0,0.0,0.0,0.0,0.0,0.0,0.0,0.0,0.044196709000061674
71,0.002603958000008788,0.0025693749998936255,0.002515667000125177,0.002407417000085843,0.0022875419999763835,0.0022526249999827996,0.0021832080001331633,0.002194583999880706,0.002044999999952779,0.001959666999937326,0.0018629999999575375,0.0017687919998934376,0.0016692499998498533,0.0015901249998933054,0.0015142079998895497,0.0014304160001756827,0.0012947919999533042,0.001188166000019919,0.0010464590000083263,0.0010652079999999842,0.0009789170001113234,0.0008464580000691058,0.0007859170000301674,0.0008369580000362475,0.0007333749999816064,0.0006326249999801803,0.0005100000000766158,0.0004733329999453417,0.0004706249999344436,0.0003790829998706613,0.00028533399995467335,0.0002064159998553805,8.000000002539309e-05,0.0,0.0,0.0,0.0,0.0,0.0,0.0,0.0,0.0,0.0,0.0,0.0,0.0,0.0,0.0,0.0,0.0,0.04466849999948863
72,0.0026533340001151373,0.002615082999909646,0.0025358330001381546,0.0024453749999793217,0.0024283329998979752,0.0023304579999603448,0.002400500000021566,0.002226207999910912,0.0021431249999750435,0.0019895419998192665,0.0019589170001381717,0.0018262910000430566,0.0017648339999141172,0.0016765000000305008,0.001590916999930414,0.0014597089998460433,0.0013750000000527507,0.001267374999997628,0.0011064999998779967,0.0009673750000729342,0.0010251659998630203,0.0008538330000646965,0.0008108749998427811,0.0007575829999950656,0.0007734579999123525,0.000671833000069455,0.0005942499999491702,0.0005229589999089512,0.00048133299992514367,0.00044145800006845093,0.0004159580000759888,0.00037616700001308345,0.0,0.0,0.0,0.0,0.0,0.0,0.0,0.0,0.0,0.0,0.0,0.0,0.0,0.0,0.0,0.0,0.0,0.0,0.04648608199931914
73,0.0026410000000396394,0.002563875000078042,0.0024948339998900337,0.0024194169998281723,0.0023540830000001733,0.0022827919999599544,0.002186208000011902,0.0020721250000406144,0.0020346659998722316,0.0019050829998832342,0.0018301670002074388,0.0017328330000054848,0.0016632910001135315,0.001534750000018903,0.0015063329999520647,0.0013159579998500703,0.0012641250000342552,0.0013026669998907892,0.0011728750000656873,0.0011344999998073035,0.001045875000045271,0.0009116669998547877,0.0007987500000581349,0.0007559999999102729,0.0007493749999412103,0.0007411670001147286,0.0,0.0,0.0,0.0,0.0,0.0,0.0,0.0,0.0,0.0,0.0,0.0,0.0,0.0,0.0,0.0,0.0,0.0,0.0,0.0,0.0,0.0,0.0,0.0,0.04241441599947393
74,0.0026105419999566948,0.002565833000062412,0.0025106250000135333,0.002494082999874081,0.002406708000080471,0.0025628329999562993,0.002340333999882205,0.002166249999845604,0.002087709000079485,0.002038708000100087,0.00196308400018097,0.0017687080000996502,0.0016695409999556432,0.0015764580000450223,0.0015026250000573782,0.0014925420000508893,0.00135579100015093,0.001215833000060229,0.0010878749999392312,0.0010190829998464324,0.0009572500000558648,0.0008463750000373693,0.0007460409999566764,0.0007087919998411962,0.0005977499999971769,0.00057870799992088,0.00048716599985709763,0.00042154199991273344,0.00031000000012681994,0.0002059590001408651,0.00017262500000470027,7.387499999822467e-05,0.0,0.0,0.0,0.0,0.0,0.0,0.0,0.0,0.0,0.0,0.0,0.0,0.0,0.0,0.0,0.0,0.0,0.0,0.04454124800008685
75,0.0026395830000183196,0.002627041000096142,0.0024812909998672694,0.0024196250001295994,0.002347832999930688,0.0022827919999599544,0.002157124999939697,0.0022697500000958826,0.0020724999999401916,0.0019416249999721913,0.0018993749999935972,0.0018102080000517162,0.0016504999998687708,0.001571458999933384,0.0014234589998523006,0.0013094999999339052,0.0012699579999662092,0.0012508330000855494,0.0011509999999361753,0.0010959579999507696,0.00107150000008005,0.0010344170000280428,0.0009942500000761356,0.001003249999939726,0.0009792500000003201,0.0008968330000698188,0.0007925410000098054,0.0,0.0,0.0,0.0,0.0,0.0,0.0,0.0,0.0,0.0,0.0,0.0,0.0,0.0,0.0,0.0,0.0,0.0,0.0,0.0,0.0,0.0,0.0,0.04444345599972621
76,0.002682667000044603,0.00256770900000447,0.0024951249999958236,0.0024247090000244498,0.002331542000092668,0.0022634590000052413,0.002236665999816978,0.0022145000000364234,0.00209587500012276,0.0019605420000061713,0.001929500000187545,0.0017855419998795696,0.0017095420000714512,0.0016211249999287247,0.0015923749999728898,0.0014996249999512656,0.0013439159999961703,0.001260457999933351,0.0011821250000139116,0.0010789170000862214,0.0009759170000052109,0.0008315000000038708,0.0008210410001083801,0.0006353329999910784,0.0006336670001019229,0.0005006670000966551,0.00045579199991152564,0.0004091670000434533,0.0003963329997986875,0.0003937499998301064,0.0002559999998084095,0.00016012499986572948,0.00012725000010505028,0.0,0.0,0.0,0.0,0.0,0.0,0.0,0.0,0.0,0.0,0.0,0.0,0.0,0.0,0.0,0.0,0.0,0.04487246099984077
77,0.0026073749997976847,0.00254737499994917,0.002506375000166372,0.002432708000014827,0.0023370000001250446,0.0023810830000456917,0.002207999999882304,0.002101917000118192,0.001983666999876732,0.0019249169999966398,0.0017765410000265547,0.0016726670000934973,0.0016459999999369757,0.001652625000133412,0.0015859170000567246,0.0015280420000181039,0.0014469159998498071,0.0013635420000355225,0.001335832999984632,0.0012638329999390407,0.001110208000000057,0.0010264580000693968,0.0009490410000125848,0.0008548329999484849,0.0007205829999747948,0.0006219580000106362,0.0005207080000673159,0.00048370800004704506,0.00043979099996249715,0.0003985409998676914,0.00033933299982891185,0.0003100829999311827,0.00026645900015864754,0.0,0.0,0.0,0.0,0.0,0.0,0.0,0.0,0.0,0.0,0.0,0.0,0.0,0.0,0.0,0.0,0.0,0.046344036999926175
78,0.002630083999974886,0.0026175410000632837,0.0025235000000520813,0.0024980409998534014,0.002345958999967479,0.0022999169998456637,0.0022314159998586547,0.0021633750000091823,0.0020715420000669837,0.0020214170001509046,0.0019062919998305006,0.0017974160000449046,0.0017229999998562562,0.001666333000002851,0.0015277499999228894,0.0014840839999124,0.0013971659998333052,0.0012659999999868887,0.0011510419999467558,0.001105125000094631,0.0010150000000521686,0.0009116669998547877,0.0007983330001479771,0.0007343750000927685,0.0005924580000282731,0.0004871670000738959,0.00043974999994134123,0.00044449999995777034,0.00032749999991210643,0.00021308300006239733,0.00017854199995781528,0.0,0.0,0.0,0.0,0.0,0.0,0.0,0.0,0.0,0.0,0.0,0.0,0.0,0.0,0.0,0.0,0.0,0.0,0.0,0.044569374999355205
79,0.0026655839999421005,0.0026046250000035798,0.0024808330001633294,0.0024184999999761203,0.002384625000104279,0.0023165830000380083,0.002229624999927182,0.002148833000092054,0.0020817919998989964,0.0019388749999507127,0.0018724999999903957,0.0018293749999429565,0.0017286249999415304,0.0016715829999611742,0.0016181670000605664,0.0014812080000865535,0.0014582500000415166,0.0013757919998624857,0.0013357089999317395,0.0011659589999908349,0.0010404160000234697,0.0009665830000358255,0.0008328339999934542,0.0007302910000817064,0.00066704200003187,0.0005402090000643511,0.0004091249998054991,0.0002880000001823646,0.00026420799986226484,0.00017087499986701005,6.220800014489214e-05,0.0,0.0,0.0,0.0,0.0,0.0,0.0,0.0,0.0,0.0,0.0,0.0,0.0,0.0,0.0,0.0,0.0,0.0,0.0,0.044778833999998824
80,0.0026255829998262925,0.0025782080001590657,0.0025040419998276775,0.0024595830000180285,0.002402332999963619,0.0023292920000130835,0.002256417000126021,0.0021929590000127064,0.002052958000149374,0.001962875000117492,0.0019110830000954593,0.001791832999970211,0.0016669999999976426,0.0015884169999935693,0.0015008340001259057,0.0013884170000437734,0.0013014589999329473,0.0012117919998217985,0.001124790999938341,0.001010999999834894,0.0009224580001045979,0.0008809999999357387,0.0007594159999371186,0.000633166999932655,0.0006221250000635337,0.000510165999912715,0.00048316699985662126,0.00040445799982080644,0.0003334170000925951,0.00021558299999924202,0.00012333400013631035,0.0,0.0,0.0,0.0,0.0,0.0,0.0,0.0,0.0,0.0,0.0,0.0,0.0,0.0,0.0,0.0,0.0,0.0,0.0,0.043749166999759836
81,0.002610416999914378,0.0025600829999348207,0.002487708999979077,0.0024760419998983707,0.0023563750000903383,0.002312833999894792,0.0022304999999960273,0.0022410829999444104,0.002134582999815393,0.002022207999971215,0.0019044159998884425,0.001815084000099887,0.0017230420000942104,0.0016311249999034771,0.0015202919998955622,0.0014484589999028685,0.0013913749999119318,0.001252667000017027,0.0011748749998332642,0.0010630409999521362,0.0009394169999268343,0.0008528340001703327,0.0007676669999909791,0.0006855420001556922,0.0005605000001196458,0.0004630000000815926,0.00042441699997652904,0.0004049169999689184,0.00032450000003336754,0.00021462500012603414,0.00017545800005791534,0.0001265839998723095,0.0,0.0,0.0,0.0,0.0,0.0,0.0,0.0,0.0,0.0,0.0,0.0,0.0,0.0,0.0,0.0,0.0,0.0,0.04429567099941778
82,0.002621374999989712,0.0025442500000281143,0.002467499999966094,0.002442334000079427,0.0023226250000334403,0.0022509580001042195,0.0021509159998913674,0.00210312499984866,0.0020564169999488513,0.001927499999965221,0.0018992079999406997,0.0018003750001298613,0.0017544169998018333,0.001652875000218046,0.0015474580000045535,0.0013937910000549891,0.0012932079998790869,0.0011925409999093972,0.001064583000015773,0.0010906659999818658,0.0009659160000410338,0.000871541999913461,0.0007723329999862472,0.0007524999998622661,0.0006302910001068085,0.0005925410000600095,0.0005610420000721206,0.00046700000007149356,0.0003956670000206941,0.000284083999986251,0.00025054200000340643,0.00020683399998233654,0.0001730420001422317,0.00012283399996704247,0.0,0.0,0.0,0.0,0.0,0.0,0.0,0.0,0.0,0.0,0.0,0.0,0.0,0.0,0.0,0.0,0.044622290000006615
83,0.0026197499998943385,0.0025695409999570984,0.0024804580000363785,0.0024186250000184373,0.0023815839999770105,0.002316999999948166,0.002235457999859136,0.0021829589998105803,0.0020987919999697624,0.002021833000071638,0.001969083999938448,0.0019159579999268317,0.0017656249999618012,0.0016625000000658474,0.0015225419999751466,0.0014131670000097074,0.0013287500000842556,0.0012826659999518597,0.0012335419999089936,0.0010674590000689932,0.000929125000084241,0.0008510000000114815,0.0007846250000511645,0.0006731249998210842,0.0005654159999721742,0.0004777080000621936,0.0003727089999756572,0.00036029099987899826,0.0002652089999628515,0.00018441699990034977,7.658399999854737e-05,0.0,0.0,0.0,0.0,0.0,0.0,0.0,0.0,0.0,0.0,0.0,0.0,0.0,0.0,0.0,0.0,0.0,0.0,0.0,0.044027501999153174
84,0.002625459000000774,0.0025709999999889988,0.002480459000025803,0.0023928329999307607,0.0023517080001056456,0.00226841699986835,0.002181917000143585,0.0020890830001008,0.0020393750000948785,0.0019146659999478288,0.0017517919998226716,0.001657957999896098,0.0016134579998379195,0.0016639170000871673,0.0014887919999182486,0.0014494590000140306,0.0013907500001550943,0.0014299580000169954,0.0013539159999709227,0.0011870410000938136,0.0011595000000852451,0.0011502499999096472,0.0010206250001374428,0.0010012499999447755,0.0009833330000219576,0.0,0.0,0.0,0.0,0.0,0.0,0.0,0.0,0.0,0.0,0.0,0.0,0.0,0.0,0.0,0.0,0.0,0.0,0.0,0.0,0.0,0.0,0.0,0.0,0.0,0.043216916000119454
85,0.002620332999867969,0.0025642919999881997,0.0024734999999509455,0.0024336660001154087,0.0023832500000935397,0.002311167000016212,0.0022603749998779676,0.002194458000076338,0.00210824999999204,0.001987374999998792,0.0019921250000152213,0.001774125000110871,0.0016490830000748247,0.0015388750000511209,0.0014417919999232254,0.0013807909999741241,0.001315917000056288,0.0012708340000244789,0.0012471249999634892,0.0012267090000932512,0.0010998329998983536,0.0011296669999865117,0.0010187499999574356,0.0009606670000721351,0.0008027910000691918,0.0007802920001722669,0.0007428330000038841,0.0007154999998419953,0.0006854590001239558,0.0006786250000914151,0.000564875000009124,0.0005107089998546144,0.00047216600000865583,0.0,0.0,0.0,0.0,0.0,0.0,0.0,0.0,0.0,0.0,0.0,0.0,0.0,0.0,0.0,0.0,0.0,0.04833620900035385
86,0.002602207999871098,0.0025555419999818696,0.0024911660000270786,0.0024444160001166892,0.0023651669998798752,0.0022978749998401327,0.0022025000000667205,0.0021477500001765293,0.002090083999974013,0.0019082080000316637,0.0018287089999375894,0.001727625000057742,0.0016134170000441372,0.001504583999803799,0.0014694589999635355,0.0013707079999676353,0.0012490829999478592,0.0012573750000228756,0.0011264590000337193,0.0010818329999437992,0.00110254200012605,0.0010103750000780565,0.0009187499999825377,0.0008523330000116403,0.0007546250001269073,0.0006502919998183643,0.0005734579999625566,0.00045849999992242374,0.00036479099981079344,0.00027420900005381554,0.00019033300009141385,6.0291999943729024e-05,0.0,0.0,0.0,0.0,0.0,0.0,0.0,0.0,0.0,0.0,0.0,0.0,0.0,0.0,0.0,0.0,0.0,0.0,0.04454466799961665
87,0.0026694580001276336,0.002622834000021612,0.002536542000143527,0.0024090420001812163,0.0023476249998566345,0.0022522910001043783,0.0021727499999997235,0.002089874999910535,0.0019873339999776363,0.001999208999905022,0.0018938750001780136,0.0018288329999904818,0.0016687079998973786,0.0015945830000418937,0.0014213329998256086,0.0013122079999448033,0.001318000000082975,0.0012617919999229343,0.0011123330000373244,0.0010936249998394487,0.001126832999943872,0.0009969580000870337,0.0008716249999451975,0.0008222500000556465,0.000777749999997468,0.0007946670000364975,0.0006845830000656861,0.0005680410001787095,0.0005039999998643907,0.00039437500004169124,0.00028887500002383604,0.0002481250000982982,0.00021008299995628477,0.00018266600000060862,0.0,0.0,0.0,0.0,0.0,0.0,0.0,0.0,0.0,0.0,0.0,0.0,0.0,0.0,0.0,0.0,0.046063081000284
88,0.0026583750000099826,0.0025712090000524768,0.002512458999945011,0.002454458000102022,0.0023631670001122984,0.0022804580000865826,0.0022455420000824233,0.0021207089998824813,0.0020697500001460867,0.00195991700002196,0.0018797920001816237,0.001781749999963722,0.0016922919999160513,0.001553291999925932,0.0014446249999764404,0.00132949999988341,0.0012639999999919382,0.0012718749999294232,0.0011883329998454428,0.0011209169999801816,0.0010881250000238651,0.00111008299995774,0.0009936250000919244,0.0008835829999043199,0.000849000000016531,0.000795625000137079,0.0006574170001840685,0.0005462910000915144,0.0004869580000104179,0.0004866249998940475,0.00040033300001596217,0.00030912500005797483,0.0002957080000669521,0.00017608300004212651,0.0,0.0,0.0,0.0,0.0,0.0,0.0,0.0,0.0,0.0,0.0,0.0,0.0,0.0,0.0,0.0,0.046841001000530014
89,0.0026072499999827414,0.002608167000062167,0.0025276670000948798,0.0024915000001328735,0.002357792000111658,0.00230170800000451,0.002223833000016384,0.0021567500000401196,0.002058125000075961,0.001950041999862151,0.0018816670001342573,0.0018478750000667787,0.0017776250001588778,0.001597875000015847,0.001457583000046725,0.0014246250000269356,0.001297041000043464,0.001196625000147833,0.0010692500000004657,0.0010860419999971782,0.000993458000039027,0.0008696669999608275,0.0008349159998033429,0.000724957999864273,0.0006933339998340671,0.0006363749998854473,0.000670707999915976,0.0005514580000181013,0.0,0.0,0.0,0.0,0.0,0.0,0.0,0.0,0.0,0.0,0.0,0.0,0.0,0.0,0.0,0.0,0.0,0.0,0.0,0.0,0.0,0.0,0.04389391600034287
90,0.0026877919999606092,0.0025660000001153094,0.0025268330000471906,0.002460416999838344,0.002410332999943421,0.002313125000000582,0.002284124999960113,0.0022811250000813743,0.0021271250000154396,0.0020220839999183227,0.0019504580000102578,0.0018205000001216831,0.0017143329996542889,0.0016258329997071996,0.0014622919998146244,0.001355625000087457,0.0012676249998548883,0.0011954579999837733,0.0010752499997579434,0.0010307079996891844,0.0009921670002768224,0.0009455419999540027,0.0009018330001708819,0.0008645829998386034,0.0008400839997193543,0.0007579159996566887,0.000701708000178769,0.000649707999855309,0.0005542080002669536,0.00043391600001996267,0.000335166999775538,0.00021779199960292317,0.000161208000008628,0.00010408399975858629,5.795900005978183e-05,0.0,0.0,0.0,0.0,0.0,0.0,0.0,0.0,0.0,0.0,0.0,0.0,0.0,0.0,0.0,0.04669491599770481
91,0.002607082999929844,0.0025619579996600805,0.002497791000223515,0.0024824160000207485,0.0023642500000278233,0.0022573329997612746,0.0021957499998279673,0.0021363750001910375,0.0020529160001387936,0.0019787499995800317,0.0018861660000766278,0.00182249999988926,0.0018126249997294508,0.0016249999998763087,0.0015229589998853044,0.0014410829999178532,0.001288250000015978,0.0012173330001132854,0.0010894160000134434,0.001017125000089436,0.0009028749996105034,0.0008682080001563008,0.0008737920002204191,0.0007515829997828405,0.0006694580001749273,0.0005645000001095468,0.0005010410000068077,0.0003929589997824223,0.0002909579998231493,0.00028583399989656755,0.00017016700030580978,7.183299976531998e-05,0.0,0.0,0.0,0.0,0.0,0.0,0.0,0.0,0.0,0.0,0.0,0.0,0.0,0.0,0.0,0.0,0.0,0.0,0.04420028699860268
92,0.002632166999774199,0.002549207999891223,0.00247920800029533,0.002389582999967388,0.0023552920001748134,0.0022862499999973807,0.002184375000069849,0.0020752079999510897,0.0020200419999127917,0.0018907909998233663,0.0017780830003175652,0.0017147079997812398,0.0016136249996634433,0.0015927079998618865,0.0014950409999983094,0.001393000000007305,0.0012858750001214503,0.0011674580000544665,0.0011412919998292637,0.0010422909999761032,0.001010542000130954,0.0008961250000538712,0.0008071249999375141,0.0008209170000554877,0.0007497080000575806,0.000688040999648365,0.0005523330000869464,0.0004152090000388853,0.00039316699985647574,0.00032400000009147334,0.00020279199998185504,0.00018475000024409383,7.458300024154596e-05,0.0,0.0,0.0,0.0,0.0,0.0,0.0,0.0,0.0,0.0,0.0,0.0,0.0,0.0,0.0,0.0,0.0,0.04420549699989351
93,0.002623291999952926,0.002571958000316954,0.0024908750001486624,0.0024247500000456057,0.0023595409998051764,0.0022641249997832347,0.002208625000093889,0.0020907499997520063,0.00200166700005866,0.001960458000212384,0.0019077080000897695,0.001809708000109822,0.0017444580003029841,0.001797166000415018,0.001629833000151848,0.0015716670000074373,0.001494375000220316,0.0014223329999367706,0.0012810420003006584,0.0011304999998174026,0.0010312499998690328,0.0009158749999187421,0.0008022920001167222,0.0006872500002828019,0.0005849170001965831,0.00046999999995023245,0.0003859999997075647,0.00028387500015014666,0.0002478749997862906,0.0001608339998711017,7.329200025196769e-05,0.0,0.0,0.0,0.0,0.0,0.0,0.0,0.0,0.0,0.0,0.0,0.0,0.0,0.0,0.0,0.0,0.0,0.0,0.0,0.04442829100162271
94,0.0026196670000899758,0.002561125000283937,0.0025140410002677527,0.002446250000048167,0.0023653749999539286,0.0022804589998486335,0.002189583000017592,0.0021380829998634,0.0020715840000775643,0.0019052500001635053,0.0018425419998493453,0.0017321670002274914,0.0017035830001077557,0.0016535409999960393,0.001587958000072831,0.0015279170002031606,0.0014200419996086566,0.0013245000000097207,0.001178208000055747,0.0010488340003576013,0.0009484170000177983,0.0008716249999451975,0.0007772079998176196,0.0006415830002879375,0.0006356250000862929,0.0005191250002098968,0.00044487500008472125,0.00035483299961924786,0.00026750000006359187,0.0001882080000541464,7.395800002996111e-05,0.0,0.0,0.0,0.0,0.0,0.0,0.0,0.0,0.0,0.0,0.0,0.0,0.0,0.0,0.0,0.0,0.0,0.0,0.0,0.043833666001319216
95,0.0026124169999093283,0.0025880000002871384,0.0025098330002037983,0.0024474169999848527,0.002355750000333501,0.0023228330001074937,0.0022479169997495774,0.002144333000160259,0.002111959000103525,0.001989541999591893,0.0019075830000474525,0.0018102500002896704,0.0017206249999617285,0.0017079170002034516,0.0015735420001874445,0.0015858749998187704,0.001284750000195345,0.0011582500001168228,0.0011121659999844269,0.0011268749999544525,0.0010837910003829165,0.000968708000073093,0.0009078339999177842,0.0008227920002354949,0.00074008399997183,0.0005851660002917924,0.0005065000000286091,0.0003929169997718418,0.0002892080001402064,0.0002471249999871361,0.00019366600008652313,0.00018141600003218628,6.391600027200184e-05,0.0,0.0,0.0,0.0,0.0,0.0,0.0,0.0,0.0,0.0,0.0,0.0,0.0,0.0,0.0,0.0,0.0,0.04530095700238235
96,0.0026088750000781147,0.0025596250002308807,0.0024903749999793945,0.002413875000002008,0.00236466600017593,0.0022659579999526613,0.0021587080000244896,0.0020975409997845418,0.0020693750002465094,0.0019162499997946725,0.0018544159997873066,0.0017477080000389833,0.0016508749999957217,0.0015446659999724943,0.001475665999805642,0.001374208000015642,0.0013310419999470469,0.0013181249996705446,0.001219708000007813,0.0011590829999477137,0.0010893749999922875,0.0009625830002732982,0.000882957999692735,0.0009692920002635219,0.0007134590000532626,0.0005926249996264232,0.0005502919998434663,0.0004961669997101126,0.00046245800012911786,0.0004185000002507877,0.0004114160001336131,0.0,0.0,0.0,0.0,0.0,0.0,0.0,0.0,0.0,0.0,0.0,0.0,0.0,0.0,0.0,0.0,0.0,0.0,0.0,0.04516986999942674
97,0.002643124999849533,0.0025667079999038833,0.0025030830001924187,0.002445417000217276,0.0023514159997830575,0.0023013330001049326,0.002226125000106549,0.0021037920000708255,0.002027167000051122,0.0020377499999995052,0.0019092500001534063,0.001837166999848705,0.0018699170000218146,0.0017560830001457362,0.0016235409998444084,0.0015723750002507586,0.0014059579998502159,0.0013131669998074358,0.0012477909999688563,0.0011758749997170526,0.0010327919999326696,0.0009605420000298182,0.0008719590000509925,0.0007575829999950656,0.0006565000003320165,0.0005875000001651642,0.00047437500006708433,0.0003512089997457224,0.00025374999995619874,0.00013666599988937378,0.0,0.0,0.0,0.0,0.0,0.0,0.0,0.0,0.0,0.0,0.0,0.0,0.0,0.0,0.0,0.0,0.0,0.0,0.0,0.0,0.0449999160000516
98,0.002623416999995243,0.002539000000069791,0.0025053330000446294,0.002408124999874417,0.002398916999936773,0.0023331669999606675,0.002218334000190225,0.0020848750000368454,0.001991207999708422,0.0019753330002458824,0.0018663329997252731,0.0017425410001123964,0.001634834000014962,0.0015110839999579184,0.0014751670000805461,0.0014563330000783026,0.0013990420002301107,0.0012954590001754696,0.0012411669999892183,0.001168084000255476,0.001172541999949317,0.0010616250001476146,0.0009454169999116857,0.0008506670001224848,0.0007437919998665166,0.000676042000122834,0.0005477499998960411,0.00043000000005122274,0.0003249169999435253,0.00023050000027069473,0.00013304200001584832,0.0,0.0,0.0,0.0,0.0,0.0,0.0,0.0,0.0,0.0,0.0,0.0,0.0,0.0,0.0,0.0,0.0,0.0,0.0,0.044984047000980354
99,0.0026162499998463318,0.0025772909998522664,0.0024849579999681737,0.002387333000115177,0.00237333299992315,0.002281833999859373,0.0021598749999611755,0.0020909579998260597,0.0020173749999230495,0.001895750000130647,0.0018955420000565937,0.0017625840000619064,0.0016543749998163548,0.0015477080000891874,0.001502000000073167,0.001361666000320838,0.0012258330002623552,0.001190917000258196,0.0011807079999925918,0.0010967080002046714,0.0009769580001375289,0.000987500000064756,0.0009595839997018629,0.0,0.0,0.0,0.0,0.0,0.0,0.0,0.0,0.0,0.0,0.0,0.0,0.0,0.0,0.0,0.0,0.0,0.0,0.0,0.0,0.0,0.0,0.0,0.0,0.0,0.0,0.0,0.04022704000044541
100,0.0026458329998604313,0.0025608330001887225,0.002494708000085666,0.0024767499999143183,0.0023857500000303844,0.0023080420000951563,0.0022263749997364357,0.0022060000001147273,0.002115791999585781,0.002038416000232246,0.0019200410001758428,0.0018353340001340257,0.0017667500001152803,0.001690541999778361,0.0015906670000731538,0.0014300000002549496,0.0013212090002525656,0.001276666000194382,0.0011327499996696133,0.0010177499998462736,0.0009252909999304393,0.0008329589995810238,0.0007651670002815081,0.0006994589998612355,0.0006192920000103186,0.0004971250000380678,0.000432874999660271,0.0003195409999534604,0.00020629200025723549,0.00018574999967313488,7.508299995606649e-05,0.0,0.0,0.0,0.0,0.0,0.0,0.0,0.0,0.0,0.0,0.0,0.0,0.0,0.0,0.0,0.0,0.0,0.0,0.0,0.04399904199954108

total time per move x,0.26147958399815696, 0.25760670300099076, 0.25091370200266816, 0.24428379100064923, 0.2368509540012358, 0.22923042299876428, 0.22167724399892563, 0.21455212699965642, 0.2047902499991494, 0.196017335999624, 0.18749650000089346, 0.17862645600174076, 0.16982754199836236, 0.1609973290002813, 0.15069566600013573, 0.14183037100083595, 0.13301408100150525, 0.12421125299982805, 0.11490925099909077, 0.10548899699949743, 0.0973377500007544, 0.08903591700013891, 0.08099371000014344, 0.07287687500031126, 0.06480212700127197, 0.05473633099919084, 0.047141955998860396, 0.038076670998961504, 0.030638000999331894, 0.022002037999769186, 0.01310791700036873, 0.006277791998854809, 0.002826916001083646, 0.001110001999677479, 0.00031929200008562475, 0.0, 0.0, 0.0, 0.0, 0.0, 0.0, 0.0, 0.0, 0.0, 0.0, 0.0, 0.0, 0.0, 0.0, 0.0, 4.405782855000796
number move x executed,100,100,100,100,100,100,100,100,100,100,100,100,100,100,100,100,100,100,100,100,100,100,100,99,99,97,96,93,91,88,65,34,15,8,3,0,0,0,0,0,0,0,0,0,0,0,0,0,0,0,100
average time per move x,0.0026147958399815696,0.0025760670300099073,0.0025091370200266815,0.0024428379100064923,0.0023685095400123577,0.002292304229987643,0.0022167724399892565,0.0021455212699965642,0.0020479024999914943,0.0019601733599962402,0.0018749650000089346,0.0017862645600174075,0.0016982754199836236,0.001609973290002813,0.0015069566600013572,0.0014183037100083595,0.0013301408100150525,0.0012421125299982806,0.0011490925099909078,0.0010548899699949744,0.0009733775000075439,0.0008903591700013891,0.0008099371000014344,0.0007361300505081945,0.0006545669394067876,0.0005642920721566066,0.0004910620416547958,0.0004094265698813065,0.00033668132966298785,0.0002500231590882862,0.0002016602615441343,0.0001846409411427885,0.0001884610667389097,0.00013875024995968488,0.00010643066669520825,0.0,0.0,0.0,0.0,0.0,0.0,0.0,0.0,0.0,0.0,0.0,0.0,0.0,0.0,0.0,0.044057828550007956
std movetime at move x,4.120285062197347e-05,0.00015161335722527677,8.757449500002544e-05,9.950813477448299e-05,3.1714233607621354e-05,5.1292802706962704e-05,6.771834442838888e-05,0.00011326614628872264,8.247185893612079e-05,5.750091806927159e-05,5.944753887999303e-05,6.665752497213264e-05,6.355342099264017e-05,7.472890615420832e-05,5.994747419972385e-05,7.175597799761606e-05,6.328104395518042e-05,6.775628765710902e-05,6.746116292546726e-05,6.46139259021543e-05,7.106585551648965e-05,8.275768271469929e-05,8.349248961946054e-05,0.00012146420829374078,0.0001221754944170334,0.0001446860832440115,0.00014467956615284424,0.00015207716132557446,0.00016114684680412384,0.0001601676696934027,0.00019224002065128254,0.000284083205672906,0.00047627738727355897,0.0005048232156326081,0.0007424078456355536,0.0,0.0,0.0,0.0,0.0,0.0,0.0,0.0,0.0,0.0,0.0,0.0,0.0,0.0,0.0,0.0013686467302142817