Contains move time for player AlphaBeta6; opponent is Roxanne
Colums refer to move number, rows to game number
game,1,2,3,4,5,6,7,8,9,10,11,12,13,14,15,16,17,18,19,20,21,22,23,24,25,26,27,28,29,30,31,32,33,34,35,36,37,38,39,40,41,42,43,44,45,46,47,48,49,50,total
1,2.548546,6.457472750000001,8.720957833,19.499476083,20.8859135,16.746764999999996,18.40833533300001,128.943626167,61.52021400000004,64.34105954099999,63.79310733400001,127.22615433299995,98.85712741600003,39.70191466699998,27.360995499999945,22.189820374999954,23.32621816699998,17.267079292000062,21.696766000000025,34.625718416999916,12.784103500000015,8.86408474999996,4.038151791000018,2.3678713340000286,0.9584491250000156,0.6275798329999134,0.13254466699993372,0.014886790999980803,0.00170574999992823,0.00035795799999505107,9.545800003252225e-05,0.0,0.0,0.0,0.0,0.0,0.0,0.0,0.0,0.0,0.0,0.0,0.0,0.0,0.0,0.0,0.0,0.0,0.0,0.0,853.9070986649997
2,2.4976157920000333,6.470220333000043,8.843625166000038,19.617330874999993,21.15521654199995,27.645992834000026,51.040592833000005,41.262021249999975,262.5380102920001,72.87948504099995,42.30756416700001,120.44051545799994,244.40196337499992,47.20025191700006,26.384897249999995,16.30556779199992,9.219722000000047,4.049746500000083,4.042510874999834,3.7667541670000446,11.640579916999968,9.12016575000007,2.8030402499998672,0.7388882089999242,0.12719991700009814,0.07685562500000742,0.09253308299980745,0.009238417000005938,0.0018184579998887784,0.0003667500000119617,0.00011133299994980916,0.0,0.0,0.0,0.0,0.0,0.0,0.0,0.0,0.0,0.0,0.0,0.0,0.0,0.0,0.0,0.0,0.0,0.0,0.0,1056.6804021679995
3,2.496501207999927,3.5133680839999215,11.526630250000153,11.316602957999976,10.271605832999967,20.558074875000102,22.569112832999963,26.806983082999977,21.496401917000185,33.805519041000025,38.308530166999844,25.969099791999724,19.63611416699996,16.27394400000003,15.364559166000163,28.522935916999813,14.270571666999786,14.78643487499994,7.582252916000016,6.978138416999627,3.4879030000001876,4.848331708999922,1.1420177909999438,1.1789589999998498,1.1561746249999487,0.1944391249999171,0.11212045799993575,0.041306874999918364,0.022912959000223054,0.0011628749998635612,0.00036591600019164616,9.750000026542693e-05,0.0,0.0,0.0,0.0,0.0,0.0,0.0,0.0,0.0,0.0,0.0,0.0,0.0,0.0,0.0,0.0,0.0,0.0,364.23917299899927
4,2.4859696250000525,5.2875603749998845,6.9204666669998005,19.369362124999952,9.066719375000048,19.39455500000031,32.55324295800028,24.44420799999989,29.357781416999842,26.61423708400025,54.20828670799983,10.76271454200014,32.02288891699982,21.913683457999923,63.611213332999796,60.81861279199984,48.76468066699999,14.510696708999603,6.838454250000268,8.173041375000139,2.410806957999739,2.933658666000156,0.8935777919996326,0.7008241670000643,0.4972217500003353,0.20520883300014248,0.12277758399977756,0.02550775000008798,0.002006749999964086,0.00030650000007881317,0.0,0.0,0.0,0.0,0.0,0.0,0.0,0.0,0.0,0.0,0.0,0.0,0.0,0.0,0.0,0.0,0.0,0.0,0.0,0.0,504.91027212699964
5,2.5719231660000332,3.7838309169997046,9.318002291000084,13.74590712500003,18.94945791600003,28.95391641699962,22.158807415999945,30.455538083999727,28.169723665999754,64.93697845799988,13.42299362499989,8.742239749999953,36.73809574999996,25.434932624999874,22.48003595800037,34.31725858400023,20.75857587499968,3.510035125000286,3.8359544169998117,4.4488519579999775,7.8909007080001174,9.950304125000002,4.973713667000084,2.3134847910000644,1.2976779999999053,0.6408541670002705,0.42238233400030367,0.3810726249998879,0.05374441599997226,0.015183792000243557,0.0007768329996906687,0.0002783750001071894,9.933299998010625e-05,0.0,0.0,0.0,0.0,0.0,0.0,0.0,0.0,0.0,0.0,0.0,0.0,0.0,0.0,0.0,0.0,0.0,424.67353228899947
6,2.52564591700002,5.298985375000029,9.295801291000316,12.673615749999954,36.964172166000026,34.929197292000026,50.25210195799991,24.691683333999663,39.51118108400033,8.615254249999907,20.874061041000004,26.991034624999884,21.75737462500001,12.806169417000092,15.571814249999989,10.099723583000014,6.289836583000124,5.605179167000188,3.851832374999958,4.7314127080003345,4.548012125000241,1.808643333999953,2.268279958000221,1.8872359580000193,0.6132489169999644,0.3540597080000225,0.13930633299969486,0.055973791999804234,0.022261791999881098,0.0014108329996815883,0.0004063750002387678,9.71659997048846e-05,0.0,0.0,0.0,0.0,0.0,0.0,0.0,0.0,0.0,0.0,0.0,0.0,0.0,0.0,0.0,0.0,0.0,0.0,365.0350130820002
7,2.4815374579998206,5.281426458000169,9.285162624999884,15.976542875000177,25.55783716699989,32.53549370900009,45.181030917000044,37.071172958999796,26.45236495800009,20.471660500000326,17.17995170899985,13.162452167000083,44.194363749999866,21.275126250000085,40.845018750000236,33.33145349999995,28.520679582999946,29.322911750000003,32.189383707999696,18.818336833000103,10.06145883299996,4.459225582999807,1.612682292000045,19.848089125000115,1.8619725420003306,0.8160726659998545,0.3234599170000365,0.17198166599973774,0.006284916999902634,0.0007345000003624591,9.44580006034812e-05,0.0,0.0,0.0,0.0,0.0,0.0,0.0,0.0,0.0,0.0,0.0,0.0,0.0,0.0,0.0,0.0,0.0,0.0,0.0,538.2959641250009
8,2.493181750000076,5.28151408299982,9.272874624999531,12.649344041999939,19.95188608299941,20.338514416999715,6.880151499999556,12.941873208999823,11.541369624999788,14.702037457999722,38.9339267080004,43.672748292000506,40.76967716600029,8.148499083999923,63.71371758300029,38.514710708000166,30.26322224999967,38.02762833400084,6.265293915999791,5.25472287499997,4.22144095800013,3.386343332999786,2.915141625000615,2.102296082999601,0.8009626660004869,0.2809239170001092,0.14825262499925884,0.050726667000162706,0.003363084000739036,0.00044720799996866845,9.695799963083118e-05,0.0,0.0,0.0,0.0,0.0,0.0,0.0,0.0,0.0,0.0,0.0,0.0,0.0,0.0,0.0,0.0,0.0,0.0,0.0,443.5268888319997
9,2.494713999999476,6.511102499999652,8.85908924999967,19.73052862499935,21.195045833999757,19.588330541999312,17.688601958999243,43.368939207999574,52.561943833999976,27.7061075419997,75.95435774999987,71.4705323750004,18.21933637500024,26.605213084000752,17.376203791999615,13.090392832999896,23.728513874999408,39.898560624999845,13.80432058400038,12.864816250000331,4.183728791999783,3.1629643750002288,7.080429041000571,2.456076624999696,1.2347184589998506,0.7482783330005986,0.3262383339997541,0.1463638750001337,0.028049459000612842,0.00222475000009581,0.0003013340001416509,0.0,0.0,0.0,0.0,0.0,0.0,0.0,0.0,0.0,0.0,0.0,0.0,0.0,0.0,0.0,0.0,0.0,0.0,0.0,552.0860242139979
10,2.487147458000436,5.297310875000221,12.390232792000461,5.692871666999963,29.91205962500044,12.559980707999784,30.71335391699995,22.94718437499978,50.75679600000058,40.609426499999245,61.01100866700017,60.12407587500002,8.313044833000276,6.7580525000003036,4.7028497499995865,7.533501041999443,11.31806241599952,9.970588749999479,6.266211916999964,4.212188417000107,5.6330997499999285,5.553390917000797,5.186999083000046,4.008355707999726,1.6260500839998713,0.23801937499956694,0.14966866599934292,0.021659791999809386,0.0032335420000890736,0.00030700000024808105,0.0,0.0,0.0,0.0,0.0,0.0,0.0,0.0,0.0,0.0,0.0,0.0,0.0,0.0,0.0,0.0,0.0,0.0,0.0,0.0,415.99673200099915
11,2.4967986669998936,3.5237198329996318,11.567166041999371,12.804621875000521,17.285454958000628,38.34639212500042,65.30540154199934,56.77663266599939,122.40228766600012,140.4820187919995,98.09712183299962,74.47786583299967,34.47963516599975,29.401789917000315,24.56124308300059,32.162584167000205,36.44778054100061,31.489707124999768,16.244634667000355,11.246007124999778,7.234104291999756,5.583803292000084,8.413235875000282,4.927855959000226,1.9628386249996765,0.5897442500008765,0.2685019589998774,0.09976820900010352,0.006712959000651608,0.0009860410000328557,0.00031670899988966994,0.0,0.0,0.0,0.0,0.0,0.0,0.0,0.0,0.0,0.0,0.0,0.0,0.0,0.0,0.0,0.0,0.0,0.0,0.0,888.686731793001
12,2.4858790000007502,5.2753095420002865,6.902416291999543,19.195975999999973,24.12328858299952,24.678670207999858,27.6831206249999,32.503024749999895,20.9210669590002,43.75384120800027,35.387554249999994,15.462144167000588,23.972827166999195,3.956623041000057,15.063330584000141,7.501635042000089,4.9264623749995735,7.574922624999999,6.629920458000015,5.994703708999623,3.579514791999827,1.7842278339994664,1.5191351249995932,2.2149654590002683,1.8326940420001847,1.3477351250003267,1.0743311249998442,0.1211751250002635,0.005717209000067669,0.0013391669999691658,0.00041516700002830476,9.300000056100544e-05,0.0,0.0,0.0,0.0,0.0,0.0,0.0,0.0,0.0,0.0,0.0,0.0,0.0,0.0,0.0,0.0,0.0,0.0,347.47405975499987
13,2.503701790999912,6.482036875000631,8.873576250000042,19.75210979199983,21.198542790999454,23.080863375000263,26.984197708000465,19.778330166999694,33.98665858299955,113.3006251249999,44.74352283400003,25.167209291999825,32.838926999999785,33.09331970800031,32.649505667000085,42.40737258399986,16.116085874999953,18.12147662500047,15.175498249999691,6.357506750000539,6.525657708999461,4.820044500000222,1.4026576659998682,0.9277655000005325,0.593431624999539,0.14490670800023508,0.08962958299980528,0.03424816599999758,0.0030310829997688415,0.0009712920000310987,0.00010029199984273873,0.0,0.0,0.0,0.0,0.0,0.0,0.0,0.0,0.0,0.0,0.0,0.0,0.0,0.0,0.0,0.0,0.0,0.0,0.0,557.1535111659996
14,2.4826548750006623,6.473419874999308,9.246241832999658,19.339999291999447,38.79967787500027,23.333789624999554,24.75014575000023,25.74344983300034,13.39350554199973,6.593462541000008,31.904975290999573,42.38776208299987,21.338127875000282,25.463741292000122,44.97926620800081,32.407395875000475,23.771715167000366,17.24311725000007,16.71768974999941,8.322659374999603,3.9574948330000552,1.7441765839994332,1.526560292000795,0.5580900839995593,0.7882242499999847,0.3597502499997063,0.16073933300049248,0.0195860840003661,0.0030226669996409328,0.00030787499963480514,0.0,0.0,0.0,0.0,0.0,0.0,0.0,0.0,0.0,0.0,0.0,0.0,0.0,0.0,0.0,0.0,0.0,0.0,0.0,0.0,443.81074945899945
15,2.523174667000603,5.289403917000527,9.282124332999956,12.701721458000065,36.99884608299999,34.915742791999946,50.2690806669998,21.60206645800008,18.69671925000057,33.66015574999983,35.15598966699963,51.12725191700065,38.890468333999706,36.35916633400029,30.868024583999613,29.936284291999982,6.920084332999977,17.44200954199914,9.198519500001566,4.263840916000845,4.127663749999556,2.943864749999193,1.6377999160013132,0.44289166599992313,0.29422962500029826,0.307726458999241,0.24381650000032096,0.04182691599999089,0.006952583999009221,0.0007079169990902301,8.429199988313485e-05,0.0,0.0,0.0,0.0,0.0,0.0,0.0,0.0,0.0,0.0,0.0,0.0,0.0,0.0,0.0,0.0,0.0,0.0,0.0,496.1482391690006
16,2.4900542920004227,6.471509207998679,8.833558624999569,19.684346416001063,21.17292370799987,28.642691707998893,53.91208991599888,66.9935881249985,55.97663804200056,36.118287208000766,29.73384858299869,38.5192731670013,17.447815708001144,38.46179887499966,46.01861079199989,26.188113375001194,25.836418208000396,20.818092457999228,2.8483995419992425,6.491176166999139,3.1298160000005737,16.467609958999674,1.8611082089992124,1.4006539580004755,1.1259014999995998,0.9523845419989811,0.5254297920000681,0.1918941249987256,0.008620291000625002,0.000607292000495363,9.612499889044557e-05,0.0,0.0,0.0,0.0,0.0,0.0,0.0,0.0,0.0,0.0,0.0,0.0,0.0,0.0,0.0,0.0,0.0,0.0,0.0,578.3233559159944
17,2.48279970799922,5.279212082999948,12.333852583000407,11.782402582999566,15.862431374998778,21.26979612500145,14.461053542001537,36.020354000000225,38.61412987499898,50.728859457998624,41.07841404099963,24.362549624998792,35.73095466599989,32.28208841699961,26.464363334000154,29.460882249999486,20.051277124999615,13.425671125000008,5.289016165999783,8.993387917000291,4.321560124999451,6.751504916999693,5.857746249999764,2.4621451669991075,1.6414257920005184,0.34479287499925704,0.11458687500089582,0.04589533299986215,0.001442124999812222,0.0002227079985459568,0.0,0.0,0.0,0.0,0.0,0.0,0.0,0.0,0.0,0.0,0.0,0.0,0.0,0.0,0.0,0.0,0.0,0.0,0.0,0.0,467.5148181649929
18,2.4865328750001936,6.475479708000421,8.832971208001254,19.696133542000098,21.163378291999834,28.688170791998346,53.79670229099975,67.04757099999915,74.5625192919997,36.0955216250004,29.748795875000724,41.69164174999969,21.515503167000134,53.59893333299988,32.91099829099949,20.294496333999632,4.319522666999546,5.572748165999656,15.902467834001072,6.828737916999671,2.196098583001003,0.9152583750001213,2.0182370000002265,2.0860375829997793,1.3581764999998995,0.5952218750007887,0.284071791000315,0.10238604100049997,0.03540070800045214,0.011843124999359134,0.0015226670002448373,0.00040666700078872964,0.0001218330016854452,0.0,0.0,0.0,0.0,0.0,0.0,0.0,0.0,0.0,0.0,0.0,0.0,0.0,0.0,0.0,0.0,0.0,560.8336087070038
19,2.4975963340002636,6.497419207998973,8.846792749998713,19.6937396250014,21.15367737499946,19.636221374999877,41.21790545899967,44.051083250000374,47.431016208000074,52.26426779199937,23.301483249999364,24.463746207999066,24.627700292001464,12.362006499999552,23.72078587499891,20.49711629199919,14.760964334000164,14.726581875000193,6.712993208000626,7.237313457999335,2.1995129579991044,3.4170955839999806,2.9078333329998713,1.4939437920002092,4.2245147909998195,0.2266133749999426,0.1751299999996263,0.030610165998950833,0.002094667001074413,0.0003639170008682413,9.720900015963707e-05,0.0,0.0,0.0,0.0,0.0,0.0,0.0,0.0,0.0,0.0,0.0,0.0,0.0,0.0,0.0,0.0,0.0,0.0,0.0,450.37822045999565
20,2.4965583749999496,3.522203417000128,9.358653666000464,15.02036125000086,17.080090833000213,13.47393700000066,14.654732000000877,15.248610957998608,25.178052207998917,20.511912250000023,30.988417874999868,29.206140958000105,15.507427417000144,29.877769582999463,35.17773424999905,53.68252545799987,26.753431916999034,11.40606758300055,8.341064959000505,3.433381749999171,2.932195124998543,2.3813975830016716,2.0485457079994376,2.280356750001374,0.9845945830002165,0.5898134580002079,0.32722608299991407,0.2014642089998233,0.037881292000747635,0.0029835000004823087,0.0004157920011493843,9.662499905971345e-05,0.0,0.0,0.0,0.0,0.0,0.0,0.0,0.0,0.0,0.0,0.0,0.0,0.0,0.0,0.0,0.0,0.0,0.0,392.7060444150011
21,2.489395374999731,5.3152117919999,12.328318792000573,5.6725199579996115,29.81972208299885,12.50579841599938,16.17637433300115,29.571758666999813,30.24407416699978,23.5513957080002,31.018890000001193,9.575703167000029,5.926360833998842,21.459586458000558,25.67603791700094,16.56689416700101,9.130298166999637,7.903733125000144,12.062949582999863,4.755650875000356,2.3388713339991227,3.1890274589986802,2.777903874999538,1.9020528750006633,0.47332737500073563,0.40142208299948834,0.1343189999988681,0.02784929200061015,0.0029149999991204822,0.0003614170000219019,0.0001033749995258404,0.0,0.0,0.0,0.0,0.0,0.0,0.0,0.0,0.0,0.0,0.0,0.0,0.0,0.0,0.0,0.0,0.0,0.0,0.0,322.99882666899794
22,2.494828333999976,5.291571666999516,6.503504667000016,9.322702749999735,28.042523124999207,23.57985720800025,64.9316025420012,187.8295294159998,49.59094945900142,64.55868329199984,90.97005820900085,57.75888866599962,64.07542708300025,34.74662787500165,25.37048045800111,34.258340708000105,34.1768051250001,16.73267645800115,18.235402333999446,8.584169791998647,5.642471291999755,5.430595874999199,2.262320791000093,0.4844115409996448,0.11714862500048184,0.10193662500023493,0.07772662499883154,0.04469637500005774,0.012509209000199917,0.0008364999994228128,9.862499973678496e-05,0.0,0.0,0.0,0.0,0.0,0.0,0.0,0.0,0.0,0.0,0.0,0.0,0.0,0.0,0.0,0.0,0.0,0.0,0.0,841.2293812510015
23,2.4859694160004437,5.278671374999249,6.5169605419996515,11.242775041999266,13.435279707999143,18.371598790999997,32.764086207998844,19.474344749998636,25.429018750000978,21.278733834000377,10.913694457998645,39.30781545900027,20.480905083000835,11.230097082998327,35.48787304100006,22.808318167000834,2.5976514579997456,2.7162757919995784,2.601120458000878,2.266863082999407,2.9114396669992857,1.3303544579994195,0.9710487920001469,1.1756560840003658,1.401966875000653,0.9364093749991298,0.6677355829997396,0.16095195900015824,0.08183654100139393,0.02268608300073538,0.004660583999793744,0.00021699999888369348,0.0,0.0,0.0,0.0,0.0,0.0,0.0,0.0,0.0,0.0,0.0,0.0,0.0,0.0,0.0,0.0,0.0,0.0,316.35301549899486
24,2.486508583999239,6.470635375000711,9.255115792000652,19.380039749999924,36.83070312500058,30.9198805420001,38.05654166599925,9.39092462500048,14.841414083999553,37.396796332999656,34.72981404199891,50.83594074999928,31.390359708000688,15.87389204200008,5.8039414579998265,3.8705540829996607,10.39024254099968,7.347180417000345,6.269459041999653,4.122139958000844,3.628563333000784,2.9730387500003417,2.8065394169989304,3.811609499998667,2.1769979580003564,1.3993014999996376,0.7441672079985437,0.33219491700037906,0.34730354200110014,0.018759792001219466,0.0020377500004542526,0.000296666001304402,0.0,0.0,0.0,0.0,0.0,0.0,0.0,0.0,0.0,0.0,0.0,0.0,0.0,0.0,0.0,0.0,0.0,0.0,393.9028942500008
25,2.4882378750007774,6.471768584000529,8.838753541000187,19.653399666998666,21.153494874999524,19.64183041600154,41.2936500830001,44.001123666999774,47.402139707999595,52.1639196670003,23.2247941250007,31.624244374999762,20.61781483300001,68.48020354099936,42.949200375000146,8.58689054199931,19.039538084000014,19.25561979200029,16.487132165999355,6.22178625000015,5.336349875000451,3.8956874169998628,4.69787499999984,2.063002957998833,1.3019690000000992,0.2717362500006857,0.1744648749991029,0.026362541000708006,0.0014337499997054692,0.00025962499967135955,8.437499855062924e-05,0.0,0.0,0.0,0.0,0.0,0.0,0.0,0.0,0.0,0.0,0.0,0.0,0.0,0.0,0.0,0.0,0.0,0.0,0.0,537.3647678319976
26,2.4896464590001415,3.5189358330007963,4.012385750000249,4.013186707999921,12.075097208000443,12.077717250000205,43.99070424999991,14.500417667000875,38.77422466700045,58.54868054199869,25.69125933400028,21.47791083300035,59.569400541000505,42.23303854200094,18.69251041699863,13.008403916001043,41.095336915999724,15.705244624999978,5.827273332999539,1.901333458001318,1.7690859579997777,1.5660227499993198,0.8260546250003244,0.6851498329997412,0.29056512500028475,0.07613304199912818,0.09573208399888244,0.015459207999811042,0.005819791000249097,0.0012943750007252675,0.00041849999979604036,0.00010745799954747781,0.0,0.0,0.0,0.0,0.0,0.0,0.0,0.0,0.0,0.0,0.0,0.0,0.0,0.0,0.0,0.0,0.0,0.0,444.5345509980016
27,2.49011658299969,5.286575666999852,12.356964832999438,5.678969250000591,29.754710459001217,12.501598374999958,20.910536374998628,37.16411750000043,47.089944915998785,10.287473749998753,35.89308091699968,10.594190666999566,59.00117591700109,80.58963420799955,59.63028462500006,47.0963598749986,32.78965029199935,14.929336708999472,21.20151070799875,12.368333207999967,14.688846832999843,8.678238500000589,3.760848584000996,1.0457585000003746,0.6599420000002283,0.3714725419995375,0.19814133399995626,0.08658241699959035,0.0071925829997780966,0.0011479579989099875,0.00029891600024711806,0.0,0.0,0.0,0.0,0.0,0.0,0.0,0.0,0.0,0.0,0.0,0.0,0.0,0.0,0.0,0.0,0.0,0.0,0.0,587.1130350009935
28,2.4969794579992595,5.284741833000226,9.29007541700048,12.66739837500063,17.955064499999935,33.5282138750008,41.551059249999525,53.52760320900052,41.15153758299857,72.88104262499837,30.633281124999485,31.126289874999202,18.159086583000317,19.725516124999558,16.122560584000894,12.767143291001048,28.89555558400025,20.953115207999872,13.130102749999423,13.263763082999503,3.0796261670002423,0.7614214580007683,1.0221771659998922,1.2140311250004743,0.8153339579985186,0.41741766699851723,0.23504795799999556,0.28612812499886786,0.0388094589998218,0.00223879199984367,0.00037437500031956006,9.845899876381736e-05,0.0,0.0,0.0,0.0,0.0,0.0,0.0,0.0,0.0,0.0,0.0,0.0,0.0,0.0,0.0,0.0,0.0,0.0,502.9828350419939
29,2.4933832500009885,5.268596083000375,12.39590679200046,11.795503834000556,16.65983829200013,32.32230116700157,34.65288066600078,65.11560837499928,52.97160149999945,54.24719591699977,97.63956125000004,109.4122386250001,112.2545041659996,103.65839216700078,36.65007112499916,21.929375083000195,26.150332334000268,21.967920541999774,19.22121416599839,7.147093708001194,9.982516207999652,12.486889249999876,7.289284167000005,1.957438125000408,2.810355792000337,1.5394722500004718,0.244932957999481,0.03139474999989034,0.009780499998669256,0.0013553340013459092,0.000414166999689769,9.345900070911739e-05,0.0,0.0,0.0,0.0,0.0,0.0,0.0,0.0,0.0,0.0,0.0,0.0,0.0,0.0,0.0,0.0,0.0,0.0,880.3074460020034
30,2.485885000000053,5.28685200000109,6.924410415998864,19.240312834001088,16.60362583299866,20.955593959000907,36.09693454199987,49.42292112500036,14.962799707998784,45.887763665999955,68.459955833001,26.06046187500033,9.203479792000508,12.064817709000636,31.067877542000133,38.03456704100063,13.066412790998584,3.1630749579999247,10.221976750000977,6.649653000000399,6.212286166999547,4.836939916000119,1.1794181669993122,0.6336043749997771,1.6216325000004872,0.13776941600008286,0.10945562499910011,0.024869792001481983,0.0024398339992330875,0.00035562499942898285,9.958299960999284e-05,0.0,0.0,0.0,0.0,0.0,0.0,0.0,0.0,0.0,0.0,0.0,0.0,0.0,0.0,0.0,0.0,0.0,0.0,0.0,450.61824737400093
31,4.377668958000868,6.251271166000151,14.267055041998901,19.727463666000403,34.01971854199837,34.80572691700036,54.639826542001174,30.549594250000155,98.17388191600003,55.3933287079999,51.55600704099925,37.93339283300156,44.62664004200269,39.194869208000455,95.82844941700023,89.6864385000008,55.25630383300086,25.459085999998933,16.020951124999556,12.693762708000577,7.4620616669999436,3.7847508330014534,4.154344208996918,1.3804030419996707,1.6508522090007318,0.10252424999998766,0.054986667000775924,0.01193358300224645,0.0013155830019968562,0.00034624999898369424,9.712499740999192e-05,0.0,0.0,0.0,0.0,0.0,0.0,0.0,0.0,0.0,0.0,0.0,0.0,0.0,0.0,0.0,0.0,0.0,0.0,0.0,839.0650518320053
32,2.6081541250023292,7.490821584000514,12.462120207997941,22.747659083001054,11.323276208000607,31.776265666001564,47.69935325000188,42.68348183300259,29.15819541699966,35.72034879199782,34.55476908299897,28.207385707999492,39.495920416000445,27.922524290999718,25.84770700000081,16.80786770800114,13.3909472919986,10.738828500001546,8.185256124997977,6.387259917002666,4.939430541999172,1.6824317919999885,0.5687846660002833,0.2959697500009497,0.04266629199992167,0.06080474999907892,0.049069707998569356,0.008636124999611638,0.001516083000751678,0.00021112500326125883,0.0,0.0,0.0,0.0,0.0,0.0,0.0,0.0,0.0,0.0,0.0,0.0,0.0,0.0,0.0,0.0,0.0,0.0,0.0,0.0,462.8576630390089
33,2.5965461250016233,6.1380795420009235,10.864918125000258,19.496627291999175,45.55214212499777,51.936111750001146,83.66960179200032,683.4779517909992,73.6555097499986,54.49166299999706,35.96067120900261,26.554158458002348,17.83104445900244,19.859800707999966,6.562813458000164,18.30814429200109,6.2105524170001445,3.0325431669989484,1.5814507920003962,1.7081497920007678,1.2664564170008816,1.0966279999993276,0.7059475829992152,0.6991696250006498,0.35668770800111815,0.1247640000001411,0.165017874998739,0.09142250000149943,0.020937792000040645,0.005707707998226397,0.0004117499993299134,0.00012637500185519457,0.0,0.0,0.0,0.0,0.0,0.0,0.0,0.0,0.0,0.0,0.0,0.0,0.0,0.0,0.0,0.0,0.0,0.0,1174.021757377006
34,2.60195924999789,6.346401499999047,13.678386708001199,28.97055837500011,31.24979220900059,38.220158209001966,72.72729933400115,80.34390095799972,26.458464958002878,77.40209108300041,112.82087045799926,61.68150125000102,13.765990040999895,102.36726433299918,41.1440634999999,24.558660375001637,12.299333540999214,17.75706720800008,13.496355041999777,11.065744666000683,4.4208776249979564,2.2889210419998562,2.042753707999509,1.8702565410021634,0.5479682500008494,0.11847924999892712,0.026671167001040885,0.006199209001351846,0.0008523750002495944,9.458299973630346e-05,0.0,0.0,0.0,0.0,0.0,0.0,0.0,0.0,0.0,0.0,0.0,0.0,0.0,0.0,0.0,0.0,0.0,0.0,0.0,0.0,800.2789367480073
35,2.933190667001327,6.692901166999945,16.09274424999967,15.065512041997863,36.45293687500089,35.68831333400158,53.55087487499986,34.658975791997364,77.39432783300072,66.77483058400321,24.59617658299976,23.60595683399879,7.547877333003271,4.738192332999461,3.129102041999431,4.480513167000026,4.294631750002736,4.343012291999912,3.48990245800087,7.4934112500013725,3.226914291997673,2.69128208300026,1.077546042000904,0.9504097089993593,0.8282110000000102,0.37381891699988046,0.24850520799736842,0.00048587499986751936,0.0,0.0,0.0,0.0,0.0,0.0,0.0,0.0,0.0,0.0,0.0,0.0,0.0,0.0,0.0,0.0,0.0,0.0,0.0,0.0,0.0,0.0,442.4205565870034
36,4.3499000829979195,6.251532166999823,14.789397624997946,29.74268904100245,26.550692749999143,16.1804710840006,32.04869816700011,64.43911445900085,68.40515724999932,33.687824374999764,29.769497375000356,57.043131375001394,24.805305083002168,36.70470841600036,8.522002749999956,35.06080912499965,28.749559084000794,29.934117999997397,6.247896417000447,1.9534625000014785,4.005006709001464,1.0619317090022378,2.5270239999990736,0.3268951249992824,0.25884833300005994,0.15921933299978264,0.040157625000574626,0.004512499999691499,0.000847625000460539,9.191700155497529e-05,0.0,0.0,0.0,0.0,0.0,0.0,0.0,0.0,0.0,0.0,0.0,0.0,0.0,0.0,0.0,0.0,0.0,0.0,0.0,0.0,563.6205020020061
37,2.5983158750022994,2.9282720829978643,5.794281165999564,11.966277917003026,28.081046291998064,47.621159209000325,55.586412000000564,76.62630008300039,12.769632708001154,59.04601399999956,30.67195216699838,35.906894374998956,18.19785741600208,18.816674917001365,6.5364001669986465,5.0007717499975115,5.302263333000155,3.9193225420021918,2.255723874997784,1.7345764999990934,1.5934389169997303,1.6284395420007058,0.5197275409991562,0.577306833001785,1.443695874997502,1.056706542000029,0.397789875001763,0.030638665997685166,0.002906374997110106,0.00036145800186204724,9.495900303591043e-05,0.0,0.0,0.0,0.0,0.0,0.0,0.0,0.0,0.0,0.0,0.0,0.0,0.0,0.0,0.0,0.0,0.0,0.0,0.0,438.61125495799934
38,4.342842124999152,2.107982749999792,7.091318624999985,20.89046283299831,12.235586582999531,30.20475837500271,29.716682750000473,21.564880458001426,39.14861929199833,33.187158208002074,19.810447083000327,10.851884750001773,8.339482332998159,0.0015491670019400772,0.0,0.0,0.0,0.0,0.0,0.0,0.0,0.0,0.0,0.0,0.0,0.0,0.0,0.0,0.0,0.0,0.0,0.0,0.0,0.0,0.0,0.0,0.0,0.0,0.0,0.0,0.0,0.0,0.0,0.0,0.0,0.0,0.0,0.0,0.0,0.0,239.49365533200398
39,2.9284148330007156,6.181304084002477,19.974114125001506,27.252322000000277,25.250269959000434,34.23163929200018,84.60165179199976,85.35050191600021,107.78930891699929,168.16459020799812,81.4098742089991,426.4922324170002,59.35015287499846,39.90268495899727,30.009277875000407,13.720730334000109,17.214429416999337,21.90384245899986,5.367572166996979,2.906263624998246,1.6467031669999415,3.013339958997676,2.6565939579995757,1.6606834169979265,1.7956172499980312,0.8700167499991949,0.027194624999538064,0.0002554160018917173,0.0021596250007860363,0.00021550000019487925,0.0,0.0,0.0,0.0,0.0,0.0,0.0,0.0,0.0,0.0,0.0,0.0,0.0,0.0,0.0,0.0,0.0,0.0,0.0,0.0,1271.6739571299877
40,2.9318595830009144,4.755030624997744,5.013301625000167,13.946499208002933,12.370771290999983,26.093335583002045,35.52168587499909,18.7895450420001,38.9554172499993,31.9360565829993,77.2613822079984,72.3063224159996,20.992098208000243,5.004748750001454,10.218062042000383,7.024357958998735,70.94067287500002,9.816825333000452,14.541750125001272,4.693024125001102,3.147112875001767,1.9962439590017311,0.9763108340011968,1.2474326660012593,0.30619462500180816,0.14872662500056322,0.0280761670001084,0.0025803339995036367,0.0005617079987132456,8.970799899543636e-05,0.0,0.0,0.0,0.0,0.0,0.0,0.0,0.0,0.0,0.0,0.0,0.0,0.0,0.0,0.0,0.0,0.0,0.0,0.0,0.0,490.9660762070089
41,2.5932957500008342,2.9106699999974808,6.110693165999692,8.273033666999254,27.965530665998813,37.00960029199996,28.451785667002696,12.5534116250019,6.466405499999382,21.37608429100146,6.488635667003109,4.397839917000965,10.901579874996969,13.836712000000261,7.761023792001652,5.307163499997841,2.105529459000536,1.8716146250008023,1.9527215829984925,1.3147732920006092,1.4624109999967914,0.7929818330012495,0.5139316669992695,0.6200389160003397,0.4379469160012377,0.20632124999974621,0.06649216699952376,0.040865709001081996,0.005768708000687184,0.0012444580024748575,0.00039570799708599225,9.112499901675619e-05,0.0,0.0,0.0,0.0,0.0,0.0,0.0,0.0,0.0,0.0,0.0,0.0,0.0,0.0,0.0,0.0,0.0,0.0,213.79659379100121
42,4.082395917001122,4.254645665998396,17.290059790997475,33.520961834001355,31.263900457997806,26.829437333999522,71.58113937500093,48.29198350000297,55.80352654200033,66.42612887499854,200.10852950000117,80.21067904100346,47.02523595800085,8.275179291998938,39.3704268750007,14.065543541000807,5.655244583002059,15.34439170800033,8.988873750000494,4.507042999997793,2.5314041250021546,1.540751333002845,0.7492367500017281,0.42370758399920305,0.765524041999015,0.24956179199944017,0.07024250000176835,0.006266665997827658,0.0009515000019746367,9.537500227452256e-05,0.0,0.0,0.0,0.0,0.0,0.0,0.0,0.0,0.0,0.0,0.0,0.0,0.0,0.0,0.0,0.0,0.0,0.0,0.0,0.0,789.2330682070133
43,2.5883411670001806,6.118934457997966,10.856064416999288,19.46182979099831,45.44840908400147,52.05312016699827,79.30045383299876,114.14063504200021,323.1919020000023,45.48104058299941,49.725250999999844,46.6331720829985,23.64122158400278,23.772113125000033,12.862664000000223,16.912912915999186,6.423618458000419,5.344377000001259,3.9352442089984834,1.6878630829996837,1.2101246659985918,1.1735773750006047,1.127210875001765,1.482520708002994,0.4143424160029099,0.13231958300093538,0.05464570799813373,0.00791154199760058,0.0013429169994196855,0.0004096670018043369,9.420800051884726e-05,0.0,0.0,0.0,0.0,0.0,0.0,0.0,0.0,0.0,0.0,0.0,0.0,0.0,0.0,0.0,0.0,0.0,0.0,0.0,895.1836676650018
44,2.9252355419994274,6.176780375000817,10.542115541000385,6.753341999999975,6.984312417000183,33.08243324999785,24.38484679099929,35.49814074999813,19.880264041999908,42.515870082999754,47.812405458000285,55.887341749999905,46.17297162500108,31.37292666600115,48.749083541999426,34.05554495799879,58.35792554199725,12.708451624999725,13.695400291999249,13.234849458000099,5.865777416998753,9.44156945800205,30.68838649999816,2.0504972499984433,0.7251839579985244,0.2286340000027849,0.05660308299775352,0.004841374997340608,0.0007702920011070091,9.791699994821101e-05,0.0,0.0,0.0,0.0,0.0,0.0,0.0,0.0,0.0,0.0,0.0,0.0,0.0,0.0,0.0,0.0,0.0,0.0,0.0,0.0,599.8526029569875
45,4.0632547909990535,5.948028625000006,12.912207707999187,10.37291045800157,23.688711624999996,44.38820029099952,59.125475417000416,54.51956679099749,75.54538020799737,40.41975783399903,52.65072695799972,65.09383429199806,67.15909550000288,53.44559500000105,42.28286674999981,17.478558417002205,35.6333647499996,48.22541008299959,35.637443375002476,313.4132987910016,10.464352375001909,5.061315416998696,2.734304917001282,1.140103875000932,0.3579967090008722,0.20829016599964234,0.11154862500188756,0.008557375000236789,0.0009510839990980458,9.775000216905028e-05,0.0,0.0,0.0,0.0,0.0,0.0,0.0,0.0,0.0,0.0,0.0,0.0,0.0,0.0,0.0,0.0,0.0,0.0,0.0,0.0,1082.0912059570073
46,4.074428542000533,4.274534208001569,17.21709708400158,34.13726429100279,21.44234920800227,56.81254129100125,38.997524375001376,54.04246704199977,117.14731208299781,211.8584066250005,33.19704266700137,9.27572841700021,11.86258099999759,3.7956410420010798,2.4825024159981695,1.0544598750020668,0.9953414160008833,0.8728649579970806,0.7386854579999635,1.2236557500000345,0.5741923749992566,0.6365882089994557,0.5534787909964507,0.4640679160002037,0.35311641600128496,0.12188999999852967,0.14123066699903575,0.01599966600042535,0.0010316660009266343,9.10420021682512e-05,0.0,0.0,0.0,0.0,0.0,0.0,0.0,0.0,0.0,0.0,0.0,0.0,0.0,0.0,0.0,0.0,0.0,0.0,0.0,0.0,628.3641144960056
47,2.93399862500155,6.711358208998718,13.2887233750007,13.243939083997248,21.983864458001335,24.647884000001795,45.00165441599893,28.83869529200092,11.775645583002188,26.683164707999822,15.348633249999693,9.522473457996966,14.83521354199911,29.593697791999148,26.809098416997585,10.749201958999038,18.14065812499757,18.810022917001334,4.785714749999897,4.910408332998486,1.7020349169979454,0.5523462910023227,0.7783002910000505,0.8117159579996951,0.9155201670000679,0.5552412500001083,0.20236608399864053,0.023278958000446437,0.0025503750002826564,0.0003043749966309406,0.0,0.0,0.0,0.0,0.0,0.0,0.0,0.0,0.0,0.0,0.0,0.0,0.0,0.0,0.0,0.0,0.0,0.0,0.0,0.0,354.1577089589882
48,4.368310375000874,7.344619790997967,11.538590790998569,15.589818749998813,17.269909917002224,32.382699041001615,37.52104845800204,30.67748012499942,51.58698533400093,42.51795362499979,78.71145679199981,21.499090167002578,79.2551087920001,42.741431499998725,36.90585370899862,17.34021608400144,9.063471165998635,11.492580250000174,9.490813125001296,15.477635625000403,11.110219665999466,3.986763749999227,1.861065040997346,1.548224999998638,0.41048612499798764,0.2732794160001504,0.19008329200005392,0.04730029100028332,0.008103291002043989,0.0013506670002243482,0.00021645900051225908,0.0,0.0,0.0,0.0,0.0,0.0,0.0,0.0,0.0,0.0,0.0,0.0,0.0,0.0,0.0,0.0,0.0,0.0,0.0,592.212166415
49,4.077266459000384,4.281487374999415,17.27093779200004,23.500462666001113,33.314257041998644,31.245527291001054,57.04122383300273,166.10654862500087,115.82083012500152,33.93272029199943,15.64869729199927,97.79773999999816,59.43990000000122,28.115880166998977,27.878269083001214,32.52281633400344,27.37559987500208,18.421653458997753,22.76857679100067,30.504435959002876,6.4429817919990455,5.09135525000238,4.038455041998532,1.3741212089989858,0.7075446659982845,0.10010124999826076,0.03948729200055823,0.0071155410005303565,0.0005334999987098854,8.325000089826062e-05,0.0,0.0,0.0,0.0,0.0,0.0,0.0,0.0,0.0,0.0,0.0,0.0,0.0,0.0,0.0,0.0,0.0,0.0,0.0,0.0,864.866609252007
50,4.356413166999118,7.3499728750030044,5.577555542000482,18.949494958000287,44.38948312499997,32.487308374998975,16.584080374999758,22.459481458998198,9.388566833000368,27.020477083002334,27.407191750000493,61.297091584001464,54.51188670800184,53.758496166999976,54.38077712499944,35.36207304100026,62.433898999999656,36.258517165999365,20.865723667000566,15.51260770799854,11.916990749999968,2.9755622090015095,2.1801383329984674,1.291188624996721,0.5064857910001592,0.6086080420027429,0.12822995800161152,0.05766612500156043,0.0029515409987652674,0.0009788749994186219,0.00010033299986389466,0.0,0.0,0.0,0.0,0.0,0.0,0.0,0.0,0.0,0.0,0.0,0.0,0.0,0.0,0.0,0.0,0.0,0.0,0.0,630.0199982900049
51,2.6071704579990183,2.9292652500007534,9.057879208001395,13.424320458001603,33.93476912500046,77.72122379199936,31.483714333000535,38.13341041700187,28.058532125000056,109.93780866700035,71.56450633299755,68.61139854099747,38.43061379199935,20.916628375001892,5.14520254099989,10.072271624998393,14.426586167002824,7.784613583000464,5.080310041001212,4.872751749997406,3.4614896249986487,3.217409625001892,2.6542037910003273,1.4443097500006843,1.8989679999976943,0.8545989170015673,0.09886933300003875,0.0324227079981938,0.0014014170010341331,0.0005718749998777639,9.087500075111166e-05,0.0,0.0,0.0,0.0,0.0,0.0,0.0,0.0,0.0,0.0,0.0,0.0,0.0,0.0,0.0,0.0,0.0,0.0,0.0,607.8573124970026
52,2.935532499999681,6.174613374998444,20.079401791001146,27.367694750002556,29.039044041001034,31.02185074999943,44.79949145799765,64.65964350000286,39.693425459001446,94.26632624999911,61.200998584001354,14.815012540999305,24.585953249999875,14.285571083000832,13.19880195800215,14.986073291001958,22.219190499999968,23.971420165999007,6.811038083000312,3.6103230000007898,5.064194041999144,0.697913084000902,1.2788273750011285,0.7374995419995685,0.6290012909994402,0.14959387500130106,0.03257674999986193,0.004246249998686835,0.0005800830003863666,9.449999924981967e-05,0.0,0.0,0.0,0.0,0.0,0.0,0.0,0.0,0.0,0.0,0.0,0.0,0.0,0.0,0.0,0.0,0.0,0.0,0.0,0.0,568.3159331220086
53,2.932820582998829,6.669951292002224,14.524576166997576,20.302916583001206,43.22633916599807,40.778844042000856,86.1738739579996,88.77051045899861,169.7595985830012,458.336761999999,101.87353591600186,80.96869587499896,150.29663729200183,40.07277554200118,71.67598183299924,24.328828542002157,121.82437970799947,10.484760583000025,11.948546833002183,4.6695312919982825,4.820029709000664,2.3146921250008745,2.108854000001884,1.1113213749995339,0.910164041997632,0.5955004159986856,0.20145762500033015,0.06840149999698042,0.006125874999270309,0.0011296249977021944,0.0003046669989998918,0.0,0.0,0.0,0.0,0.0,0.0,0.0,0.0,0.0,0.0,0.0,0.0,0.0,0.0,0.0,0.0,0.0,0.0,0.0,1561.757847207995
54,2.9323066670003755,4.759788082999876,5.008357082999282,4.479898917001265,31.097470791999513,57.7136628340013,48.045060791999276,17.158447166999395,42.80889204199775,18.12677037499816,28.896574957998382,33.231399333999434,19.766110666001623,15.373510375000478,54.856293624998216,59.14013520900335,25.90592608299994,30.748593708001863,16.594004792001215,11.80054270799883,5.432193082997401,3.387836999998399,2.2710725409997394,0.42070508300093934,0.6421302919989103,0.4712162080031703,0.04537825000079465,0.010062917001050664,0.0009805000008782372,9.404199954587966e-05,0.0,0.0,0.0,0.0,0.0,0.0,0.0,0.0,0.0,0.0,0.0,0.0,0.0,0.0,0.0,0.0,0.0,0.0,0.0,0.0,541.1254161260003
55,2.929897665999306,6.1676750000005995,19.903111916999478,27.87446112500038,29.346526375000394,65.07702941700336,57.81037945800199,126.8194122079949,60.561184083002445,70.73257812499651,222.09141054200154,62.69096762499976,50.201976666998235,30.03794674999517,18.125242709000304,2.144132957997499,7.25186300000496,13.06044424999709,287.22612633300014,7.507395209002425,6.226189374996466,4.254431499997736,1.925158250000095,0.8620957500024815,0.3642577499995241,0.11061116700147977,0.07009208299859893,0.017866333000711165,0.0005969590056338347,0.00010124999971594661,0.0,0.0,0.0,0.0,0.0,0.0,0.0,0.0,0.0,0.0,0.0,0.0,0.0,0.0,0.0,0.0,0.0,0.0,0.0,0.0,1181.391161833999
56,2.9251974580038222,4.760143624996999,4.979344042003504,3.131909291994816,8.837127666003653,25.799228083000344,33.55527458299912,85.12859350000508,52.7191502919959,31.317964791000122,43.7838149579984,60.34868595899752,59.804287334001856,29.232197958001052,11.387432874995284,17.36839329200302,10.82016379199922,8.594175749996793,12.09045962500386,10.09365808399889,6.835298750003858,2.7300265000012587,1.4929472079966217,0.5360076249999111,0.5763146659955964,0.15056941700458992,0.05469349999475526,0.006984915999055374,0.00086600000213366,0.00010429199755890295,0.0,0.0,0.0,0.0,0.0,0.0,0.0,0.0,0.0,0.0,0.0,0.0,0.0,0.0,0.0,0.0,0.0,0.0,0.0,0.0,529.0610158329946
57,4.0521294999998645,5.968014790996676,12.896245333002298,10.34791479199339,23.757447083000443,45.06979954200506,15.599776417002431,44.59935029200278,35.911333916999865,74.25241533399821,50.66308275000483,29.91228100000444,17.582765249993827,53.184674500000256,37.078862249996746,42.91690829199797,49.175397625003825,34.977851499999815,29.21096079199924,28.679588167004113,15.144030458999623,5.763997165995534,1.499175707998802,0.5838358749970212,1.2057707909989404,0.20342158399580512,0.051794082995911594,0.006197583999892231,0.0010634999998728745,0.0003027499988093041,0.0,0.0,0.0,0.0,0.0,0.0,0.0,0.0,0.0,0.0,0.0,0.0,0.0,0.0,0.0,0.0,0.0,0.0,0.0,0.0,670.2963886269863
58,3.005622291006148,4.840620333001425,4.99290275000385,4.465871374995913,30.89469745799579,57.56634124999982,47.24509804200352,39.67525575000036,16.704401791997952,43.935895416994754,27.005724666996684,22.876105458002712,14.63517279199732,34.31324662500265,11.425663624999288,11.918415874999482,24.27785812500224,22.155656167000416,13.82308387500234,14.624241792000248,8.786251166995498,4.080977833000361,1.7931647500008694,0.6501055830012774,0.44531754199852003,0.3221144170020125,0.14692045799893094,0.09561333299643593,0.03398183300305391,0.004548791999695823,0.00040825000178301707,9.89580003079027e-05,0.0,0.0,0.0,0.0,0.0,0.0,0.0,0.0,0.0,0.0,0.0,0.0,0.0,0.0,0.0,0.0,0.0,0.0,466.74137837500166
59,4.054994833000819,6.460364124999614,14.18640383300226,20.487651750001532,15.367973625005106,41.78984612500062,56.05433504100074,48.61541995800508,30.457052208999812,9.648978582998097,23.201704665996658,11.965688791999128,46.99455250000028,24.1519582500041,39.3437463750015,29.3884216669976,20.46998908399837,19.46300204200088,20.34524762500223,8.356190958002117,8.992183083006239,2.542620792002708,0.6344094169980963,0.5732243339953129,0.22314420800103107,0.2342865000027814,0.12401633399713319,0.055586499998753425,0.01856654099537991,0.002942749997600913,0.00041891699947882444,0.00010145799751626328,0.0,0.0,0.0,0.0,0.0,0.0,0.0,0.0,0.0,0.0,0.0,0.0,0.0,0.0,0.0,0.0,0.0,0.0,504.2050228750086
60,4.333827624999685,6.238298584001313,17.96865662500204,25.004037833001348,16.87546745799773,20.535763416999544,9.130494125005498,39.45668491700053,37.01564520800457,32.291430375000346,19.281263875003788,13.272531374997925,14.449312167002063,11.735837209002057,12.16809933300101,15.264457249999396,3.7019847499977914,5.973186750001332,2.242440916998021,1.417799416994967,1.532322707993444,1.373415041998669,1.460829666997597,0.7887756659984007,0.8002977079959237,0.43725650000124006,0.07089995799469762,0.032626333995722234,0.004535624997515697,0.0008642920001875609,0.00012320799578446895,0.0,0.0,0.0,0.0,0.0,0.0,0.0,0.0,0.0,0.0,0.0,0.0,0.0,0.0,0.0,0.0,0.0,0.0,0.0,314.85916591798014

total time per move x,175.9707748320177, 327.42942833299173, 643.1611543690069, 989.1056079570025, 1470.2921087449954, 1886.491765921025, 2478.55294816302, 3587.3256748780077, 3269.7306342109987, 3465.8748419549756, 2950.3811356670003, 2894.091454126001, 2338.442432206015, 1787.561866252012, 1708.96177662599, 1405.2140515040082, 1353.612333667004, 938.9116669179944, 934.1096006240057, 788.3777313750045, 313.93838283697926, 226.9044124640103, 167.27254670298453, 99.29209616599383, 57.169201663986314, 24.52252741600944, 10.909566958970004, 3.5505378309858315, 0.8910472940106047, 0.11475629400115395, 0.016643626992845384, 0.0023002909983915742, 0.00022116600166555145, 0.0, 0.0, 0.0, 0.0, 0.0, 0.0, 0.0, 0.0, 0.0, 0.0, 0.0, 0.0, 0.0, 0.0, 0.0, 0.0, 0.0, 36298.18322904101
number move x executed,60,60,60,60,60,60,60,60,60,60,60,60,60,60,59,59,59,59,59,59,59,59,59,59,59,59,59,59,58,58,38,15,2,0,0,0,0,0,0,0,0,0,0,0,0,0,0,0,0,0,60
average time per move x,2.932846247200295,5.457157138883195,10.719352572816781,16.48509346595004,24.504868479083257,31.441529432017084,41.309215802717,59.7887612479668,54.49551057018331,57.76458069924959,49.17301892778334,48.23485756876668,38.974040536766914,29.792697770866866,28.965453841118475,23.817187313627258,22.942581926559388,15.913757066406683,15.832366112271282,13.362334430084822,5.320989539609818,3.8458374993900053,2.8351279102200766,1.682916884169387,0.9689695197285816,0.4156360578984651,0.1849079145588136,0.0601786073048446,0.015362884379493184,0.0019785567931233437,0.00043799018402224696,0.00015335273322610496,0.00011058300083277572,0.0,0.0,0.0,0.0,0.0,0.0,0.0,0.0,0.0,0.0,0.0,0.0,0.0,0.0,0.0,0.0,0.0,604.9697204840169
std movetime at move x,0.6681188651928256,1.2228408475938637,4.025500229949077,7.311889380923836,9.643639196257947,13.703627507560732,19.376169879243406,89.39009719500015,55.028248685261374,64.3102671881323,39.13765018223544,57.234884719102794,38.002102603548614,21.239780556532406,19.404157664137017,16.811046633133333,20.870439934053444,10.82495240805659,36.823857593552106,40.35150444197518,3.5713421976769464,3.128058946283443,4.097656535905157,2.587491231182515,0.748509691872999,0.3520842300127746,0.18967340853464595,0.08118081816294097,0.046975391450100296,0.004436078210593922,0.0008717732974720633,0.0002921291177763105,0.0008423253108407153,0.0,0.0,0.0,0.0,0.0,0.0,0.0,0.0,0.0,0.0,0.0,0.0,0.0,0.0,0.0,0.0,0.0,268.8768415530707,
