Contains move time for player Edax1; opponent is MCTSMaxIter2
Colums refer to move number, rows to game number
game,1,2,3,4,5,6,7,8,9,10,11,12,13,14,15,16,17,18,19,20,21,22,23,24,25,26,27,28,29,30,31,32,33,34,35,36,37,38,39,40,41,42,43,44,45,46,47,48,49,50,total
1,0.3898400589823723,0.10746170207858086,0.1203077845275402,0.11963118985295296,0.11569877341389656,0.11876142397522926,0.11939621344208717,0.11861032247543335,0.11910878121852875,0.1185363233089447,0.118667833507061,0.10989166423678398,0.1178835891187191,0.1184225082397461,0.11767353117465973,0.1170821338891983,0.11784646287560463,0.11786478012800217,0.10693635046482086,0.11719502881169319,0.11708742007613182,0.11731366813182831,0.1086445115506649,0.10354596748948097,0.10335111990571022,0.10334527865052223,0.10307158529758453,0.11628208309412003,0.11647535488009453,0.10251852124929428,0.10922433063387871,0.1152368076145649,0.00042304396629333496,0.0,0.0,0.0,0.0,0.0,0.0,0.0,0.0,0.0,0.0,0.0,0.0,0.0,0.0,0.0,0.0,0.0,3.923336148262024
2,0.5190739519894123,0.1199302040040493,0.11956004425883293,0.11935782805085182,0.11906347051262856,0.11985477805137634,0.10995419695973396,0.1189483180642128,0.12736425548791885,0.1185230016708374,0.11909297853708267,0.11778097972273827,0.1178368404507637,0.11802854016423225,0.11805536597967148,0.11266135424375534,0.11823521554470062,0.11728694662451744,0.11688847467303276,0.11984468996524811,0.11637356132268906,0.11615287885069847,0.10847210139036179,0.10348563641309738,0.11635953933000565,0.10933446511626244,0.1045822985470295,0.1095452532172203,0.11059264466166496,0.10286905243992805,0.1020364984869957,0.000155620276927948,0.0,0.0,0.0,0.0,0.0,0.0,0.0,0.0,0.0,0.0,0.0,0.0,0.0,0.0,0.0,0.0,0.0,0.0,3.967300985008478
3,0.3468616418540478,0.1198214665055275,0.11967794224619865,0.11949540302157402,0.11927156895399094,0.11890063807368279,0.11883656308054924,0.11860864609479904,0.11935986950993538,0.11854825541377068,0.11800260841846466,0.1176537312567234,0.11848301067948341,0.11804189905524254,0.11793757975101471,0.11809361353516579,0.11780548840761185,0.11950797587633133,0.11753856390714645,0.11682947352528572,0.10879954695701599,0.10569800063967705,0.10630957782268524,0.10633321106433868,0.10637661814689636,0.11531936004757881,0.1031157448887825,0.10902534052729607,0.10282399505376816,0.1058124378323555,0.10341411456465721,0.0003097169101238251,0.0,0.0,0.0,0.0,0.0,0.0,0.0,0.0,0.0,0.0,0.0,0.0,0.0,0.0,0.0,0.0,0.0,0.0,3.7726136036217213
4,0.3088720664381981,0.12033966556191444,0.11930297687649727,0.11912256479263306,0.12008117139339447,0.12009937688708305,0.1191088929772377,0.11969168111681938,0.11902571469545364,0.11849897727370262,0.11899081245064735,0.11797431483864784,0.11405031383037567,0.11751250550150871,0.11746212467551231,0.11818189546465874,0.11797118186950684,0.11765199154615402,0.10515843704342842,0.11680509150028229,0.11595156788825989,0.1063232310116291,0.10584823787212372,0.10585368797183037,0.10508595779538155,0.10542155429720879,0.115620918571949,0.11583083868026733,0.11497386917471886,0.10229941830039024,0.10213630273938179,0.10223786160349846,0.00033556297421455383,0.0,0.0,0.0,0.0,0.0,0.0,0.0,0.0,0.0,0.0,0.0,0.0,0.0,0.0,0.0,0.0,0.0,3.8438207656145096
5,0.39607564359903336,0.12227567657828331,0.12044284492731094,0.10736726224422455,0.11973464861512184,0.11959371343255043,0.11961609497666359,0.11929498985409737,0.11884798482060432,0.11874789744615555,0.11889351159334183,0.11910583078861237,0.11826319620013237,0.11793342232704163,0.11764128133654594,0.11723871156573296,0.11742722243070602,0.11690281704068184,0.11659124121069908,0.11644730344414711,0.11610207334160805,0.10636058449745178,0.11663512513041496,0.10534540936350822,0.1050352193415165,0.10683397948741913,0.10928093269467354,0.1036706492304802,0.1022266186773777,0.10236359015107155,0.10245224833488464,0.0003288388252258301,0.0,0.0,0.0,0.0,0.0,0.0,0.0,0.0,0.0,0.0,0.0,0.0,0.0,0.0,0.0,0.0,0.0,0.0,3.8150765635073185
6,0.11980476602911949,0.11976639181375504,0.11974413692951202,0.11958840861916542,0.11901488900184631,0.1190926693379879,0.11711828783154488,0.11860848218202591,0.1181035004556179,0.11845191195607185,0.11853576824069023,0.11842046678066254,0.12509676069021225,0.1188695952296257,0.11809683218598366,0.11694619059562683,0.11796273291110992,0.11666371673345566,0.10761677473783493,0.10684457421302795,0.10680630058050156,0.10644225403666496,0.10689828917384148,0.10581493377685547,0.10508397594094276,0.10505726560950279,0.10467211157083511,0.10431643575429916,0.10406829789280891,0.0020819343626499176,0.0,0.0,0.0,0.0,0.0,0.0,0.0,0.0,0.0,0.0,0.0,0.0,0.0,0.0,0.0,0.0,0.0,0.0,0.0,0.0,3.3055886551737785
7,0.12021339312195778,0.11932063475251198,0.12006719037890434,0.11903956532478333,0.11877309530973434,0.11868168786168098,0.11893205717206001,0.11871811002492905,0.11883117631077766,0.10610589757561684,0.11840849369764328,0.11806666105985641,0.10551337897777557,0.11805631220340729,0.12892960011959076,0.11852707713842392,0.11747381836175919,0.10776382312178612,0.10749294236302376,0.1167731061577797,0.10554511472582817,0.11121602356433868,0.10413302108645439,0.10414677113294601,0.10406520217657089,0.11583247035741806,0.10318573564291,0.11560993641614914,0.10293921083211899,0.11532304435968399,0.10234114155173302,0.1023145280778408,0.1023244671523571,0.00013045966625213623,0.0,0.0,0.0,0.0,0.0,0.0,0.0,0.0,0.0,0.0,0.0,0.0,0.0,0.0,0.0,0.0,3.7247951477766037
8,0.11962917447090149,0.12049606442451477,0.11955732479691505,0.10705320164561272,0.1198788620531559,0.11872470751404762,0.11916471645236015,0.11915688961744308,0.1104094348847866,0.11794662475585938,0.10674937069416046,0.11789819970726967,0.11772164702415466,0.11851955950260162,0.1190691813826561,0.1176934614777565,0.1107339896261692,0.1129179373383522,0.11620589718222618,0.10746174305677414,0.10438848659396172,0.10364603996276855,0.10346586629748344,0.103072639554739,0.10299137979745865,0.10292339697480202,0.1026063971221447,0.10247232764959335,0.10238578543066978,0.11425936594605446,0.10215780511498451,0.00014857575297355652,0.0,0.0,0.0,0.0,0.0,0.0,0.0,0.0,0.0,0.0,0.0,0.0,0.0,0.0,0.0,0.0,0.0,0.0,3.4615060538053513
9,0.1194767951965332,0.119735486805439,0.11928504332900047,0.11948193982243538,0.11980603635311127,0.11889816075563431,0.12795522063970566,0.11892497912049294,0.11878064274787903,0.1129472479224205,0.11092028766870499,0.11849557980895042,0.11826859787106514,0.1084572896361351,0.10629133507609367,0.11322278529405594,0.10554764419794083,0.10937166213989258,0.11236175149679184,0.10472583025693893,0.10376101732254028,0.1166185662150383,0.1037314385175705,0.10335926711559296,0.10315150022506714,0.1036343052983284,0.10289420560002327,0.10284629464149475,0.10316403582692146,0.11558706313371658,0.0012958571314811707,0.0,0.0,0.0,0.0,0.0,0.0,0.0,0.0,0.0,0.0,0.0,0.0,0.0,0.0,0.0,0.0,0.0,0.0,0.0,3.362997867166996
10,0.12026682496070862,0.11875807121396065,0.11931082233786583,0.11915917322039604,0.10668810084462166,0.11897371336817741,0.11881332471966743,0.11852022260427475,0.11862847581505775,0.11797796562314034,0.10640578344464302,0.11798001825809479,0.11857429146766663,0.11757303401827812,0.12192944064736366,0.11782946810126305,0.1175742968916893,0.11675423011183739,0.12335117161273956,0.11651278287172318,0.10955081507563591,0.11239225044846535,0.10400927811861038,0.1151437945663929,0.1077565886080265,0.1110142320394516,0.10239672288298607,0.10310713946819305,0.11435168609023094,0.11578022316098213,0.00025748834013938904,0.00012546777725219727,0.0,0.0,0.0,0.0,0.0,0.0,0.0,0.0,0.0,0.0,0.0,0.0,0.0,0.0,0.0,0.0,0.0,0.0,3.4474668987095356
11,0.3547683581709862,0.11980476602911949,0.11939235404133797,0.11957939714193344,0.11860163137316704,0.11902299895882607,0.1185433492064476,0.11904312297701836,0.107350654900074,0.118849728256464,0.11801018565893173,0.10653669759631157,0.1060095950961113,0.11759045720100403,0.12354400753974915,0.11739165708422661,0.10707054659724236,0.10445862635970116,0.1042211726307869,0.10416441783308983,0.10429421439766884,0.10469618439674377,0.10591845959424973,0.11654440686106682,0.11842519789934158,0.10338994860649109,0.10366826876997948,0.1029498539865017,0.11343640089035034,0.10271267965435982,0.1051056981086731,0.10279473662376404,0.000366847962141037,0.00027008727192878723,0.0001259930431842804,0.0,0.0,0.0,0.0,0.0,0.0,0.0,0.0,0.0,0.0,0.0,0.0,0.0,0.0,0.0,3.808652702718973
12,0.4073203355073929,0.12067990005016327,0.11971970647573471,0.11959266290068626,0.1187557503581047,0.1192292720079422,0.11910538747906685,0.11868028715252876,0.1190163902938366,0.1180737353861332,0.11801429465413094,0.1310228630900383,0.11799092218279839,0.11745718866586685,0.117466039955616,0.12059007585048676,0.10824903473258018,0.11958235874772072,0.11731167882680893,0.11636123806238174,0.11626791954040527,0.11722005158662796,0.11036638543009758,0.11765602976083755,0.10590400919318199,0.10476331785321236,0.10381883382797241,0.10467890277504921,0.12519439309835434,0.10281245782971382,0.10330093279480934,0.10267692431807518,0.10599013045430183,0.00016823410987854004,0.0,0.0,0.0,0.0,0.0,0.0,0.0,0.0,0.0,0.0,0.0,0.0,0.0,0.0,0.0,0.0,4.085037644952536
13,0.40999219566583633,0.11586244404315948,0.11926836520433426,0.11608937755227089,0.10779838636517525,0.11942480877041817,0.10687372088432312,0.1198560893535614,0.11888613179326057,0.11918683722615242,0.11870447918772697,0.11829714104533195,0.11817681044340134,0.1178823970258236,0.11867022514343262,0.11974488943815231,0.10618763044476509,0.11756806075572968,0.10565412417054176,0.10455415397882462,0.10430127382278442,0.10490100830793381,0.10417569428682327,0.11172708868980408,0.11286189779639244,0.1037280522286892,0.10431211441755295,0.10345170274376869,0.11706312373280525,0.15345469489693642,0.11041471734642982,0.11509658023715019,0.0009620077908039093,0.0,0.0,0.0,0.0,0.0,0.0,0.0,0.0,0.0,0.0,0.0,0.0,0.0,0.0,0.0,0.0,0.0,3.9451282247900963
14,0.4341442659497261,0.1203441470861435,0.11088759079575539,0.12661762163043022,0.11953219398856163,0.10645594075322151,0.11891308799386024,0.11840333044528961,0.11851504817605019,0.11877080425620079,0.11831724643707275,0.11849656701087952,0.10654357448220253,0.10686348378658295,0.11788612231612206,0.11233089864253998,0.10742459073662758,0.10765160992741585,0.10472492501139641,0.1164744384586811,0.10669165477156639,0.10640818625688553,0.10499926283955574,0.11764871701598167,0.11540732905268669,0.10449128225445747,0.10337383300065994,0.11520199850201607,0.10244685038924217,0.10216758400201797,0.10229894518852234,0.10222837701439857,0.0002846643328666687,0.0,0.0,0.0,0.0,0.0,0.0,0.0,0.0,0.0,0.0,0.0,0.0,0.0,0.0,0.0,0.0,0.0,3.892946172505617
15,0.3862535320222378,0.12004819139838219,0.10809013620018959,0.11956830695271492,0.10772637650370598,0.11975786089897156,0.11957944557070732,0.11861974000930786,0.11897353082895279,0.11920115351676941,0.1182720810174942,0.10545504465699196,0.11850303038954735,0.11767538264393806,0.1054236963391304,0.11786794289946556,0.11391352862119675,0.1049145981669426,0.11732004582881927,0.11542711406946182,0.11659325659275055,0.11593431234359741,0.11600513756275177,0.11619299650192261,0.10329245030879974,0.11516397446393967,0.11531800404191017,0.11488283053040504,0.11479956656694412,0.1022934801876545,0.00027601420879364014,0.0,0.0,0.0,0.0,0.0,0.0,0.0,0.0,0.0,0.0,0.0,0.0,0.0,0.0,0.0,0.0,0.0,0.0,0.0,3.7033427618443966
16,0.12046686932444572,0.11954449489712715,0.10766924545168877,0.11885219067335129,0.1191064603626728,0.11898438632488251,0.10880612209439278,0.11893532052636147,0.1185750812292099,0.11795993521809578,0.1190597340464592,0.10577169805765152,0.117613285779953,0.11761850863695145,0.11728876084089279,0.11789349094033241,0.11754026636481285,0.11731235682964325,0.11666760966181755,0.10642264410853386,0.1057698205113411,0.1035786084830761,0.11620359495282173,0.10550687834620476,0.10480157285928726,0.1157001219689846,0.10364646837115288,0.11529120802879333,0.11232905834913254,0.11505807936191559,0.11484476923942566,0.1151660718023777,0.00019161775708198547,0.0,0.0,0.0,0.0,0.0,0.0,0.0,0.0,0.0,0.0,0.0,0.0,0.0,0.0,0.0,0.0,0.0,3.6501763314008713
17,0.1204044297337532,0.10842464864253998,0.10885526984930038,0.11997517570853233,0.11960172280669212,0.11786511540412903,0.11813003197312355,0.11905258893966675,0.11582823097705841,0.11821125447750092,0.11874789744615555,0.1178695298731327,0.10653040185570717,0.10539178177714348,0.10541167855262756,0.10701681673526764,0.12359723076224327,0.1051265299320221,0.14477799087762833,0.11002247035503387,0.11551222577691078,0.10512614995241165,0.10441805422306061,0.10423174127936363,0.11590224131941795,0.11561218649148941,0.10255736857652664,0.0010789930820465088,0.0009568929672241211,0.0007608644664287567,0.000546921044588089,0.1143077053129673,0.0004073791205883026,0.0,0.0,0.0,0.0,0.0,0.0,0.0,0.0,0.0,0.0,0.0,0.0,0.0,0.0,0.0,0.0,0.0,3.192259520292282
18,0.11961660161614418,0.12020643055438995,0.11988654732704163,0.12044040113687515,0.1197144128382206,0.11951485648751259,0.11911119520664215,0.11922110617160797,0.11874302849173546,0.11815088987350464,0.10633770748972893,0.10638352856040001,0.11825145781040192,0.11817340925335884,0.10646938905119896,0.11924449354410172,0.11202144995331764,0.10718787461519241,0.10435599833726883,0.10735844820737839,0.10577749088406563,0.11554979532957077,0.10374308004975319,0.10603562369942665,0.1044611744582653,0.12122359499335289,0.11573822423815727,0.10376841202378273,0.10313783958554268,0.10279254987835884,0.10299820825457573,0.10301477089524269,0.11538219824433327,0.000527895987033844,0.0,0.0,0.0,0.0,0.0,0.0,0.0,0.0,0.0,0.0,0.0,0.0,0.0,0.0,0.0,0.0,3.7045400850474834
19,0.12132362276315689,0.12065914273262024,0.12032440677285194,0.12061240151524544,0.11947990208864212,0.1187298521399498,0.11947029083967209,0.11833857744932175,0.11860179156064987,0.11800876632332802,0.11938535049557686,0.12485183402895927,0.1188325509428978,0.11874789372086525,0.11733539402484894,0.11741585284471512,0.11782990396022797,0.10557250306010246,0.1164051927626133,0.11719204112887383,0.10635863989591599,0.11616815254092216,0.10430192574858665,0.10505659133195877,0.10442863777279854,0.11622907221317291,0.10231300070881844,0.104719378054142,0.10243897512555122,0.10364591330289841,0.0,0.0,0.0,0.0,0.0,0.0,0.0,0.0,0.0,0.0,0.0,0.0,0.0,0.0,0.0,0.0,0.0,0.0,0.0,0.0,3.434777557849884
20,0.11916757747530937,0.12044759467244148,0.11176775768399239,0.11355244368314743,0.11996615305542946,0.11880967020988464,0.11894423887133598,0.11198524758219719,0.10722409561276436,0.11877025291323662,0.10618232563138008,0.11878267675638199,0.11812659353017807,0.11780178174376488,0.11824626475572586,0.11706666648387909,0.1168118491768837,0.11750558391213417,0.11701633408665657,0.11749005690217018,0.11865350604057312,0.11637626215815544,0.10375364124774933,0.10340727865695953,0.1156470738351345,0.11485207825899124,0.10390349850058556,0.11444937810301781,0.11448224261403084,0.0001720711588859558,0.0,0.0,0.0,0.0,0.0,0.0,0.0,0.0,0.0,0.0,0.0,0.0,0.0,0.0,0.0,0.0,0.0,0.0,0.0,0.0,3.331362195312977
21,0.37489481642842293,0.12033301219344139,0.11948855221271515,0.12014290690422058,0.11975104734301567,0.11978187412023544,0.11869722604751587,0.11851805821061134,0.11825622618198395,0.11832431703805923,0.10660072416067123,0.11849851161241531,0.11764273047447205,0.11822374165058136,0.11761825159192085,0.10998165979981422,0.10787315294146538,0.10798736289143562,0.10770897939801216,0.10755076259374619,0.10693196579813957,0.1164841391146183,0.11604536324739456,0.10475200414657593,0.1060103066265583,0.1040596291422844,0.10427159816026688,0.10785350948572159,0.11193667724728584,0.10527125000953674,0.1029227115213871,0.0009010359644889832,0.10211249813437462,0.00031330808997154236,0.0,0.0,0.0,0.0,0.0,0.0,0.0,0.0,0.0,0.0,0.0,0.0,0.0,0.0,0.0,0.0,3.8577399104833603
22,0.3914206549525261,0.11997542157769203,0.12023286893963814,0.11934025213122368,0.12002383917570114,0.11892980709671974,0.11863060668110847,0.11885388195514679,0.11885244771838188,0.11901083588600159,0.11807360500097275,0.1100379005074501,0.11277633160352707,0.12030712887644768,0.10928051918745041,0.10524201393127441,0.1177239641547203,0.12165112793445587,0.12164432182908058,0.10775043070316315,0.11979017779231071,0.10781299322843552,0.11575160175561905,0.10609820112586021,0.004817929118871689,0.0,0.0,0.0,0.0,0.0,0.0,0.0,0.0,0.0,0.0,0.0,0.0,0.0,0.0,0.0,0.0,0.0,0.0,0.0,0.0,0.0,0.0,0.0,0.0,0.0,3.064028862863779
23,0.37631772458553314,0.12020402029156685,0.11983536556363106,0.12006431072950363,0.11996670067310333,0.11876096203923225,0.12018968164920807,0.11880267411470413,0.12226693332195282,0.1184992715716362,0.11839763820171356,0.11029892787337303,0.11862439289689064,0.11846376582980156,0.12886788696050644,0.11790749430656433,0.11703663691878319,0.10810600221157074,0.11694145202636719,0.10728359967470169,0.1072644554078579,0.10665667057037354,0.11597176641225815,0.10907594487071037,0.10447369143366814,0.1045401580631733,0.10529710724949837,0.10377417504787445,0.10437525808811188,0.0022523291409015656,0.0,0.0,0.0,0.0,0.0,0.0,0.0,0.0,0.0,0.0,0.0,0.0,0.0,0.0,0.0,0.0,0.0,0.0,0.0,0.0,3.5805169977247715
24,0.35181793570518494,0.12046466022729874,0.11906824633479118,0.11927960813045502,0.11954750120639801,0.11914582177996635,0.11872248724102974,0.1189395822584629,0.11904336512088776,0.1185905747115612,0.11842766404151917,0.11847691982984543,0.12871316447854042,0.11778634041547775,0.10868113115429878,0.10836398601531982,0.10819007456302643,0.10805684700608253,0.10538870468735695,0.10712486505508423,0.10725666582584381,0.10568749904632568,0.11628799885511398,0.10629290714859962,0.10584699735045433,0.10419082641601562,0.10325238481163979,0.10440315306186676,0.10405517742037773,0.10427096113562584,0.11520041152834892,0.1031205877661705,0.10244517400860786,0.00032863393425941467,0.0,0.0,0.0,0.0,0.0,0.0,0.0,0.0,0.0,0.0,0.0,0.0,0.0,0.0,0.0,0.0,3.9364688582718372
25,0.4136160537600517,0.11920471489429474,0.12006586045026779,0.11967845261096954,0.11918044835329056,0.11962774395942688,0.11890148371458054,0.11890383064746857,0.11963774263858795,0.11906473711133003,0.11798884719610214,0.11774195358157158,0.10950367152690887,0.10915523767471313,0.1182573027908802,0.108489278703928,0.11797961220145226,0.11711888760328293,0.10701717436313629,0.10706202685832977,0.10656782612204552,0.11635290831327438,0.11581297591328621,0.11807915568351746,0.10502753406763077,0.1174236312508583,0.10459355264902115,0.10391784086823463,0.10396509990096092,0.10366960614919662,0.10312683507800102,0.1030409075319767,0.10279350355267525,0.0009016692638397217,0.0,0.0,0.0,0.0,0.0,0.0,0.0,0.0,0.0,0.0,0.0,0.0,0.0,0.0,0.0,0.0,4.023468106985092
26,0.1198640689253807,0.1204165443778038,0.11915624141693115,0.10690474510192871,0.11547769233584404,0.11933637410402298,0.1185014583170414,0.11904322728514671,0.11895955726504326,0.10579219460487366,0.11821423843502998,0.1051723025739193,0.11793989315629005,0.1052977591753006,0.1181613989174366,0.11726602911949158,0.105832040309906,0.1046021394431591,0.10767260566353798,0.1043144129216671,0.10653186962008476,0.10355505347251892,0.10363034531474113,0.10538733005523682,0.10409354045987129,0.1041613444685936,0.10272762179374695,0.10319861024618149,0.10312206670641899,0.10221810266375542,0.0,0.0,0.0,0.0,0.0,0.0,0.0,0.0,0.0,0.0,0.0,0.0,0.0,0.0,0.0,0.0,0.0,0.0,0.0,0.0,3.306550808250904
27,0.11948474124073982,0.11929339170455933,0.11941961199045181,0.11926572769880295,0.11921564117074013,0.1166277825832367,0.11841558665037155,0.11864372715353966,0.11867951601743698,0.11852168291807175,0.11831945180892944,0.11802775412797928,0.1174595057964325,0.11880641803145409,0.11725017800927162,0.1172058992087841,0.10856783390045166,0.11660158634185791,0.10757233202457428,0.10561546683311462,0.11511752754449844,0.11664311215281487,0.10324453189969063,0.10493376478552818,0.11693939566612244,0.104760080575943,0.10277565196156502,0.10348096489906311,0.10319660231471062,0.10235059261322021,0.10207836702466011,0.0,0.0,0.0,0.0,0.0,0.0,0.0,0.0,0.0,0.0,0.0,0.0,0.0,0.0,0.0,0.0,0.0,0.0,0.0,3.508514426648617
28,0.11880504339933395,0.11951166018843651,0.11853155493736267,0.11898244917392731,0.11876006051898003,0.11949367821216583,0.11851475387811661,0.11796648427844048,0.11772800981998444,0.11847436428070068,0.1177307665348053,0.11711081862449646,0.11745118349790573,0.11743970960378647,0.10919394716620445,0.11712903901934624,0.10780129581689835,0.10759010165929794,0.10732309147715569,0.10693055391311646,0.10435184091329575,0.1061447486281395,0.10574070364236832,0.10569318756461143,0.10534572973847389,0.10506994277238846,0.1047895960509777,0.002635817974805832,0.0,0.0,0.0,0.0,0.0,0.0,0.0,0.0,0.0,0.0,0.0,0.0,0.0,0.0,0.0,0.0,0.0,0.0,0.0,0.0,0.0,0.0,3.0522401332855225
29,0.11886397376656532,0.11902441456913948,0.11873340606689453,0.11880917847156525,0.11978788301348686,0.11851520836353302,0.11764808744192123,0.11878428235650063,0.11873352155089378,0.11784958839416504,0.11783329397439957,0.11743561178445816,0.11790012195706367,0.10895687341690063,0.10877761989831924,0.10877088829874992,0.10886835679411888,0.10453818365931511,0.10803567618131638,0.10762650892138481,0.10761871561408043,0.10725793242454529,0.10646693035960197,0.1061810739338398,0.10607372596859932,0.11284585669636726,0.10308024659752846,0.10279472544789314,0.10250306501984596,0.10369125753641129,0.1034134216606617,0.0006385147571563721,0.10211246833205223,0.0005006417632102966,0.0,0.0,0.0,0.0,0.0,0.0,0.0,0.0,0.0,0.0,0.0,0.0,0.0,0.0,0.0,0.0,3.560671254992485
30,0.12018837034702301,0.11883482709527016,0.1195845864713192,0.11805219948291779,0.11872636154294014,0.11875079572200775,0.11881327629089355,0.11786581203341484,0.11836037039756775,0.11833204701542854,0.11853385344147682,0.11770342290401459,0.11748064309358597,0.10603158175945282,0.10468131303787231,0.1047598384320736,0.10427635163068771,0.10421876981854439,0.10378265380859375,0.10370215773582458,0.10621180012822151,0.10598528757691383,0.10579723864793777,0.10552212595939636,0.10509760677814484,0.10478699952363968,0.10432169958949089,0.10394207015633583,0.1035371869802475,0.1034599281847477,0.10227465257048607,0.10282783210277557,0.0007208138704299927,0.00044477730989456177,0.0,0.0,0.0,0.0,0.0,0.0,0.0,0.0,0.0,0.0,0.0,0.0,0.0,0.0,0.0,0.0,3.5276092514395714
31,0.3545926734805107,0.11893335729837418,0.11893932893872261,0.11791220679879189,0.11856286227703094,0.11862721294164658,0.1179780401289463,0.10587052255868912,0.10578348115086555,0.11861295998096466,0.11804124712944031,0.11706311628222466,0.11719774827361107,0.11707079038023949,0.1169721893966198,0.11702169850468636,0.1041664257645607,0.11674224585294724,0.11629978939890862,0.10363160818815231,0.10618361830711365,0.10590850189328194,0.10574789717793465,0.10528984293341637,0.10286213830113411,0.10445639118552208,0.10400732606649399,0.10380621254444122,0.10235463082790375,0.10281939804553986,0.10246039927005768,0.10191100463271141,0.000260867178440094,0.0,0.0,0.0,0.0,0.0,0.0,0.0,0.0,0.0,0.0,0.0,0.0,0.0,0.0,0.0,0.0,0.0,3.788087733089924
32,0.30005647987127304,0.11892504245042801,0.11878450214862823,0.11898689344525337,0.11820244789123535,0.11829878389835358,0.11829713732004166,0.11822826787829399,0.1177448108792305,0.11786618083715439,0.11822646483778954,0.11689149588346481,0.11704012751579285,0.11760325357317924,0.1169392466545105,0.10469027236104012,0.10423832759261131,0.11594027280807495,0.1077064722776413,0.10359348729252815,0.10671607404947281,0.10654484108090401,0.10622929036617279,0.11598721891641617,0.1053626500070095,0.10508706420660019,0.1050497330725193,0.10422025993466377,0.10383633524179459,0.10321256890892982,0.10282451286911964,0.10223938897252083,0.10218507423996925,0.0003219097852706909,0.0,0.0,0.0,0.0,0.0,0.0,0.0,0.0,0.0,0.0,0.0,0.0,0.0,0.0,0.0,0.0,3.8580768890678883
33,0.29597262665629387,0.11853772029280663,0.11907728761434555,0.11856015026569366,0.11825459077954292,0.11796318739652634,0.11902182176709175,0.11855247244238853,0.11789445579051971,0.11820348352193832,0.11753034219145775,0.11782772094011307,0.1175500713288784,0.11713378876447678,0.10840808972716331,0.11694701015949249,0.11637669801712036,0.1169513501226902,0.10365909710526466,0.11549049243330956,0.10332909226417542,0.11551171913743019,0.10310426726937294,0.10500416159629822,0.10457849130034447,0.10415632650256157,0.10223124921321869,0.10326692089438438,0.10304426401853561,0.10282396525144577,0.0007291920483112335,0.0004456155002117157,0.0,0.0,0.0,0.0,0.0,0.0,0.0,0.0,0.0,0.0,0.0,0.0,0.0,0.0,0.0,0.0,0.0,0.0,3.558137722313404
34,0.2818497121334076,0.1189093105494976,0.11895906552672386,0.10814334452152252,0.10772973299026489,0.10784037783741951,0.10730220749974251,0.10758956521749496,0.10722672566771507,0.10705433413386345,0.10704156756401062,0.11727289482951164,0.1069137305021286,0.13706184178590775,0.10600221157073975,0.1064550168812275,0.10504412278532982,0.1057068221271038,0.10536282137036324,0.10438841581344604,0.10477279126644135,0.104061309248209,0.10373296216130257,0.10311853885650635,0.10317607596516609,0.10467753186821938,0.10410638153553009,0.10420425981283188,0.10365589335560799,0.10217310115695,0.000511758029460907,0.0,0.0,0.0,0.0,0.0,0.0,0.0,0.0,0.0,0.0,0.0,0.0,0.0,0.0,0.0,0.0,0.0,0.0,0.0,3.4120444245636463
35,0.30680184066295624,0.12486280500888824,0.11923132091760635,0.10833681374788284,0.1187167763710022,0.11797083914279938,0.10769147425889969,0.10728457570075989,0.10748006775975227,0.11195622757077217,0.10703254118561745,0.1068267747759819,0.12930528447031975,0.1177714467048645,0.10610383003950119,0.10610242933034897,0.10601840540766716,0.10811091214418411,0.10808994248509407,0.10566024482250214,0.10744873061776161,0.10659805685281754,0.10620158538222313,0.10390451177954674,0.10485891997814178,0.10552340745925903,0.10321970656514168,0.10320239514112473,0.10382385179400444,0.10394308716058731,0.10306636616587639,0.1039753407239914,0.10233476758003235,0.0003157518804073334,0.0,0.0,0.0,0.0,0.0,0.0,0.0,0.0,0.0,0.0,0.0,0.0,0.0,0.0,0.0,0.0,3.789771031588316
36,0.11879117414355278,0.10624387860298157,0.10617781430482864,0.11864348873496056,0.11867637187242508,0.11872433871030807,0.11771146208047867,0.1174340471625328,0.11807519569993019,0.11755508556962013,0.11772967502474785,0.11698474362492561,0.11709806695580482,0.10900154709815979,0.10868199542164803,0.10833209753036499,0.10813118889927864,0.10785236582159996,0.10753598436713219,0.10721171274781227,0.11639579012989998,0.10672879964113235,0.10636072605848312,0.10342473164200783,0.105434101074934,0.1029035747051239,0.10448770225048065,0.10434739291667938,0.10251553356647491,0.10223546996712685,0.1033756323158741,0.10302305221557617,0.1024574562907219,0.10220292583107948,0.0003095492720603943,0.0,0.0,0.0,0.0,0.0,0.0,0.0,0.0,0.0,0.0,0.0,0.0,0.0,0.0,0.0,3.7327946722507477
37,0.10621942207217216,0.11868508160114288,0.11938639730215073,0.10612321272492409,0.11818378046154976,0.1065785363316536,0.11858391389250755,0.10541554912924767,0.10519997775554657,0.11735500022768974,0.11852116137742996,0.10623062774538994,0.13072391971945763,0.11849924921989441,0.11760274320840836,0.11749258264899254,0.1055610217154026,0.11758176237344742,0.10803564637899399,0.10725314170122147,0.10745080932974815,0.10656969621777534,0.10682030022144318,0.10423965379595757,0.10362935811281204,0.10431259498000145,0.1045060083270073,0.10440002754330635,0.10279261320829391,0.10225434601306915,0.10287818312644958,0.102952029556036,0.00029496848583221436,0.0,0.0,0.0,0.0,0.0,0.0,0.0,0.0,0.0,0.0,0.0,0.0,0.0,0.0,0.0,0.0,0.0,3.5223333165049553
38,0.1216130331158638,0.11940645799040794,0.11960708349943161,0.11937854439020157,0.1190834753215313,0.11964906379580498,0.11882442235946655,0.11653070896863937,0.1158641092479229,0.11868026480078697,0.11850926652550697,0.11769197508692741,0.11861719191074371,0.1178014688193798,0.11828641220927238,0.11706013977527618,0.11709795519709587,0.1074739322066307,0.10757974907755852,0.10700765624642372,0.10683394968509674,0.10633866861462593,0.11669372022151947,0.10553552582859993,0.10597097501158714,0.10406335815787315,0.11564285680651665,0.11534560471773148,0.11486651003360748,0.10307461023330688,0.10313360765576363,0.10333920270204544,0.0003565587103366852,0.00045194849371910095,0.0,0.0,0.0,0.0,0.0,0.0,0.0,0.0,0.0,0.0,0.0,0.0,0.0,0.0,0.0,0.0,3.637410007417202
39,0.11997963488101959,0.1202990859746933,0.11956193670630455,0.11987131834030151,0.11950764432549477,0.12890099734067917,0.11913691833615303,0.11858844384551048,0.11863623559474945,0.11921074986457825,0.11863017454743385,0.1179916188120842,0.11728700622916222,0.11717541143298149,0.11731491610407829,0.1259993016719818,0.11783304065465927,0.10892301797866821,0.11716874688863754,0.11705801635980606,0.10710945725440979,0.11645612120628357,0.11647018790245056,0.10501454770565033,0.11518853530287743,0.10428988561034203,0.10367568954825401,0.11439840868115425,0.10274972021579742,0.1152309700846672,0.0,0.0,0.0,0.0,0.0,0.0,0.0,0.0,0.0,0.0,0.0,0.0,0.0,0.0,0.0,0.0,0.0,0.0,0.0,0.0,3.4796577394008636
40,0.12034943699836731,0.10742151364684105,0.11966942995786667,0.11961381882429123,0.11953567713499069,0.11882480978965759,0.12553759291768074,0.10893775522708893,0.11863717436790466,0.10586702078580856,0.1094239242374897,0.11820098385214806,0.11461534351110458,0.10544208809733391,0.10489656031131744,0.10703359916806221,0.11157424002885818,0.1166260801255703,0.11904239282011986,0.10394854098558426,0.10527895763516426,0.10415922477841377,0.11741390824317932,0.10457979515194893,0.11983613669872284,0.11579367145895958,0.10364875197410583,0.10296079143881798,0.10455343127250671,0.10247403383255005,0.11616652831435204,0.0006481148302555084,0.0,0.0,0.0,0.0,0.0,0.0,0.0,0.0,0.0,0.0,0.0,0.0,0.0,0.0,0.0,0.0,0.0,0.0,3.4727113284170628
41,0.31918060779571533,0.10946511849761009,0.1200743205845356,0.11922236904501915,0.11980114132165909,0.11967404559254646,0.11961502581834793,0.11851733922958374,0.1184837706387043,0.1190771609544754,0.10665010660886765,0.11774947866797447,0.1082470640540123,0.11799077317118645,0.10484156385064125,0.1064814142882824,0.10782242566347122,0.10779901221394539,0.11709712818264961,0.10531072318553925,0.11811544001102448,0.10592944920063019,0.10524037852883339,0.10472404584288597,0.10583996772766113,0.10482918098568916,0.10329179093241692,0.11509512737393379,0.11490817740559578,0.11445775628089905,0.11650990694761276,0.10204444825649261,0.00027443841099739075,0.0,0.0,0.0,0.0,0.0,0.0,0.0,0.0,0.0,0.0,0.0,0.0,0.0,0.0,0.0,0.0,0.0,3.7943606972694397
42,0.4373365119099617,0.120371975004673,0.11920339614152908,0.11932588368654251,0.1188415177166462,0.11921588331460953,0.11899448558688164,0.11981605738401413,0.10734302923083305,0.11899207904934883,0.11819040402770042,0.1178581714630127,0.11821913719177246,0.11398683488368988,0.12600980699062347,0.11970921605825424,0.1079597994685173,0.1171395517885685,0.1077394001185894,0.10596771165728569,0.11977222561836243,0.1049017645418644,0.11696524173021317,0.10612772777676582,0.1047145165503025,0.11638148128986359,0.11615229770541191,0.11690443009138107,0.1147632822394371,0.11324971169233322,0.1155712753534317,0.000156499445438385,0.0,0.0,0.0,0.0,0.0,0.0,0.0,0.0,0.0,0.0,0.0,0.0,0.0,0.0,0.0,0.0,0.0,0.0,3.897881306707859
43,0.7730105370283127,0.12017233297228813,0.1204330064356327,0.11989014968276024,0.11976568028330803,0.11873313784599304,0.11939173936843872,0.1190611831843853,0.11913087964057922,0.1259785145521164,0.10758469998836517,0.11823103949427605,0.11796409264206886,0.1202523522078991,0.10665691643953323,0.1097208745777607,0.10824235528707504,0.11780166998505592,0.11698345839977264,0.10613900795578957,0.10579302534461021,0.11734570562839508,0.10451235994696617,0.10360889881849289,0.10347038879990578,0.11614126339554787,0.10310333222150803,0.10284638404846191,0.11693400144577026,0.10401489958167076,0.10226762294769287,0.0004103519022464752,0.00020107999444007874,0.0,0.0,0.0,0.0,0.0,0.0,0.0,0.0,0.0,0.0,0.0,0.0,0.0,0.0,0.0,0.0,0.0,4.165792942047119
44,0.4691653847694397,0.11979708075523376,0.11976033076643944,0.10685137286782265,0.12800132855772972,0.14434590563178062,0.11981992423534393,0.11937181651592255,0.118276197463274,0.10700679942965508,0.11807139962911606,0.11480347067117691,0.12755607813596725,0.10631453990936279,0.11764871329069138,0.11739162728190422,0.11496207490563393,0.11166156083345413,0.10540878400206566,0.11449993401765823,0.10673292726278305,0.10393907129764557,0.10622290894389153,0.11643411591649055,0.10481226444244385,0.10485214367508888,0.11500880494713783,0.10269419848918915,0.10394800454378128,0.11474375054240227,0.10275277867913246,0.1152626983821392,0.00027688220143318176,0.0,0.0,0.0,0.0,0.0,0.0,0.0,0.0,0.0,0.0,0.0,0.0,0.0,0.0,0.0,0.0,0.0,3.998394872993231
45,0.4265085533261299,0.11971339583396912,0.11912598088383675,0.11978384479880333,0.11952997744083405,0.11963421106338501,0.1194096989929676,0.11927130818367004,0.11905983462929726,0.1185174398124218,0.11813066899776459,0.11871824041008949,0.1180230863392353,0.11762742698192596,0.12422344088554382,0.10759701952338219,0.11748567223548889,0.1060362420976162,0.117815051227808,0.11834500730037689,0.11819837242364883,0.10494611784815788,0.11637840420007706,0.10543155670166016,0.1159946545958519,0.11563229188323021,0.11508460342884064,0.10235470533370972,0.10282424837350845,0.11501050740480423,0.10228992253541946,0.0,0.0,0.0,0.0,0.0,0.0,0.0,0.0,0.0,0.0,0.0,0.0,0.0,0.0,0.0,0.0,0.0,0.0,0.0,3.8787014856934547
46,0.1199616976082325,0.11966947838664055,0.11936811730265617,0.10770182684063911,0.11916322633624077,0.11958158388733864,0.10780230909585953,0.11844503879547119,0.11869963258504868,0.11873109638690948,0.11861266568303108,0.11774782463908195,0.11835698410868645,0.10546686127781868,0.1174241378903389,0.11774159967899323,0.1048816405236721,0.11716967076063156,0.11714369803667068,0.10639075189828873,0.10555165633559227,0.10518022626638412,0.1160665899515152,0.1151929497718811,0.10282168537378311,0.10255555436015129,0.11518356949090958,0.10277575626969337,0.10250220820307732,0.00036052241921424866,0.0,0.0,0.0,0.0,0.0,0.0,0.0,0.0,0.0,0.0,0.0,0.0,0.0,0.0,0.0,0.0,0.0,0.0,0.0,0.0,3.2782505601644516
47,0.12042995914816856,0.12006485462188721,0.12006909772753716,0.11923535913228989,0.11911137029528618,0.1192716583609581,0.11864924058318138,0.11972276493906975,0.11639894917607307,0.11859865859150887,0.11894654110074043,0.11791175603866577,0.11742577701807022,0.10816819965839386,0.10600404441356659,0.10685089603066444,0.10508735105395317,0.10527580976486206,0.10444886982440948,0.10678918659687042,0.1067683957517147,0.10423537716269493,0.10597321018576622,0.10379785299301147,0.10650118812918663,0.1291663832962513,0.1335841603577137,0.10234169289469719,0.10225345566868782,0.10219908133149147,0.10920838266611099,0.00015905871987342834,0.0,0.0,0.0,0.0,0.0,0.0,0.0,0.0,0.0,0.0,0.0,0.0,0.0,0.0,0.0,0.0,0.0,0.0,3.4946485832333565
48,0.12010164931416512,0.119487464427948,0.11956031620502472,0.11901700496673584,0.11943968757987022,0.1190892718732357,0.11862170696258545,0.11893309652805328,0.1193404458463192,0.10621896013617516,0.11804962158203125,0.1178920827805996,0.10656819120049477,0.11796476319432259,0.11794344335794449,0.11726304143667221,0.11924022808670998,0.1115102469921112,0.11709829047322273,0.11702840775251389,0.11679258942604065,0.1169029138982296,0.11556922271847725,0.11547735705971718,0.11558493971824646,0.11590651422739029,0.11550864577293396,0.102354995906353,0.0005716010928153992,0.00025502219796180725,0.0,0.0,0.0,0.0,0.0,0.0,0.0,0.0,0.0,0.0,0.0,0.0,0.0,0.0,0.0,0.0,0.0,0.0,0.0,0.0,3.255291722714901
49,0.1203722134232521,0.11884025111794472,0.11959017440676689,0.10712029412388802,0.11944957822561264,0.11917314678430557,0.10708576813340187,0.11818958818912506,0.11923812702298164,0.11213494464755058,0.11876052245497704,0.12245563045144081,0.11827672272920609,0.11824768036603928,0.11740300804376602,0.10887297242879868,0.10836860164999962,0.1174219436943531,0.10445310920476913,0.10407648608088493,0.10669273510575294,0.10438872873783112,0.11460791528224945,0.10447736829519272,0.11631340906023979,0.11626116558909416,0.11556024849414825,0.1151849590241909,0.11490749940276146,0.00047709420323371887,0.00024164840579032898,0.00013422593474388123,0.0,0.0,0.0,0.0,0.0,0.0,0.0,0.0,0.0,0.0,0.0,0.0,0.0,0.0,0.0,0.0,0.0,0.0,3.3087777607142925
50,0.1123705767095089,0.10800880193710327,0.11926906183362007,0.11943910643458366,0.11986348032951355,0.11416880413889885,0.11888950318098068,0.11484929919242859,0.11867284774780273,0.11831707879900932,0.11765801906585693,0.11851146072149277,0.11816422268748283,0.11746658012270927,0.11769464612007141,0.1193830631673336,0.1177334226667881,0.11726252362132072,0.10737919062376022,0.11652418598532677,0.11697020009160042,0.11677737161517143,0.11776966601610184,0.10546167194843292,0.11607775092124939,0.11531740054488182,0.1163085587322712,0.10393927991390228,0.10346933454275131,0.0012966468930244446,0.0,0.0,0.0,0.0,0.0,0.0,0.0,0.0,0.0,0.0,0.0,0.0,0.0,0.0,0.0,0.0,0.0,0.0,0.0,0.0,3.3450137563049793

total time per move x,12.803509213030338,5.919004797935486,5.913081753998995,5.857853349298239,5.918151129037142,5.944611474871635,5.881771478801966,5.868149012327194,5.847877457737923,5.839861113578081,5.797159846872091,5.8121002577245235,5.8489113338291645,5.7851324044167995,5.748655315488577,5.70730147510767,5.601198401302099,5.611023984849453,5.5877312906086445,5.4961821511387825,5.485135588794947,5.464126218110323,5.454862881451845,5.3689564391970634,5.287143290042877,5.34801559150219,5.244547143578529,5.025823626667261,4.938252571970224,4.2982555963099,3.3781061097979546,2.223372492939234,1.045494470745325,0.10687824338674545,0.0004355423152446747,0,0,0,0,0,0,0,0,0,0,0,0,0,0,0,181.45867304876447
average time per move x,0.2560701842606068,0.11838009595870971,0.1182616350799799,0.11715706698596477,0.11836302258074284,0.11889222949743271,0.11763542957603931,0.11736298024654389,0.11695754915475845,0.11679722227156163,0.11594319693744183,0.11624200515449047,0.1169782266765833,0.115702648088336,0.11497310630977153,0.1141460295021534,0.11202396802604199,0.11222047969698906,0.1117546258121729,0.10992364302277564,0.10970271177589894,0.10928252436220647,0.10909725762903691,0.10737912878394126,0.10574286580085754,0.10914317533677938,0.1070315743587455,0.10256782911565838,0.10288026191604634,0.08954699158978958,0.08661810537943473,0.06539330861585982,0.04356226961438855,0.008221403337441958,0.00021777115762233734,nan,nan,nan,nan,nan,nan,nan,nan,nan,nan,nan,nan,nan,nan,nan,3.6291734609752893
std of time per move x,0.1543742462491221,0.0041062899526692585,0.0035782615964412316,0.004909772812524719,0.003586261065377152,0.004982624434035712,0.004309243843876461,0.0037148771577052,0.004583315257728105,0.004336660873915624,0.004670275956953802,0.005133046068904747,0.005604650000846022,0.005716294542347866,0.006558697037697067,0.005356445462682029,0.005566566951273135,0.005466835031672253,0.007450312153048363,0.005395361340605461,0.005308748163798858,0.005234913838555049,0.005394281526482522,0.004812711046191241,0.015466243368233133,0.006329496951741762,0.006377744006511953,0.02161241306620639,0.022324310466367396,0.0408952472356072,0.04102359780577223,0.05211368595159004,0.052254783179331445,0.028238598092291838,0.0001297938541673301,nan,nan,nan,nan,nan,nan,nan,nan,nan,nan,nan,nan,nan,nan,nan,0.272998730959251
err of average time,0.021831815272663237,0.000580717094210124,0.0005060426079405992,0.0006943467299643153,0.0005071739036866953,0.000704649505082487,0.0006094191087582858,0.0005253629658976709,0.0006481786598110622,0.0006132964623304232,0.0006604767598349052,0.0007259223366930993,0.0007926172043550822,0.0008084061268307656,0.0009275398302207435,0.0007575157819436752,0.0007872314478348319,0.0007731272245047249,0.001053633249075409,0.0007630193181787727,0.0007507703652467609,0.000740328614833915,0.0007628666094010224,0.000680620123330646,0.0021872571130318232,0.0009042138502488231,0.0009111062866445647,0.0030874875808866273,0.003222236664307499,0.00590272050001353,0.00656903297908073,0.008937423407258732,0.010666462950760944,0.007831977951459831,9.177811443805695e-05,nan,nan,nan,nan,nan,nan,nan,nan,nan,nan,nan,nan,nan,nan,nan,0.03860785078332165
