Contains move time for player Edax1; opponent is MCTSMaxIter3
Colums refer to move number, rows to game number
game,1,2,3,4,5,6,7,8,9,10,11,12,13,14,15,16,17,18,19,20,21,22,23,24,25,26,27,28,29,30,31,32,33,34,35,36,37,38,39,40,41,42,43,44,45,46,47,48,49,50,total
1,0.485749326646328,0.1196698360145092,0.11957425251603127,0.11923355609178543,0.11963123828172684,0.11889012902975082,0.11885494738817215,0.11920881643891335,0.11892104521393776,0.11844541877508163,0.11813390254974365,0.11810385435819626,0.11754695326089859,0.12678638100624084,0.11753538250923157,0.1179460883140564,0.11693713814020157,0.1204611137509346,0.10772404819726944,0.11793112382292747,0.10690661892294884,0.11682461947202682,0.10530229657888412,0.11792561039328575,0.11538077890872955,0.10516529902815819,0.11616232246160507,0.10431036725640297,0.10373270139098167,0.10373655706644058,0.10288599133491516,0.10215141996741295,0.00033000484108924866,0.0,0.0,0.0,0.0,0.0,0.0,0.0,0.0,0.0,0.0,0.0,0.0,0.0,0.0,0.0,0.0,0.0,4.038099139928818
2,0.4438408650457859,0.12094437330961227,0.11972120404243469,0.11905482411384583,0.11908546462655067,0.11975667253136635,0.11911380663514137,0.11921006813645363,0.11856866627931595,0.1061171405017376,0.11859293654561043,0.1188720129430294,0.11859012022614479,0.11806252971291542,0.11582954972982407,0.11720694974064827,0.11731244996190071,0.11742789670825005,0.11697890609502792,0.11652830243110657,0.10607147216796875,0.10404514521360397,0.11612975969910622,0.10420308262109756,0.10369057953357697,0.11615331470966339,0.10355459526181221,0.104240782558918,0.10299954563379288,0.10283369570970535,0.1028052568435669,0.10220029577612877,0.10208651050925255,0.00025927647948265076,0.0,0.0,0.0,0.0,0.0,0.0,0.0,0.0,0.0,0.0,0.0,0.0,0.0,0.0,0.0,0.0,4.052088052034378
3,0.42074891924858093,0.1198972687125206,0.119448721408844,0.1189408153295517,0.11926630884408951,0.11932290345430374,0.11942479386925697,0.11968185380101204,0.11833827197551727,0.11876744031906128,0.1096324734389782,0.11777029186487198,0.11485239118337631,0.11820374056696892,0.11406176164746284,0.11879361048340797,0.10531457513570786,0.11731462553143501,0.11603240668773651,0.12031811103224754,0.10967082530260086,0.12043146789073944,0.11676955595612526,0.10588891059160233,0.10670558735728264,0.10890218615531921,0.10797211527824402,0.11301597952842712,0.10469172894954681,0.10836656764149666,0.0006645731627941132,0.11489144712686539,0.00040547922253608704,0.11469049379229546,0.0001636222004890442,0.0,0.0,0.0,0.0,0.0,0.0,0.0,0.0,0.0,0.0,0.0,0.0,0.0,0.0,0.0,3.9793618246912956
4,0.40963132679462433,0.12006688117980957,0.11978277564048767,0.12012339383363724,0.12086699157953262,0.11615875735878944,0.11942963302135468,0.10697806254029274,0.11434803903102875,0.1191292330622673,0.11450214684009552,0.11887120455503464,0.11907649785280228,0.118360985070467,0.1179356575012207,0.11798910424113274,0.11729148775339127,0.11744255945086479,0.116901446133852,0.11335645988583565,0.11760665476322174,0.12016517296433449,0.11079075187444687,0.11395863443613052,0.10525715351104736,0.11544731631875038,0.11600691080093384,0.11115263774991035,0.11498752236366272,0.11465403065085411,0.10266226157546043,0.10398797318339348,0.00023098289966583252,0.0,0.0,0.0,0.0,0.0,0.0,0.0,0.0,0.0,0.0,0.0,0.0,0.0,0.0,0.0,0.0,0.0,3.985150646418333
5,0.37664370238780975,0.120049599558115,0.11981700733304024,0.11993572488427162,0.11996602267026901,0.11918355897068977,0.11901501938700676,0.11926384642720222,0.12750107422471046,0.11869029700756073,0.10751098021864891,0.11479314789175987,0.12647193670272827,0.12711161002516747,0.12708650529384613,0.1175801046192646,0.11811165139079094,0.11338050290942192,0.1187494695186615,0.11740168556571007,0.10470913723111153,0.10502795875072479,0.1162104420363903,0.10463058948516846,0.10553544014692307,0.12466603517532349,0.11336365714669228,0.10352551564574242,0.10467924177646637,0.10480953007936478,0.11024558916687965,0.0001950487494468689,0.0,0.0,0.0,0.0,0.0,0.0,0.0,0.0,0.0,0.0,0.0,0.0,0.0,0.0,0.0,0.0,0.0,0.0,3.8458616323769093
6,0.11951078101992607,0.11556851491332054,0.1303485445678234,0.11926885694265366,0.1283355988562107,0.11933479830622673,0.12808142602443695,0.1187482438981533,0.12819132581353188,0.11275461688637733,0.11229044198989868,0.1147935800254345,0.1135644018650055,0.11271679773926735,0.1180085837841034,0.1335759088397026,0.13806696236133575,0.1271420456469059,0.13541151583194733,0.12929592654109,0.1135750561952591,0.1251361295580864,0.11772463098168373,0.11622767150402069,0.11275992915034294,0.10449864342808723,0.10354264080524445,0.10382642224431038,0.11149616539478302,0.11385157704353333,0.11045482009649277,0.00025586411356925964,0.0,0.0,0.0,0.0,0.0,0.0,0.0,0.0,0.0,0.0,0.0,0.0,0.0,0.0,0.0,0.0,0.0,0.0,3.688358422368765
7,0.12037554755806923,0.11997739598155022,0.1278890110552311,0.11987683549523354,0.12773380056023598,0.11923940479755402,0.11920422688126564,0.1192212775349617,0.12797586247324944,0.11889486759901047,0.13147086650133133,0.11858473345637321,0.11818790063261986,0.1182331070303917,0.12200421094894409,0.12632930278778076,0.12795011699199677,0.12579574435949326,0.12548986449837685,0.12302028015255928,0.11696271225810051,0.12486521154642105,0.12439854070544243,0.11122079566121101,0.10343154147267342,0.10939255729317665,0.10895845666527748,0.10384451597929001,0.10305851325392723,0.10293642058968544,0.11018881946802139,0.11447903513908386,0.000296667218208313,0.0,0.0,0.0,0.0,0.0,0.0,0.0,0.0,0.0,0.0,0.0,0.0,0.0,0.0,0.0,0.0,0.0,3.791488144546747
8,0.11399940028786659,0.11975961923599243,0.12856611236929893,0.12900371104478836,0.12875480204820633,0.12917175516486168,0.1189403310418129,0.1281183511018753,0.12831272184848785,0.11096013709902763,0.11461196467280388,0.12506939098238945,0.12173870578408241,0.11948413029313087,0.12642532587051392,0.12160835787653923,0.11900688707828522,0.11688477173447609,0.11631893739104271,0.11308981105685234,0.10791303589940071,0.10561392456293106,0.10535434633493423,0.10527552664279938,0.10482698306441307,0.11275272443890572,0.1121412105858326,0.11521711200475693,0.10310769081115723,0.10339052230119705,0.10335817188024521,0.1028534285724163,0.0006689876317977905,0.0004053860902786255,0.00031674280762672424,0.0,0.0,0.0,0.0,0.0,0.0,0.0,0.0,0.0,0.0,0.0,0.0,0.0,0.0,0.0,3.7130210176110268
9,0.1296880915760994,0.129256471991539,0.12859272211790085,0.12810132279992104,0.12842682376503944,0.13657508790493011,0.1286742091178894,0.12771930545568466,0.1278168335556984,0.12815852090716362,0.12742497399449348,0.1226554773747921,0.127011738717556,0.12765033543109894,0.12751071900129318,0.1146438904106617,0.11712747439742088,0.12083792313933372,0.12579982355237007,0.10571135208010674,0.10545624047517776,0.1252589076757431,0.1255444847047329,0.12540124356746674,0.10493498295545578,0.11296011507511139,0.10311103984713554,0.10294796898961067,0.10375567898154259,0.10253394395112991,0.13432936742901802,0.0,0.0,0.0,0.0,0.0,0.0,0.0,0.0,0.0,0.0,0.0,0.0,0.0,0.0,0.0,0.0,0.0,0.0,0.0,3.755617070943117
10,0.11448214203119278,0.1199340894818306,0.11954300105571747,0.1280163675546646,0.11899255961179733,0.1279895044863224,0.1191660575568676,0.1275126188993454,0.12804066017270088,0.12734638527035713,0.12715911865234375,0.11792958527803421,0.11818182468414307,0.12761740013957024,0.11397840827703476,0.11351926624774933,0.13161096721887589,0.1125999353826046,0.1180311068892479,0.11209411546587944,0.11696214228868484,0.11294739693403244,0.1041717492043972,0.10469217598438263,0.10444611310958862,0.10405749827623367,0.11107488721609116,0.11082955449819565,0.1111358031630516,0.10276257991790771,0.10219831764698029,0.0003715530037879944,0.00020105019211769104,0.0,0.0,0.0,0.0,0.0,0.0,0.0,0.0,0.0,0.0,0.0,0.0,0.0,0.0,0.0,0.0,0.0,3.609595935791731
11,0.26223014295101166,0.12546271830797195,0.12862204760313034,0.12830307707190514,0.12893250584602356,0.12808683514595032,0.12848194688558578,0.11859089136123657,0.12828100472688675,0.11462905630469322,0.11375835910439491,0.12541856244206429,0.12686240673065186,0.12814214453101158,0.12139352783560753,0.11824408546090126,0.1174691841006279,0.1266542412340641,0.1265910305082798,0.11275963857769966,0.1256811060011387,0.12506527826189995,0.12810193747282028,0.1256466843187809,0.11515628919005394,0.12430114299058914,0.103895403444767,0.11081623286008835,0.10209301859140396,0.10225692391395569,0.00024129077792167664,0.0,0.0,0.0,0.0,0.0,0.0,0.0,0.0,0.0,0.0,0.0,0.0,0.0,0.0,0.0,0.0,0.0,0.0,0.0,3.7721687145531178
12,0.2999921813607216,0.12813618034124374,0.11998503655195236,0.12005628272891045,0.12317117676138878,0.12572500854730606,0.1191491112112999,0.12772931531071663,0.12819817289710045,0.11865085735917091,0.1268630549311638,0.12697632238268852,0.12757183238863945,0.11753015592694283,0.11410052701830864,0.1257917881011963,0.12570787966251373,0.12694762274622917,0.12002842500805855,0.11408087611198425,0.10513447225093842,0.125983364880085,0.12441863492131233,0.12458149343729019,0.10491761192679405,0.12500788271427155,0.10397769510746002,0.10300198197364807,0.10259871929883957,0.10253225639462471,0.10223382338881493,0.0,0.0,0.0,0.0,0.0,0.0,0.0,0.0,0.0,0.0,0.0,0.0,0.0,0.0,0.0,0.0,0.0,0.0,0.0,3.860779743641615
13,0.30393509566783905,0.11939162388443947,0.11926257610321045,0.11523309722542763,0.12760913744568825,0.11963790655136108,0.11908934637904167,0.12728161364793777,0.12724396958947182,0.11823109909892082,0.11867305636405945,0.11800115182995796,0.11860711127519608,0.11791346594691277,0.11396946758031845,0.12598749622702599,0.11800012364983559,0.11920654773712158,0.11297142878174782,0.11245298385620117,0.112485121935606,0.112637959420681,0.11648856475949287,0.11178850382566452,0.11603889614343643,0.11141182854771614,0.11634034290909767,0.11538835242390633,0.0012958385050296783,0.0,0.0,0.0,0.0,0.0,0.0,0.0,0.0,0.0,0.0,0.0,0.0,0.0,0.0,0.0,0.0,0.0,0.0,0.0,0.0,0.0,3.4865737073123455
14,0.3079367056488991,0.12021410465240479,0.11996888741850853,0.114930909126997,0.11900710687041283,0.12786145135760307,0.13539478927850723,0.11868691071867943,0.1189633160829544,0.12676282599568367,0.12701518461108208,0.11380791664123535,0.11405704915523529,0.11755597218871117,0.12695911899209023,0.11833949014544487,0.11670316755771637,0.1166672445833683,0.1303986869752407,0.10631401091814041,0.11489437520503998,0.11581611633300781,0.10556985437870026,0.10601446405053139,0.10484491288661957,0.10556681454181671,0.10465259850025177,0.10563906654715538,0.10382770001888275,0.1045103520154953,0.10407516732811928,0.1033114530146122,0.1255664937198162,0.10398245230317116,0.0005200393497943878,0.0003329142928123474,0.0,0.0,0.0,0.0,0.0,0.0,0.0,0.0,0.0,0.0,0.0,0.0,0.0,0.0,4.106669623404741
15,0.3091878928244114,0.1300637573003769,0.12897967919707298,0.12000832706689835,0.128828015178442,0.12836721166968346,0.1278211772441864,0.13098595291376114,0.11921360716223717,0.12877723574638367,0.1282050609588623,0.12225114926695824,0.1193101555109024,0.12676678225398064,0.12712672352790833,0.12706173956394196,0.12993763014674187,0.13185151293873787,0.1196015290915966,0.10529454424977303,0.12518814951181412,0.10513287037611008,0.1248059831559658,0.1249190978705883,0.11528288573026657,0.10370645299553871,0.10342751070857048,0.10314557701349258,0.12373048812150955,0.11464112624526024,0.10226227715611458,0.0002318248152732849,0.0,0.0,0.0,0.0,0.0,0.0,0.0,0.0,0.0,0.0,0.0,0.0,0.0,0.0,0.0,0.0,0.0,0.0,3.936113927513361
16,0.12064659595489502,0.1292707920074463,0.11825653165578842,0.11874961480498314,0.11884499341249466,0.1277465894818306,0.12847968563437462,0.12496856227517128,0.12857435271143913,0.12840437144041061,0.11831211671233177,0.12759704515337944,0.1275099776685238,0.11819090694189072,0.13807617872953415,0.12681028619408607,0.12890590727329254,0.11263125389814377,0.13675424829125404,0.10563674196600914,0.10507098212838173,0.1139429584145546,0.11282148957252502,0.11222200840711594,0.10470540449023247,0.10442787781357765,0.10404357686638832,0.10368181392550468,0.12438403069972992,0.11077043041586876,0.10825467109680176,0.10213011875748634,0.0002064742147922516,0.0,0.0,0.0,0.0,0.0,0.0,0.0,0.0,0.0,0.0,0.0,0.0,0.0,0.0,0.0,0.0,0.0,3.7910285890102386
17,0.11593940854072571,0.11952895298600197,0.1291520781815052,0.11954817920923233,0.11969912797212601,0.1194775365293026,0.11955447122454643,0.1192101240158081,0.11913769319653511,0.11867422237992287,0.11857056617736816,0.11774906143546104,0.11043323203921318,0.11407355591654778,0.10889693349599838,0.10886874049901962,0.12092560529708862,0.10829023644328117,0.10804110765457153,0.10776495561003685,0.1071501150727272,0.1074645072221756,0.1053793877363205,0.10649306699633598,0.10417526215314865,0.1154317818582058,0.11609982699155807,0.10495826229453087,0.10515553876757622,0.104252390563488,0.103786401450634,0.10390569642186165,0.0017814300954341888,0.0,0.0,0.0,0.0,0.0,0.0,0.0,0.0,0.0,0.0,0.0,0.0,0.0,0.0,0.0,0.0,0.0,3.6095694564282894
18,0.11960147321224213,0.12002426385879517,0.12114643305540085,0.11275460571050644,0.11457059159874916,0.11941811069846153,0.11917401105165482,0.11945084109902382,0.10611655935645103,0.11806707084178925,0.11961541697382927,0.11609664931893349,0.11422779783606529,0.11794283986091614,0.10801783576607704,0.12115004286170006,0.12654651328921318,0.11732758581638336,0.10748398676514626,0.10651814192533493,0.10457528382539749,0.11417732015252113,0.11579412966966629,0.1059708297252655,0.10404548421502113,0.10384787991642952,0.10318919643759727,0.10270778089761734,0.1150713562965393,0.10274449735879898,0.102342639118433,0.0002321489155292511,0.0,0.0,0.0,0.0,0.0,0.0,0.0,0.0,0.0,0.0,0.0,0.0,0.0,0.0,0.0,0.0,0.0,0.0,3.4999493174254894
19,0.12019867449998856,0.11987283080816269,0.11978983134031296,0.11546796187758446,0.11898846179246902,0.11906251683831215,0.11894252523779869,0.11944032087922096,0.11912564933300018,0.11410282552242279,0.11879289895296097,0.12698782607913017,0.11768284067511559,0.10571736842393875,0.1050289012491703,0.1050686351954937,0.12077762559056282,0.12233880907297134,0.11452562361955643,0.11687298864126205,0.1291312240064144,0.11222682520747185,0.1048966832458973,0.10404351353645325,0.10347132384777069,0.10631248354911804,0.11797500774264336,0.11901943013072014,0.1091793142259121,0.11502530425786972,0.11372077092528343,0.00012794509530067444,0.0,0.0,0.0,0.0,0.0,0.0,0.0,0.0,0.0,0.0,0.0,0.0,0.0,0.0,0.0,0.0,0.0,0.0,3.5739149414002895
20,0.12009235098958015,0.12001452967524529,0.11922657862305641,0.11969560757279396,0.12801595777273178,0.1195286326110363,0.11901314184069633,0.11837328225374222,0.11817110702395439,0.1181395910680294,0.11844279244542122,0.1183842122554779,0.1186143346130848,0.10817686840891838,0.10590367764234543,0.10466067492961884,0.10433796048164368,0.10496468469500542,0.10391231253743172,0.10397954285144806,0.104069285094738,0.10397573560476303,0.10348742455244064,0.11604887992143631,0.1166040301322937,0.11528708785772324,0.1038944460451603,0.11409073695540428,0.10219594836235046,0.1027584932744503,0.10225920006632805,0.0006658509373664856,0.0,0.0,0.0,0.0,0.0,0.0,0.0,0.0,0.0,0.0,0.0,0.0,0.0,0.0,0.0,0.0,0.0,0.0,3.4769849590957165
21,0.3542468138039112,0.11975111067295074,0.11559983342885971,0.11964554712176323,0.11979963630437851,0.11901018768548965,0.11869268491864204,0.11452899500727654,0.11856735125184059,0.11855407804250717,0.11803821474313736,0.10586677864193916,0.11767659336328506,0.11804166808724403,0.11743737384676933,0.110555000603199,0.10593520104885101,0.11705845594406128,0.1170622929930687,0.11743989959359169,0.10706961527466774,0.11621520668268204,0.11616923660039902,0.11652091145515442,0.10331741720438004,0.10437638685107231,0.11484593152999878,0.10328470170497894,0.10355175659060478,0.1029997169971466,0.10238355025649071,0.10230881348252296,0.00021873041987419128,0.0,0.0,0.0,0.0,0.0,0.0,0.0,0.0,0.0,0.0,0.0,0.0,0.0,0.0,0.0,0.0,0.0,3.8567696921527386
22,0.39644600450992584,0.11994068324565887,0.1196119450032711,0.1197269931435585,0.11923413723707199,0.11946133151650429,0.11877625808119774,0.11549282819032669,0.12739500030875206,0.11979599669575691,0.10875654965639114,0.11784008145332336,0.12749530002474785,0.11800766363739967,0.11908131465315819,0.11805208027362823,0.10778048262000084,0.11130768805742264,0.12518801540136337,0.10672668367624283,0.11227215453982353,0.10547727718949318,0.10356506332755089,0.1161695346236229,0.11079077422618866,0.11521944403648376,0.10459008067846298,0.1034235991537571,0.10335342213511467,0.10300196334719658,0.10272663831710815,0.10387061163783073,0.00015936046838760376,0.0,0.0,0.0,0.0,0.0,0.0,0.0,0.0,0.0,0.0,0.0,0.0,0.0,0.0,0.0,0.0,0.0,3.920736961066723
23,0.3364718481898308,0.12028947472572327,0.12057264894247055,0.12007703632116318,0.11586448177695274,0.1193886250257492,0.11545360088348389,0.10960426554083824,0.11468388512730598,0.11880649998784065,0.11882957443594933,0.11841762810945511,0.10565180331468582,0.1066037081182003,0.11710687354207039,0.10487332195043564,0.11636669933795929,0.10734448209404945,0.13367551565170288,0.11672679707407951,0.11624923720955849,0.1252148523926735,0.11620865762233734,0.12460710108280182,0.10532374307513237,0.1118827722966671,0.10312381759285927,0.11154259368777275,0.1035834364593029,0.10302571579813957,0.10250707343220711,0.10231710597872734,0.0,0.0,0.0,0.0,0.0,0.0,0.0,0.0,0.0,0.0,0.0,0.0,0.0,0.0,0.0,0.0,0.0,0.0,3.8623948767781258
24,0.3752673454582691,0.12029602378606796,0.11522605642676353,0.12811580672860146,0.11958160623908043,0.10699735209345818,0.11901438981294632,0.11923758313059807,0.11848616227507591,0.11862972378730774,0.11872489377856255,0.11917359381914139,0.11799473315477371,0.1090736910700798,0.1054404117166996,0.11560826748609543,0.11971227452158928,0.13220035657286644,0.1169692724943161,0.10984182357788086,0.10879025608301163,0.11634694039821625,0.11458437889814377,0.10465845465660095,0.1102025993168354,0.10416038706898689,0.10417007654905319,0.1155494973063469,0.11523154005408287,0.10344729572534561,0.10339505970478058,0.1034676656126976,0.10228729620575905,0.0002880282700061798,0.0,0.0,0.0,0.0,0.0,0.0,0.0,0.0,0.0,0.0,0.0,0.0,0.0,0.0,0.0,0.0,4.012170843780041
25,0.3719266429543495,0.12009040266275406,0.11959909275174141,0.1199839599430561,0.11614910513162613,0.1189030334353447,0.11310937255620956,0.11941095814108849,0.11223268881440163,0.11843685805797577,0.10766883194446564,0.1180194690823555,0.12142741307616234,0.11851464584469795,0.11512718349695206,0.12931590154767036,0.11761753261089325,0.10886527597904205,0.10746069625020027,0.10816726833581924,0.11761924624443054,0.10722406953573227,0.11969763040542603,0.12030522152781487,0.10395589843392372,0.105364128947258,0.12586622312664986,0.11582393199205399,0.11711851507425308,0.1159329041838646,0.11320919170975685,0.11515790224075317,0.11530761420726776,0.10276336967945099,0.00015500187873840332,0.0,0.0,0.0,0.0,0.0,0.0,0.0,0.0,0.0,0.0,0.0,0.0,0.0,0.0,0.0,4.17752718180418
26,0.11954180151224136,0.11951452866196632,0.1199418380856514,0.11935120448470116,0.119076207280159,0.11959687247872353,0.11885703355073929,0.11875291541218758,0.11902248859405518,0.11876698210835457,0.11814156174659729,0.11778959259390831,0.11283547058701515,0.11759031563997269,0.12132677808403969,0.11825957521796227,0.10534965619444847,0.10477494075894356,0.10442610457539558,0.11681460216641426,0.12046089768409729,0.12259099632501602,0.10358092933893204,0.10483710467815399,0.10441843792796135,0.10291396081447601,0.11492279544472694,0.11467168107628822,0.11435507610440254,0.0005902312695980072,0.00022746995091438293,0.0,0.0,0.0,0.0,0.0,0.0,0.0,0.0,0.0,0.0,0.0,0.0,0.0,0.0,0.0,0.0,0.0,0.0,0.0,3.3333000503480434
27,0.12045526877045631,0.10817153751850128,0.12001828104257584,0.12065471708774567,0.12092098593711853,0.11885016784071922,0.11849389970302582,0.1186496876180172,0.11667577549815178,0.10643273964524269,0.11891817674040794,0.1118013933300972,0.11873050034046173,0.11807579919695854,0.1285187043249607,0.11867339536547661,0.10667537152767181,0.10547417029738426,0.10490382462739944,0.10595576092600822,0.11851941421627998,0.10504136979579926,0.11654623597860336,0.11619313433766365,0.10493731498718262,0.10506079345941544,0.103331308811903,0.11601992696523666,0.10314631089568138,0.10262806713581085,0.1021450087428093,0.0,0.0,0.0,0.0,0.0,0.0,0.0,0.0,0.0,0.0,0.0,0.0,0.0,0.0,0.0,0.0,0.0,0.0,0.0,3.5006190426647663
28,0.1156483143568039,0.11918460577726364,0.11902044713497162,0.1189323402941227,0.12012751400470734,0.11923529207706451,0.11808085814118385,0.10656176134943962,0.11481405422091484,0.11846727132797241,0.11898598819971085,0.11847103759646416,0.11796808987855911,0.11741313338279724,0.11841265484690666,0.11771135404706001,0.1165924035012722,0.12588371708989143,0.11589011549949646,0.1168803870677948,0.10699022933840752,0.1064230427145958,0.10555195435881615,0.10549301281571388,0.10481108352541924,0.11578162759542465,0.10415812209248543,0.10238033533096313,0.10211577266454697,0.10406675934791565,0.10238873213529587,0.1019529327750206,0.00019050389528274536,0.0,0.0,0.0,0.0,0.0,0.0,0.0,0.0,0.0,0.0,0.0,0.0,0.0,0.0,0.0,0.0,0.0,3.616585448384285
29,0.1154164969921112,0.11565656587481499,0.1199847050011158,0.10739382728934288,0.10784126818180084,0.11987949907779694,0.11900806427001953,0.10638193786144257,0.11622103303670883,0.11859187856316566,0.11774956807494164,0.11821172758936882,0.10610930621623993,0.10994022712111473,0.10519858077168465,0.11829867586493492,0.10754191502928734,0.11755986884236336,0.10683457553386688,0.10674995183944702,0.11716295033693314,0.11692995950579643,0.10331758111715317,0.11607049405574799,0.11544205993413925,0.10369022935628891,0.11546294391155243,0.10195347666740417,0.10199400410056114,0.10267428681254387,0.0,0.0,0.0,0.0,0.0,0.0,0.0,0.0,0.0,0.0,0.0,0.0,0.0,0.0,0.0,0.0,0.0,0.0,0.0,0.0,3.355267658829689
30,0.11928681284189224,0.12421023473143578,0.11979375407099724,0.11984556540846825,0.11940489336848259,0.10940041020512581,0.11892431974411011,0.1197047084569931,0.10746578127145767,0.10602053999900818,0.11536285281181335,0.11807889118790627,0.10922566056251526,0.11781312897801399,0.10511767119169235,0.10674681887030602,0.10516500845551491,0.1050179935991764,0.11673759669065475,0.10457153990864754,0.12695258855819702,0.1038549356162548,0.11601720377802849,0.11509548872709274,0.11506843939423561,0.1307571567595005,0.10723157599568367,0.11908939853310585,0.10178973525762558,0.00016126036643981934,0.0,0.0,0.0,0.0,0.0,0.0,0.0,0.0,0.0,0.0,0.0,0.0,0.0,0.0,0.0,0.0,0.0,0.0,0.0,0.0,3.303911965340376
31,0.46803978830575943,0.12037406861782074,0.10761963576078415,0.1194361262023449,0.11900042369961739,0.10669760033488274,0.11964098364114761,0.10677448660135269,0.10638166964054108,0.1161048449575901,0.11564476415514946,0.11842655763030052,0.11843529716134071,0.11813242733478546,0.11946481093764305,0.11830868199467659,0.1118803322315216,0.10791110619902611,0.10877653956413269,0.10548506304621696,0.10688702389597893,0.11023761704564095,0.10843794420361519,0.11710488796234131,0.10540804639458656,0.10520103201270103,0.1047108992934227,0.10439427196979523,0.10395703092217445,0.10356298089027405,0.1156812533736229,0.103243138641119,0.0005121901631355286,0.00036276504397392273,0.0,0.0,0.0,0.0,0.0,0.0,0.0,0.0,0.0,0.0,0.0,0.0,0.0,0.0,0.0,0.0,3.9222362898290157
32,0.36944588273763657,0.11951006948947906,0.11972611770033836,0.11970972269773483,0.11097349599003792,0.10834026336669922,0.11938220635056496,0.11874164268374443,0.11505436152219772,0.1228790283203125,0.11823075264692307,0.11838771030306816,0.11803923919796944,0.11826465278863907,0.11346805468201637,0.11793750151991844,0.1143910177052021,0.10756378620862961,0.10799316316843033,0.10391540080308914,0.10418013483285904,0.10376082360744476,0.10380125045776367,0.11002469435334206,0.12248655408620834,0.11121009290218353,0.10854200646281242,0.11053929850459099,0.0007375329732894897,0.0,0.0,0.0,0.0,0.0,0.0,0.0,0.0,0.0,0.0,0.0,0.0,0.0,0.0,0.0,0.0,0.0,0.0,0.0,0.0,0.0,3.4372364580631256
33,0.9653823673725128,0.12089939787983894,0.10719270259141922,0.117791797965765,0.11960610374808311,0.11920959502458572,0.11432816088199615,0.10742611438035965,0.1068350113928318,0.11834187805652618,0.10666489228606224,0.11785268783569336,0.1176459789276123,0.1185074932873249,0.11821245774626732,0.1086205430328846,0.10811113193631172,0.10472781211137772,0.10724302381277084,0.1078619547188282,0.11111320927739143,0.11610262468457222,0.1128385029733181,0.10393452644348145,0.10415706411004066,0.1055758073925972,0.11203722283244133,0.10360510647296906,0.1081530898809433,0.10279882326722145,0.0007546693086624146,0.0,0.0,0.0,0.0,0.0,0.0,0.0,0.0,0.0,0.0,0.0,0.0,0.0,0.0,0.0,0.0,0.0,0.0,0.0,4.19353175163269
34,0.39559751376509666,0.12061908841133118,0.11930427700281143,0.11909917369484901,0.1192820742726326,0.11858116090297699,0.12030009180307388,0.11310437321662903,0.10625353083014488,0.10707724466919899,0.11833645775914192,0.11908825486898422,0.1140822023153305,0.1075434461236,0.10486912727355957,0.10757378488779068,0.116874098777771,0.1127450093626976,0.10453425720334053,0.11641627550125122,0.11674565821886063,0.10609705746173859,0.11293640360236168,0.1164509765803814,0.11801838874816895,0.10360107198357582,0.1149044781923294,0.10586051270365715,0.10409073531627655,0.0003227032721042633,0.0,0.0,0.0,0.0,0.0,0.0,0.0,0.0,0.0,0.0,0.0,0.0,0.0,0.0,0.0,0.0,0.0,0.0,0.0,0.0,3.5603094287216663
35,0.5088101513683796,0.11987590417265892,0.11954213678836823,0.10770869627594948,0.11988897994160652,0.11920912191271782,0.13078130409121513,0.11850884929299355,0.11546619981527328,0.1181621178984642,0.11838807538151741,0.11823876574635506,0.1155192218720913,0.11869935318827629,0.11809861287474632,0.1092061772942543,0.10802329331636429,0.1165793314576149,0.11675485968589783,0.11667104810476303,0.11667737737298012,0.11675729230046272,0.11636118218302727,0.11564897000789642,0.11593048647046089,0.1156763806939125,0.10830684378743172,0.11485528200864792,0.10300163924694061,0.10260002315044403,0.10471849516034126,0.10207127779722214,0.0002367161214351654,0.0,0.0,0.0,0.0,0.0,0.0,0.0,0.0,0.0,0.0,0.0,0.0,0.0,0.0,0.0,0.0,0.0,4.06697416678071
36,0.12013862282037735,0.11998159438371658,0.11930325999855995,0.11020688712596893,0.13363240659236908,0.13969765603542328,0.11911741644144058,0.1437193937599659,0.11837702617049217,0.11896960809826851,0.11795925721526146,0.11798699200153351,0.11818043515086174,0.1185581386089325,0.11466378346085548,0.11769086495041847,0.11712014675140381,0.11775388568639755,0.11664890125393867,0.11612186208367348,0.11252208426594734,0.10438487306237221,0.10331976041197777,0.10332862287759781,0.10370737314224243,0.10321446508169174,0.10412049666047096,0.10372183844447136,0.10329854115843773,0.10285292565822601,0.10251658782362938,0.10192185640335083,0.0003205984830856323,0.0,0.0,0.0,0.0,0.0,0.0,0.0,0.0,0.0,0.0,0.0,0.0,0.0,0.0,0.0,0.0,0.0,3.66505816206336
37,0.11970680952072144,0.11932260543107986,0.11939040943980217,0.1197456419467926,0.11913302540779114,0.11942153424024582,0.11845814064145088,0.11890637874603271,0.11918782070279121,0.11830908060073853,0.11838202551007271,0.11771353334188461,0.11862880736589432,0.11769918724894524,0.1176716536283493,0.11806295067071915,0.10789364948868752,0.10779120773077011,0.10753903537988663,0.10816161334514618,0.10704049468040466,0.10797068849205971,0.10768676176667213,0.10838514193892479,0.10422128438949585,0.10596708953380585,0.10506743937730789,0.10489501804113388,0.10437578335404396,0.0013563334941864014,0.0009294301271438599,0.10237981751561165,0.10314343869686127,0.10469456389546394,0.0009579062461853027,0.0,0.0,0.0,0.0,0.0,0.0,0.0,0.0,0.0,0.0,0.0,0.0,0.0,0.0,0.0,3.6001963019371033
38,0.11297975108027458,0.11911853402853012,0.11949163302779198,0.11917119845747948,0.11899116635322571,0.11932074651122093,0.11898988485336304,0.11876560002565384,0.11840343847870827,0.11839057132601738,0.11804236844182014,0.1217932440340519,0.11799824982881546,0.12820755690336227,0.11994338035583496,0.11808252707123756,0.11761423200368881,0.12115184962749481,0.11732480674982071,0.11719005554914474,0.11905590444803238,0.107755396515131,0.10567744076251984,0.11614366248250008,0.11606453359127045,0.11568119376897812,0.11578362435102463,0.10239804908633232,0.1022648848593235,0.10253088921308517,0.00034675002098083496,0.0,0.0,0.0,0.0,0.0,0.0,0.0,0.0,0.0,0.0,0.0,0.0,0.0,0.0,0.0,0.0,0.0,0.0,0.0,3.484673123806715
39,0.11947033181786537,0.11859182268381119,0.129408847540617,0.11943841353058815,0.11931803449988365,0.11855297535657883,0.11855905875563622,0.11910617351531982,0.11828799918293953,0.11853449419140816,0.10668149963021278,0.11833394318819046,0.11773443594574928,0.11847138777375221,0.1177564412355423,0.10663896054029465,0.117266945540905,0.11402710154652596,0.11681821197271347,0.10408554598689079,0.10369640216231346,0.10389671847224236,0.10314635932445526,0.10296408459544182,0.10268386825919151,0.10243606194853783,0.10318280756473541,0.10282988473773003,0.10258147120475769,0.0003428943455219269,0.0,0.0,0.0,0.0,0.0,0.0,0.0,0.0,0.0,0.0,0.0,0.0,0.0,0.0,0.0,0.0,0.0,0.0,0.0,0.0,3.264843177050352
40,0.11982031539082527,0.11910053342580795,0.11555798724293709,0.11919676885008812,0.11927706003189087,0.11861935630440712,0.1191624253988266,0.11889076232910156,0.11915227770805359,0.11841924861073494,0.1186533123254776,0.10933134704828262,0.11872066557407379,0.10864405706524849,0.10849308967590332,0.11737509444355965,0.10471020638942719,0.10448084026575089,0.10719453170895576,0.10688919946551323,0.10628405958414078,0.10364262387156487,0.10549020022153854,0.10535989329218864,0.10493458807468414,0.10460316017270088,0.10411721095442772,0.10395172983407974,0.10237162560224533,0.10207593813538551,0.10253287479281425,0.000528428703546524,0.0,0.0,0.0,0.0,0.0,0.0,0.0,0.0,0.0,0.0,0.0,0.0,0.0,0.0,0.0,0.0,0.0,0.0,3.4375814124941826
41,0.3911743760108948,0.11976456269621849,0.11908531188964844,0.11868048831820488,0.11940937116742134,0.11787711456418037,0.1073228120803833,0.11838167905807495,0.11908315867185593,0.10554102063179016,0.10582466796040535,0.11843892186880112,0.1296941377222538,0.10918079316616058,0.10480222851037979,0.10562067851424217,0.1044052429497242,0.11737954244017601,0.11732864752411842,0.10740164667367935,0.10655806958675385,0.10662670433521271,0.11599153652787209,0.10351086407899857,0.10684949904680252,0.10445933789014816,0.1045801043510437,0.1035814993083477,0.10290586203336716,0.10293825343251228,0.0009430088102817535,0.000655539333820343,0.0,0.0,0.0,0.0,0.0,0.0,0.0,0.0,0.0,0.0,0.0,0.0,0.0,0.0,0.0,0.0,0.0,0.0,3.6159966811537743
42,0.3758770115673542,0.1195039413869381,0.11889799311757088,0.10755523666739464,0.11839696392416954,0.11937981843948364,0.10642941296100616,0.10555668920278549,0.11796699464321136,0.1181994341313839,0.10677890479564667,0.11740555241703987,0.11772100999951363,0.11838821694254875,0.11690573021769524,0.11779240518808365,0.11757104843854904,0.10495689883828163,0.10719811171293259,0.10388217493891716,0.10359038785099983,0.10341490432620049,0.10546262189745903,0.10331642627716064,0.10263365507125854,0.10249565169215202,0.10227634385228157,0.10193777829408646,0.10222683846950531,0.10206938162446022,0.00034241005778312683,0.0,0.0,0.0,0.0,0.0,0.0,0.0,0.0,0.0,0.0,0.0,0.0,0.0,0.0,0.0,0.0,0.0,0.0,0.0,3.5661299489438534
43,0.4225223958492279,0.11882191523909569,0.11944664642214775,0.11955264955759048,0.11892568692564964,0.11787690594792366,0.11846700310707092,0.11841898784041405,0.11778215691447258,0.11773080006241798,0.11819951608777046,0.117219228297472,0.11756188049912453,0.11719391122460365,0.10458781197667122,0.11676916480064392,0.10438172519207001,0.10395964607596397,0.11649137362837791,0.11561949551105499,0.10330728068947792,0.10325424373149872,0.10310322046279907,0.102968480437994,0.10270841792225838,0.10248970240354538,0.10238998010754585,0.10212237387895584,0.1018478013575077,0.0005688369274139404,0.000277884304523468,0.0,0.0,0.0,0.0,0.0,0.0,0.0,0.0,0.0,0.0,0.0,0.0,0.0,0.0,0.0,0.0,0.0,0.0,0.0,3.5465671233832836
44,0.38204728811979294,0.1191394180059433,0.11867770925164223,0.11905703693628311,0.11863267794251442,0.11828579008579254,0.1192677840590477,0.11827884614467621,0.11791038140654564,0.11869177222251892,0.11802663281559944,0.1177879236638546,0.11744585633277893,0.11722644418478012,0.11513038352131844,0.11707848310470581,0.10819507017731667,0.10434716939926147,0.10456113517284393,0.10399620980024338,0.11689729988574982,0.10360048338770866,0.10319289192557335,0.1028473898768425,0.10298079997301102,0.1044282466173172,0.10414455831050873,0.10355033352971077,0.10220568627119064,0.10194233059883118,0.0005141198635101318,0.00022380053997039795,0.0,0.0,0.0,0.0,0.0,0.0,0.0,0.0,0.0,0.0,0.0,0.0,0.0,0.0,0.0,0.0,0.0,0.0,3.620311953127384
45,0.35649092495441437,0.11979715153574944,0.11953192204236984,0.1186930425465107,0.11848709359765053,0.11850982531905174,0.11783909797668457,0.10564161464571953,0.11777341365814209,0.10550543293356895,0.11783357337117195,0.11751514673233032,0.117037083953619,0.1177932433784008,0.10717807710170746,0.13786455243825912,0.11637863144278526,0.12409832328557968,0.11610926315188408,0.11569520831108093,0.1158621497452259,0.11594055220484734,0.11603976041078568,0.1155756488442421,0.11549565941095352,0.1153685450553894,0.11467345058917999,0.11511746793985367,0.11462534964084625,0.10237780585885048,0.0003365613520145416,0.0,0.0,0.0,0.0,0.0,0.0,0.0,0.0,0.0,0.0,0.0,0.0,0.0,0.0,0.0,0.0,0.0,0.0,0.0,3.7271855734288692
46,0.1185004860162735,0.11841611936688423,0.11843306571245193,0.1187741793692112,0.11773763597011566,0.11865134909749031,0.11814571544528008,0.11853338778018951,0.11808280646800995,0.10632959380745888,0.11757716909050941,0.11744154989719391,0.12686603888869286,0.11753886565566063,0.11739204823970795,0.11736152693629265,0.11701352149248123,0.11679552495479584,0.11764274165034294,0.11660176515579224,0.10698649659752846,0.10666744410991669,0.1052686832845211,0.10583074390888214,0.1050994023680687,0.11640401557087898,0.10520069673657417,0.10429401695728302,0.10376932844519615,0.10273055732250214,0.10233911126852036,0.000306643545627594,0.0,0.0,0.0,0.0,0.0,0.0,0.0,0.0,0.0,0.0,0.0,0.0,0.0,0.0,0.0,0.0,0.0,0.0,3.5187322311103344
47,0.11967258527874947,0.11942621320486069,0.11853135749697685,0.11819898709654808,0.11819067224860191,0.11865787208080292,0.11850013211369514,0.1182638518512249,0.11850810796022415,0.11828746646642685,0.11732536926865578,0.11774195358157158,0.11695745214819908,0.11781742051243782,0.11664142087101936,0.11725074797868729,0.11632727086544037,0.11649776622653008,0.11615756899118423,0.11584179848432541,0.11543373763561249,0.11609695106744766,0.10298024863004684,0.11474191024899483,0.10260338708758354,0.1023963987827301,0.10226074978709221,0.10200949758291245,0.10259803384542465,0.0003035329282283783,0.0,0.0,0.0,0.0,0.0,0.0,0.0,0.0,0.0,0.0,0.0,0.0,0.0,0.0,0.0,0.0,0.0,0.0,0.0,0.0,3.316220462322235
48,0.11851456761360168,0.11923910304903984,0.11899376288056374,0.11838796734809875,0.11872285231947899,0.11839916557073593,0.11810725927352905,0.11848900094628334,0.11781249567866325,0.11827745661139488,0.1181604266166687,0.11767571419477463,0.11700129881501198,0.11742966249585152,0.1172838993370533,0.11665660887956619,0.1078111119568348,0.11685313284397125,0.10696693882346153,0.10663050040602684,0.10637740418314934,0.10622308030724525,0.10571007430553436,0.10543617978692055,0.10493944585323334,0.10454831644892693,0.10258271545171738,0.10231240838766098,0.11460905522108078,0.1027127355337143,0.10228056088089943,0.10206970572471619,0.00032269954681396484,0.0,0.0,0.0,0.0,0.0,0.0,0.0,0.0,0.0,0.0,0.0,0.0,0.0,0.0,0.0,0.0,0.0,3.587537307292223
49,0.1188957430422306,0.11838483810424805,0.11843255907297134,0.11837240308523178,0.11816995963454247,0.11799628660082817,0.11785668134689331,0.11773249879479408,0.11763302981853485,0.11733963713049889,0.11800652742385864,0.11687780171632767,0.11777909100055695,0.11764754354953766,0.11686031520366669,0.11677615344524384,0.11688100174069405,0.11673858389258385,0.11639545112848282,0.11584124341607094,0.1061553955078125,0.10588700696825981,0.10532993823289871,0.11497167125344276,0.10454088822007179,0.10251399874687195,0.11520485579967499,0.10211428999900818,0.10244724154472351,0.10220867767930031,0.0,0.0,0.0,0.0,0.0,0.0,0.0,0.0,0.0,0.0,0.0,0.0,0.0,0.0,0.0,0.0,0.0,0.0,0.0,0.0,3.411991313099861
50,0.11900372058153152,0.11897793412208557,0.11906822770833969,0.11824831366539001,0.11797014251351357,0.11875065788626671,0.11820057034492493,0.11773806437849998,0.11797164008021355,0.1180233359336853,0.1176091879606247,0.11762785166501999,0.11710910499095917,0.10938084870576859,0.10881840065121651,0.11674707010388374,0.11672698333859444,0.11654020845890045,0.10728347301483154,0.10657211393117905,0.11628195270895958,0.10596121102571487,0.10574761405587196,0.10543585196137428,0.10300009325146675,0.10459345579147339,0.10242775827646255,0.10232523083686829,0.10207980871200562,0.10282709077000618,0.10252279043197632,0.10213591158390045,0.0,0.0,0.0,0.0,0.0,0.0,0.0,0.0,0.0,0.0,0.0,0.0,0.0,0.0,0.0,0.0,0.0,0.0,3.5737066194415092

total time per move x,13.061228606849909,6.0130737870931625,6.012677196413279,5.947054799646139,6.020472347736359,6.003291938453913,5.982271280139685,5.919684294611216,5.94052767381072,5.865319848060608,5.863079905509949,5.917268048971891,5.9153715670108795,5.869635708630085,5.800858270376921,5.858684431761503,5.776354514062405,5.764552533626556,5.763855949044228,5.581176482141018,5.592953123152256,5.576335817575455,5.5479219146072865,5.561083868145943,5.382942393422127,5.461367834359407,5.407600559294224,5.355515122413635,5.103563454002142,4.297018114477396,3.2849886417388916,2.1966022551059723,0.5544732287526131,0.4274463355541229,0.0021133124828338623,0.0003329142928123474,0,0,0,0,0,0,0,0,0,0,0,0,0,0,184.62869807332754
average time per move x,0.2612245721369982,0.12026147574186324,0.12025354392826557,0.11894109599292278,0.12040944695472718,0.12006583876907825,0.11964542560279369,0.1183936858922243,0.11881055347621441,0.11730639696121216,0.11726159811019897,0.11834536097943783,0.1183074313402176,0.1173927141726017,0.11601716540753841,0.11717368863523006,0.1155270902812481,0.11529105067253113,0.11527711898088455,0.11162352964282035,0.11185906246304513,0.1115267163515091,0.11095843829214573,0.11122167736291885,0.10765884786844254,0.10922735668718815,0.10815201118588448,0.1071103024482727,0.10207126908004284,0.08952121071827908,0.07821401527949742,0.06864382047206163,0.027723661437630654,0.053430791944265366,0.0004226624965667725,0.0003329142928123474,nan,nan,nan,nan,nan,nan,nan,nan,nan,nan,nan,nan,nan,nan,3.6925739614665507
std of time per move x,0.17062526347498852,0.0034395951110685542,0.004613579376015461,0.004527884010476243,0.0046834878659401625,0.005983188802849496,0.0049367494909107025,0.007017962243713232,0.006077506361652098,0.005709397665580984,0.005696793943202696,0.0038288029471187446,0.005123974188422825,0.005592951343645966,0.007417962071249094,0.007135917128616139,0.007920345176232899,0.00761705053137919,0.008271933355896979,0.005950447036696766,0.0068207074267818855,0.007407636682489914,0.00725533122006341,0.0070479834581656225,0.005404637672784528,0.0070023128378794,0.005799150788435806,0.005479861430212687,0.021624376261229688,0.03735961641256337,0.04719218883229285,0.050347174269492444,0.04878439747450412,0.05688229891507072,0.0003338903955206238,nan,nan,nan,nan,nan,nan,nan,nan,nan,nan,nan,nan,nan,nan,nan,0.24400036059207167
err of average time,0.024130056168981145,0.0004864322055145341,0.0006524586524645867,0.0006403394976467785,0.0006623452059222401,0.0008461506751228599,0.0006981618084084388,0.0009924897385281569,0.000859489192205716,0.0008074307611645916,0.0008056483256522155,0.0005414745055469405,0.0007246393790517232,0.000790962764387695,0.0010490582566329682,0.0010091710783259418,0.0011201059566904887,0.001077213616675764,0.0011698280338955898,0.000841520290147936,0.0009645936947933837,0.0010475980261509677,0.0010260587810922608,0.000996735379391905,0.0007643311896564441,0.0009902765783308283,0.0008201237695252544,0.0007749694354532007,0.0030581486186489824,0.005392396148153656,0.007281912828866408,0.008900207084884742,0.010908522899436026,0.020110929646163348,0.0001493203242836812,nan,nan,nan,nan,nan,nan,nan,nan,nan,nan,nan,nan,nan,nan,nan,0.03450686191732334
