Contains move time for player Edax2; opponent is Gambler
Colums refer to move number, rows to game number
game,1,2,3,4,5,6,7,8,9,10,11,12,13,14,15,16,17,18,19,20,21,22,23,24,25,26,27,28,29,30,31,32,33,34,35,36,37,38,39,40,41,42,43,44,45,46,47,48,49,50,total
1,0.406597007997334,0.11243283469229937,0.11244105268269777,0.11222562100738287,0.11199306044727564,0.1116640642285347,0.11143652815371752,0.11132180597633123,0.11095120012760162,0.11046771425753832,0.10990022867918015,0.10989287309348583,0.1094517894089222,0.10980154946446419,0.10892549529671669,0.1213703965768218,0.10792714916169643,0.10805645491927862,0.1077633649110794,0.10734555777162313,0.10688997153192759,0.10639871098101139,0.10596241243183613,0.10544523503631353,0.10525773093104362,0.10434050019830465,0.10397802293300629,0.10328909289091825,0.10307994112372398,0.102790342643857,0.10218443535268307,0.0,0.0,0.0,0.0,0.0,0.0,0.0,0.0,0.0,0.0,0.0,0.0,0.0,0.0,0.0,0.0,0.0,0.0,0.0,3.661582144908607
2,0.30582244880497456,0.1125261215493083,0.11229346971958876,0.11195572931319475,0.11171661224216223,0.11169272102415562,0.11149102356284857,0.1113551165908575,0.11107877641916275,0.11066620890051126,0.11018136981874704,0.11096237041056156,0.1287805661559105,0.12281205039471388,0.10883698333054781,0.10839814972132444,0.10888796020299196,0.10773466154932976,0.10904504545032978,0.10683766100555658,0.10726380627602339,0.1061105290427804,0.10571316070854664,0.10611378774046898,0.10653925128281116,0.10550467949360609,0.10444697085767984,0.10392153542488813,0.10378965362906456,0.10477005410939455,0.10368611663579941,0.10241348017007113,0.0003368845209479332,0.0,0.0,0.0,0.0,0.0,0.0,0.0,0.0,0.0,0.0,0.0,0.0,0.0,0.0,0.0,0.0,0.0,3.69368495605886
3,0.30591741669923067,0.11240503191947937,0.11201220192015171,0.11207165848463774,0.11173718608915806,0.11152078304439783,0.11135760601609945,0.11103320866823196,0.11076685134321451,0.110408715903759,0.10995601303875446,0.10968494974076748,0.10929352603852749,0.10899803880602121,0.10880969651043415,0.10862345527857542,0.10842727310955524,0.10732271522283554,0.10804375354200602,0.10748389456421137,0.10722973942756653,0.10681461915373802,0.106730030849576,0.10590770933777094,0.10573767777532339,0.10525553952902555,0.10456070397049189,0.1039868239313364,0.10346433706581593,0.10302352998405695,0.10287602804601192,0.10314675327390432,0.00032889656722545624,0.0,0.0,0.0,0.0,0.0,0.0,0.0,0.0,0.0,0.0,0.0,0.0,0.0,0.0,0.0,0.0,0.0,3.654936364851892
4,0.3035031510517001,0.11242110468447208,0.11193936783820391,0.11190082598477602,0.11191788874566555,0.11150635033845901,0.12402498070150614,0.12266525439918041,0.1233736677095294,0.11279868427664042,0.11354056186974049,0.11262248829007149,0.13664978370070457,0.11912878043949604,0.10853859316557646,0.10936124064028263,0.10849153343588114,0.1085485527291894,0.10741135198622942,0.10844369139522314,0.10642992425709963,0.10601125843822956,0.10714373178780079,0.10502168722450733,0.1060248613357544,0.10459602158516645,0.10458206385374069,0.10442271921783686,0.10330290719866753,0.10271316021680832,0.10379728768020868,0.0,0.0,0.0,0.0,0.0,0.0,0.0,0.0,0.0,0.0,0.0,0.0,0.0,0.0,0.0,0.0,0.0,0.0,0.0,3.632833476178348
5,0.3040694799274206,0.1122173173353076,0.11180609837174416,0.11186682712286711,0.11207982990890741,0.11152142658829689,0.11210219282656908,0.11082264129072428,0.11057884246110916,0.11021407879889011,0.10979366581887007,0.10976552311331034,0.1093872394412756,0.10946032870560884,0.10875035542994738,0.10862907487899065,0.10853634122759104,0.10820822883397341,0.10805994179099798,0.1079397490248084,0.10748390760272741,0.10745878797024488,0.1069169295951724,0.10663694236427546,0.10611770767718554,0.10554397758096457,0.10518398229032755,0.10525123123079538,0.10473150294274092,0.10456732753664255,0.103977270424366,0.10381064470857382,0.10281253419816494,0.10278749372810125,0.10231064353138208,0.00032443366944789886,0.0,0.0,0.0,0.0,0.0,0.0,0.0,0.0,0.0,0.0,0.0,0.0,0.0,0.0,3.9717244999483228
6,0.29261204320937395,0.11216375976800919,0.112394611351192,0.11187225952744484,0.11160954367369413,0.11136859189718962,0.11128739919513464,0.11098479013890028,0.11071338318288326,0.11003853939473629,0.11018243990838528,0.10968815162777901,0.10920885298401117,0.1088689062744379,0.10865641571581364,0.1086984146386385,0.10815483052283525,0.10788966529071331,0.10758742596954107,0.10714977513998747,0.10663122776895761,0.10608690232038498,0.10542766191065311,0.10485639236867428,0.1045330697670579,0.10422211792320013,0.10409418400377035,0.10368149075657129,0.10314472392201424,0.1025519073009491,0.00032934267073869705,0.0,0.0,0.0,0.0,0.0,0.0,0.0,0.0,0.0,0.0,0.0,0.0,0.0,0.0,0.0,0.0,0.0,0.0,0.0,3.4266888201236725
7,0.29210233967751265,0.11214749328792095,0.11228741519153118,0.11197375133633614,0.11160829477012157,0.11155530251562595,0.11104622762650251,0.11079427972435951,0.11029211524873972,0.11023311875760555,0.1099647032096982,0.10978337191045284,0.10964918974786997,0.10973278805613518,0.10910433623939753,0.10885625891387463,0.1084967814385891,0.10838991869240999,0.10810017585754395,0.10779811628162861,0.10753807052969933,0.10709843039512634,0.10686109028756618,0.10633041057735682,0.10610268823802471,0.1056847246363759,0.10518502350896597,0.10470087733119726,0.10450159385800362,0.10416947677731514,0.10573973786085844,0.1032808544114232,0.10292695742100477,0.1027199998497963,0.10225783661007881,0.0003213314339518547,0.0,0.0,0.0,0.0,0.0,0.0,0.0,0.0,0.0,0.0,0.0,0.0,0.0,0.0,3.9593350822106004
8,0.29180736746639013,0.11221200041472912,0.11207226477563381,0.11187412589788437,0.11164456699043512,0.11151711642742157,0.11093640327453613,0.11078304052352905,0.110448457300663,0.11054815072566271,0.11011222284287214,0.10969946160912514,0.11087867431342602,0.12194307427853346,0.10870371665805578,0.10852979309856892,0.10807590652257204,0.10775067564100027,0.10737538896501064,0.1070403615012765,0.10672236792743206,0.10622032824903727,0.10601124539971352,0.10553079843521118,0.10491696652024984,0.10454598441720009,0.10420713108032942,0.10411431081593037,0.10383540019392967,0.11617980431765318,0.10299226362258196,0.10305053647607565,0.0005339765921235085,0.00024532340466976166,0.0,0.0,0.0,0.0,0.0,0.0,0.0,0.0,0.0,0.0,0.0,0.0,0.0,0.0,0.0,0.0,3.6630592066794634
9,0.29186452832072973,0.11222069337964058,0.11209498345851898,0.1118217296898365,0.11173501890152693,0.11162111815065145,0.11130301654338837,0.11100942268967628,0.11054552439600229,0.11034401599317789,0.1099588330835104,0.10954073816537857,0.1091400645673275,0.1093247290700674,0.10871396213769913,0.10847243946045637,0.10796109586954117,0.10792229603976011,0.10746741201728582,0.10706036631017923,0.10650679096579552,0.10628918744623661,0.10602630395442247,0.10553575493395329,0.10477315727621317,0.10737250745296478,0.10979799274355173,0.10535314865410328,0.10624784231185913,0.10411314386874437,0.10418617073446512,0.00033365655690431595,0.0,0.0,0.0,0.0,0.0,0.0,0.0,0.0,0.0,0.0,0.0,0.0,0.0,0.0,0.0,0.0,0.0,0.0,3.5466576451435685
10,0.29364060889929533,0.11212419997900724,0.11205075588077307,0.11190332565456629,0.11094419937580824,0.11125544458627701,0.11126495618373156,0.11095534358173609,0.11093870736658573,0.11054286267608404,0.1102336123585701,0.10965094808489084,0.10966793820261955,0.10967893898487091,0.10878943931311369,0.10865787509828806,0.10809934698045254,0.10768475383520126,0.10746979899704456,0.10702669061720371,0.10657147783786058,0.10566338337957859,0.10579354781657457,0.10541444085538387,0.10516056977212429,0.10452826786786318,0.10429818462580442,0.10399475693702698,0.10498018004000187,0.1032762536779046,0.1035545114427805,0.10382180009037256,0.0008783601224422455,0.0,0.0,0.0,0.0,0.0,0.0,0.0,0.0,0.0,0.0,0.0,0.0,0.0,0.0,0.0,0.0,0.0,3.640515481121838
11,0.30521408561617136,0.11408932320773602,0.1119270958006382,0.1133583765476942,0.11129042506217957,0.11183114815503359,0.11132784280925989,0.11117849685251713,0.11115199979394674,0.11057714372873306,0.11014961078763008,0.10995516926050186,0.10898800566792488,0.1092689260840416,0.10857992526143789,0.10825594235211611,0.10814324114471674,0.10955909639596939,0.10779156535863876,0.10726248379796743,0.10715034138411283,0.10655206069350243,0.10763005819171667,0.004117794334888458,0.0,0.0,0.0,0.0,0.0,0.0,0.0,0.0,0.0,0.0,0.0,0.0,0.0,0.0,0.0,0.0,0.0,0.0,0.0,0.0,0.0,0.0,0.0,0.0,0.0,0.0,2.725350158289075
12,0.30397659447044134,0.11252877116203308,0.1123004024848342,0.11181251332163811,0.111985232681036,0.11165683250874281,0.11205093655735254,0.1113304728642106,0.11092321015894413,0.11046421341598034,0.11240084003657103,0.10981909558176994,0.10949518159031868,0.11011791508644819,0.10924283880740404,0.1090914849191904,0.10857042949646711,0.10821335576474667,0.10758564341813326,0.10739743430167437,0.1065021837130189,0.10633131209760904,0.10601875744760036,0.10552499163895845,0.10521342419087887,0.10647595953196287,0.10422537662088871,0.10343712940812111,0.10289803706109524,0.10283865034580231,0.10208795964717865,0.0003516972064971924,0.0,0.0,0.0,0.0,0.0,0.0,0.0,0.0,0.0,0.0,0.0,0.0,0.0,0.0,0.0,0.0,0.0,0.0,3.5528688775375485
13,0.3063141694292426,0.11181276571005583,0.11223551258444786,0.11206911969929934,0.1115354597568512,0.11140397470444441,0.11121961008757353,0.1107550235465169,0.11069731879979372,0.11041794065386057,0.11035890318453312,0.1098870225250721,0.10939823929220438,0.10968991834670305,0.1087126974016428,0.1093409825116396,0.10761512909084558,0.1078896876424551,0.10753917507827282,0.10717440862208605,0.10670080874115229,0.10643416829407215,0.10600203182548285,0.10516274347901344,0.10490508191287518,0.10421030037105083,0.10384033527225256,0.10418532695621252,0.10381481982767582,0.1035241773352027,0.10287879034876823,0.10392209514975548,0.10206437204033136,0.0,0.0,0.0,0.0,0.0,0.0,0.0,0.0,0.0,0.0,0.0,0.0,0.0,0.0,0.0,0.0,0.0,3.753712110221386
14,0.30510986875742674,0.11258887127041817,0.11223211884498596,0.11189782619476318,0.11335739865899086,0.11133431550115347,0.11216187383979559,0.11084525659680367,0.11418185476213694,0.11024711653590202,0.1120385192334652,0.10927161481231451,0.11078003980219364,0.10918572545051575,0.10885881911963224,0.10839932877570391,0.10829372890293598,0.10775031242519617,0.10752393770962954,0.10739003866910934,0.10683258529752493,0.10627259034663439,0.10589842684566975,0.1054208679124713,0.10503218229860067,0.1044891681522131,0.10405536741018295,0.10347497090697289,0.10290945693850517,0.10241117235273123,0.0003535868600010872,0.0,0.0,0.0,0.0,0.0,0.0,0.0,0.0,0.0,0.0,0.0,0.0,0.0,0.0,0.0,0.0,0.0,0.0,0.0,3.4505989411845803
15,0.3047044398263097,0.11247542314231396,0.11249182187020779,0.11201543267816305,0.11307456251233816,0.11143253929913044,0.11138430051505566,0.11249117273837328,0.1106879087164998,0.11057324893772602,0.11017815861850977,0.11114225350320339,0.10929923970252275,0.109591756016016,0.10937910340726376,0.10857643932104111,0.10814640205353498,0.10793488472700119,0.1075109913945198,0.10751012340188026,0.10676001477986574,0.10636902134865522,0.10611834190785885,0.10560645069926977,0.10723768547177315,0.1054072817787528,0.10471177846193314,0.1045311912894249,0.10413299687206745,0.10338032990694046,0.10313000064343214,0.10347330011427402,0.10226348973810673,0.00047258101403713226,0.0,0.0,0.0,0.0,0.0,0.0,0.0,0.0,0.0,0.0,0.0,0.0,0.0,0.0,0.0,0.0,3.7641946664080024
16,0.29491111263632774,0.11215762794017792,0.11223136261105537,0.11170913185924292,0.11168264411389828,0.11134310625493526,0.11132483649998903,0.1108630895614624,0.11057862173765898,0.11032402608543634,0.11029895674437284,0.11216912046074867,0.10930734872817993,0.10913670342415571,0.10859639849513769,0.1083692591637373,0.10780816059559584,0.1077420087531209,0.10719367861747742,0.10688849072903395,0.10817175265401602,0.10635040514171124,0.10595071781426668,0.10546019580215216,0.1052064597606659,0.1045736912637949,0.10422509349882603,0.10374085046350956,0.10304722003638744,0.10257479641586542,0.00034854374825954437,0.0,0.0,0.0,0.0,0.0,0.0,0.0,0.0,0.0,0.0,0.0,0.0,0.0,0.0,0.0,0.0,0.0,0.0,0.0,3.4342854116111994
17,0.2862787451595068,0.11214328743517399,0.11189931817352772,0.11191118229180574,0.11167335417121649,0.11124556325376034,0.11116833053529263,0.11104073002934456,0.11060471273958683,0.11040988564491272,0.11016255524009466,0.10987293906509876,0.10934747569262981,0.10915833618491888,0.10949827916920185,0.10846357978880405,0.10830855928361416,0.10779985226690769,0.10712799895554781,0.10720014479011297,0.10655769519507885,0.10639156866818666,0.10612348839640617,0.10562592092901468,0.10571864433586597,0.10508837085217237,0.10480354726314545,0.1041557164862752,0.10361751820892096,0.10337491426616907,0.10273845680058002,0.10227916017174721,0.0,0.0,0.0,0.0,0.0,0.0,0.0,0.0,0.0,0.0,0.0,0.0,0.0,0.0,0.0,0.0,0.0,0.0,3.631789831444621
18,0.28969159349799156,0.11219645570963621,0.112126256339252,0.11354534048587084,0.1115869116038084,0.11135353054851294,0.11109145265072584,0.11075456812977791,0.11062618996948004,0.11029858142137527,0.10976742301136255,0.1095027569681406,0.10953753907233477,0.10861987620592117,0.1086809216067195,0.10833418741822243,0.10805315896868706,0.10778216924518347,0.1073378985747695,0.10715416818857193,0.10668020788580179,0.10637642070651054,0.10606001783162355,0.10588749498128891,0.10519924852997065,0.10497817024588585,0.1047453535720706,0.1042598644271493,0.10378129035234451,0.10356217250227928,0.10329200979322195,0.10389099456369877,0.10411460977047682,0.0009370967745780945,0.0006405040621757507,0.0,0.0,0.0,0.0,0.0,0.0,0.0,0.0,0.0,0.0,0.0,0.0,0.0,0.0,0.0,3.7424464356154203
19,0.2940636854618788,0.11237657442688942,0.11212745495140553,0.11197957955300808,0.11168479919433594,0.11107202898710966,0.1109319580718875,0.11079247295856476,0.11047156620770693,0.1102247042581439,0.11031504534184933,0.10951012186706066,0.10850659012794495,0.1092105321586132,0.10807225573807955,0.10806170478463173,0.1076771430671215,0.10753902327269316,0.10742812510579824,0.10715181473642588,0.10708439908921719,0.10659923497587442,0.1062170211225748,0.10584225505590439,0.10549990646541119,0.10574669111520052,0.10491102375090122,0.10438890662044287,0.10403284709900618,0.1037111571058631,0.10324536450207233,0.10436744149774313,0.10273445956408978,0.10205056611448526,0.0,0.0,0.0,0.0,0.0,0.0,0.0,0.0,0.0,0.0,0.0,0.0,0.0,0.0,0.0,0.0,3.845628454349935
20,0.29034520871937275,0.11233167722821236,0.11191442981362343,0.11191228684037924,0.1112959012389183,0.1112920269370079,0.11131853703409433,0.11086652893573046,0.11063432600349188,0.11102075967937708,0.12249499745666981,0.10959606617689133,0.10919772740453482,0.10991052724421024,0.10878426022827625,0.10857341438531876,0.10818538535386324,0.10776907857507467,0.10761022195219994,0.10674276761710644,0.10654013510793447,0.10596434399485588,0.10569789074361324,0.1051810048520565,0.10463528707623482,0.10424341820180416,0.10376376286149025,0.10350769385695457,0.10301742982119322,0.10271602589637041,0.10221294313669205,0.0003126133233308792,0.0,0.0,0.0,0.0,0.0,0.0,0.0,0.0,0.0,0.0,0.0,0.0,0.0,0.0,0.0,0.0,0.0,0.0,3.5395886776968837
21,0.30579621251672506,0.11247166339308023,0.11199745442718267,0.110953563824296,0.11145912948995829,0.11116155050694942,0.12317249272018671,0.11093586962670088,0.11078661866486073,0.1108122942969203,0.11010511219501495,0.10932644922286272,0.10982099920511246,0.10942304413765669,0.10911898873746395,0.10873100347816944,0.10838109720498323,0.10815986432135105,0.10786086041480303,0.10764440428465605,0.10739064775407314,0.10710305720567703,0.108679105527699,0.1068723676726222,0.1062851445749402,0.10600823443382978,0.10533179063349962,0.10502218827605247,0.10470400098711252,0.10421579610556364,0.10393770970404148,0.10366563778370619,0.1033083600923419,0.10296618472784758,0.1026989696547389,0.10220130439847708,0.0003373902291059494,0.0,0.0,0.0,0.0,0.0,0.0,0.0,0.0,0.0,0.0,0.0,0.0,0.0,4.088846562430263
22,0.30214930418878794,0.11231118533760309,0.11210627015680075,0.11196586675941944,0.11171812377870083,0.11156614404171705,0.11120558809489012,0.11082693841308355,0.11051332764327526,0.11013711523264647,0.10992590896785259,0.10975236538797617,0.10952314920723438,0.11005760543048382,0.10906639602035284,0.10863186232745647,0.10827420558780432,0.1079883286729455,0.10778028797358274,0.10756991151720285,0.10734273120760918,0.10701237618923187,0.10658364091068506,0.10618982836604118,0.10554801672697067,0.10556787438690662,0.1053221682086587,0.10506040137261152,0.10481498390436172,0.10712707508355379,0.10420859139412642,0.10477419849485159,0.0018948698416352272,0.0,0.0,0.0,0.0,0.0,0.0,0.0,0.0,0.0,0.0,0.0,0.0,0.0,0.0,0.0,0.0,0.0,3.6645166408270597
23,0.30112989339977503,0.11234152875840664,0.11209808755666018,0.11179600656032562,0.11187194474041462,0.11159487441182137,0.11144722811877728,0.11101509165018797,0.11064078193157911,0.11044232361018658,0.11000851262360811,0.10990316327661276,0.10983200743794441,0.1094730757176876,0.10923349298536777,0.10886898916214705,0.10851016640663147,0.10827825032174587,0.10824419930577278,0.12029566243290901,0.10770765319466591,0.10743790864944458,0.1068818373605609,0.10817413497716188,0.10637537855654955,0.10590486321598291,0.10548351425677538,0.10515468381345272,0.10471534077078104,0.10419454611837864,0.10379351954907179,0.10352739132940769,0.10298079997301102,0.10277131292968988,0.10242882277816534,0.0005269646644592285,0.00024071987718343735,0.0,0.0,0.0,0.0,0.0,0.0,0.0,0.0,0.0,0.0,0.0,0.0,0.0,3.985324672423303
24,0.3045517150312662,0.1125412592664361,0.11197199951857328,0.11181906517595053,0.11201499868184328,0.1113999281078577,0.11127244774252176,0.11094558332115412,0.11088057328015566,0.1103979591280222,0.11005957517772913,0.10989032965153456,0.10954447463154793,0.10901994910091162,0.1087814923375845,0.1102959830313921,0.10846636816859245,0.10809111502021551,0.10774775594472885,0.10739029012620449,0.10711269732564688,0.10684310551732779,0.1064070351421833,0.10605921410024166,0.10598235577344894,0.10569664463400841,0.10502199362963438,0.10460312850773335,0.1042033126577735,0.10373483318835497,0.10361860040575266,0.10311250016093254,0.0012654243037104607,0.0,0.0,0.0,0.0,0.0,0.0,0.0,0.0,0.0,0.0,0.0,0.0,0.0,0.0,0.0,0.0,0.0,3.660743707790971
25,0.30587925016880035,0.11245559621602297,0.11220499593764544,0.11197513528168201,0.11183061823248863,0.11141813453286886,0.11108298320323229,0.1109160054475069,0.11068812943994999,0.11019281297922134,0.11008689180016518,0.10974522773176432,0.10928198229521513,0.1086604492738843,0.1085025081411004,0.10832258220762014,0.10802883468568325,0.10770631488412619,0.10753587167710066,0.10725359059870243,0.1064669145271182,0.10670132096856833,0.10632483195513487,0.10605789255350828,0.10573743470013142,0.10555385146290064,0.10498401243239641,0.10491905454546213,0.10498499032109976,0.1039161728695035,0.10341949388384819,0.10273696947842836,0.10222813673317432,0.00034676678478717804,0.0,0.0,0.0,0.0,0.0,0.0,0.0,0.0,0.0,0.0,0.0,0.0,0.0,0.0,0.0,0.0,3.7581457579508424
26,0.29105978552252054,0.11216122284531593,0.1125742569565773,0.11214128788560629,0.11160846520215273,0.1111774267628789,0.11121682170778513,0.11098574101924896,0.11079006735235453,0.11074571590870619,0.1101418063044548,0.10978013463318348,0.10936595126986504,0.108946374617517,0.10896220151335001,0.108750537969172,0.10854096431285143,0.10803062934428453,0.10776718612760305,0.10674094874411821,0.10702422820031643,0.10678118094801903,0.10633744485676289,0.10573479533195496,0.10559409391134977,0.10509977210313082,0.10465285927057266,0.10424645431339741,0.10405642446130514,0.1032319599762559,0.10299832001328468,0.1028215941041708,0.10249756276607513,0.0003221798688173294,0.0,0.0,0.0,0.0,0.0,0.0,0.0,0.0,0.0,0.0,0.0,0.0,0.0,0.0,0.0,0.0,3.742886396124959
27,0.29009887017309666,0.11200834438204765,0.11210869625210762,0.11179854813963175,0.11169280763715506,0.11156949400901794,0.11155327595770359,0.1110893739387393,0.11073789652436972,0.11000415962189436,0.10997473541647196,0.10955826658755541,0.10915875900536776,0.10917441919445992,0.10893972218036652,0.10862931609153748,0.10844848211854696,0.10881796851754189,0.1070653647184372,0.10691418498754501,0.10627549421042204,0.10615221504122019,0.10596862062811852,0.10533258691430092,0.10529004782438278,0.10476539377123117,0.10455527622252703,0.10379181895405054,0.10320527479052544,0.10298908315598965,0.10272841714322567,0.10201954375952482,0.00032939761877059937,0.0,0.0,0.0,0.0,0.0,0.0,0.0,0.0,0.0,0.0,0.0,0.0,0.0,0.0,0.0,0.0,0.0,3.632745855487883
28,0.29126877523958683,0.11180131416767836,0.11225648317486048,0.11177853588014841,0.11154166981577873,0.11156782414764166,0.1128257354721427,0.1107299281284213,0.11054361425340176,0.11024653632193804,0.11037262436002493,0.10875039547681808,0.10929998848587275,0.10916988831013441,0.10890899505466223,0.10868127178400755,0.1083074389025569,0.10804333537817001,0.10714091919362545,0.10726705472916365,0.10673088859766722,0.10628197155892849,0.1060309736058116,0.10544552747160196,0.10497285425662994,0.10456983651965857,0.10410420037806034,0.10329994838684797,0.1028178259730339,0.1024815971031785,0.0003375476226210594,0.0,0.0,0.0,0.0,0.0,0.0,0.0,0.0,0.0,0.0,0.0,0.0,0.0,0.0,0.0,0.0,0.0,0.0,0.0,3.4275754997506738
29,0.29255602322518826,0.11243054736405611,0.11206857580691576,0.11147909518331289,0.11145752761512995,0.1113762790337205,0.1107492158189416,0.1105151604861021,0.11039417050778866,0.11011972837150097,0.10989853926002979,0.10959985200315714,0.10933440178632736,0.10917077213525772,0.10860270541161299,0.1084240647032857,0.1080368859693408,0.10941349528729916,0.10726798139512539,0.10678818635642529,0.10652938392013311,0.10603591706603765,0.10562341287732124,0.10501235350966454,0.10488428920507431,0.10424839425832033,0.10445510037243366,0.10402440000325441,0.10340253356844187,0.10284105502068996,0.10270454362034798,0.10223566368222237,0.00034064240753650665,0.0,0.0,0.0,0.0,0.0,0.0,0.0,0.0,0.0,0.0,0.0,0.0,0.0,0.0,0.0,0.0,0.0,3.632020897231996
30,0.29295626375824213,0.11218369845300913,0.11191424820572138,0.11112954001873732,0.11156553588807583,0.11119849607348442,0.11105056572705507,0.11097006499767303,0.11060610972344875,0.11043800227344036,0.11001158785074949,0.10985055845230818,0.10927007719874382,0.10888040903955698,0.10848349891602993,0.10851890221238136,0.10836026910692453,0.10813409928232431,0.10793177224695683,0.10781940631568432,0.1073319623246789,0.10683225467801094,0.10637412220239639,0.1059823576360941,0.10543421469628811,0.10506367404013872,0.10474517103284597,0.10572426579892635,0.10376716032624245,0.11543073039501905,0.10287859756499529,0.0002559050917625427,0.0,0.0,0.0,0.0,0.0,0.0,0.0,0.0,0.0,0.0,0.0,0.0,0.0,0.0,0.0,0.0,0.0,0.0,3.551093521527946
31,0.3069258388131857,0.11235107947140932,0.11242604441940784,0.11211550608277321,0.11190307606011629,0.11138726770877838,0.11128479242324829,0.1107978206127882,0.1107057798653841,0.11073136236518621,0.11017372086644173,0.11009873915463686,0.10953673534095287,0.10903748217970133,0.10882440861314535,0.10854583885520697,0.10818041022866964,0.10814035218209028,0.1076100654900074,0.10725132189691067,0.10690571740269661,0.10642400849610567,0.1060387110337615,0.10549390688538551,0.10486191045492887,0.10453315731137991,0.10400614701211452,0.10347806382924318,0.10345220286399126,0.10282524675130844,0.1026677330955863,0.0003297599032521248,0.0,0.0,0.0,0.0,0.0,0.0,0.0,0.0,0.0,0.0,0.0,0.0,0.0,0.0,0.0,0.0,0.0,0.0,3.5490442076697946
32,0.29973427671939135,0.11226146761327982,0.11211303994059563,0.11285349912941456,0.11196352820843458,0.11166139040142298,0.1110500143840909,0.11078607756644487,0.11056027840822935,0.11042000539600849,0.11018337309360504,0.10972565598785877,0.10955795645713806,0.11000323388725519,0.10874189157038927,0.108459179289639,0.10814264137297869,0.10777764022350311,0.10748123563826084,0.10697981528937817,0.10648179147392511,0.10626421961933374,0.10598035715520382,0.10520345903933048,0.10492845717817545,0.10455861687660217,0.10415633022785187,0.10366383753716946,0.10283896699547768,0.10253146290779114,0.0003408128395676613,0.0,0.0,0.0,0.0,0.0,0.0,0.0,0.0,0.0,0.0,0.0,0.0,0.0,0.0,0.0,0.0,0.0,0.0,0.0,3.4374045124277472
33,0.3039397280663252,0.1123149674385786,0.11239757388830185,0.11198371183127165,0.11175212543457747,0.1115669896826148,0.11142471805214882,0.11102988570928574,0.11083561461418867,0.11043456755578518,0.11025018524378538,0.10976026672869921,0.10947334673255682,0.10922483261674643,0.12185520678758621,0.12088083382695913,0.1205197935923934,0.10745084099471569,0.1068866103887558,0.10694803483784199,0.10661137197166681,0.106275106780231,0.10581394098699093,0.10559079144150019,0.10524108726531267,0.10507189109921455,0.1043975343927741,0.10388515144586563,0.10336162615567446,0.10288131982088089,0.10259184241294861,0.0003300067037343979,0.0,0.0,0.0,0.0,0.0,0.0,0.0,0.0,0.0,0.0,0.0,0.0,0.0,0.0,0.0,0.0,0.0,0.0,3.5829815044999123
34,0.30170175805687904,0.11242146696895361,0.11225877702236176,0.11199658736586571,0.11171711422502995,0.1116651352494955,0.11140084359794855,0.1111604468896985,0.11064471304416656,0.1104689808562398,0.1101080421358347,0.10971812531352043,0.10980770271271467,0.10946586541831493,0.10905601643025875,0.1080384561792016,0.108271692879498,0.1079160263761878,0.10759360529482365,0.10708553530275822,0.10645614750683308,0.10605735518038273,0.10575628373771906,0.10531384963542223,0.10451856534928083,0.10449337027966976,0.10397734679281712,0.10365876462310553,0.10298177134245634,0.10268247034400702,0.10211131535470486,0.0,0.0,0.0,0.0,0.0,0.0,0.0,0.0,0.0,0.0,0.0,0.0,0.0,0.0,0.0,0.0,0.0,0.0,0.0,3.5405041314661503
35,0.29838000889867544,0.11233771778643131,0.1122996574267745,0.11197214759886265,0.11159252002835274,0.1113539645448327,0.11127953603863716,0.11035861540585756,0.11054272018373013,0.11044878605753183,0.11025047209113836,0.10965592600405216,0.10945335868746042,0.11009060312062502,0.10918739251792431,0.1108552198857069,0.10853748861700296,0.10843922849744558,0.10813362523913383,0.10770594235509634,0.10750999394804239,0.10733476839959621,0.10698475688695908,0.10653047822415829,0.1062707444652915,0.10604196414351463,0.10570907313376665,0.003493637777864933,0.0,0.0,0.0,0.0,0.0,0.0,0.0,0.0,0.0,0.0,0.0,0.0,0.0,0.0,0.0,0.0,0.0,0.0,0.0,0.0,0.0,0.0,3.1427503479644656
36,0.2895880099385977,0.11221441067755222,0.11219838820397854,0.11211846303194761,0.11163520254194736,0.11152720637619495,0.11139585357159376,0.11095985304564238,0.1105855768546462,0.11031459551304579,0.11008807923644781,0.10980325564742088,0.10967993270605803,0.10980643145740032,0.10897005628794432,0.10873049590736628,0.10831993911415339,0.10815863497555256,0.10769461467862129,0.10739653930068016,0.10653625708073378,0.10663686506450176,0.10623346734791994,0.10577598493546247,0.1050958763808012,0.10455270670354366,0.10452066455036402,0.10381155647337437,0.10346560552716255,0.10293947253376245,0.10263351071625948,0.00034112948924303055,0.0,0.0,0.0,0.0,0.0,0.0,0.0,0.0,0.0,0.0,0.0,0.0,0.0,0.0,0.0,0.0,0.0,0.0,3.5337286358699203
37,0.29247006122022867,0.11238609347492456,0.11193990614265203,0.11220183782279491,0.11186232697218657,0.11177569255232811,0.11131593119353056,0.11118198372423649,0.11109920777380466,0.11056127957999706,0.11033190228044987,0.11007110588252544,0.10925041791051626,0.10978805832564831,0.10866853222250938,0.10871510673314333,0.10825913213193417,0.1080513158813119,0.10757424123585224,0.10715931095182896,0.10688638687133789,0.10803867410868406,0.10586303099989891,0.10530753992497921,0.10472792480140924,0.10464671067893505,0.10420790314674377,0.10365261044353247,0.10343600995838642,0.102924601174891,0.10261521022766829,0.10302519984543324,0.0003282027319073677,0.0,0.0,0.0,0.0,0.0,0.0,0.0,0.0,0.0,0.0,0.0,0.0,0.0,0.0,0.0,0.0,0.0,3.6403234489262104
38,0.2898327363654971,0.11214739922434092,0.11191665008664131,0.11213295347988605,0.11171774286776781,0.11134662665426731,0.11129722557961941,0.11106464639306068,0.11059940699487925,0.11057769600301981,0.11038859281688929,0.11005391366779804,0.10875832289457321,0.10936852544546127,0.10890154913067818,0.10867447219789028,0.10854432545602322,0.10821120906621218,0.10805625561624765,0.10787070635706186,0.10747919697314501,0.11882956139743328,0.10641213785856962,0.10606432799249887,0.10568062961101532,0.10532709769904613,0.10499113984405994,0.10457075294107199,0.10419233981519938,0.10402205307036638,0.10353669710457325,0.10297007765620947,0.10259607620537281,0.00034698378294706345,0.0,0.0,0.0,0.0,0.0,0.0,0.0,0.0,0.0,0.0,0.0,0.0,0.0,0.0,0.0,0.0,3.7584800282493234
39,0.284297083504498,0.11240578535944223,0.11204104870557785,0.11190725769847631,0.11182353552430868,0.11151135247200727,0.11128509324043989,0.11103343311697245,0.11059498228132725,0.11047484166920185,0.11022071726620197,0.10997648816555738,0.10941179189831018,0.10951271839439869,0.10883431695401669,0.108370840549469,0.10810277424752712,0.10771033074706793,0.10732033476233482,0.10694520454853773,0.10666939429938793,0.10652061924338341,0.10631235409528017,0.1060539111495018,0.10556645225733519,0.10481551568955183,0.10421789065003395,0.10407985281199217,0.10341505892574787,0.10310357622802258,0.10280614346265793,0.10424857679754496,0.0003253873437643051,0.0,0.0,0.0,0.0,0.0,0.0,0.0,0.0,0.0,0.0,0.0,0.0,0.0,0.0,0.0,0.0,0.0,3.6319146640598774
40,0.2933604335412383,0.11219719424843788,0.11216977331787348,0.11202944722026587,0.11187985632568598,0.11137031111866236,0.11122018098831177,0.11120664328336716,0.11185070406645536,0.11062993202358484,0.11031912639737129,0.1100177513435483,0.10933826304972172,0.10937849245965481,0.10931829921901226,0.1088380804285407,0.10850881598889828,0.10836885869503021,0.10779266431927681,0.10748207103461027,0.1072703842073679,0.10674772597849369,0.10635453462600708,0.10583989322185516,0.1056416081264615,0.10514409095048904,0.10475964099168777,0.10400105081498623,0.10373940411955118,0.10329906642436981,0.10285106766968966,0.1028398834168911,0.10211481340229511,0.0003246394917368889,0.0,0.0,0.0,0.0,0.0,0.0,0.0,0.0,0.0,0.0,0.0,0.0,0.0,0.0,0.0,0.0,3.74820470251143
41,0.30290116369724274,0.11256301868706942,0.12469759210944176,0.11208695080131292,0.11193604487925768,0.11096194852143526,0.11137495469301939,0.11102124210447073,0.11096082534641027,0.11054432857781649,0.11020252667367458,0.1094421660527587,0.10956546105444431,0.1096538919955492,0.10921105463057756,0.10876310709863901,0.10837723687291145,0.10814916249364614,0.10760536417365074,0.10717672668397427,0.10669652558863163,0.1062817582860589,0.1067460523918271,0.10547804739326239,0.1046762065961957,0.1044319337233901,0.10418015252798796,0.10356687009334564,0.10294491611421108,0.10265266615897417,0.00033758673816919327,0.0,0.0,0.0,0.0,0.0,0.0,0.0,0.0,0.0,0.0,0.0,0.0,0.0,0.0,0.0,0.0,0.0,0.0,0.0,3.4551874827593565
42,0.3032552031800151,0.1124557051807642,0.1124326353892684,0.11214860156178474,0.11158192623406649,0.1117823924869299,0.11135576758533716,0.11109563242644072,0.11078311316668987,0.11051851604133844,0.11015155259519815,0.10924841370433569,0.10978285875171423,0.10926759988069534,0.10912750568240881,0.1089187990874052,0.10842391196638346,0.10807803180068731,0.10782672092318535,0.10730226431041956,0.10695036966353655,0.10654580406844616,0.10629789624363184,0.10576718393713236,0.10486171953380108,0.10488358791917562,0.10432668123394251,0.10409604664891958,0.10382810700684786,0.10352610982954502,0.10280535835772753,0.10329941008239985,0.0005675116553902626,0.00027070753276348114,0.0,0.0,0.0,0.0,0.0,0.0,0.0,0.0,0.0,0.0,0.0,0.0,0.0,0.0,0.0,0.0,3.653563645668328
43,0.3055120948702097,0.11240457464009523,0.1125482264906168,0.1120184101164341,0.11186578217893839,0.11161218676716089,0.11138252075761557,0.11087281722575426,0.11076365504413843,0.11039316840469837,0.11027734261006117,0.10995677020400763,0.10958288796246052,0.10965654253959656,0.10913060139864683,0.10846858844161034,0.10850871447473764,0.10818867292255163,0.10786295868456364,0.10785988718271255,0.10723643843084574,0.1093319496139884,0.10670019779354334,0.10634643398225307,0.10607196018099785,0.10561854671686888,0.10517184529453516,0.10470790043473244,0.1043232474476099,0.1034062085673213,0.10346265323460102,0.10395777970552444,0.10261248890310526,0.0003414768725633621,0.0,0.0,0.0,0.0,0.0,0.0,0.0,0.0,0.0,0.0,0.0,0.0,0.0,0.0,0.0,0.0,3.7681555300951004
44,0.303238682448864,0.11252628918737173,0.11213997099548578,0.11189790721982718,0.11206935718655586,0.11145446728914976,0.11129444185644388,0.11113881319761276,0.1109554311260581,0.11066088266670704,0.11029729899019003,0.1097981994971633,0.10983411967754364,0.10954354237765074,0.10919570177793503,0.10883637797087431,0.10843864176422358,0.10804545041173697,0.1076855743303895,0.10753857530653477,0.10731540806591511,0.10683394502848387,0.10652380343526602,0.10616424400359392,0.10575985070317984,0.10554048884660006,0.1050956305116415,0.1045808233320713,0.10418486688286066,0.10393084306269884,0.10372323729097843,0.10368707869201899,0.1028272695839405,0.10255355294793844,0.0004863245412707329,0.0,0.0,0.0,0.0,0.0,0.0,0.0,0.0,0.0,0.0,0.0,0.0,0.0,0.0,0.0,3.865797092206776
45,0.3035734398290515,0.11240862030535936,0.11226883623749018,0.1121911471709609,0.11186886858195066,0.11171573866158724,0.11099997721612453,0.11100864037871361,0.11057786550372839,0.1102007469162345,0.11011535953730345,0.1099272994324565,0.10970749892294407,0.10916451923549175,0.10905666556209326,0.10861694905906916,0.10819503851234913,0.10804653912782669,0.107810421846807,0.10747022740542889,0.10689910687506199,0.10710737854242325,0.10667134448885918,0.10638629086315632,0.10586278513073921,0.10566013678908348,0.10505410470068455,0.10473460704088211,0.10424535069614649,0.10401942674070597,0.10387231968343258,0.10429503303021193,0.10289394669234753,0.0011432310566306114,0.10233814362436533,0.0003197072073817253,0.0,0.0,0.0,0.0,0.0,0.0,0.0,0.0,0.0,0.0,0.0,0.0,0.0,0.0,3.866427312605083
46,0.293288292363286,0.11216764990240335,0.11185656953603029,0.11204184219241142,0.11282014660537243,0.11150026135146618,0.11110227089375257,0.11097120866179466,0.11066502705216408,0.11036348436027765,0.11025070864707232,0.10978953540325165,0.10943112894892693,0.10927784256637096,0.10843779612332582,0.1214029723778367,0.10786620900034904,0.10758453514426947,0.10725431703031063,0.10730137396603823,0.10669466201215982,0.10637908801436424,0.1061326414346695,0.10561640374362469,0.10509425029158592,0.10466266702860594,0.10417842958122492,0.1038708072155714,0.1031168894842267,0.10297809727489948,0.10210096929222345,0.00032510701566934586,0.0,0.0,0.0,0.0,0.0,0.0,0.0,0.0,0.0,0.0,0.0,0.0,0.0,0.0,0.0,0.0,0.0,0.0,3.546523184515536
47,0.29126421362161636,0.11211716756224632,0.1123078502714634,0.1119415620341897,0.11160321533679962,0.11148615553975105,0.11107168812304735,0.11082112602889538,0.1105098556727171,0.11054253298789263,0.11014857236295938,0.109875219874084,0.10956933163106441,0.10995881166309118,0.10897814948111773,0.10863287933170795,0.10831510554999113,0.10797091200947762,0.1076379669830203,0.10737486649304628,0.10676791798323393,0.10652781277894974,0.10623957496136427,0.10594056081026793,0.10539395920932293,0.10504451394081116,0.10466594435274601,0.10425942298024893,0.1037178123369813,0.10427636560052633,0.10282515920698643,0.10294128768146038,0.0,0.0,0.0,0.0,0.0,0.0,0.0,0.0,0.0,0.0,0.0,0.0,0.0,0.0,0.0,0.0,0.0,0.0,3.6407275144010782
48,0.2909861169755459,0.11201223731040955,0.11195994447916746,0.11198763828724623,0.11177576333284378,0.11145258788019419,0.11127594206482172,0.1110187629237771,0.11076682806015015,0.1104107778519392,0.11044586263597012,0.11006351932883263,0.10973603185266256,0.1096901586279273,0.10899659525603056,0.12114503234624863,0.10845042951405048,0.10814272798597813,0.10765115451067686,0.10741572268307209,0.10713163670152426,0.10679085645824671,0.10649805795401335,0.10613389499485493,0.10540850088000298,0.10504707414656878,0.1046413341537118,0.10393620003014803,0.10348459333181381,0.10298772901296616,0.10276066232472658,0.0009403303265571594,0.0006717499345541,0.0,0.0,0.0,0.0,0.0,0.0,0.0,0.0,0.0,0.0,0.0,0.0,0.0,0.0,0.0,0.0,0.0,3.5518164541572332
49,0.2916271258145571,0.1122063472867012,0.11190707888454199,0.11185670457780361,0.1115840170532465,0.11132017523050308,0.11112526524811983,0.11101214028894901,0.11068595200777054,0.11055809073150158,0.1100980257615447,0.10976380947977304,0.10940168891102076,0.10902809537947178,0.10858002491295338,0.10844704043120146,0.10838881973177195,0.1078933384269476,0.10898820031434298,0.10704771615564823,0.10677472781389952,0.10607538092881441,0.10585708823055029,0.10520722810178995,0.10500823333859444,0.10469634179025888,0.10435708705335855,0.10393120441585779,0.10371164698153734,0.10325054451823235,0.10290833190083504,0.10300242062658072,0.0,0.0,0.0,0.0,0.0,0.0,0.0,0.0,0.0,0.0,0.0,0.0,0.0,0.0,0.0,0.0,0.0,0.0,3.6362998923286796
50,0.29187636263668537,0.1121435035020113,0.11208556219935417,0.11200138740241528,0.11176459398120642,0.11161534860730171,0.11125032976269722,0.1109437569975853,0.11091951839625835,0.11035972647368908,0.1099950410425663,0.10978533327579498,0.10940109100192785,0.10900155454874039,0.10896962787956,0.10847335681319237,0.10803485102951527,0.10767464432865381,0.10766042210161686,0.10697952844202518,0.10670368745923042,0.10663954354822636,0.10614508111029863,0.10587695613503456,0.10552143026143312,0.10501495655626059,0.10436865407973528,0.10406020097434521,0.10330652445554733,0.10310129914432764,0.10278459545224905,0.102722542360425,0.00032778363674879074,0.0,0.0,0.0,0.0,0.0,0.0,0.0,0.0,0.0,0.0,0.0,0.0,0.0,0.0,0.0,0.0,0.0,3.637508795596659
51,0.3044922985136509,0.1124914949759841,0.11276801023632288,0.11227724980562925,0.11171589605510235,0.11164541821926832,0.11148939281702042,0.11114370170980692,0.11100111808627844,0.11046592053025961,0.11004626657813787,0.10979553405195475,0.109579105861485,0.1091527221724391,0.10895003844052553,0.10848770383745432,0.1082104193046689,0.10786985792219639,0.10769132804125547,0.10726580210030079,0.10722872149199247,0.10696714092046022,0.10644462238997221,0.10593304689973593,0.10550480615347624,0.10503201931715012,0.10475738439708948,0.10436618700623512,0.1041517211124301,0.10381446406245232,0.10360565688461065,0.10375444032251835,0.10308183077722788,0.10281483083963394,0.10250148642808199,0.0005484102293848991,0.00027612969279289246,0.0,0.0,0.0,0.0,0.0,0.0,0.0,0.0,0.0,0.0,0.0,0.0,0.0,3.967322178184986
52,0.3046603901311755,0.11243782751262188,0.1124445041641593,0.1118473969399929,0.11160725355148315,0.1116750156506896,0.11114759556949139,0.11113351956009865,0.11078898701816797,0.1105682598426938,0.1104840561747551,0.1100134514272213,0.10955671966075897,0.10931526683270931,0.10886253602802753,0.10977725498378277,0.10821471642702818,0.10802101716399193,0.1077395724132657,0.10745264776051044,0.10692516341805458,0.10653384681791067,0.10642060078680515,0.10594859346747398,0.10566787701100111,0.10515032429248095,0.10464219469577074,0.1041719876229763,0.1038829367607832,0.10372863244265318,0.10310410801321268,0.10408824123442173,0.1021062545478344,0.0,0.0,0.0,0.0,0.0,0.0,0.0,0.0,0.0,0.0,0.0,0.0,0.0,0.0,0.0,0.0,0.0,3.760118749924004
53,0.303596674464643,0.11250513698905706,0.11233104206621647,0.11213751696050167,0.11299831885844469,0.11174200847744942,0.11123650427907705,0.11113385949283838,0.11100437305867672,0.11165999993681908,0.11019299831241369,0.1107101421803236,0.10937907919287682,0.10956201143562794,0.10921935364603996,0.10890027228742838,0.10863935481756926,0.10824590176343918,0.10792875569313765,0.10751740075647831,0.10705917980521917,0.1066890200600028,0.10624045692384243,0.10574883874505758,0.1055242009460926,0.10524037387222052,0.1050005629658699,0.10472169052809477,0.10425312630832195,0.10367513727396727,0.11554903723299503,0.10278817266225815,0.000356053002178669,0.0,0.0,0.0,0.0,0.0,0.0,0.0,0.0,0.0,0.0,0.0,0.0,0.0,0.0,0.0,0.0,0.0,3.673486554995179
54,0.3056522198021412,0.11258761584758759,0.11211826372891665,0.11209699232131243,0.11166935600340366,0.11141792498528957,0.11111128795892,0.11114939767867327,0.11067400127649307,0.11041772644966841,0.10991744231432676,0.10976177547127008,0.10966998524963856,0.10981455817818642,0.10897731687873602,0.10858157929033041,0.10831742454320192,0.10830993205308914,0.10773906670510769,0.10729566216468811,0.1071916138753295,0.1065945252776146,0.1061653308570385,0.10571550391614437,0.10518024023622274,0.1050828155130148,0.10429968778043985,0.10381873697042465,0.10330032836645842,0.10276258550584316,0.10258978605270386,0.0003391755744814873,0.0,0.0,0.0,0.0,0.0,0.0,0.0,0.0,0.0,0.0,0.0,0.0,0.0,0.0,0.0,0.0,0.0,0.0,3.550319858826697
55,0.3025298360735178,0.1123321196064353,0.11230611801147461,0.11198253091424704,0.11182385869324207,0.11154237203299999,0.11107034794986248,0.11071279272437096,0.11050963588058949,0.1105914618819952,0.11025447491556406,0.10983684845268726,0.10967688262462616,0.10957186296582222,0.10884457919746637,0.10887161083519459,0.10840911883860826,0.10803021769970655,0.10769164562225342,0.10739491041749716,0.10705336648970842,0.10662821494042873,0.10619801096618176,0.10582207422703505,0.105530496686697,0.10553614236414433,0.10516077000647783,0.10488767176866531,0.10438434407114983,0.10432385466992855,0.1031890595331788,0.103188406676054,0.10216257069259882,0.0,0.0,0.0,0.0,0.0,0.0,0.0,0.0,0.0,0.0,0.0,0.0,0.0,0.0,0.0,0.0,0.0,3.7580482084304094
56,0.2959489729255438,0.11228688526898623,0.11208503600209951,0.11191727314144373,0.11182748898863792,0.11176600027829409,0.11146865505725145,0.11123111564666033,0.11095484625548124,0.11040626280009747,0.11032298672944307,0.10979690868407488,0.10947808157652617,0.1098830858245492,0.10882953181862831,0.10882270708680153,0.10827805381268263,0.10798362828791142,0.10768883023411036,0.10716420691460371,0.10679301805794239,0.10628326702862978,0.10574858449399471,0.10546730924397707,0.10513248015195131,0.10464396141469479,0.104393913410604,0.10410920716822147,0.10363009851425886,0.10334574338048697,0.10301041882485151,0.10425670631229877,0.10203727521002293,0.0,0.0,0.0,0.0,0.0,0.0,0.0,0.0,0.0,0.0,0.0,0.0,0.0,0.0,0.0,0.0,0.0,3.7469925405457616
57,0.2893043039366603,0.11223781108856201,0.11200487241148949,0.11281655542552471,0.11168589908629656,0.11140958685427904,0.11125744599848986,0.11093120835721493,0.11073639150708914,0.11029455158859491,0.11008543614298105,0.10956412181258202,0.10924749821424484,0.10893441922962666,0.10859065223485231,0.10791642218828201,0.10782213322818279,0.10758792236447334,0.1073434567078948,0.11929230112582445,0.10691206436604261,0.10637019760906696,0.10612257197499275,0.10580610018223524,0.1053678598254919,0.0034603169187903404,0.0,0.0,0.0,0.0,0.0,0.0,0.0,0.0,0.0,0.0,0.0,0.0,0.0,0.0,0.0,0.0,0.0,0.0,0.0,0.0,0.0,0.0,0.0,0.0,2.923102100379765
58,0.29092708695679903,0.11232295073568821,0.11204414069652557,0.11192555446177721,0.11165220011025667,0.11146841756999493,0.11121069360524416,0.11096115224063396,0.11073615867644548,0.11046918854117393,0.11012380383908749,0.10975759197026491,0.10916895791888237,0.10920856893062592,0.10865969210863113,0.10852158349007368,0.1071459986269474,0.10776793863624334,0.10750396456569433,0.10720094852149487,0.10920796263962984,0.10621189791709185,0.1061840234324336,0.10575823485851288,0.1054325494915247,0.10514857433736324,0.10472002625465393,0.10455483850091696,0.10425593052059412,0.10375990997999907,0.1033206395804882,0.1034912671893835,0.10256438609212637,0.10223371256142855,0.00025992654263973236,0.0,0.0,0.0,0.0,0.0,0.0,0.0,0.0,0.0,0.0,0.0,0.0,0.0,0.0,0.0,3.845880472101271
59,0.2890831846743822,0.11214315984398127,0.1121829142794013,0.11197197623550892,0.11177239567041397,0.11153322923928499,0.11129145883023739,0.11101814080029726,0.11065327189862728,0.11034921556711197,0.1102297455072403,0.10985186509788036,0.10948832891881466,0.1099916948005557,0.10855731181800365,0.10840648878365755,0.10802511870861053,0.10782950278371572,0.10745775233954191,0.10699902381747961,0.10648015886545181,0.10589207988232374,0.10548597294837236,0.10499122645705938,0.10462380293756723,0.10399084817618132,0.10332205705344677,0.10289565660059452,0.10256553906947374,0.10211272444576025,0.0,0.0,0.0,0.0,0.0,0.0,0.0,0.0,0.0,0.0,0.0,0.0,0.0,0.0,0.0,0.0,0.0,0.0,0.0,0.0,3.4211958460509777
60,0.2893967805430293,0.11198356281965971,0.1121416985988617,0.11199089512228966,0.11196753475815058,0.11152583826333284,0.11125471163541079,0.11094885133206844,0.1107870489358902,0.1106165936216712,0.11011331435292959,0.1097470186650753,0.10928686987608671,0.10971914231777191,0.10874330438673496,0.10837926715612411,0.10800168570131063,0.10760150011628866,0.1072793547064066,0.10714804567396641,0.1067728316411376,0.1064303694292903,0.10591896064579487,0.10538606252521276,0.10522614140063524,0.10496108047664165,0.10432788170874119,0.10408530756831169,0.10372862964868546,0.10340962372720242,0.10318505298346281,0.10417996719479561,0.10255453642457724,0.10225982870906591,0.00029114726930856705,0.0,0.0,0.0,0.0,0.0,0.0,0.0,0.0,0.0,0.0,0.0,0.0,0.0,0.0,0.0,3.8413504399359226
61,0.30589654576033354,0.11243596859276295,0.11239286232739687,0.11194380465894938,0.11201415956020355,0.11162856221199036,0.11156102363020182,0.11136599816381931,0.11081880889832973,0.11038936953991652,0.11006504204124212,0.10972972214221954,0.10966379381716251,0.10968419350683689,0.10955885238945484,0.10913325846195221,0.10876762680709362,0.11021127738058567,0.10817330796271563,0.10809671133756638,0.10741768684238195,0.10779101774096489,0.1072331853210926,0.10676063131541014,0.10632900148630142,0.10579270590096712,0.0038834605365991592,0.0,0.0,0.0,0.0,0.0,0.0,0.0,0.0,0.0,0.0,0.0,0.0,0.0,0.0,0.0,0.0,0.0,0.0,0.0,0.0,0.0,0.0,0.0,3.0487385783344507
62,0.3050590381026268,0.11248061619699001,0.11240624822676182,0.11213120725005865,0.11197257228195667,0.11171689443290234,0.11154862679541111,0.11130624916404486,0.11103642545640469,0.11081685498356819,0.11011616140604019,0.10976452194154263,0.10972169227898121,0.10969522316008806,0.10924897156655788,0.10865800455212593,0.10870886594057083,0.10830176901072264,0.10801079124212265,0.10738239344209433,0.10715323779731989,0.10663442686200142,0.1061485605314374,0.10586051177233458,0.10465698968619108,0.10554383974522352,0.10427490994334221,0.10374952293932438,0.1034340476617217,0.10304648708552122,0.10248996689915657,0.00032630469650030136,0.0,0.0,0.0,0.0,0.0,0.0,0.0,0.0,0.0,0.0,0.0,0.0,0.0,0.0,0.0,0.0,0.0,0.0,3.5534019330516458
63,0.30294540617614985,0.11253708507865667,0.11237427685409784,0.11187691055238247,0.11165521759539843,0.11172542534768581,0.111321278847754,0.1110255578532815,0.11093208938837051,0.1106062326580286,0.11016608029603958,0.10998956207185984,0.10993995051831007,0.10955142881721258,0.10920841339975595,0.1086984546855092,0.1084783785045147,0.1082141688093543,0.10820150841027498,0.12072081677615643,0.10627057868987322,0.10733306221663952,0.10694133397191763,0.10612573754042387,0.10644145589321852,0.1060395510867238,0.10574534349143505,0.10548858530819416,0.10504610370844603,0.003100704401731491,0.0,0.0,0.0,0.0,0.0,0.0,0.0,0.0,0.0,0.0,0.0,0.0,0.0,0.0,0.0,0.0,0.0,0.0,0.0,0.0,3.3687006989493966
64,0.30399568285793066,0.11235123034566641,0.1122338529676199,0.11227711010724306,0.11198330577462912,0.11191909946501255,0.11123173404484987,0.11138648260384798,0.11099552921950817,0.11050080135464668,0.11027453187853098,0.10968561097979546,0.10951420944184065,0.10934711527079344,0.10917469020932913,0.1088697798550129,0.10876627545803785,0.10839179810136557,0.10807221475988626,0.10787502210587263,0.1076694680377841,0.10746639221906662,0.10702968388795853,0.10650624055415392,0.004297015257179737,0.0,0.0,0.0,0.0,0.0,0.0,0.0,0.0,0.0,0.0,0.0,0.0,0.0,0.0,0.0,0.0,0.0,0.0,0.0,0.0,0.0,0.0,0.0,0.0,0.0,2.831814876757562
65,0.3041117526590824,0.11241928115487099,0.11207928135991096,0.1121270339936018,0.11222357768565416,0.11192899011075497,0.11123585514724255,0.11103653348982334,0.11063743196427822,0.11029295902699232,0.11029815301299095,0.10998882632702589,0.10932255536317825,0.10931673739105463,0.109111487865448,0.10853285156190395,0.10831486154347658,0.10789292957633734,0.10773220378905535,0.10721535794436932,0.1190358828753233,0.11882816813886166,0.10611663665622473,0.10576859675347805,0.10561227146536112,0.10504818707704544,0.10456482600420713,0.10409468784928322,0.10380242019891739,0.10330305993556976,0.10311944968998432,0.102614626288414,0.00033417344093322754,0.0,0.0,0.0,0.0,0.0,0.0,0.0,0.0,0.0,0.0,0.0,0.0,0.0,0.0,0.0,0.0,0.0,3.6780616473406553
66,0.29023709520697594,0.11222170200198889,0.11195726413279772,0.11183037795126438,0.11156485695391893,0.11174436286091805,0.11084465216845274,0.11079341825097799,0.11089867819100618,0.11040481366217136,0.11004559136927128,0.10940076224505901,0.10941679868847132,0.10968766175210476,0.10871236678212881,0.10838974639773369,0.10819064825773239,0.10809232108294964,0.10785863921046257,0.10721728950738907,0.10696170758455992,0.10650076530873775,0.10625687800347805,0.10581368952989578,0.10529241897165775,0.1050199931487441,0.10459630470722914,0.10377517994493246,0.10355879180133343,0.10284057073295116,0.10258481279015541,0.00034961290657520294,0.0,0.0,0.0,0.0,0.0,0.0,0.0,0.0,0.0,0.0,0.0,0.0,0.0,0.0,0.0,0.0,0.0,0.0,3.533059772104025
67,0.29191074799746275,0.11222067661583424,0.11220701597630978,0.11214990261942148,0.11179396789520979,0.11146440543234348,0.11146079655736685,0.11095224600285292,0.11079630814492702,0.11060801241546869,0.11022333987057209,0.10996157489717007,0.10947730485349894,0.1095131803303957,0.10868229810148478,0.10839292593300343,0.10830294527113438,0.10774656757712364,0.10742790251970291,0.10718977823853493,0.10622844938188791,0.1061155442148447,0.1057198466733098,0.10551247093826532,0.10507110878825188,0.1045360155403614,0.1042900187894702,0.103977938182652,0.10348730627447367,0.10320780705660582,0.10271730273962021,0.10383677575737238,0.0,0.0,0.0,0.0,0.0,0.0,0.0,0.0,0.0,0.0,0.0,0.0,0.0,0.0,0.0,0.0,0.0,0.0,3.637182481586933
68,0.2918515279889107,0.11237261537462473,0.11199443228542805,0.11187964770942926,0.11165602039545774,0.11162773426622152,0.11142857931554317,0.11106591485440731,0.11099756229668856,0.11050381232053041,0.1101987361907959,0.10977101419121027,0.10995827242732048,0.10970694571733475,0.10886596702039242,0.10857737343758345,0.10855456441640854,0.10821027308702469,0.10799888893961906,0.10752385389059782,0.1071443585678935,0.1067082304507494,0.10612523928284645,0.10581650119274855,0.1053543258458376,0.10503228567540646,0.10454641189426184,0.10398244392126799,0.10347476694732904,0.10286671202629805,0.10313418041914701,0.10366433579474688,0.000316692516207695,0.0,0.0,0.0,0.0,0.0,0.0,0.0,0.0,0.0,0.0,0.0,0.0,0.0,0.0,0.0,0.0,0.0,3.6429102206602693
69,0.2924498915672302,0.11241687927395105,0.1123564699664712,0.11213157512247562,0.11199373006820679,0.1115038525313139,0.1113358661532402,0.11114227585494518,0.11088098678737879,0.11023839842528105,0.11004101857542992,0.10990009550005198,0.10949930921196938,0.10962361469864845,0.10891368519514799,0.10847719945013523,0.10815059207379818,0.10764005687087774,0.10731151979416609,0.10710851289331913,0.1065268600359559,0.1059903921559453,0.10547791048884392,0.10500856023281813,0.10470072645694017,0.10446020681411028,0.10394339822232723,0.10346475709229708,0.10301822237670422,0.10272076539695263,0.10240196250379086,0.0003047427162528038,0.0,0.0,0.0,0.0,0.0,0.0,0.0,0.0,0.0,0.0,0.0,0.0,0.0,0.0,0.0,0.0,0.0,0.0,3.5311340345069766
70,0.2921637697145343,0.11226752307265997,0.11224472150206566,0.11209061555564404,0.11179969646036625,0.11164696887135506,0.11119729466736317,0.11112517397850752,0.11070128530263901,0.11046940833330154,0.10994902066886425,0.10986248776316643,0.1095430999994278,0.10903893504291773,0.10878881998360157,0.1084542702883482,0.10797437094151974,0.10772722121328115,0.10720416903495789,0.10695275105535984,0.10674638487398624,0.10639397706836462,0.1055535152554512,0.10533783677965403,0.10461278818547726,0.10416274983435869,0.10369022935628891,0.10326291248202324,0.10289719514548779,0.10253749694675207,0.0003294041380286217,0.0,0.0,0.0,0.0,0.0,0.0,0.0,0.0,0.0,0.0,0.0,0.0,0.0,0.0,0.0,0.0,0.0,0.0,0.0,3.4267260935157537
71,0.30404881201684475,0.11258749477565289,0.11238402593880892,0.11199873592704535,0.11193510983139277,0.11166236456483603,0.1115542370826006,0.11105579975992441,0.11081094667315483,0.11054647713899612,0.11018831189721823,0.10993308760225773,0.10953903570771217,0.10949895344674587,0.12153005879372358,0.10842539090663195,0.10831634048372507,0.10827430803328753,0.10772916581481695,0.1075629498809576,0.10725827515125275,0.1069295909255743,0.10613523703068495,0.10606103949248791,0.10584081150591373,0.10570343397557735,0.10518947057425976,0.10488415881991386,0.10485124588012695,0.10429868195205927,0.10403258260339499,0.10414452198892832,0.1032719723880291,0.0013185776770114899,0.0,0.0,0.0,0.0,0.0,0.0,0.0,0.0,0.0,0.0,0.0,0.0,0.0,0.0,0.0,0.0,3.779501206241548
72,0.3029063977301121,0.11254986748099327,0.11238988488912582,0.1248431084677577,0.11189146619290113,0.11172118782997131,0.11153439525514841,0.11127037275582552,0.11200347635895014,0.1104347687214613,0.11019381415098906,0.10998797509819269,0.10976032260805368,0.10938084404915571,0.10921276547014713,0.10839258134365082,0.10825254116207361,0.10812390688806772,0.10792281664907932,0.10783856827765703,0.10753442347049713,0.1073576333001256,0.10705247614532709,0.106620654463768,0.1063975878059864,0.10583458561450243,0.105228410102427,0.10490615293383598,0.10440927650779486,0.10391166713088751,0.10356399696320295,0.10319207981228828,0.10263277590274811,0.10213478840887547,0.00032741762697696686,0.0,0.0,0.0,0.0,0.0,0.0,0.0,0.0,0.0,0.0,0.0,0.0,0.0,0.0,0.0,3.8817149875685573
73,0.30195940751582384,0.11252688709646463,0.11205190233886242,0.11224815808236599,0.11202770657837391,0.1114664226770401,0.11146569903939962,0.11111113708466291,0.11071066744625568,0.11045225244015455,0.11019288562238216,0.11016531381756067,0.10964902024716139,0.10961585026234388,0.10913539677858353,0.10867582447826862,0.10848241858184338,0.10822166781872511,0.10796501208096743,0.10773131437599659,0.10735847242176533,0.10725767817348242,0.10700238402932882,0.10661392193287611,0.10638718493282795,0.10591879114508629,0.10559157095849514,0.10545522719621658,0.11690468620508909,0.10447011236101389,0.10428250953555107,0.10382154118269682,0.10357699636369944,0.1032955115661025,0.10300573520362377,0.0011527333408594131,0.0008563464507460594,0.0,0.0,0.0,0.0,0.0,0.0,0.0,0.0,0.0,0.0,0.0,0.0,0.0,3.988806347362697
74,0.3033515755087137,0.11254529282450676,0.11225761100649834,0.11218513734638691,0.11198461707681417,0.11166282650083303,0.1114509291946888,0.11116637568920851,0.11066416278481483,0.11041733901947737,0.10992909595370293,0.10965069476515055,0.10960990097373724,0.10958101414144039,0.10902827605605125,0.10841572377830744,0.10850827116519213,0.10831394605338573,0.10807258449494839,0.1080458015203476,0.1074110409244895,0.10719867423176765,0.10701009165495634,0.10641059372574091,0.004485638812184334,0.0,0.0,0.0,0.0,0.0,0.0,0.0,0.0,0.0,0.0,0.0,0.0,0.0,0.0,0.0,0.0,0.0,0.0,0.0,0.0,0.0,0.0,0.0,0.0,0.0,2.829357215203345
75,0.30314737744629383,0.11252866871654987,0.11208156682550907,0.11223088204860687,0.11187844444066286,0.11169351730495691,0.11146590672433376,0.11133396252989769,0.11103039514273405,0.11078818421810865,0.11052303854376078,0.11010843515396118,0.10963343363255262,0.10938564129173756,0.10909750126302242,0.10848997626453638,0.10833446588367224,0.10791017487645149,0.10759685561060905,0.10709959361702204,0.10669437702745199,0.10666583571583033,0.10594245418906212,0.1054735966026783,0.10512897185981274,0.10467240028083324,0.10405683144927025,0.10358836315572262,0.10322131961584091,0.10301673877984285,0.10249293129891157,0.00034567341208457947,0.0,0.0,0.0,0.0,0.0,0.0,0.0,0.0,0.0,0.0,0.0,0.0,0.0,0.0,0.0,0.0,0.0,0.0,3.547657514922321
76,0.29064961057156324,0.1124540027230978,0.11228933278471231,0.11169727798551321,0.11170290689915419,0.11123758275061846,0.1106933606788516,0.11110411304980516,0.11097244638949633,0.1106861075386405,0.11056726612150669,0.10988081432878971,0.10961849056184292,0.1101809199899435,0.10927457083016634,0.10783436428755522,0.10832164064049721,0.107861771248281,0.10753280483186245,0.10726284235715866,0.10658015683293343,0.10601181164383888,0.1058722510933876,0.10555840097367764,0.10496271308511496,0.1045338362455368,0.10431970562785864,0.10385575238615274,0.10340710077434778,0.102904106490314,0.10265412926673889,0.0005507227033376694,0.0002573905512690544,0.0,0.0,0.0,0.0,0.0,0.0,0.0,0.0,0.0,0.0,0.0,0.0,0.0,0.0,0.0,0.0,0.0,3.5332903042435646
77,0.2916951160877943,0.11218683049082756,0.11188206914812326,0.11192332673817873,0.11180287599563599,0.11130816955119371,0.11127485055476427,0.11084443051367998,0.11037061084061861,0.11004349868744612,0.10994597524404526,0.10961135569959879,0.10937060974538326,0.10917553957551718,0.10897116921842098,0.10860767494887114,0.10805120784789324,0.10760732088238001,0.10759480483829975,0.10685023479163647,0.10693283099681139,0.10656170453876257,0.10608668439090252,0.10549098439514637,0.10529145132750273,0.10488137044012547,0.10463176760822535,0.10414169635623693,0.10357644036412239,0.10327580664306879,0.1030298313125968,0.1053057536482811,0.0003407364711165428,0.0,0.0,0.0,0.0,0.0,0.0,0.0,0.0,0.0,0.0,0.0,0.0,0.0,0.0,0.0,0.0,0.0,3.6386647298932076
78,0.2774575361981988,0.11222073994576931,0.11197972018271685,0.11157998163253069,0.11164389830082655,0.1118298014625907,0.11127286124974489,0.11121339164674282,0.11089655384421349,0.11076883226633072,0.11014842335134745,0.11000886932015419,0.10951965302228928,0.10999353229999542,0.10899346973747015,0.1087033636868,0.1082957312464714,0.10781262908130884,0.10742766037583351,0.10713308770209551,0.1068035326898098,0.10622312221676111,0.10580963548272848,0.1057099923491478,0.10545002948492765,0.10510143265128136,0.1046025874093175,0.10398053377866745,0.10363389644771814,0.10293407272547483,0.10297986213117838,0.10240306332707405,0.0003279931843280792,0.0,0.0,0.0,0.0,0.0,0.0,0.0,0.0,0.0,0.0,0.0,0.0,0.0,0.0,0.0,0.0,0.0,3.624859490431845
79,0.2926215874031186,0.1122276084497571,0.11204464267939329,0.11158067267388105,0.1117565231397748,0.11150632239878178,0.11132577992975712,0.11095636896789074,0.1108134426176548,0.11057325080037117,0.11002905294299126,0.10972311906516552,0.10951230488717556,0.10993305128067732,0.10903551802039146,0.10821148753166199,0.10829719435423613,0.10799758043140173,0.10749836172908545,0.10696002561599016,0.10677974484860897,0.10616104304790497,0.10565128549933434,0.10596917755901814,0.10460616182535887,0.10381980240345001,0.10336870234459639,0.10288783069700003,0.10281045734882355,0.10216906853020191,0.00032433681190013885,0.0,0.0,0.0,0.0,0.0,0.0,0.0,0.0,0.0,0.0,0.0,0.0,0.0,0.0,0.0,0.0,0.0,0.0,0.0,3.4271515058353543
80,0.29087102226912975,0.11206147354096174,0.11210966855287552,0.11188467871397734,0.11179262399673462,0.11136270686984062,0.11116952355951071,0.11087386682629585,0.11196680553257465,0.11004743445664644,0.1100188959389925,0.10938841942697763,0.10910732485353947,0.10872146673500538,0.10873231198638678,0.1082921689376235,0.10810717940330505,0.10794945433735847,0.10754787176847458,0.10711623076349497,0.10700840782374144,0.10678236465901136,0.10630419850349426,0.10595745127648115,0.10562773793935776,0.10532865393906832,0.10497867874801159,0.10456067603081465,0.11663695238530636,0.10388131253421307,0.002086469903588295,0.0,0.0,0.0,0.0,0.0,0.0,0.0,0.0,0.0,0.0,0.0,0.0,0.0,0.0,0.0,0.0,0.0,0.0,0.0,3.448274032212794
81,0.30368923768401146,0.11256339587271214,0.11239575315266848,0.11211232654750347,0.11198761127889156,0.11145580653101206,0.11160212196409702,0.1109695490449667,0.11030419263988733,0.1103731282055378,0.10994168370962143,0.10978179890662432,0.10953080374747515,0.10990873724222183,0.10961464792490005,0.10856023523956537,0.10836241580545902,0.10803006961941719,0.10777837038040161,0.11899376194924116,0.10674392804503441,0.10658872500061989,0.10644616093486547,0.10577360354363918,0.10523876920342445,0.10479946248233318,0.10459796339273453,0.10411513410508633,0.10348066780716181,0.10303949937224388,0.10256280563771725,0.10313880164176226,0.00032277312129735947,0.0,0.0,0.0,0.0,0.0,0.0,0.0,0.0,0.0,0.0,0.0,0.0,0.0,0.0,0.0,0.0,0.0,3.664803941734135
82,0.3037832621484995,0.1126331714913249,0.1120865922421217,0.11205495800822973,0.11177605390548706,0.11134304292500019,0.11134693399071693,0.1110552279278636,0.11080212891101837,0.11059218738228083,0.1104729138314724,0.1099268738180399,0.10946831107139587,0.10938932932913303,0.10895931627601385,0.10867374949157238,0.10830891039222479,0.10796956066042185,0.10794296395033598,0.10749583411961794,0.10726619977504015,0.10685396660119295,0.10620266199111938,0.10625937394797802,0.10592440515756607,0.1055953623726964,0.10492526087909937,0.0028785932809114456,0.0,0.0,0.0,0.0,0.0,0.0,0.0,0.0,0.0,0.0,0.0,0.0,0.0,0.0,0.0,0.0,0.0,0.0,0.0,0.0,0.0,0.0,3.1419871458783746
83,0.30567044112831354,0.11257667560130358,0.11251649539917707,0.11191993858665228,0.11192524433135986,0.11171886883676052,0.11114147771149874,0.11127780470997095,0.11073429137468338,0.11071774177253246,0.11027191858738661,0.11008219420909882,0.10959401167929173,0.1094342041760683,0.1106869513168931,0.10865165013819933,0.10829180851578712,0.10807429160922766,0.10763130709528923,0.10749931912869215,0.10709592886269093,0.10666013043373823,0.1064600870013237,0.10571030247956514,0.10538275353610516,0.10472379624843597,0.10444161482155323,0.10415843036025763,0.10349209047853947,0.10321467276662588,0.1025965167209506,0.00034064333885908127,0.0,0.0,0.0,0.0,0.0,0.0,0.0,0.0,0.0,0.0,0.0,0.0,0.0,0.0,0.0,0.0,0.0,0.0,3.5546936029568315
84,0.30401815939694643,0.11250380985438824,0.11218635737895966,0.11201720405369997,0.1119266813620925,0.1117253927513957,0.11190572008490562,0.11137913726270199,0.11081112548708916,0.11064588837325573,0.11023758258670568,0.10990623291581869,0.10967589635401964,0.10936346836388111,0.10899891424924135,0.10876977350562811,0.10866924934089184,0.10860309842973948,0.10831412393599749,0.10808607004582882,0.1075465027242899,0.10743790864944458,0.10696032922714949,0.1064124209806323,0.1061803949996829,0.10585011914372444,0.10539223998785019,0.10517290141433477,0.10469802748411894,0.002489541657269001,0.0,0.0,0.0,0.0,0.0,0.0,0.0,0.0,0.0,0.0,0.0,0.0,0.0,0.0,0.0,0.0,0.0,0.0,0.0,0.0,3.3578842720016837
85,0.3018958689644933,0.11242340318858624,0.11235991679131985,0.11195609904825687,0.11193106602877378,0.11164965480566025,0.11127983871847391,0.11090370453894138,0.11058926302939653,0.11039416864514351,0.10989405307918787,0.10969639755785465,0.10946215130388737,0.1097086239606142,0.10857811663299799,0.10838007926940918,0.10839110519737005,0.1078713908791542,0.10747768357396126,0.10697495751082897,0.10649277549237013,0.10630667861551046,0.10593719687312841,0.10558460652828217,0.10524753201752901,0.10498058050870895,0.10449793934822083,0.10396752413362265,0.10350631922483444,0.1029568100348115,0.10237065143883228,0.00035227276384830475,0.0,0.0,0.0,0.0,0.0,0.0,0.0,0.0,0.0,0.0,0.0,0.0,0.0,0.0,0.0,0.0,0.0,0.0,3.5440184297040105
86,0.2917820122092962,0.11231514252722263,0.11209218855947256,0.11186138167977333,0.11164492554962635,0.11148967314511538,0.11097707226872444,0.11064254678785801,0.11033577471971512,0.10990506689995527,0.11048713605850935,0.1096912631765008,0.10947049967944622,0.10919336602091789,0.1085225148126483,0.10837940406054258,0.10793936531990767,0.10771989170461893,0.10872874408960342,0.10886946599930525,0.11100194789469242,0.1103941798210144,0.10981220286339521,0.10942425485700369,0.1088258158415556,0.10904167499393225,0.1091518858447671,0.10846549831330776,0.10757728945463896,0.10760456696152687,0.10870154201984406,0.10358616709709167,0.10274614486843348,0.10255800746381283,0.00032459013164043427,0.0,0.0,0.0,0.0,0.0,0.0,0.0,0.0,0.0,0.0,0.0,0.0,0.0,0.0,0.0,3.8912632036954165
87,0.29219639860093594,0.1119620967656374,0.1119491308927536,0.11192439123988152,0.11184826493263245,0.1114079263061285,0.11127804964780807,0.11098876222968102,0.11038728337734938,0.11042562685906887,0.11000254098325968,0.10971497371792793,0.10945804230868816,0.10954970121383667,0.1089272741228342,0.1087714871391654,0.10844739060848951,0.10830309987068176,0.10814699716866016,0.10781198367476463,0.10750363394618034,0.1071658581495285,0.1068901950493455,0.10665375739336014,0.10630988609045744,0.10597885306924582,0.1055982019752264,0.105373565107584,0.10490839648991823,0.0028905170038342476,0.0,0.0,0.0,0.0,0.0,0.0,0.0,0.0,0.0,0.0,0.0,0.0,0.0,0.0,0.0,0.0,0.0,0.0,0.0,0.0,3.3427742859348655
88,0.29385329969227314,0.11214231234043837,0.11226108018308878,0.11213415581732988,0.11168784648180008,0.11126647982746363,0.11138103995472193,0.1109534502029419,0.1107200114056468,0.11036722827702761,0.11011760402470827,0.10987801011651754,0.10948142223060131,0.10813518799841404,0.1089751971885562,0.10842798184603453,0.10825568810105324,0.10791241656988859,0.10744141414761543,0.10712439380586147,0.11872338689863682,0.10602435376495123,0.10564521327614784,0.10514844581484795,0.10434092301875353,0.10409688949584961,0.10349768958985806,0.10312878340482712,0.10285471938550472,0.10230915527790785,0.0003217831254005432,0.0,0.0,0.0,0.0,0.0,0.0,0.0,0.0,0.0,0.0,0.0,0.0,0.0,0.0,0.0,0.0,0.0,0.0,0.0,3.438607563264668
89,0.29209052864462137,0.11210216674953699,0.11178890150040388,0.11199128162115812,0.11165673937648535,0.11138382647186518,0.11118214391171932,0.11098406929522753,0.11065641976892948,0.11039671301841736,0.11012920923531055,0.1220043022185564,0.10866951383650303,0.10962222050875425,0.10904377419501543,0.10856418311595917,0.10824041720479727,0.10765318293124437,0.1074613407254219,0.10682331398129463,0.10892575234174728,0.10642163176089525,0.10783950239419937,0.10559427551925182,0.10663250368088484,0.10474639106541872,0.10536691918969154,0.10366330575197935,0.1037612110376358,0.10244895610958338,0.0003422936424612999,0.0,0.0,0.0,0.0,0.0,0.0,0.0,0.0,0.0,0.0,0.0,0.0,0.0,0.0,0.0,0.0,0.0,0.0,0.0,3.4481869908049703
90,0.29173110611736774,0.113691464997828,0.11192438378930092,0.11202053353190422,0.11171109415590763,0.11181644722819328,0.11261749640107155,0.11099119298160076,0.11084516067057848,0.11057708039879799,0.11036784015595913,0.11002722941339016,0.11163680162280798,0.1096397377550602,0.10905941668897867,0.10864842217415571,0.10825876519083977,0.10970833990722895,0.10780536103993654,0.10753863956779242,0.10706489253789186,0.10674175713211298,0.10814073588699102,0.10600918158888817,0.10542409773916006,0.10478208214044571,0.10451216902583838,0.10552124865353107,0.1033997880294919,0.1028225114569068,0.10259316768497229,0.0003380170091986656,0.0,0.0,0.0,0.0,0.0,0.0,0.0,0.0,0.0,0.0,0.0,0.0,0.0,0.0,0.0,0.0,0.0,0.0,3.547966162674129
91,0.306681914255023,0.1124434182420373,0.1123272767290473,0.11205308604985476,0.1119145704433322,0.11401960719376802,0.11147713288664818,0.11093373782932758,0.11067883856594563,0.110528196208179,0.11048640683293343,0.10992294736206532,0.10967356991022825,0.10985054913908243,0.1090616388246417,0.10869881510734558,0.10836923494935036,0.10795558709651232,0.10756048746407032,0.10863809380680323,0.1066273245960474,0.10636928118765354,0.10582427959889174,0.1056073633953929,0.10494495276361704,0.10455928463488817,0.10417946707457304,0.10528125613927841,0.10334653872996569,0.10305976681411266,0.10243454668670893,0.0005469294264912605,0.00024209730327129364,0.0,0.0,0.0,0.0,0.0,0.0,0.0,0.0,0.0,0.0,0.0,0.0,0.0,0.0,0.0,0.0,0.0,3.556298197247088
92,0.29065761994570494,0.11235092207789421,0.112330362200737,0.11221377272158861,0.1119277123361826,0.1116903554648161,0.11130471155047417,0.1111181415617466,0.11291956808418036,0.11050678603351116,0.1101863794028759,0.10979883559048176,0.10941794887185097,0.1091843256726861,0.1087361453101039,0.10844850912690163,0.120193000882864,0.10794640798121691,0.10793506354093552,0.10757583007216454,0.10888153687119484,0.10709568299353123,0.10640765726566315,0.10662041883915663,0.10623050294816494,0.10608397331088781,0.1059265611693263,0.10539451148360968,0.1050922917202115,0.10477905441075563,0.10427010525017977,0.10376672726124525,0.10391202289611101,0.10296879149973392,0.10248813219368458,0.0005395496264100075,0.0002414034679532051,0.0,0.0,0.0,0.0,0.0,0.0,0.0,0.0,0.0,0.0,0.0,0.0,0.0,3.9771413216367364
93,0.30438736639916897,0.11228595860302448,0.11225657351315022,0.11184298619627953,0.111682603135705,0.1117435172200203,0.11131963040679693,0.11085084266960621,0.11076300870627165,0.11032339092344046,0.1099324943497777,0.10952823515981436,0.10951449442654848,0.10920216143131256,0.10896546673029661,0.10845278296619654,0.10835369769483805,0.10767879523336887,0.10832690168172121,0.10759225394576788,0.10744152031838894,0.10690672881901264,0.10638582892715931,0.10623256396502256,0.10589823126792908,0.105416857637465,0.10494063422083855,0.10466793552041054,0.10416809562593699,0.1041464563459158,0.10597698669880629,0.10372610483318567,0.10306051094084978,0.001100507564842701,0.0,0.0,0.0,0.0,0.0,0.0,0.0,0.0,0.0,0.0,0.0,0.0,0.0,0.0,0.0,0.0,3.76507212407887
94,0.3051371658220887,0.11249828990548849,0.11228302586823702,0.11196590680629015,0.11164004821330309,0.11177357006818056,0.11151925101876259,0.1111274491995573,0.11082581989467144,0.12241611536592245,0.12156195752322674,0.11021366622298956,0.10983741004019976,0.10972838662564754,0.10867446381598711,0.10895660240203142,0.1083749933168292,0.10806577559560537,0.10779600497335196,0.10740108042955399,0.10680611152201891,0.10625216457992792,0.10583941917866468,0.10527723748236895,0.10483458172529936,0.1042898865416646,0.10390777606517076,0.10340453218668699,0.10304575227200985,0.10290171857923269,0.10223723109811544,0.0,0.0,0.0,0.0,0.0,0.0,0.0,0.0,0.0,0.0,0.0,0.0,0.0,0.0,0.0,0.0,0.0,0.0,0.0,3.5705933943390846
95,0.3040448669344187,0.11270270124077797,0.11224722024053335,0.11223268322646618,0.11187734827399254,0.11171730887144804,0.11121795978397131,0.11088121309876442,0.11055682972073555,0.11024837475270033,0.10980693902820349,0.10972516518086195,0.10938825272023678,0.10955888498574495,0.10852972604334354,0.10844846814870834,0.10998600162565708,0.10784132592380047,0.10722969379276037,0.10737498477101326,0.10712158400565386,0.10657069180160761,0.10622954461723566,0.10601630993187428,0.0037009045481681824,0.0,0.0,0.0,0.0,0.0,0.0,0.0,0.0,0.0,0.0,0.0,0.0,0.0,0.0,0.0,0.0,0.0,0.0,0.0,0.0,0.0,0.0,0.0,0.0,0.0,2.825254983268678
96,0.29121303744614124,0.112180489115417,0.11187662556767464,0.11194980330765247,0.11195874214172363,0.11169179249554873,0.11145717091858387,0.11180044990032911,0.1101118866354227,0.1104357847943902,0.11028121784329414,0.10994793102145195,0.10936135053634644,0.10928453598171473,0.10844211652874947,0.10812807362526655,0.10786138661205769,0.10753206256777048,0.10731551330536604,0.10696986876428127,0.10646449401974678,0.10600634384900331,0.10568760056048632,0.10522384848445654,0.1048450917005539,0.10412061959505081,0.10575118474662304,0.10360750928521156,0.10289945360273123,0.1025706110522151,0.00032997317612171173,0.0,0.0,0.0,0.0,0.0,0.0,0.0,0.0,0.0,0.0,0.0,0.0,0.0,0.0,0.0,0.0,0.0,0.0,0.0,3.4273065691813827
97,0.29077654238790274,0.11246537696570158,0.12507993169128895,0.11192906647920609,0.11177757754921913,0.11126856785267591,0.11129403486847878,0.11111523304134607,0.11092878598719835,0.11049070302397013,0.11017341539263725,0.10993485432118177,0.10967104975134134,0.10931275878101587,0.10892232973128557,0.10842331405729055,0.10830465331673622,0.1081085866317153,0.10759109538048506,0.1074993060901761,0.10730701126158237,0.10711716208606958,0.10667943209409714,0.10640613175928593,0.10592052340507507,0.10561900585889816,0.10509538277983665,0.10510329622775316,0.10438926890492439,0.10411517601460218,0.10381089430302382,0.10383663326501846,0.1029777079820633,0.0010836143046617508,0.0,0.0,0.0,0.0,0.0,0.0,0.0,0.0,0.0,0.0,0.0,0.0,0.0,0.0,0.0,0.0,3.7645284235477448
98,0.29126954823732376,0.11233336757868528,0.11231419071555138,0.11192944552749395,0.1118570901453495,0.11151607055217028,0.11131991539150476,0.11090624332427979,0.11056962050497532,0.11030984949320555,0.1098987627774477,0.10967980325222015,0.10953647177666426,0.10901540517807007,0.10897743329405785,0.10876423679292202,0.10990597121417522,0.10798065457493067,0.10801409650593996,0.10747373383492231,0.10695851687341928,0.10698167607188225,0.10671176388859749,0.10623481776565313,0.10620417259633541,0.10581176169216633,0.10547230578958988,0.10507062170654535,0.1044878764078021,0.10431814100593328,0.10400952585041523,0.10351353231817484,0.10306395869702101,0.1030359398573637,0.1026360634714365,0.000733179971575737,0.00044914986938238144,0.0,0.0,0.0,0.0,0.0,0.0,0.0,0.0,0.0,0.0,0.0,0.0,0.0,3.9592649145051837
99,0.29282927233725786,0.11204511020332575,0.11217992752790451,0.111645701341331,0.11175337433815002,0.1114553278312087,0.11119520664215088,0.11118720471858978,0.11068040132522583,0.10999876260757446,0.10957981273531914,0.10957141034305096,0.10959121398627758,0.10939995385706425,0.12199790682643652,0.10857099015265703,0.10818695276975632,0.10787314735352993,0.10749188717454672,0.10703084990382195,0.10654749535024166,0.1060978602617979,0.1056731240823865,0.10527528263628483,0.10472092870622873,0.10400143079459667,0.1036567585542798,0.10320369899272919,0.10283968970179558,0.10259420797228813,0.0003196327015757561,0.0,0.0,0.0,0.0,0.0,0.0,0.0,0.0,0.0,0.0,0.0,0.0,0.0,0.0,0.0,0.0,0.0,0.0,0.0,3.439194523729384
100,0.2914743758738041,0.11214593332260847,0.11213701777160168,0.11193640064448118,0.11180117074400187,0.11215892061591148,0.11118304636329412,0.11027720384299755,0.11047236621379852,0.11056548822671175,0.11013212986290455,0.1098339818418026,0.109367442317307,0.10962540097534657,0.10920378379523754,0.10887539107352495,0.1085292398929596,0.10813337098807096,0.10753376688808203,0.10713447351008654,0.10672192834317684,0.10625853296369314,0.10594912990927696,0.1056296331807971,0.10515165887773037,0.10474867932498455,0.10459603555500507,0.10387755744159222,0.10377880837768316,0.10312536731362343,0.1030753729864955,0.10306905675679445,0.10244337283074856,0.0003270357847213745,0.0,0.0,0.0,0.0,0.0,0.0,0.0,0.0,0.0,0.0,0.0,0.0,0.0,0.0,0.0,0.0,3.7412730744108558

total time per move x,29.847848292440176,11.235626605339348,11.242880590260029,11.213262059725821,11.181709698401392,11.155660501681268,11.157905013300478,11.113892591558397,11.093906802125275,11.059616929851472,11.045717414468527,10.998918899334967,10.998391979373991,10.979426310397685,10.931263928301632,10.913223021663725,10.855070632882416,10.804858862422407,10.76990707591176,10.785495049320161,10.7285195607692,10.690380302257836,10.633195893839002,10.48362273350358,10.13780305813998,9.987994289025664,9.846890615299344,9.59800694976002,9.574797655455768,9.234554381109774,7.759701884351671,5.386021072044969,3.093795190565288,1.4457312431186438,0.9249957436695695,0.10666761454194784,0.002401139587163925,0,0,0,0,0,0,0,0,0,0,0,0,0,359.01966158580035
average time per move x,0.29847848292440177,0.11235626605339348,0.11242880590260029,0.1121326205972582,0.11181709698401392,0.11155660501681268,0.11157905013300479,0.11113892591558397,0.11093906802125275,0.11059616929851472,0.11045717414468527,0.10998918899334967,0.10998391979373992,0.10979426310397684,0.10931263928301632,0.10913223021663726,0.10855070632882416,0.10804858862422406,0.10769907075911761,0.10785495049320161,0.10728519560769201,0.10690380302257836,0.10633195893839002,0.1048362273350358,0.10240205109232303,0.10404160717735067,0.10365148016104572,0.10210645691234063,0.10407388755930183,0.10037559109901928,0.08817843050399626,0.07585945171894322,0.06066265079539781,0.05163325868280871,0.061666382911304635,0.011851957171327539,0.00040018993119398755,nan,nan,nan,nan,nan,nan,nan,nan,nan,nan,nan,nan,nan,3.5901966158580034
std of time per move x,0.012856829603158305,0.0002863463170158377,0.0017991531548209047,0.001321718371230592,0.0003173719970767501,0.00031732431201160407,0.001753355085733083,0.0011926231965686568,0.0013493144142240996,0.0012378124994760137,0.0017301056081772959,0.0013006192505838248,0.003331892422243371,0.002082405575855895,0.002228901707807587,0.002507151309683818,0.0017304566816044187,0.0004338973906477132,0.0003626254859816907,0.002489586051083217,0.0017866731751448248,0.0018290915117519422,0.0006610546539649265,0.010192430380925467,0.017467684996055236,0.010400243318370665,0.01038329677791549,0.014684064963161889,0.0020567503819820293,0.018119991229604043,0.03676027008272803,0.04595045320212399,0.05083361915196652,0.05195796450193555,0.051789791857323735,0.03388202556627295,0.00023683514530001588,nan,nan,nan,nan,nan,nan,nan,nan,nan,nan,nan,nan,nan,0.2555618691445609
err of average time,0.0012856829603158306,2.8634631701583773e-05,0.00017991531548209049,0.0001321718371230592,3.173719970767501e-05,3.1732431201160404e-05,0.0001753355085733083,0.00011926231965686569,0.00013493144142240996,0.00012378124994760138,0.00017301056081772958,0.0001300619250583825,0.00033318924222433706,0.0002082405575855895,0.0002228901707807587,0.0002507151309683818,0.00017304566816044189,4.3389739064771324e-05,3.626254859816906e-05,0.0002489586051083217,0.00017866731751448248,0.00018290915117519422,6.610546539649264e-05,0.0010192430380925467,0.0017555683966071472,0.0010614703887832596,0.0010653037717416824,0.0015145456584449517,0.00021443105038032378,0.0018891396769801104,0.003918657957531665,0.005453315504597577,0.007118130449756352,0.009819132335803102,0.013372066757797554,0.011294008522090983,9.668754319049209e-05,nan,nan,nan,nan,nan,nan,nan,nan,nan,nan,nan,nan,nan,0.025556186914456092
