Contains move time for player AlphaBeta6; opponent is Edax2
Colums refer to move number, rows to game number
game,1,2,3,4,5,6,7,8,9,10,11,12,13,14,15,16,17,18,19,20,21,22,23,24,25,26,27,28,29,30,31,32,33,34,35,36,37,38,39,40,41,42,43,44,45,46,47,48,49,50,total
1,7.8444666704162955,10.807433428242803,30.511522829532623,30.080103665590286,29.144919575192034,65.34589978773147,31.287692800164223,43.86554819624871,64.4806715156883,83.64800241030753,90.65804608911276,7.279572614468634,63.49624334461987,52.7479063263163,18.927601201459765,19.940662382170558,14.298932002857327,8.020201157778502,11.302072993479669,3.166124042123556,4.887089062482119,2.2792809577658772,2.4576376527547836,1.4900282872840762,0.35270494129508734,0.3279294716194272,0.22199823707342148,0.0012095598503947258,0.007283052429556847,0.0006131473928689957,0.00040432997047901154,0.0,0.0,0.0,0.0,0.0,0.0,0.0,0.0,0.0,0.0,0.0,0.0,0.0,0.0,0.0,0.0,0.0,0.0,0.0,698.8798017334193
2,4.44323340523988,10.937202499248087,14.905186721123755,32.76318766642362,35.35810971818864,37.900771314278245,44.179164660163224,26.66826003510505,29.40708404686302,32.78765115886927,14.5403952607885,3.9808020722121,12.77204997651279,27.69851744826883,41.75848467182368,50.52933227177709,51.03988562710583,14.653497052378953,13.457032324746251,7.2087955279275775,4.874665391631424,11.519745213910937,3.307371787726879,3.1935403095558286,0.0027635572478175163,0.0023822998628020287,0.001991506665945053,0.06966980453580618,0.0011100787669420242,0.0008841371163725853,0.0007077334448695183,0.0,0.0,0.0,0.0,0.0,0.0,0.0,0.0,0.0,0.0,0.0,0.0,0.0,0.0,0.0,0.0,0.0,0.0,0.0,529.96347527951

total time per move x,12.287700075656176,21.74463592749089,45.41670955065638,62.843291332013905,64.50302929338068,103.24667110200971,75.46685746032745,70.53380823135376,93.88775556255132,116.4356535691768,105.19844134990126,11.260374686680734,76.26829332113266,80.44642377458513,60.686085873283446,70.46999465394765,65.33881762996316,22.673698210157454,24.75910531822592,10.374919570051134,9.761754454113543,13.799026171676815,5.765009440481663,4.683568596839905,0.35546849854290485,0.33031177148222923,0.22398974373936653,0.0708793643862009,0.00839313119649887,0.001497284509241581,0.0011120634153485298,0,0,0,0,0,0,0,0,0,0,0,0,0,0,0,0,0,0,0,1228.8432770129293
average time per move x,6.143850037828088,10.872317963745445,22.70835477532819,31.421645666006953,32.25151464669034,51.62333555100486,37.73342873016372,35.26690411567688,46.94387778127566,58.2178267845884,52.59922067495063,5.630187343340367,38.13414666056633,40.223211887292564,30.343042936641723,35.234997326973826,32.66940881498158,11.336849105078727,12.37955265911296,5.187459785025567,4.8808772270567715,6.899513085838407,2.8825047202408314,2.3417842984199524,0.17773424927145243,0.16515588574111462,0.11199487186968327,0.03543968219310045,0.004196565598249435,0.0007486422546207905,0.0005560317076742649,nan,nan,nan,nan,nan,nan,nan,nan,nan,nan,nan,nan,nan,nan,nan,nan,nan,nan,nan,614.4216385064647
std of time per move x,2.4050351062035062,0.09176059009611545,11.035346091732386,1.8972268914823818,4.3933888829143175,19.40663645411477,9.115647171680848,12.160319076763814,24.800771539745874,35.9636992634217,53.82330706869791,2.3325830200080198,35.86742110080622,17.712592740246247,16.14387252237418,21.629455906417544,25.979777454966577,4.690448508688865,1.5237863563198277,2.858600421721519,0.008784861905755498,6.533994936832078,0.6008527690444537,1.2045649027811651,0.2474459256776304,0.23019661274521136,0.1555682509778072,0.04840870325874474,0.0043649515369209,0.00019161867112125577,0.00021453865417708632,nan,nan,nan,nan,nan,nan,nan,nan,nan,nan,nan,nan,nan,nan,nan,nan,nan,nan,nan,119.44187988867985
err of average time,1.7006166325882077,0.06488453550264238,7.803168054204434,1.3415420004166663,3.1065950714983046,13.72256423672661,6.4457359299995,8.59864408057183,17.53679373441264,25.43017562571913,38.05882541416212,1.6493852711282668,25.36209668405354,12.524694439023733,11.415441735181956,15.294334944803268,18.37047681212425,3.3166479473002255,1.0774796656332908,2.0213357429020107,0.00621183542534709,4.620232128072529,0.4248670674860477,0.8517560111358762,0.17497069202363488,0.1627735858783126,0.11000336520373821,0.03423012234270573,0.0030864868313074108,0.00013549486175179482,0.00015170173719525335,nan,nan,nan,nan,nan,nan,nan,nan,nan,nan,nan,nan,nan,nan,nan,nan,nan,nan,nan,84.45816322695462
