Contains move time for player AlphaBeta6; opponent is Edax5
Colums refer to move number, rows to game number
game,1,2,3,4,5,6,7,8,9,10,11,12,13,14,15,16,17,18,19,20,21,22,23,24,25,26,27,28,29,30,31,32,33,34,35,36,37,38,39,40,41,42,43,44,45,46,47,48,49,50,total
1,7.745399653911591,10.604796434752643,30.126138270832598,30.282250897958875,29.33893133327365,65.68237665854394,31.522895243950188,44.27281690016389,65.12698421720415,138.19877971801907,101.43530260492116,121.45642377156764,50.5188162624836,44.483339834958315,13.945063738152385,15.393066306598485,7.995993146672845,16.711575711145997,10.396974492818117,5.665642405860126,2.7181353280320764,2.179320177063346,0.0032982490956783295,1.3853385774418712,0.002308298833668232,0.002319018356502056,0.0019367244094610214,0.0014495085924863815,0.001308913342654705,0.0008951229974627495,0.0004832567647099495,0.0,0.0,0.0,0.0,0.0,0.0,0.0,0.0,0.0,0.0,0.0,0.0,0.0,0.0,0.0,0.0,0.0,0.0,0.0,847.2003607787192
2,4.4179560877382755,6.012466398999095,6.8171468786895275,6.768441770225763,20.050750272348523,19.978719570674002,51.7502376595512,31.82018130645156,31.684298024512827,18.979203731752932,21.75589481089264,17.62847713381052,12.289618886075914,5.43064599391073,31.197936293669045,28.866335672326386,12.201208170503378,22.18683008942753,16.07347240485251,1.350196722894907,3.77632406167686,0.0034045474603772163,6.289535214193165,0.0016437694430351257,0.0031852656975388527,1.548373844474554,0.0023876195773482323,0.13749605044722557,0.0008482513949275017,0.00141818355768919,0.0009256862103939056,0.0006835460662841797,0.0005214270204305649,0.0,0.0,0.0,0.0,0.0,0.0,0.0,0.0,0.0,0.0,0.0,0.0,0.0,0.0,0.0,0.0,0.0,379.0267653465271

total time per move x,12.163355741649866,16.617262833751738,36.943285149522126,37.05069266818464,49.38968160562217,85.66109622921795,83.27313290350139,76.09299820661545,96.81128224171698,157.177983449772,123.1911974158138,139.08490090537816,62.80843514855951,49.913985828869045,45.14300003182143,44.25940197892487,20.197201317176223,38.89840580057353,26.470446897670627,7.015839128755033,6.494459389708936,2.182724724523723,6.292833463288844,1.3869823468849063,0.005493564531207085,1.5506928628310561,0.004324343986809254,0.13894555903971195,0.0021571647375822067,0.0023133065551519394,0.0014089429751038551,0.0006835460662841797,0.0005214270204305649,0,0,0,0,0,0,0,0,0,0,0,0,0,0,0,0,0,1226.2271261252463
average time per move x,6.081677870824933,8.308631416875869,18.471642574761063,18.52534633409232,24.694840802811086,42.83054811460897,41.636566451750696,38.046499103307724,48.40564112085849,78.588991724886,61.5955987079069,69.54245045268908,31.404217574279755,24.956992914434522,22.571500015910715,22.129700989462435,10.098600658588111,19.449202900286764,13.235223448835313,3.5079195643775165,3.247229694854468,1.0913623622618616,3.146416731644422,0.6934911734424531,0.0027467822656035423,0.7753464314155281,0.002162171993404627,0.06947277951985598,0.0010785823687911034,0.0011566532775759697,0.0007044714875519276,0.0006835460662841797,0.0005214270204305649,nan,nan,nan,nan,nan,nan,nan,nan,nan,nan,nan,nan,nan,nan,nan,nan,nan,613.1135630626231
std of time per move x,2.3528579096567,3.247267709727994,16.48194587600323,16.62677388574622,6.567735813068618,32.31736585185745,14.30289098745376,8.805343071958958,23.647550187945757,84.30097063007366,56.34184957208581,73.41744514423306,27.032124704176844,27.614424638606867,12.19962317895311,9.527040133259174,2.973536059698119,3.8715894996042066,4.013890166990797,3.051480906266918,0.7482524293354318,1.5386046969820553,4.4450407861659755,0.9784199818285948,0.0006201092163188158,1.0932258516342632,0.0003188310308172936,0.09619943230246554,0.0003257371870725084,0.0003698596691073506,0.0003128448612397307,nan,nan,nan,nan,nan,nan,nan,nan,nan,nan,nan,nan,nan,nan,nan,nan,nan,nan,nan,331.04872410259026
err of average time,1.6637217830866575,2.296165017876774,11.654495696071535,11.756904563866556,4.644090530462562,22.851828543934968,10.113671207800508,6.226317796856165,16.72134309634566,59.60978799313306,39.83970389701425,51.913973318878554,19.11459868820384,19.526346920523793,8.62643627775833,6.736634682863951,2.1026075119152665,2.7376271891407664,2.838248956017196,2.157722841482609,0.5290943668223917,1.0879578148014843,3.1431184825487435,0.6918474039994179,0.0004384834319353103,0.773027413059026,0.0002254475839436054,0.0680232709273696,0.00023033097386360168,0.0002615302801132202,0.00022121472284197805,nan,nan,nan,nan,nan,nan,nan,nan,nan,nan,nan,nan,nan,nan,nan,nan,nan,nan,nan,234.08679771609602
