Contains move time for player Edax2; opponent is MCTSRemMaxIter0
Colums refer to move number, rows to game number
game,1,2,3,4,5,6,7,8,9,10,11,12,13,14,15,16,17,18,19,20,21,22,23,24,25,26,27,28,29,30,31,32,33,34,35,36,37,38,39,40,41,42,43,44,45,46,47,48,49,50,total
1,0.4119687434285879,0.11928797233849764,0.11864375974982977,0.10602025967091322,0.11851897276937962,0.11835876945406199,0.10553918778896332,0.11809094808995724,0.10544689185917377,0.1172750098630786,0.10507654584944248,0.1046989168971777,0.11773672979325056,0.1067227041348815,0.10622908361256123,0.10827983915805817,0.10426068119704723,0.10752257611602545,0.10760194063186646,0.10723152291029692,0.10546051245182753,0.11636755988001823,0.10341735929250717,0.10556995682418346,0.10507567971944809,0.1026354692876339,0.10334164090454578,0.1038243155926466,0.10233985912054777,0.10235642921179533,0.10242797154933214,0.10209901537746191,0.0003120098263025284,0.0,0.0,0.0,0.0,0.0,0.0,0.0,0.0,0.0,0.0,0.0,0.0,0.0,0.0,0.0,0.0,0.0,3.769738834351301
2,0.10641751904040575,0.10648920387029648,0.1061143297702074,0.10584226436913013,0.10605697985738516,0.10581368021667004,0.10580294113606215,0.11777392774820328,0.10544028785079718,0.1110695842653513,0.11003657523542643,0.10527494922280312,0.1091189431026578,0.10885065607726574,0.10873922053724527,0.10842695645987988,0.10805566981434822,0.10763080045580864,0.10718022752553225,0.10696759913116693,0.10672929417341948,0.10638695303350687,0.10599549021571875,0.10580826736986637,0.10301177855581045,0.10799055267125368,0.10861517582088709,0.10839525982737541,0.1086309552192688,0.10688054841011763,0.10697371885180473,0.0010804925113916397,0.0,0.0,0.0,0.0,0.0,0.0,0.0,0.0,0.0,0.0,0.0,0.0,0.0,0.0,0.0,0.0,0.0,0.0,3.333600802347064

total time per move x,0.5183862624689937,0.22577717620879412,0.22475808952003717,0.21186252404004335,0.22457595262676477,0.22417244967073202,0.21134212892502546,0.23586487583816051,0.21088717970997095,0.2283445941284299,0.2151131210848689,0.2099738661199808,0.22685567289590836,0.21557336021214724,0.2149683041498065,0.21670679561793804,0.21231635101139545,0.2151533765718341,0.2147821681573987,0.21419912204146385,0.212189806625247,0.2227545129135251,0.20941284950822592,0.21137822419404984,0.20808745827525854,0.21062602195888758,0.21195681672543287,0.212219575420022,0.21097081433981657,0.20923697762191296,0.20940169040113688,0.10317950788885355,0.0003120098263025284,0,0,0,0,0,0,0,0,0,0,0,0,0,0,0,0,0,7.103339636698365
average time per move x,0.25919313123449683,0.11288858810439706,0.11237904476001859,0.10593126202002168,0.11228797631338239,0.11208622483536601,0.10567106446251273,0.11793243791908026,0.10544358985498548,0.11417229706421494,0.10755656054243445,0.1049869330599904,0.11342783644795418,0.10778668010607362,0.10748415207490325,0.10835339780896902,0.10615817550569773,0.10757668828591704,0.10739108407869935,0.10709956102073193,0.1060949033126235,0.11137725645676255,0.10470642475411296,0.10568911209702492,0.10404372913762927,0.10531301097944379,0.10597840836271644,0.106109787710011,0.10548540716990829,0.10461848881095648,0.10470084520056844,0.051589753944426775,0.0003120098263025284,nan,nan,nan,nan,nan,nan,nan,nan,nan,nan,nan,nan,nan,nan,nan,nan,nan,3.5516698183491826
std of time per move x,0.216057342764736,0.009050095974701602,0.008859644902993,0.0001258616849101653,0.008811959695169971,0.008870717670350222,0.00018650178029423005,0.00022416723342830167,4.669739106105462e-06,0.004387898520301558,0.0035072704137137944,0.0004073163636323917,0.00609369540773732,0.0015046892484989838,0.0017749348411508362,0.00010402764174799823,0.0026834621858192876,7.65261645501319e-05,0.0002981961972041631,0.0001866222939391909,0.0008971641591832097,0.0070573547815250695,0.0018230138585896387,0.00016851100288065013,0.0014593985085069802,0.003786615774376952,0.0037289523001689693,0.003232145664802298,0.004448476712501872,0.0031990353640299427,0.0032143287431388255,0.0714308825440466,nan,nan,nan,nan,nan,nan,nan,nan,nan,nan,nan,nan,nan,nan,nan,nan,nan,nan,0.3083961599635516
err of average time,0.15277561219409108,0.006399384234100579,0.006264714989811182,8.899765089154243e-05,0.006230996455997229,0.006272544618695974,0.00013187667354941368,0.00015851017087697983,3.3020041882991787e-06,0.0031027127988636494,0.002480014692991972,0.0002880161628127098,0.004308893345296382,0.0010639759711921215,0.0012550684623420236,7.355865091085434e-05,0.0018974943086504934,5.411216989159584e-05,0.0002108565531671047,0.000131961889564991,0.0006343908607959747,0.004990303423255682,0.0012890654616057873,0.00011915527284145354,0.001031950581818819,0.0026775416918098922,0.0026367674581706524,0.0022854721173644066,0.0031455480493605137,0.002262059599161148,0.0022728736512362957,0.050509261433035135,nan,nan,nan,nan,nan,nan,nan,nan,nan,nan,nan,nan,nan,nan,nan,nan,nan,nan,0.21806901600211856
