Contains move time for player AlphaBeta3; opponent is Edax4
Colums refer to move number, rows to game number
game,1,2,3,4,5,6,7,8,9,10,11,12,13,14,15,16,17,18,19,20,21,22,23,24,25,26,27,28,29,30,31,32,33,34,35,36,37,38,39,40,41,42,43,44,45,46,47,48,49,50,total
1,0.1973472200334072,0.292089662514627,0.4435204118490219,0.3715969454497099,0.6552130253985524,0.4463971173390746,0.5183075284585357,0.5466852029785514,0.2650714470073581,0.2285395786166191,0.17789899744093418,0.23730711080133915,0.3121155807748437,0.0065956804901361465,0.27004349511116743,0.1374436216428876,0.11045270506292582,0.14377946872264147,0.1343823941424489,0.004889507777988911,0.004476885311305523,0.0040125418454408646,0.0036235619336366653,0.0031970124691724777,0.07757934741675854,0.07838356215506792,0.0020463895052671432,0.0016458583995699883,0.0012033358216285706,0.0007664468139410019,0.0,0.0,0.0,0.0,0.0,0.0,0.0,0.0,0.0,0.0,0.0,0.0,0.0,0.0,0.0,0.0,0.0,0.0,0.0,0.0,5.676611643284559
2,0.17237698379904032,0.27024092618376017,0.4513630410656333,0.3814825592562556,0.6147808972746134,0.4475510222837329,0.5561615014448762,0.5280736312270164,0.4158850507810712,0.29113530460745096,0.39115940127521753,0.22553969081491232,0.451240842230618,0.38741359394043684,0.32383829541504383,0.17306498810648918,0.23388192523270845,0.2428490947932005,0.16116541996598244,0.13890169188380241,0.0040183765813708305,0.09385880175977945,0.0031623858958482742,0.003327159211039543,0.0031737256795167923,0.0029785288497805595,0.0028305528685450554,0.05448985658586025,0.0015838555991649628,0.001602889969944954,0.0011302437633275986,0.0009249802678823471,0.0006787460297346115,0.000493326224386692,0.0,0.0,0.0,0.0,0.0,0.0,0.0,0.0,0.0,0.0,0.0,0.0,0.0,0.0,0.0,0.0,7.032359290868044

total time per move x,0.36972420383244753,0.5623305886983871,0.8948834529146552,0.7530795047059655,1.2699939226731658,0.8939481396228075,1.0744690299034119,1.0747588342055678,0.6809564977884293,0.5196748832240701,0.5690583987161517,0.46284680161625147,0.7633564230054617,0.394009274430573,0.5938817905262113,0.3105086097493768,0.34433463029563427,0.38662856351584196,0.29554781410843134,0.14379119966179132,0.008495261892676353,0.09787134360522032,0.00678594782948494,0.006524171680212021,0.08075307309627533,0.08136209100484848,0.004876942373812199,0.05613571498543024,0.0027871914207935333,0.002369336783885956,0.0011302437633275986,0.0009249802678823471,0.0006787460297346115,0.000493326224386692,0,0,0,0,0,0,0,0,0,0,0,0,0,0,0,0,12.708970934152603
average time per move x,0.18486210191622376,0.2811652943491936,0.4474417264573276,0.37653975235298276,0.6349969613365829,0.44697406981140375,0.5372345149517059,0.5373794171027839,0.34047824889421463,0.25983744161203504,0.28452919935807586,0.23142340080812573,0.38167821150273085,0.1970046372152865,0.29694089526310563,0.1552543048746884,0.17216731514781713,0.19331428175792098,0.14777390705421567,0.07189559983089566,0.004247630946338177,0.04893567180261016,0.00339297391474247,0.0032620858401060104,0.040376536548137665,0.04068104550242424,0.0024384711869060993,0.02806785749271512,0.0013935957103967667,0.001184668391942978,0.0011302437633275986,0.0009249802678823471,0.0006787460297346115,0.000493326224386692,nan,nan,nan,nan,nan,nan,nan,nan,nan,nan,nan,nan,nan,nan,nan,nan,6.354485467076302
std of time per move x,0.017656623369150873,0.015449389619912811,0.005545576301397652,0.0069901845587998475,0.028589831974240615,0.0008159340112125572,0.02676680099349377,0.013160368594050346,0.10664132192357363,0.04426186232141222,0.15079787770980335,0.008320822469472522,0.09837641580972942,0.26927892899801936,0.03803866808744715,0.02518810978154375,0.08727763857862068,0.07005280440410785,0.01893845918051498,0.09476092414284079,0.00032421463217005233,0.06353089964967788,0.00032610070364091486,9.202764372353711e-05,0.05261271968880482,0.05331941038576616,0.0005544872317318618,0.03736634946253546,0.00026906811507157946,0.0005914546276874717,nan,nan,nan,nan,nan,nan,nan,nan,nan,nan,nan,nan,nan,nan,nan,nan,nan,nan,nan,nan,0.9586583551839916
err of average time,0.012485118117183447,0.010924368165433407,0.003921314608305693,0.004942806903272866,0.02021606406196952,0.0005769524723291396,0.01892698649317026,0.00930578587576747,0.07540680188685654,0.031297862995415926,0.10663020191714166,0.005883709993213414,0.06956263072788715,0.19040895672515032,0.0268974001519382,0.01781068323180079,0.06171461008489131,0.049534813035279505,0.013391512911766766,0.06700609205290675,0.00022925436496734616,0.04492312995716929,0.00023058801889419556,6.50733709335327e-05,0.037202810868620866,0.03770251665264368,0.000392081681638956,0.02642199909314513,0.0001902598887681961,0.00041822157800197596,nan,nan,nan,nan,nan,nan,nan,nan,nan,nan,nan,nan,nan,nan,nan,nan,nan,nan,nan,nan,0.6778738237917422
