Contains move time for player AlphaBeta4; opponent is Edax3
Colums refer to move number, rows to game number
game,1,2,3,4,5,6,7,8,9,10,11,12,13,14,15,16,17,18,19,20,21,22,23,24,25,26,27,28,29,30,31,32,33,34,35,36,37,38,39,40,41,42,43,44,45,46,47,48,49,50,total
1,0.684693519026041,0.44561084266752005,1.3474892349913716,1.3164217490702868,1.9483718164265156,2.6492820298299193,3.1806804118677974,8.610883237794042,6.221256219781935,1.8908965699374676,2.643167758360505,0.6956705180928111,2.259724708274007,0.5889691719785333,0.21177756413817406,0.43204711377620697,0.6740299593657255,0.6030451534315944,0.5385119970887899,0.37884293869137764,0.5730516174808145,0.3104886766523123,0.15273105818778276,0.1946635777130723,0.10168633982539177,0.10478035919368267,0.0012936033308506012,0.0013423804193735123,0.0008614640682935715,0.000720759853720665,0.0,0.0,0.0,0.0,0.0,0.0,0.0,0.0,0.0,0.0,0.0,0.0,0.0,0.0,0.0,0.0,0.0,0.0,0.0,0.0,38.762992351315916
2,0.5139248939231038,0.8807049123570323,0.5823839204385877,1.9672309793531895,2.8027828074991703,2.5362232141196728,1.2755309576168656,1.0407812409102917,0.6479986011981964,1.069082041271031,0.17603672668337822,0.7759282970800996,2.371475868858397,1.3889702279120684,1.3570620641112328,2.669330039061606,1.4108162578195333,1.0762000335380435,0.5941086411476135,0.7606316572055221,0.6487466543912888,0.20113325864076614,0.003529033623635769,0.0034069810062646866,0.004396003670990467,0.002522389404475689,0.00231077428907156,0.0021650483831763268,0.0016610333696007729,0.0015835994854569435,0.0011596307158470154,0.0006719641387462616,0.0004141544923186302,0.0,0.0,0.0,0.0,0.0,0.0,0.0,0.0,0.0,0.0,0.0,0.0,0.0,0.0,0.0,0.0,0.0,26.770903907716274

total time per move x,1.1986184129491448,1.3263157550245523,1.9298731554299593,3.283652728423476,4.751154623925686,5.185505243949592,4.456211369484663,9.651664478704333,6.869254820980132,2.9599786112084985,2.8192044850438833,1.4715988151729107,4.631200577132404,1.9779393998906016,1.5688396282494068,3.101377152837813,2.084846217185259,1.6792451869696379,1.1326206382364035,1.1394745958968997,1.2217982718721032,0.5116219352930784,0.15626009181141853,0.198070558719337,0.10608234349638224,0.10730274859815836,0.003604377619922161,0.003507428802549839,0.0025224974378943443,0.0023043593391776085,0.0011596307158470154,0.0006719641387462616,0.0004141544923186302,0,0,0,0,0,0,0,0,0,0,0,0,0,0,0,0,0,65.53389625903219
average time per move x,0.5993092064745724,0.6631578775122762,0.9649365777149796,1.641826364211738,2.375577311962843,2.592752621974796,2.2281056847423315,4.825832239352167,3.434627410490066,1.4799893056042492,1.4096022425219417,0.7357994075864553,2.315600288566202,0.9889696999453008,0.7844198141247034,1.5506885764189065,1.0424231085926294,0.8396225934848189,0.5663103191182017,0.5697372979484499,0.6108991359360516,0.2558109676465392,0.07813004590570927,0.0990352793596685,0.05304117174819112,0.05365137429907918,0.0018021888099610806,0.0017537144012749195,0.0012612487189471722,0.0011521796695888042,0.0011596307158470154,0.0006719641387462616,0.0004141544923186302,nan,nan,nan,nan,nan,nan,nan,nan,nan,nan,nan,nan,nan,nan,nan,nan,nan,32.766948129516095
std of time per move x,0.12075165282419019,0.3076579671315064,0.54101115624214,0.4601916199918379,0.6041598057077929,0.07994465526163552,1.347144098274684,5.352870456270324,3.9408882554001505,0.5811106260976637,1.7445250825746594,0.05675081976488288,0.07902000345468911,0.5656861716070012,0.8098384363187942,1.5819979279021814,0.520986587922023,0.33457102427477803,0.03931276402520894,0.2699653918418735,0.05352447390156239,0.07732595763545379,0.10550176333607018,0.13523883647804438,0.0687946564386959,0.07230730386831737,0.0007192484821840583,0.0005817140958698994,0.000565380874982912,0.000610119754677226,nan,nan,nan,nan,nan,nan,nan,nan,nan,nan,nan,nan,nan,nan,nan,nan,nan,nan,nan,nan,8.479687059058136
err of average time,0.0853843125514686,0.2175470348447561,0.3825526572763919,0.3254046151414513,0.42720549553632736,0.05652940785512328,0.9525747271254659,3.7850509984418745,2.786628809291869,0.41090726433321834,1.2335655158385634,0.04012888949364423,0.05587558029219508,0.40000052796676755,0.5726422499865294,1.1186414626426993,0.3683931492269039,0.23657744005322454,0.027798322029411793,0.1908943592570722,0.03784751845523715,0.05467770900577306,0.0746010122820735,0.0956282983534038,0.048645168077200644,0.051128984894603484,0.0005085854791104794,0.00041133398190140724,0.0003997846506536007,0.00043141981586813927,nan,nan,nan,nan,nan,nan,nan,nan,nan,nan,nan,nan,nan,nan,nan,nan,nan,nan,nan,nan,5.99604422179982
