Contains move time for player AlphaBeta1; opponent is Edax1
Colums refer to move number, rows to game number
game,1,2,3,4,5,6,7,8,9,10,11,12,13,14,15,16,17,18,19,20,21,22,23,24,25,26,27,28,29,30,31,32,33,34,35,36,37,38,39,40,41,42,43,44,45,46,47,48,49,50,total
1,0.018481504172086716,0.015695009380578995,0.021510467864573002,0.028878395445644855,0.030481453984975815,0.02601731289178133,0.02380145527422428,0.02059161104261875,0.007169846445322037,0.0,0.0,0.0,0.0,0.0,0.0,0.0,0.0,0.0,0.0,0.0,0.0,0.0,0.0,0.0,0.0,0.0,0.0,0.0,0.0,0.0,0.0,0.0,0.0,0.0,0.0,0.0,0.0,0.0,0.0,0.0,0.0,0.0,0.0,0.0,0.0,0.0,0.0,0.0,0.0,0.0,0.19262705650180578
2,0.016405297443270683,0.020038871094584465,0.02928193286061287,0.026939162984490395,0.02858571894466877,0.03282826952636242,0.027175774797797203,0.018137394450604916,0.016604257747530937,0.017470333725214005,0.01476651057600975,0.007799454033374786,0.011831591837108135,0.011391467414796352,0.006764676421880722,0.006412781774997711,0.006255067884922028,0.006090964190661907,0.010434728115797043,0.005617108196020126,0.005220108665525913,0.004696935415267944,0.004612877033650875,0.004502707161009312,0.0,0.0,0.0,0.0,0.0,0.0,0.0,0.0,0.0,0.0,0.0,0.0,0.0,0.0,0.0,0.0,0.0,0.0,0.0,0.0,0.0,0.0,0.0,0.0,0.0,0.0,0.33986399229615927

total time per move x,0.0348868016153574,0.03573388047516346,0.05079240072518587,0.05581755843013525,0.059067172929644585,0.05884558241814375,0.050977230072021484,0.03872900549322367,0.023774104192852974,0.017470333725214005,0.01476651057600975,0.007799454033374786,0.011831591837108135,0.011391467414796352,0.006764676421880722,0.006412781774997711,0.006255067884922028,0.006090964190661907,0.010434728115797043,0.005617108196020126,0.005220108665525913,0.004696935415267944,0.004612877033650875,0.004502707161009312,0,0,0,0,0,0,0,0,0,0,0,0,0,0,0,0,0,0,0,0,0,0,0,0,0,0,0.532491048797965
average time per move x,0.0174434008076787,0.01786694023758173,0.025396200362592936,0.027908779215067625,0.029533586464822292,0.029422791209071875,0.025488615036010742,0.019364502746611834,0.011887052096426487,0.017470333725214005,0.01476651057600975,0.007799454033374786,0.011831591837108135,0.011391467414796352,0.006764676421880722,0.006412781774997711,0.006255067884922028,0.006090964190661907,0.010434728115797043,0.005617108196020126,0.005220108665525913,0.004696935415267944,0.004612877033650875,0.004502707161009312,nan,nan,nan,nan,nan,nan,nan,nan,nan,nan,nan,nan,nan,nan,nan,nan,nan,nan,nan,nan,nan,nan,nan,nan,nan,nan,0.2662455243989825
std of time per move x,0.0014680998570909558,0.0030715740745098875,0.005495255598453676,0.0013712444235793974,0.0013404871023340644,0.004816073622679795,0.002386004217008573,0.0017353931947135218,0.00667113620829492,nan,nan,nan,nan,nan,nan,nan,nan,nan,nan,nan,nan,nan,nan,nan,nan,nan,nan,nan,nan,nan,nan,nan,nan,nan,nan,nan,nan,nan,nan,nan,nan,nan,nan,nan,nan,nan,nan,nan,nan,nan,0.10411223574131566
err of average time,0.001038103364408016,0.002171930857002735,0.0038857324980199333,0.0009696162305772305,0.0009478675201535224,0.0034054783172905445,0.0016871597617864607,0.0012271082960069177,0.00471720565110445,nan,nan,nan,nan,nan,nan,nan,nan,nan,nan,nan,nan,nan,nan,nan,nan,nan,nan,nan,nan,nan,nan,nan,nan,nan,nan,nan,nan,nan,nan,nan,nan,nan,nan,nan,nan,nan,nan,nan,nan,nan,0.07361846789717674
