Contains move time for player MCTSRemMaxIter3; opponent is Edax1
Colums refer to move number, rows to game number
game,1,2,3,4,5,6,7,8,9,10,11,12,13,14,15,16,17,18,19,20,21,22,23,24,25,26,27,28,29,30,31,32,33,34,35,36,37,38,39,40,41,42,43,44,45,46,47,48,49,50,total
1,72.18169266544282,61.81847620755434,60.16602642927319,58.10483970399946,56.244841979816556,53.252526932395995,47.714791517704725,44.43226955179125,40.6127108708024,37.595837127417326,34.113038399256766,29.5356756914407,25.791994609870017,23.165433894842863,19.790867428295314,18.1479752343148,14.489261714741588,12.091598570346832,10.54505499266088,7.277100356295705,1.138448715209961e-05,7.137315604835749,4.251983303576708,2.764631062746048e-05,0.0027734050527215004,0.002825697883963585,0.0024644285440444946,0.002053355798125267,0.0016469433903694153,0.05081198923289776,1.6056932508945465e-05,0.0,0.0,0.0,0.0,0.0,0.0,0.0,0.0,0.0,0.0,0.0,0.0,0.0,0.0,0.0,0.0,0.0,0.0,0.0,738.5239436943084
2,73.14336860179901,64.29206658061594,61.099680960178375,56.85077069234103,54.85361159872264,52.5022552087903,45.947762209922075,37.44290216546506,40.61159662902355,37.46379705891013,34.38302918989211,30.313782950863242,4.00301069021225e-05,0.00720816757529974,0.006840754300355911,19.86259910929948,16.294130478054285,3.9492733776569366e-05,11.941604055464268,2.8624199330806732e-05,0.004492677748203278,0.003815597854554653,0.0038670413196086884,4.32881879620254,2.6042815912514925,3.234017640352249e-05,0.002386157400906086,0.001882295124232769,0.0019318284466862679,0.0012782756239175797,0.0013422705233097076,0.0009131729602813721,0.0,0.0,0.0,0.0,0.0,0.0,0.0,0.0,0.0,0.0,0.0,0.0,0.0,0.0,0.0,0.0,0.0,0.0,643.9721566028893

total time per move x,145.32506126724184,126.11054278817028,121.26570738945156,114.95561039634049,111.09845357853919,105.7547821411863,93.6625537276268,81.87517171725631,81.22430749982595,75.05963418632746,68.49606758914888,59.849458642303944,25.79203463997692,23.172642062418163,19.79770818259567,38.01057434361428,30.783392192795873,12.091638063080609,22.486659048125148,7.277128980495036,0.004504062235355377,7.141131202690303,4.2558503448963165,4.328846442513168,2.607054996304214,0.0028580380603671074,0.004850585944950581,0.003935650922358036,0.003578771837055683,0.05209026485681534,0.001358327455818653,0.0009131729602813721,0,0,0,0,0,0,0,0,0,0,0,0,0,0,0,0,0,0,1382.4961002971977
average time per move x,72.66253063362092,63.05527139408514,60.63285369472578,57.477805198170245,55.549226789269596,52.87739107059315,46.8312768638134,40.937585858628154,40.61215374991298,37.52981709316373,34.24803379457444,29.924729321151972,12.89601731998846,11.586321031209081,9.898854091297835,19.00528717180714,15.391696096397936,6.045819031540304,11.243329524062574,3.638564490247518,0.0022520311176776886,3.5705656013451517,2.1279251724481583,2.164423221256584,1.303527498152107,0.0014290190301835537,0.0024252929724752903,0.001967825461179018,0.0017893859185278416,0.02604513242840767,0.0006791637279093266,0.0009131729602813721,nan,nan,nan,nan,nan,nan,nan,nan,nan,nan,nan,nan,nan,nan,nan,nan,nan,nan,691.2480501485988
std of time per move x,0.6800075759013824,1.7490925266696173,0.6601934500886029,0.8867607022195875,0.9837484366642552,0.5305222234941042,1.2494784060884827,4.942229075075348,0.0007878879177065891,0.09336642782977354,0.19091231891617153,0.5502049196281587,18.23766598340593,16.37533845199966,13.989419420357372,1.2124221691860235,1.2762349416901861,8.550023418897947,0.987509312567993,5.145666768946281,0.0031687528533748655,5.044146228530686,3.003871816310845,3.060917576428884,1.8395440797734666,0.001975202177295429,5.5346056084391676e-05,0.00012095816250372596,0.00020144415518035793,0.03502562479026226,0.00093777462335698,nan,nan,nan,nan,nan,nan,nan,nan,nan,nan,nan,nan,nan,nan,nan,nan,nan,nan,nan,66.85820982564911
err of average time,0.4808379681780934,1.2367951865307987,0.46682726545259356,0.627034505829215,0.6956151905469596,0.37513586180284614,0.8835146538913249,3.494683693163097,0.0005571208894252776,0.06602003425359726,0.13499539531767366,0.38905362971127033,12.895977289881557,11.57911286363378,9.892013336997477,0.8573119374923408,0.9024343816563486,6.045779538806527,0.6982745314016937,3.6385358660481866,0.002240646630525589,3.5667500034905966,2.1240581311285496,2.164395574945956,1.3007540930993855,0.001396678853780031,3.913557156920433e-05,8.553033694624901e-05,0.00014244252815842628,0.024766856804490086,0.0006631067954003811,nan,nan,nan,nan,nan,nan,nan,nan,nan,nan,nan,nan,nan,nan,nan,nan,nan,nan,nan,47.27589354570954
