Contains move time for player Edax2; opponent is StaticBoard2
Colums refer to move number, rows to game number
game,1,2,3,4,5,6,7,8,9,10,11,12,13,14,15,16,17,18,19,20,21,22,23,24,25,26,27,28,29,30,31,32,33,34,35,36,37,38,39,40,41,42,43,44,45,46,47,48,49,50,total
1,0.4009119803085923,0.1104489853605628,0.11110667325556278,0.10927388444542885,0.10898654721677303,0.10862468276172876,0.12129263021051884,0.10847637709230185,0.10765162296593189,0.10808339808136225,0.10755863506346941,0.1068969126790762,0.10702588502317667,0.10699759796261787,0.10678405128419399,0.1068001352250576,0.10691584460437298,0.1070855800062418,0.10622495785355568,0.10618594009429216,0.10679152607917786,0.10601621307432652,0.10554599668830633,0.10520477499812841,0.10473808273673058,0.10453056264668703,0.10407624300569296,0.10340215358883142,0.10309261828660965,0.1026358986273408,0.00032789446413517,0.0,0.0,0.0,0.0,0.0,0.0,0.0,0.0,0.0,0.0,0.0,0.0,0.0,0.0,0.0,0.0,0.0,0.0,0.0,3.5096942856907845
2,0.35425314120948315,0.10934044700115919,0.10950449481606483,0.10891684517264366,0.10839028190821409,0.10806405916810036,0.10736127756536007,0.10756921861320734,0.1079840213060379,0.10717516764998436,0.10698534268885851,0.10729806125164032,0.10785258747637272,0.10726790316402912,0.1063492288812995,0.10602141451090574,0.10606400016695261,0.10577605292201042,0.10571998450905085,0.10555334575474262,0.10528257396072149,0.104860570281744,0.10486169438809156,0.10490514524281025,0.1046719066798687,0.10411816462874413,0.10358535218983889,0.10486128553748131,0.10290530696511269,0.10244771931320429,0.10210963431745768,0.0,0.0,0.0,0.0,0.0,0.0,0.0,0.0,0.0,0.0,0.0,0.0,0.0,0.0,0.0,0.0,0.0,0.0,0.0,3.5380562292411923

total time per move x,0.7551651215180755,0.219789432361722,0.22061116807162762,0.2181907296180725,0.21737682912498713,0.21668874192982912,0.2286539077758789,0.21604559570550919,0.2156356442719698,0.2152585657313466,0.21454397775232792,0.21419497393071651,0.2148784724995494,0.214265501126647,0.2131332801654935,0.21282154973596334,0.2129798447713256,0.21286163292825222,0.21194494236260653,0.2117392858490348,0.21207410003989935,0.21087678335607052,0.2104076910763979,0.21010992024093866,0.20940998941659927,0.20864872727543116,0.20766159519553185,0.20826343912631273,0.20599792525172234,0.20508361794054508,0.10243752878159285,0,0,0,0,0,0,0,0,0,0,0,0,0,0,0,0,0,0,0,7.047750514931977
average time per move x,0.37758256075903773,0.109894716180861,0.11030558403581381,0.10909536480903625,0.10868841456249356,0.10834437096491456,0.11432695388793945,0.10802279785275459,0.1078178221359849,0.1076292828656733,0.10727198887616396,0.10709748696535826,0.1074392362497747,0.1071327505633235,0.10656664008274674,0.10641077486798167,0.1064899223856628,0.10643081646412611,0.10597247118130326,0.1058696429245174,0.10603705001994967,0.10543839167803526,0.10520384553819895,0.10505496012046933,0.10470499470829964,0.10432436363771558,0.10383079759776592,0.10413171956315637,0.10299896262586117,0.10254180897027254,0.05121876439079642,nan,nan,nan,nan,nan,nan,nan,nan,nan,nan,nan,nan,nan,nan,nan,nan,nan,nan,nan,3.5238752574659884
std of time per move x,0.03299278152927212,0.000783854991139703,0.0011329112392398795,0.0002524648909363191,0.0004216232430683163,0.0003964207447478176,0.009850953926492911,0.0006414579121785996,0.00023504112034411232,0.0006422158969072877,0.00040537892568990653,0.0002836548759233967,0.0005845669106784804,0.00019113464090788848,0.00030746586969852786,0.0005506386976272108,0.000602344978215982,0.0009259754814074536,0.0003570700762178182,0.0004473117472357062,0.0010669902754463013,0.000817162855264453,0.00048387479686341474,0.00021187023183074036,4.67935385592201e-05,0.0002916094350353199,0.0003471122247126115,0.0010317620955362736,0.00013244910562351642,0.00013306286910495633,0.07197055845124942,nan,nan,nan,nan,nan,nan,nan,nan,nan,nan,nan,nan,nan,nan,nan,nan,nan,nan,nan,0.020054922612123483
err of average time,0.023329419549554586,0.0005542691797018051,0.0008010892197489738,0.00017851963639259338,0.00029813265427947044,0.00028031179681420326,0.006965676322579384,0.0004535792395472526,0.0001661991700530052,0.0004541152156889438,0.00028664618730545044,0.00020057428628206253,0.0004133512265980243,0.00013515260070562363,0.00021741120144724846,0.0003893603570759296,0.00042592221871018404,0.0006547635421156882,0.0002524866722524166,0.00031629716977477074,0.0007544760592281817,0.000577821396291256,0.00034215115010738373,0.0001498148776590824,3.308802843093872e-05,0.00020619900897145269,0.0002454454079270363,0.0007295659743249415,9.365566074848174e-05,9.408965706825256e-05,0.050890869926661246,nan,nan,nan,nan,nan,nan,nan,nan,nan,nan,nan,nan,nan,nan,nan,nan,nan,nan,nan,0.014180971775203943
