Contains move time for player Edax2; opponent is DynamicBoard1
Colums refer to move number, rows to game number
game,1,2,3,4,5,6,7,8,9,10,11,12,13,14,15,16,17,18,19,20,21,22,23,24,25,26,27,28,29,30,31,32,33,34,35,36,37,38,39,40,41,42,43,44,45,46,47,48,49,50,total
1,0.40462278574705124,0.11238567624241114,0.11215234082192183,0.11188734229654074,0.11212839651852846,0.1116815023124218,0.11093965359032154,0.11081087216734886,0.11046635080128908,0.11025709379464388,0.10998641420155764,0.10985498130321503,0.10953153017908335,0.10919471457600594,0.10893446765840054,0.10835355147719383,0.10807149857282639,0.12056783679872751,0.10757457092404366,0.10710506420582533,0.10661561135202646,0.1060978639870882,0.10570754110813141,0.10499112401157618,0.10477729793637991,0.10430138744413853,0.10387386754155159,0.10336020588874817,0.10291300248354673,0.10278831236064434,0.0005267523229122162,0.0,0.0,0.0,0.0,0.0,0.0,0.0,0.0,0.0,0.0,0.0,0.0,0.0,0.0,0.0,0.0,0.0,0.0,0.0,3.5524596106261015
2,0.37256697937846184,0.11202415730804205,0.11191009171307087,0.1119375815615058,0.11169853620231152,0.11128661595284939,0.11076665669679642,0.11055364273488522,0.11025820299983025,0.11011381819844246,0.11002917401492596,0.1096147708594799,0.10954729095101357,0.10990846622735262,0.12188158743083477,0.10831004194915295,0.10806525219231844,0.10758364200592041,0.10727057978510857,0.10697986092418432,0.10654749814420938,0.10620275791734457,0.10574581567198038,0.10510742384940386,0.10452387016266584,0.10382403898984194,0.10374911315739155,0.10310659371316433,0.10287951771169901,0.10232870746403933,0.00031256023794412613,0.0,0.0,0.0,0.0,0.0,0.0,0.0,0.0,0.0,0.0,0.0,0.0,0.0,0.0,0.0,0.0,0.0,0.0,0.0,3.5166348461061716

total time per move x,0.7771897651255131,0.22440983355045319,0.2240624325349927,0.22382492385804653,0.22382693272083998,0.2229681182652712,0.22170631028711796,0.22136451490223408,0.22072455380111933,0.22037091199308634,0.2200155882164836,0.21946975216269493,0.2190788211300969,0.21910318080335855,0.2308160550892353,0.21666359342634678,0.21613675076514482,0.22815147880464792,0.21484515070915222,0.21408492513000965,0.21316310949623585,0.21230062190443277,0.2114533567801118,0.21009854786098003,0.20930116809904575,0.20812542643398046,0.20762298069894314,0.2064667996019125,0.20579252019524574,0.20511701982468367,0.0008393125608563423,0,0,0,0,0,0,0,0,0,0,0,0,0,0,0,0,0,0,0,7.069094456732273
average time per move x,0.38859488256275654,0.11220491677522659,0.11203121626749635,0.11191246192902327,0.11191346636041999,0.1114840591326356,0.11085315514355898,0.11068225745111704,0.11036227690055966,0.11018545599654317,0.1100077941082418,0.10973487608134747,0.10953941056504846,0.10955159040167928,0.11540802754461765,0.10833179671317339,0.10806837538257241,0.11407573940232396,0.10742257535457611,0.10704246256500483,0.10658155474811792,0.10615031095221639,0.1057266783900559,0.10504927393049002,0.10465058404952288,0.10406271321699023,0.10381149034947157,0.10323339980095625,0.10289626009762287,0.10255850991234183,0.00041965628042817116,nan,nan,nan,nan,nan,nan,nan,nan,nan,nan,nan,nan,nan,nan,nan,nan,nan,nan,nan,3.5345472283661366
std of time per move x,0.02266687805963248,0.000255632490019716,0.00017129598760490906,3.552452493861981e-05,0.0003039571445599959,0.0002792268226517209,0.00012232727653582203,0.0001818886760158111,0.0001471827219006138,0.0001013111456525695,3.023575399501059e-05,0.00016985443367693488,1.1144548708591557e-05,0.0005046986327503363,0.009154996187922678,3.076588232393668e-05,4.416858015040098e-06,0.009181212186240961,0.0002149541957616234,8.853208947516484e-05,4.8163311135824156e-05,7.417120938958569e-05,2.7064203644565814e-05,8.223640397885005e-05,0.00017920049733422563,0.00033753632902203476,8.821467102231717e-05,0.0001793308891468062,2.3677309240010688e-05,0.000324989739055948,0.00015145667575742165,nan,nan,nan,nan,nan,nan,nan,nan,nan,nan,nan,nan,nan,nan,nan,nan,nan,nan,nan,0.025331933926453654
err of average time,0.016027903184294697,0.00018075946718454358,0.00012112455442547798,2.5119632482528687e-05,0.0002149301581084728,0.0001974431797862053,8.649844676256178e-05,0.00012861471623182297,0.00010407390072941779,7.16377981007099e-05,2.1379906684160233e-05,0.00012010522186756133,7.880385965108871e-06,0.00035687582567334175,0.006473559886217117,2.1754764020442963e-05,3.123190253973007e-06,0.00649209739640355,0.00015199556946754453,6.260164082050322e-05,3.405660390853882e-05,5.244696512818336e-05,1.913728192448616e-05,5.814991891384125e-05,0.00012671388685703278,0.00023867422714829442,6.23771920800209e-05,0.0001268060877919197,1.6742385923862457e-05,0.00022980244830250737,0.00010709604248404503,nan,nan,nan,nan,nan,nan,nan,nan,nan,nan,nan,nan,nan,nan,nan,nan,nan,nan,nan,0.017912382259964943
