Contains move time for player Edax3; opponent is Greedy
Colums refer to move number, rows to game number
game,1,2,3,4,5,6,7,8,9,10,11,12,13,14,15,16,17,18,19,20,21,22,23,24,25,26,27,28,29,30,31,32,33,34,35,36,37,38,39,40,41,42,43,44,45,46,47,48,49,50,total
1,0.4029322164133191,0.11262109968811274,0.1126009738072753,0.11204500589519739,0.11256385687738657,0.11150277219712734,0.11121935304254293,0.11092985514551401,0.11077115032821894,0.11034914012998343,0.11020797118544579,0.10987610556185246,0.10957775358110666,0.10921076964586973,0.10925008356571198,0.10880369041115046,0.10866720974445343,0.10842490009963512,0.10815885663032532,0.10773584339767694,0.10768789425492287,0.10736738611012697,0.10686352103948593,0.10645310021936893,0.10604975000023842,0.10574303101748228,0.10550043266266584,0.105232123285532,0.10499797388911247,0.10453243367373943,0.1041654609143734,0.10418308153748512,0.10356051474809647,0.10309161245822906,0.10275133792310953,0.0006737168878316879,0.0,0.0,0.0,0.0,0.0,0.0,0.0,0.0,0.0,0.0,0.0,0.0,0.0,0.0,4.076301977969706
2,0.30378401558846235,0.11240594554692507,0.1123256841674447,0.11200847290456295,0.11196067929267883,0.11151644308120012,0.11126228142529726,0.11091506760567427,0.11033222358673811,0.11054177395999432,0.11009745579212904,0.10979508329182863,0.10917273350059986,0.10934276320040226,0.10886894259601831,0.10896531026810408,0.10806288663297892,0.10785409715026617,0.10728341434150934,0.10736666899174452,0.10688658896833658,0.10668801423162222,0.10655003413558006,0.10590142104774714,0.10538483876734972,0.10491354670375586,0.1045302702113986,0.10408412106335163,0.10363233089447021,0.10309139266610146,0.10256948228925467,0.00031932443380355835,0.0,0.0,0.0,0.0,0.0,0.0,0.0,0.0,0.0,0.0,0.0,0.0,0.0,0.0,0.0,0.0,0.0,0.0,3.548413308337331
3,0.30311316158622503,0.1124188732355833,0.11235226131975651,0.11201452650129795,0.11190543789416552,0.11149441730231047,0.11089102923870087,0.1108283344656229,0.1105344956740737,0.11011727899312973,0.10972442012280226,0.10957618989050388,0.10940291360020638,0.10940014664083719,0.10859163664281368,0.10873656626790762,0.10830817464739084,0.10807598661631346,0.10790517088025808,0.10706152860075235,0.10706086177378893,0.1192042576149106,0.10640694387257099,0.1057140538468957,0.1052807904779911,0.10477636381983757,0.10450518131256104,0.10406551416963339,0.1033802879974246,0.10402179788798094,0.10308652278035879,0.10284379869699478,0.10218550637364388,0.00034492742270231247,0.0,0.0,0.0,0.0,0.0,0.0,0.0,0.0,0.0,0.0,0.0,0.0,0.0,0.0,0.0,0.0,3.7653293581679463
4,0.3027880731970072,0.11249574832618237,0.1124841496348381,0.11211459524929523,0.11198394745588303,0.11140592955052853,0.11202641017735004,0.11103492695838213,0.11039657890796661,0.11046267952769995,0.11005822569131851,0.10952471010386944,0.10919955931603909,0.10930598992854357,0.10866389609873295,0.10819341707974672,0.10810684319585562,0.10776112414896488,0.10738087631762028,0.10689626075327396,0.10643876623362303,0.10620522871613503,0.10598821565508842,0.1056621577590704,0.1053798571228981,0.10525927133858204,0.10494868643581867,0.10464209783822298,0.10408923495560884,0.10391091462224722,0.10393450036644936,0.10282511916011572,0.10236034728586674,0.00032907910645008087,0.0,0.0,0.0,0.0,0.0,0.0,0.0,0.0,0.0,0.0,0.0,0.0,0.0,0.0,0.0,0.0,3.754257418215275
5,0.3052274528890848,0.11242572125047445,0.11234149150550365,0.11211209278553724,0.11208867281675339,0.1116649555042386,0.11104341130703688,0.11104624904692173,0.11023579724133015,0.11028147861361504,0.1102200597524643,0.10978386271744967,0.10940592363476753,0.10911657940596342,0.10899666976183653,0.10869025997817516,0.10831563547253609,0.10809512436389923,0.10777036380022764,0.10719303507357836,0.11572029907256365,0.10638885386288166,0.10628669429570436,0.10592854861170053,0.10572569724172354,0.10549618769437075,0.10471687093377113,0.10428042337298393,0.10388135723769665,0.10357675794512033,0.0017074085772037506,0.0,0.0,0.0,0.0,0.0,0.0,0.0,0.0,0.0,0.0,0.0,0.0,0.0,0.0,0.0,0.0,0.0,0.0,0.0,3.459763935767114
6,0.29039867874234915,0.11240040976554155,0.11232900712639093,0.11219616141170263,0.11183968372642994,0.11150752566754818,0.11126700509339571,0.11319415643811226,0.1105566918849945,0.11090259905904531,0.11019851174205542,0.10956854186952114,0.10968133434653282,0.10965581703931093,0.10884515289217234,0.10840084217488766,0.1081230603158474,0.10801531746983528,0.1073573874309659,0.10754217859357595,0.1070754723623395,0.10670222714543343,0.10642815846949816,0.10619266051799059,0.10601082164794207,0.1055723400786519,0.10502150375396013,0.10420478042215109,0.10393533390015364,0.10350886173546314,0.10311838239431381,0.10326367523521185,0.10245816316455603,0.00047903601080179214,0.0,0.0,0.0,0.0,0.0,0.0,0.0,0.0,0.0,0.0,0.0,0.0,0.0,0.0,0.0,0.0,3.747951479628682
7,0.29139147605746984,0.11212045233696699,0.1122484840452671,0.11198913492262363,0.11191845871508121,0.11133682262152433,0.11098311003297567,0.11072775069624186,0.1107294699177146,0.11051105707883835,0.10983032360672951,0.10906390566378832,0.11004418041557074,0.10914416238665581,0.10875654686242342,0.10867344681173563,0.10811763256788254,0.10787060391157866,0.10759261529892683,0.1073167659342289,0.10692824050784111,0.10643754433840513,0.10611009038984776,0.10593456402420998,0.10536380857229233,0.10503585636615753,0.10438311193138361,0.10463500674813986,0.002519325353205204,0.0,0.0,0.0,0.0,0.0,0.0,0.0,0.0,0.0,0.0,0.0,0.0,0.0,0.0,0.0,0.0,0.0,0.0,0.0,0.0,0.0,3.2277139481157064
8,0.29261484928429127,0.11228444613516331,0.11241125408560038,0.11192869208753109,0.11167064402252436,0.11119963508099318,0.11092985607683659,0.11064934451133013,0.11035758070647717,0.10996164008975029,0.10962789971381426,0.10931273270398378,0.10933137778192759,0.10898018348962069,0.10887841042131186,0.10886577609926462,0.10859327297657728,0.10821322072297335,0.10770594328641891,0.10750897787511349,0.10726663377135992,0.1069283140823245,0.10664815828204155,0.10642142593860626,0.10564914159476757,0.10515026841312647,0.10474924463778734,0.10442031919956207,0.10396303236484528,0.10372497793287039,0.10334373451769352,0.10391888488084078,0.10284529253840446,0.1022117817774415,0.00032667722553014755,0.0,0.0,0.0,0.0,0.0,0.0,0.0,0.0,0.0,0.0,0.0,0.0,0.0,0.0,0.0,3.8485936243087053
9,0.2910303771495819,0.11233212240040302,0.11223677359521389,0.11181038152426481,0.11182018183171749,0.11144095752388239,0.11140662524849176,0.11088333837687969,0.11252732947468758,0.11022982001304626,0.11096869688481092,0.10996589716523886,0.10975987184792757,0.10932251624763012,0.10893519036471844,0.10856075584888458,0.10849491320550442,0.10810672957450151,0.10766190942376852,0.10742759238928556,0.10699409060180187,0.10655819065868855,0.10592136438935995,0.10548220667988062,0.10496391076594591,0.10443595517426729,0.1038708621636033,0.10372971836477518,0.10412901174277067,0.10264222044497728,0.10215297527611256,0.0003315340727567673,0.0,0.0,0.0,0.0,0.0,0.0,0.0,0.0,0.0,0.0,0.0,0.0,0.0,0.0,0.0,0.0,0.0,0.0,3.5361340204253793
10,0.290470527485013,0.11233128607273102,0.11219561286270618,0.11207793653011322,0.1116047240793705,0.11136498115956783,0.11139371246099472,0.11080040968954563,0.1104748323559761,0.11014231666922569,0.10988476127386093,0.10978990886360407,0.10936626046895981,0.1093283025547862,0.10877467133104801,0.10835298616439104,0.1078812014311552,0.10802755132317543,0.10764372535049915,0.10691631585359573,0.10655553080141544,0.10610554367303848,0.10557633452117443,0.10517762880772352,0.10468157287687063,0.10421941243112087,0.10395961254835129,0.10368282161653042,0.10392763651907444,0.10280815046280622,0.1025384059175849,0.00033847615122795105,0.0,0.0,0.0,0.0,0.0,0.0,0.0,0.0,0.0,0.0,0.0,0.0,0.0,0.0,0.0,0.0,0.0,0.0,3.528393150307238
11,0.30464882869273424,0.11247053276747465,0.11224089283496141,0.11231782287359238,0.11191368009895086,0.11152222659438848,0.11121316906064749,0.11109632067382336,0.11064308322966099,0.11034641694277525,0.10984947346150875,0.10916013363748789,0.10919185914099216,0.10973985306918621,0.10874248761683702,0.10836705006659031,0.10810704994946718,0.10781851038336754,0.10765128955245018,0.10720861703157425,0.10675097722560167,0.10607867781072855,0.10602830816060305,0.10552353411912918,0.10503903403878212,0.1045882310718298,0.1040677884593606,0.10364230908453465,0.10345770884305239,0.10268341563642025,0.10212898626923561,0.0,0.0,0.0,0.0,0.0,0.0,0.0,0.0,0.0,0.0,0.0,0.0,0.0,0.0,0.0,0.0,0.0,0.0,0.0,3.5442382683977485
12,0.30501422844827175,0.11252890154719353,0.1122925840318203,0.11203794274479151,0.11193499155342579,0.11156578734517097,0.1113729802891612,0.1112368693575263,0.11084479559212923,0.11018524970859289,0.11003345344215631,0.10967725049704313,0.10964986961334944,0.10990465711802244,0.10919897444546223,0.10892138909548521,0.10824267845600843,0.10799941420555115,0.10776419471949339,0.10726423654705286,0.10706242639571428,0.10686757601797581,0.10662226937711239,0.10634738579392433,0.10595194716006517,0.10578140709549189,0.10513216070830822,0.1048236396163702,0.10445328988134861,0.10432411823421717,0.10390524007380009,0.10355738271027803,0.1031709760427475,0.10284297727048397,0.0008954433724284172,0.0,0.0,0.0,0.0,0.0,0.0,0.0,0.0,0.0,0.0,0.0,0.0,0.0,0.0,0.0,3.869408688507974
13,0.30497221648693085,0.1125169238075614,0.11248889099806547,0.11236869730055332,0.11200021859258413,0.11155364941805601,0.11126061249524355,0.11105292290449142,0.11075242515653372,0.11051611602306366,0.11026349384337664,0.10998334921896458,0.10995133314281702,0.10920386388897896,0.10923839174211025,0.10884963348507881,0.10881636943668127,0.10845432430505753,0.10803908761590719,0.10758922807872295,0.1072252057492733,0.10678860265761614,0.10624077450484037,0.10604429058730602,0.10576877929270267,0.10541697591543198,0.10511207487434149,0.10437703412026167,0.10399499628692865,0.10384231433272362,0.0019273161888122559,0.0,0.0,0.0,0.0,0.0,0.0,0.0,0.0,0.0,0.0,0.0,0.0,0.0,0.0,0.0,0.0,0.0,0.0,0.0,3.456610112451017
14,0.30314148869365454,0.11251126322895288,0.11267864797264338,0.1121016489341855,0.11196322273463011,0.1114643719047308,0.11121127847582102,0.11083591729402542,0.11054491251707077,0.00832901056855917,0.10902085527777672,0.1101550692692399,0.10891602467745543,0.10927718784660101,0.10872866958379745,0.10831447411328554,0.1079511372372508,0.10769115388393402,0.10747106093913317,0.107252461835742,0.10694282781332731,0.10657088737934828,0.10624307859688997,0.10610796511173248,0.10554107464849949,0.1050131507217884,0.10464262869209051,0.10417098086327314,0.10371169820427895,0.10405296925455332,0.1026618154719472,0.10233852732926607,0.10829879064112902,0.00034088268876075745,0.0,0.0,0.0,0.0,0.0,0.0,0.0,0.0,0.0,0.0,0.0,0.0,0.0,0.0,0.0,0.0,3.6561971344053745
15,0.30486993584781885,0.11257555894553661,0.11247165594249964,0.11221111286431551,0.11192961037158966,0.11145025305449963,0.11122924275696278,0.11100572906434536,0.11050830408930779,0.11024115141481161,0.1098770285025239,0.10944481194019318,0.11003265902400017,0.10941681265830994,0.1089586615562439,0.10855484660714865,0.10810469090938568,0.10782525222748518,0.10766259953379631,0.10751236695796251,0.10724617727100849,0.10683785658329725,0.10640706866979599,0.10606128722429276,0.10587105806916952,0.10542511846870184,0.10495908744633198,0.10474330466240644,0.10441964026540518,0.10409312229603529,0.10402728524059057,0.10359568800777197,0.1033809594810009,0.10284197237342596,0.0009151734411716461,0.0,0.0,0.0,0.0,0.0,0.0,0.0,0.0,0.0,0.0,0.0,0.0,0.0,0.0,0.0,3.8667070837691426
16,0.29011985566467047,0.11234980076551437,0.11227142158895731,0.11200003791600466,0.11165447533130646,0.11156605090945959,0.1109988996759057,0.1108682882040739,0.11068128142505884,0.12258391454815865,0.11037339176982641,0.11021755915135145,0.10973322950303555,0.10940244887024164,0.10909385699778795,0.10886622779071331,0.10831815376877785,0.10800069384276867,0.10754747595638037,0.10737314634025097,0.10694607626646757,0.10648978780955076,0.10609708447009325,0.1055701645091176,0.10511655639857054,0.10488189477473497,0.10466112941503525,0.1041185948997736,0.10365553293377161,0.10347322002053261,0.10250199679285288,0.10232112742960453,0.0005058227106928825,0.0,0.0,0.0,0.0,0.0,0.0,0.0,0.0,0.0,0.0,0.0,0.0,0.0,0.0,0.0,0.0,0.0,3.650359198451042
17,0.291219693608582,0.112252127379179,0.1122690886259079,0.11206079367548227,0.11194405518472195,0.11172355432063341,0.11144694592803717,0.11134352814406157,0.11060058046132326,0.11029056087136269,0.11008281260728836,0.10995800700038671,0.1095874747261405,0.10953005030751228,0.10902608372271061,0.10877414047718048,0.10839372035115957,0.1081226971000433,0.10799936391413212,0.10760803986340761,0.10740992054343224,0.10696282144635916,0.10672672279179096,0.10648556798696518,0.10596183873713017,0.10583346150815487,0.10514941159635782,0.10503318067640066,0.1046302542090416,0.1043176082894206,0.002331775613129139,0.0,0.0,0.0,0.0,0.0,0.0,0.0,0.0,0.0,0.0,0.0,0.0,0.0,0.0,0.0,0.0,0.0,0.0,0.0,3.445075881667435
18,0.29033034667372704,0.11211723275482655,0.1121879369020462,0.11186527460813522,0.11168637778609991,0.11134503968060017,0.11099827662110329,0.11093613412231207,0.1105688251554966,0.11076716240495443,0.10967751406133175,0.11030489578843117,0.10994452051818371,0.10990391299128532,0.10917142312973738,0.108784313313663,0.10843679681420326,0.10790177248418331,0.10763609502464533,0.10736148152500391,0.10704096686095,0.1067438879981637,0.1066563231870532,0.10626253113150597,0.10590981226414442,0.10568646714091301,0.10530872456729412,0.10493077524006367,0.11733511462807655,0.10375110525637865,0.10377135500311852,0.10339761059731245,0.10235652606934309,0.0004747724160552025,0.0,0.0,0.0,0.0,0.0,0.0,0.0,0.0,0.0,0.0,0.0,0.0,0.0,0.0,0.0,0.0,3.761551304720342
19,0.2919352054595947,0.11221612989902496,0.1121679488569498,0.11197052802890539,0.11167538445442915,0.11135330982506275,0.11123238690197468,0.11111671756953001,0.1105674346908927,0.1098143607378006,0.1100651454180479,0.1098634172230959,0.10939096938818693,0.1095061069354415,0.10918476991355419,0.10875022318214178,0.1084180623292923,0.10811155196279287,0.10784854087978601,0.10770663432776928,0.10746955033391714,0.10702766105532646,0.10655838251113892,0.10601059067994356,0.10560712218284607,0.10523726232349873,0.003321605734527111,0.0,0.0,0.0,0.0,0.0,0.0,0.0,0.0,0.0,0.0,0.0,0.0,0.0,0.0,0.0,0.0,0.0,0.0,0.0,0.0,0.0,0.0,0.0,3.0241270028054714
20,0.2930235732346773,0.11228819843381643,0.11230707354843616,0.11199224274605513,0.11177705135196447,0.11158088408410549,0.11093198042362928,0.11075317673385143,0.11058813333511353,0.11015103291720152,0.10977467056363821,0.1096006277948618,0.1093722628429532,0.10930299013853073,0.10871522221714258,0.10841907653957605,0.10800724383443594,0.10753339622169733,0.10726026725023985,0.10693043749779463,0.10640668123960495,0.10586515534669161,0.10549884848296642,0.10521587077528238,0.10485680866986513,0.10463352035731077,0.10439678095281124,0.10378791764378548,0.10331908892840147,0.0013296129181981087,0.0,0.0,0.0,0.0,0.0,0.0,0.0,0.0,0.0,0.0,0.0,0.0,0.0,0.0,0.0,0.0,0.0,0.0,0.0,0.0,3.3256198270246387
21,0.30190076492726803,0.11259499005973339,0.11257343366742134,0.11232642456889153,0.1121131107211113,0.11168302781879902,0.11119874659925699,0.11113054025918245,0.11099269520491362,0.11039224080741405,0.11039006989449263,0.10987560544162989,0.10936430376023054,0.10971630644053221,0.10873644333332777,0.11089982371777296,0.10802967753261328,0.10718867275863886,0.10747517738491297,0.10745300352573395,0.10655553359538317,0.10631468519568443,0.10601905547082424,0.10553035978227854,0.10502690076828003,0.10455758776515722,0.10443615447729826,0.10414066724479198,0.10368211101740599,0.10426790826022625,0.10319229494780302,0.10260339453816414,0.10209504142403603,0.0003497973084449768,0.0,0.0,0.0,0.0,0.0,0.0,0.0,0.0,0.0,0.0,0.0,0.0,0.0,0.0,0.0,0.0,3.754806550219655
22,0.29797240160405636,0.11262652557343245,0.11235146876424551,0.11226098239421844,0.11188703868538141,0.11163167841732502,0.11136790458112955,0.111052799038589,0.11073283571749926,0.11024321243166924,0.11075584124773741,0.11033596284687519,0.10936401691287756,0.10965174995362759,0.10897246934473515,0.10842834692448378,0.10832187067717314,0.10767173394560814,0.10801870096474886,0.10993591230362654,0.11148812249302864,0.11016802117228508,0.11033841967582703,0.10959860030561686,0.1092842472717166,0.10761971585452557,0.10822163242846727,0.10677782539278269,0.10626282077282667,0.1062444569543004,0.10771463811397552,0.00026920344680547714,0.0,0.0,0.0,0.0,0.0,0.0,0.0,0.0,0.0,0.0,0.0,0.0,0.0,0.0,0.0,0.0,0.0,0.0,3.5875711562111974
23,0.3030684730038047,0.11275973077863455,0.11220283061265945,0.11214683670550585,0.11194231733679771,0.11163245141506195,0.11120477877557278,0.11124616395682096,0.11081592738628387,0.11041907593607903,0.11027827952057123,0.11015275306999683,0.10949498414993286,0.10929479729384184,0.10861464776098728,0.10840997099876404,0.10820155683904886,0.10822314396500587,0.10802208445966244,0.10778673086315393,0.107456817291677,0.10712612979114056,0.10685497056692839,0.10668321046978235,0.10618790425360203,0.10575257800519466,0.10562399681657553,0.10490443836897612,0.10471763089299202,0.0025491807609796524,0.0,0.0,0.0,0.0,0.0,0.0,0.0,0.0,0.0,0.0,0.0,0.0,0.0,0.0,0.0,0.0,0.0,0.0,0.0,0.0,3.3537743920460343
24,0.30481262132525444,0.11271323263645172,0.12393926084041595,0.11221331264823675,0.11185428127646446,0.11153648514300585,0.11138739343732595,0.11077327933162451,0.11036578565835953,0.008363701403141022,0.10917387157678604,0.11002452578395605,0.10932944621890783,0.10893397498875856,0.10920738335698843,0.10817328095436096,0.10824656672775745,0.10759130958467722,0.10733576118946075,0.10698849707841873,0.10653350874781609,0.1062533101066947,0.10591598507016897,0.10528536792844534,0.10489557683467865,0.10464406851679087,0.10415059514343739,0.10388610512018204,0.10368141438812017,0.10395094100385904,0.10287156328558922,0.10238730069249868,0.10209825541824102,0.00032726675271987915,0.0,0.0,0.0,0.0,0.0,0.0,0.0,0.0,0.0,0.0,0.0,0.0,0.0,0.0,0.0,0.0,3.6598452301695943
25,0.3033521147444844,0.11270133499056101,0.11242452263832092,0.11211521085351706,0.1118714576587081,0.11150523647665977,0.11136231198906898,0.1115189054980874,0.11098079942166805,0.11026302725076675,0.11028972081840038,0.11028348095715046,0.11044417880475521,0.11040832102298737,0.10935080144554377,0.10918394941836596,0.10870449058711529,0.10834591835737228,0.10748600866645575,0.1074667377397418,0.1070247320458293,0.10669290274381638,0.10667546838521957,0.10602998733520508,0.10589763708412647,0.10532560478895903,0.10504352115094662,0.10458025522530079,0.10401485580950975,0.10357390251010656,0.10316832363605499,0.10352074448019266,0.0005631493404507637,0.00030010659247636795,0.0,0.0,0.0,0.0,0.0,0.0,0.0,0.0,0.0,0.0,0.0,0.0,0.0,0.0,0.0,0.0,3.662469720467925
26,0.28340780455619097,0.11217305064201355,0.11238984111696482,0.11198372486978769,0.11167519446462393,0.11158168129622936,0.11140379961580038,0.11121703218668699,0.11073734611272812,0.11053831409662962,0.11017783544957638,0.10972653888165951,0.10957025829702616,0.11048584897071123,0.1094018155708909,0.10893403645604849,0.10836433991789818,0.10824605077505112,0.12065836694091558,0.10657042916864157,0.10693887621164322,0.10647290665656328,0.10603042226284742,0.10550753772258759,0.10532601363956928,0.10476504825055599,0.10425276774913073,0.10396903939545155,0.10415039770305157,0.10296436212956905,0.10230270866304636,0.0005379226058721542,0.0002601873129606247,0.0,0.0,0.0,0.0,0.0,0.0,0.0,0.0,0.0,0.0,0.0,0.0,0.0,0.0,0.0,0.0,0.0,3.5427214996889234
27,0.2923081200569868,0.11238452419638634,0.11217019893229008,0.11195841431617737,0.11180667951703072,0.11144278477877378,0.11112255975604057,0.11101286951452494,0.11048390250653028,0.11011366173624992,0.10972223151475191,0.10984919499605894,0.10942786931991577,0.10928531363606453,0.10889991838485003,0.10890624858438969,0.10845907405018806,0.10820502694696188,0.10952193755656481,0.10773001797497272,0.1076675234362483,0.10724827088415623,0.10698582604527473,0.10657058656215668,0.10645975451916456,0.1060165585950017,0.10552286542952061,0.1052657812833786,0.10493456479161978,0.10465552192181349,0.10461816843599081,0.0025058425962924957,0.0,0.0,0.0,0.0,0.0,0.0,0.0,0.0,0.0,0.0,0.0,0.0,0.0,0.0,0.0,0.0,0.0,0.0,3.553261812776327
28,0.291307520121336,0.11226825974881649,0.11222307849675417,0.11199990008026361,0.1116256844252348,0.11128108948469162,0.11130328755825758,0.11070115305483341,0.11058409977704287,0.11024126969277859,0.11009318009018898,0.10949811059981585,0.10940565448254347,0.10938866902142763,0.1083264909684658,0.10840014275163412,0.10788475535809994,0.10783846769481897,0.10709256026893854,0.10670862626284361,0.10671529732644558,0.10645999386906624,0.10604880470782518,0.10585754457861185,0.10560378804802895,0.10519423335790634,0.10494182165712118,0.10465336125344038,0.104392577894032,0.10390348453074694,0.10386795829981565,0.1027661357074976,0.10249612480401993,0.00032204296439886093,0.0,0.0,0.0,0.0,0.0,0.0,0.0,0.0,0.0,0.0,0.0,0.0,0.0,0.0,0.0,0.0,3.7413951689377427
29,0.2903765756636858,0.12487501837313175,0.11222958192229271,0.11194519326090813,0.11158099211752415,0.11120489425957203,0.11110961809754372,0.11061097122728825,0.11051201354712248,0.11019521299749613,0.1099678510800004,0.10951579827815294,0.10955793876200914,0.1088987160474062,0.10852742101997137,0.10836630407720804,0.10823495406657457,0.10794312134385109,0.1074976809322834,0.10710059199482203,0.10660949908196926,0.1063322639092803,0.10567431431263685,0.10549860540777445,0.10495463106781244,0.10475372802466154,0.1042709518224001,0.10388875473290682,0.10429033450782299,0.10263244155794382,0.1021349523216486,0.0003397129476070404,0.0,0.0,0.0,0.0,0.0,0.0,0.0,0.0,0.0,0.0,0.0,0.0,0.0,0.0,0.0,0.0,0.0,0.0,3.5416306387633085
30,0.2932285461574793,0.11244695913046598,0.11219236254692078,0.11200979817658663,0.11331962514668703,0.11565995216369629,0.11628089752048254,0.11437988001853228,0.11440915241837502,0.11422143504023552,0.11388496868312359,0.007772320881485939,0.13351850397884846,0.12569950986653566,0.10976717993617058,0.10830034408718348,0.10988620016723871,0.10807608719915152,0.10786710027605295,0.10992323141545057,0.10701000317931175,0.10743298102170229,0.10705760400742292,0.10594217665493488,0.10632250271737576,0.10615681670606136,0.10499931778758764,0.10545085091143847,0.10432650242000818,0.10479695443063974,0.10441397689282894,0.10341284796595573,0.0015023928135633469,0.0,0.0,0.0,0.0,0.0,0.0,0.0,0.0,0.0,0.0,0.0,0.0,0.0,0.0,0.0,0.0,0.0,3.621668982319534
31,0.30371515452861786,0.11261255480349064,0.11230652313679457,0.1121361292898655,0.1119307391345501,0.11124801728874445,0.11116131581366062,0.1107822572812438,0.11074300948530436,0.11050610896199942,0.10989221185445786,0.10964618343859911,0.10977588221430779,0.10942738596349955,0.10893085971474648,0.10891791060566902,0.10853169113397598,0.10839327983558178,0.10824909806251526,0.12016487400978804,0.10719117056578398,0.11978573445230722,0.10675447061657906,0.10639855079352856,0.10591988824307919,0.10556185338646173,0.10536286514252424,0.1049011591821909,0.10444061737507582,0.10411720816046,0.1042594350874424,0.10356593690812588,0.10267577413469553,0.10249003302305937,0.0007289126515388489,0.0004461631178855896,0.0,0.0,0.0,0.0,0.0,0.0,0.0,0.0,0.0,0.0,0.0,0.0,0.0,0.0,3.8936709593981504
32,0.3044371660798788,0.11257828213274479,0.11230067256838083,0.112109768204391,0.11195314209908247,0.11152740102261305,0.11101077403873205,0.11119040008634329,0.11068463418632746,0.11049878038465977,0.1100667156279087,0.1099436329677701,0.10947938822209835,0.11005003843456507,0.10954959690570831,0.10927978623658419,0.10891463421285152,0.1084081931039691,0.10807771235704422,0.1077283713966608,0.1073518618941307,0.10698865167796612,0.1067399075254798,0.10656131338328123,0.10619559790939093,0.10539557971060276,0.10548617597669363,0.10503425728529692,0.1046425448730588,0.10410137102007866,0.10371368564665318,0.0015146806836128235,0.0,0.0,0.0,0.0,0.0,0.0,0.0,0.0,0.0,0.0,0.0,0.0,0.0,0.0,0.0,0.0,0.0,0.0,3.5635147178545594
33,0.3052218612283468,0.112505286000669,0.11249691527336836,0.11208705324679613,0.11218532361090183,0.11151210125535727,0.11122510302811861,0.11104701645672321,0.11000170931220055,0.11027251277118921,0.10973570588976145,0.10955227073282003,0.11048376653343439,0.10892692487686872,0.1087502958253026,0.10851815063506365,0.10830735694617033,0.10857614036649466,0.10794564988464117,0.10758102685213089,0.10715859569609165,0.10668636858463287,0.10631993785500526,0.10576857812702656,0.105234544724226,0.10478222835808992,0.10419864486902952,0.10365000180900097,0.10313411988317966,0.10235931165516376,0.0003416799008846283,0.0,0.0,0.0,0.0,0.0,0.0,0.0,0.0,0.0,0.0,0.0,0.0,0.0,0.0,0.0,0.0,0.0,0.0,0.0,3.4465661821886897
34,0.30371588468551636,0.11260147113353014,0.12368260603398085,0.11215980164706707,0.11207688506692648,0.11146843899041414,0.11091056279838085,0.11091080028563738,0.11068048141896725,0.11028272286057472,0.12318775057792664,0.10981527715921402,0.10966624040156603,0.11041084211319685,0.10917746741324663,0.10880559775978327,0.10856072045862675,0.10806410852819681,0.1077678082510829,0.10729551408439875,0.1068589212372899,0.10676457453519106,0.10683451779186726,0.1062563955783844,0.10600061248987913,0.10566866677254438,0.10507626459002495,0.10437328554689884,0.10420806799083948,0.10365643538534641,0.10314769670367241,0.0007809726521372795,0.000453069806098938,0.0,0.0,0.0,0.0,0.0,0.0,0.0,0.0,0.0,0.0,0.0,0.0,0.0,0.0,0.0,0.0,0.0,3.5813204627484083
35,0.3029112247750163,0.11255145352333784,0.11256328411400318,0.11220833659172058,0.11190851125866175,0.11153455078601837,0.11114449612796307,0.11093888059258461,0.110581592656672,0.11050960328429937,0.10952351242303848,0.10952530987560749,0.10956296976655722,0.10979433264583349,0.10869226418435574,0.1087194625288248,0.108248146250844,0.1078730532899499,0.10728627815842628,0.10741325840353966,0.10698803141713142,0.10653863567858934,0.1062996331602335,0.10578297730535269,0.1053859880194068,0.10492878220975399,0.1046949839219451,0.10424014274030924,0.1034932853654027,0.10309955012053251,0.10280250757932663,0.10310217831283808,0.0003520967438817024,0.0,0.0,0.0,0.0,0.0,0.0,0.0,0.0,0.0,0.0,0.0,0.0,0.0,0.0,0.0,0.0,0.0,3.651199313811958
36,0.2922051725909114,0.11242031212896109,0.11223362199962139,0.11198366526514292,0.11186381429433823,0.11159367021173239,0.1111892806366086,0.11086540576070547,0.11073290929198265,0.11037460435181856,0.1101395171135664,0.1095441272482276,0.10924600064754486,0.10925835650414228,0.10853363387286663,0.10881949961185455,0.10822396539151669,0.10804170742630959,0.1074824733659625,0.10673966072499752,0.10686514712870121,0.10629286803305149,0.10576055850833654,0.10537361353635788,0.10473854467272758,0.10419423133134842,0.10368633829057217,0.10399301908910275,0.1028304947540164,0.10274199862033129,0.10207469202578068,0.0,0.0,0.0,0.0,0.0,0.0,0.0,0.0,0.0,0.0,0.0,0.0,0.0,0.0,0.0,0.0,0.0,0.0,0.0,3.5300429044291377
37,0.2905235355719924,0.11216532718390226,0.11215086001902819,0.11183196399360895,0.11176889203488827,0.11142275296151638,0.11119931470602751,0.11085003893822432,0.11036020237952471,0.11039431393146515,0.10990540403872728,0.10965368058532476,0.10950306057929993,0.10941696632653475,0.10880697704851627,0.10869326256215572,0.108238086104393,0.1077518155798316,0.10734160337597132,0.10701412428170443,0.1067056767642498,0.10624339710921049,0.11137103009968996,0.10905694402754307,0.10829243343323469,0.10753935482352972,0.1081298440694809,0.10769121628254652,0.10686659812927246,0.10640692804008722,0.10716422460973263,0.0008891001343727112,0.0,0.0,0.0,0.0,0.0,0.0,0.0,0.0,0.0,0.0,0.0,0.0,0.0,0.0,0.0,0.0,0.0,0.0,3.5653489297255874
38,0.29133858904242516,0.11219808273017406,0.11182619072496891,0.1119494503363967,0.11156158335506916,0.11125425063073635,0.1111722094938159,0.11083276569843292,0.11042754724621773,0.11051700543612242,0.11015179008245468,0.10971449036151171,0.1091762026771903,0.10939481668174267,0.1087997043505311,0.10818994417786598,0.10826562345027924,0.10777067113667727,0.1074638832360506,0.10686524026095867,0.10642462503165007,0.10595954768359661,0.10568039491772652,0.10523174796253443,0.10480313561856747,0.10434449091553688,0.10425735265016556,0.10395645163953304,0.10358231421560049,0.10310006327927113,0.10242512356489897,0.0003416556864976883,0.0,0.0,0.0,0.0,0.0,0.0,0.0,0.0,0.0,0.0,0.0,0.0,0.0,0.0,0.0,0.0,0.0,0.0,3.5289769442752004
39,0.29016589280217886,0.11204358469694853,0.11245222669094801,0.11181859206408262,0.12421416956931353,0.11172684840857983,0.11139858514070511,0.11120751313865185,0.11051465757191181,0.1103544207289815,0.10989187005907297,0.10964491404592991,0.10950497630983591,0.10981492325663567,0.10908044409006834,0.10890312027186155,0.10862588416785002,0.10825445409864187,0.10806756000965834,0.10782728251069784,0.10755061730742455,0.10727234836667776,0.10897781606763601,0.1066588219255209,0.10627209395170212,0.10613974556326866,0.10564069729298353,0.10522473137825727,0.10488827154040337,0.10440607089549303,0.10411788057535887,0.10388997197151184,0.10321942530572414,0.0011407434940338135,0.000880182720720768,0.0,0.0,0.0,0.0,0.0,0.0,0.0,0.0,0.0,0.0,0.0,0.0,0.0,0.0,0.0,3.7717913379892707
40,0.2884253868833184,0.11226734519004822,0.11230971664190292,0.11210671812295914,0.11181726586073637,0.1115200575441122,0.11111679300665855,0.11074060667306185,0.11067637335509062,0.11025226023048162,0.11008297000080347,0.1091639818623662,0.10911168809980154,0.10936237219721079,0.10883959103375673,0.10831207130104303,0.10814899858087301,0.10774128697812557,0.1073632538318634,0.10680873040109873,0.10645755659788847,0.1061808243393898,0.10574276652187109,0.10528869833797216,0.10469044465571642,0.10412012226879597,0.10395162552595139,0.10397639870643616,0.10259679332375526,0.10258643422275782,0.0003339732065796852,0.0,0.0,0.0,0.0,0.0,0.0,0.0,0.0,0.0,0.0,0.0,0.0,0.0,0.0,0.0,0.0,0.0,0.0,0.0,3.4220931055024266
41,0.3033291744068265,0.11260092351585627,0.11224660184234381,0.11211931053549051,0.11200650501996279,0.11159412749111652,0.11114123091101646,0.11091349925845861,0.11047837417572737,0.11046916246414185,0.109926613047719,0.10975395143032074,0.10960406251251698,0.10906765703111887,0.10905588697642088,0.10911325737833977,0.1081797992810607,0.10830100998282433,0.10771619528532028,0.10738243721425533,0.10708623379468918,0.11908252257853746,0.10612822789698839,0.10592477396130562,0.10534551925957203,0.10510606318712234,0.10461462195962667,0.10432098805904388,0.10393053200095892,0.10410873871296644,0.10262750275433064,0.10211649537086487,0.00035474635660648346,0.0,0.0,0.0,0.0,0.0,0.0,0.0,0.0,0.0,0.0,0.0,0.0,0.0,0.0,0.0,0.0,0.0,3.6657467456534505
42,0.30326818116009235,0.1126270079985261,0.11238156910985708,0.11216903384774923,0.11188303586095572,0.11158862803131342,0.11117535084486008,0.11132457386702299,0.11078440304845572,0.11041630525141954,0.11030264664441347,0.10991719830781221,0.10910120606422424,0.1093178540468216,0.10876154340803623,0.1084504434838891,0.10827845800668001,0.10781548358500004,0.1074407584965229,0.10730135347694159,0.10695212986320257,0.10645240172743797,0.1060647014528513,0.10547756589949131,0.10514213144779205,0.10463211499154568,0.10444364789873362,0.10419426951557398,0.10385346878319979,0.10357165616005659,0.10335183795541525,0.10342451650649309,0.10277250874787569,0.0007520532235503197,0.00045299995690584183,0.0,0.0,0.0,0.0,0.0,0.0,0.0,0.0,0.0,0.0,0.0,0.0,0.0,0.0,0.0,3.7558430386707187
43,0.30188226141035557,0.11261612176895142,0.11233421787619591,0.11209409590810537,0.11193582974374294,0.11150556337088346,0.11136933136731386,0.11081916466355324,0.11086981557309628,0.11038197297602892,0.11000281665474176,0.10969458986073732,0.10938106942921877,0.10907401703298092,0.10894352477043867,0.10839653760194778,0.1082626972347498,0.10792264807969332,0.10779628809541464,0.10749978478997946,0.10713072121143341,0.10675517376512289,0.10612963419407606,0.10591826774179935,0.10553224850445986,0.10511309560388327,0.10457717441022396,0.1040972638875246,0.10388819314539433,0.10355157125741243,0.1033191829919815,0.10407128185033798,0.10278517846018076,0.10249532200396061,0.0006835628300905228,0.0,0.0,0.0,0.0,0.0,0.0,0.0,0.0,0.0,0.0,0.0,0.0,0.0,0.0,0.0,3.858830220066011
44,0.3047047797590494,0.12486955523490906,0.11254777573049068,0.11220992077142,0.11198853701353073,0.1114578191190958,0.11100793164223433,0.11110925767570734,0.1105662640184164,0.11053950432687998,0.11013567354530096,0.10999837704002857,0.10970597714185715,0.10951447021216154,0.10898736491799355,0.10868002008646727,0.1081182099878788,0.10787472035735846,0.10754450783133507,0.10727743059396744,0.10710207372903824,0.1065381346270442,0.106214614585042,0.10583526827394962,0.10554830357432365,0.10515757277607918,0.10464097745716572,0.10426349472254515,0.10365384537726641,0.10312111303210258,0.10345165152102709,0.10280778631567955,0.00035413727164268494,0.0,0.0,0.0,0.0,0.0,0.0,0.0,0.0,0.0,0.0,0.0,0.0,0.0,0.0,0.0,0.0,0.0,3.6675270702689886
45,0.3011822309345007,0.11259951908141375,0.1124479491263628,0.11704219691455364,0.12488419655710459,0.11486584600061178,0.11416221410036087,0.11612715758383274,0.1127108046784997,0.11376465484499931,0.11377939488738775,0.13223076052963734,0.12889006175100803,0.10993818938732147,0.11012391187250614,0.10963326599448919,0.10834674723446369,0.10962113924324512,0.1076126229017973,0.1086956737563014,0.10786610003560781,0.10672229342162609,0.1065692137926817,0.10627843998372555,0.10657778661698103,0.10619839001446962,0.10668717697262764,0.10473540518432856,0.104158247821033,0.10600365418940783,0.10420350544154644,0.10294586885720491,0.1026514507830143,0.10243135876953602,0.10205752868205309,0.000264899805188179,0.0,0.0,0.0,0.0,0.0,0.0,0.0,0.0,0.0,0.0,0.0,0.0,0.0,0.0,4.055009857751429
46,0.2927098236978054,0.11227404605597258,0.11233753804117441,0.11194806452840567,0.11181973479688168,0.11144045647233725,0.11090529803186655,0.11075226496905088,0.1104532228782773,0.11002250015735626,0.10972591955214739,0.10964271612465382,0.11033143568783998,0.10939515754580498,0.12148253247141838,0.10834521055221558,0.10822172276675701,0.10805066581815481,0.1074994383379817,0.107108055613935,0.1066096369177103,0.10617625713348389,0.10573642421513796,0.10524360090494156,0.10474078729748726,0.10423161834478378,0.10366914141923189,0.10299200192093849,0.10260278545320034,0.00033474620431661606,0.0,0.0,0.0,0.0,0.0,0.0,0.0,0.0,0.0,0.0,0.0,0.0,0.0,0.0,0.0,0.0,0.0,0.0,0.0,0.0,3.3368028039112687
47,0.2905332753434777,0.11207284033298492,0.11251808144152164,0.11195876356214285,0.11176456045359373,0.11153418011963367,0.11118355672806501,0.11103922873735428,0.11056785192340612,0.11022330541163683,0.11028560157865286,0.11021680943667889,0.10980048216879368,0.10992871876806021,0.10926636774092913,0.10891691595315933,0.10838948655873537,0.1079065753147006,0.1076315464451909,0.10735040716826916,0.10709900967776775,0.1069011939689517,0.10655097756534815,0.10629274975508451,0.10604485776275396,0.10582167096436024,0.10527483560144901,0.10493937786668539,0.10461750067770481,0.10386885516345501,0.10342203918844461,0.10372132807970047,0.1022567693144083,0.0004855329170823097,0.0,0.0,0.0,0.0,0.0,0.0,0.0,0.0,0.0,0.0,0.0,0.0,0.0,0.0,0.0,0.0,3.750385253690183
48,0.2909442111849785,0.11242148373275995,0.11229358240962029,0.11216038558632135,0.1117286579683423,0.11165461502969265,0.11107201967388391,0.11078449618071318,0.11068285070359707,0.11031853593885899,0.10978990141302347,0.10963255912065506,0.10930146370083094,0.10948808677494526,0.10898784454911947,0.10880920570343733,0.10857887659221888,0.1081681726500392,0.10805696249008179,0.1077592670917511,0.10735137946903706,0.10718977730721235,0.10678534675389528,0.10647522937506437,0.10619658976793289,0.10569286625832319,0.10522421170026064,0.10495904833078384,0.10453110747039318,0.10432166792452335,0.10388870537281036,0.10360562242567539,0.1035576993599534,0.11601436231285334,0.0011104801669716835,0.0,0.0,0.0,0.0,0.0,0.0,0.0,0.0,0.0,0.0,0.0,0.0,0.0,0.0,0.0,3.869537272490561
49,0.29057109169662,0.11209966614842415,0.11243530176579952,0.11166786029934883,0.11171792633831501,0.11156587768346071,0.11114284209907055,0.11105622071772814,0.11051100306212902,0.11023672949522734,0.11015365645289421,0.10979342181235552,0.10935150552541018,0.10911657940596342,0.10860799718648195,0.10860241949558258,0.1085438672453165,0.10819629952311516,0.10823350958526134,0.10768458340317011,0.10740065667778254,0.10725613683462143,0.10652547795325518,0.10619622748345137,0.10594567377120256,0.105338248424232,0.10475675109773874,0.10436376836150885,0.10417946055531502,0.10381510481238365,0.10360835213214159,0.1032843692228198,0.1027767090126872,0.10249075945466757,0.0004927348345518112,0.0,0.0,0.0,0.0,0.0,0.0,0.0,0.0,0.0,0.0,0.0,0.0,0.0,0.0,0.0,3.8497187895700336
50,0.28870531264692545,0.11212808452546597,0.11220565624535084,0.11198683921247721,0.11177626997232437,0.11160418391227722,0.11103869322687387,0.110641916282475,0.11058691889047623,0.11010950244963169,0.1098129590973258,0.10968900099396706,0.1093166433274746,0.10897976253181696,0.10866062995046377,0.10873227287083864,0.10841941740363836,0.10774935316294432,0.10747808683663607,0.10735418647527695,0.10676977410912514,0.10642535798251629,0.10613169055432081,0.10575534775853157,0.10533046815544367,0.10510762128978968,0.10452859103679657,0.10407202504575253,0.10345587506890297,0.10323525127023458,0.10281883832067251,0.10299553163349628,0.0003209160640835762,0.0,0.0,0.0,0.0,0.0,0.0,0.0,0.0,0.0,0.0,0.0,0.0,0.0,0.0,0.0,0.0,0.0,3.6339229783043265

total time per move x,14.955251353792846,5.645459348335862,5.639669303782284,5.607930849306285,5.620297315530479,5.58233823440969,5.567786768078804,5.558832095935941,5.537445109337568,5.332160417921841,5.5210626451298594,5.408429604023695,5.52048334851861,5.489435773342848,5.460462750867009,5.435685228556395,5.417204608209431,5.401713732630014,5.398370853625238,5.385286858305335,5.364035020582378,5.373532139696181,5.326776588335633,5.3027760442346334,5.284010826610029,5.2629599794745445,5.14330271538347,5.120100048370659,5.011440183036029,4.675731877796352,4.145229742862284,2.794634631834924,2.0646685315296054,0.9425564203411341,0.2112950338050723,0.0013847798109054565,0,0,0,0,0,0,0,0,0,0,0,0,0,0,181.50974076334387
average time per move x,0.2991050270758569,0.11290918696671724,0.11279338607564568,0.11215861698612571,0.11240594631060957,0.1116467646881938,0.11135573536157609,0.11117664191871882,0.11074890218675136,0.10664320835843683,0.11042125290259719,0.1081685920804739,0.1104096669703722,0.10978871546685695,0.10920925501734019,0.10871370457112789,0.10834409216418862,0.10803427465260029,0.10796741707250476,0.10770573716610671,0.10728070041164756,0.10747064279392361,0.10653553176671267,0.10605552088469267,0.10568021653220057,0.10525919958949088,0.1028660543076694,0.1044918377218502,0.10227428944971488,0.097411080787424,0.09211621650805076,0.07354301662723485,0.07119546660446915,0.04488363906386353,0.019208639436824756,0.00046159327030181885,nan,nan,nan,nan,nan,nan,nan,nan,nan,nan,nan,nan,nan,nan,3.6301948152668775
std of time per move x,0.016364848719631498,0.0024738580737386218,0.002276639805629985,0.0007181957918614326,0.0025190606109574353,0.000760244110670727,0.0008472008755114642,0.0009360561363288498,0.0006877665924466138,0.02035427702247258,0.0020181607244104515,0.014835013122832408,0.004325684337193279,0.002326519456956987,0.0018004509049313056,0.0004359936252709743,0.0003169016901340045,0.00034952761658163295,0.0018707445890345403,0.0019038583668327855,0.0014148623867112932,0.003097684908585547,0.0010479623191742074,0.0007975287477735404,0.0008223231179353477,0.0007255565223081223,0.014392240751931278,0.0007716584679048294,0.014689785926507973,0.025066938650107347,0.03248068394744193,0.047094910009475625,0.048263598512065194,0.0526268037178712,0.04113403338112082,0.0002048448656129278,nan,nan,nan,nan,nan,nan,nan,nan,nan,nan,nan,nan,nan,nan,0.1999753366589764
err of average time,0.0023143391005486847,0.0003498563639267339,0.0003219654889760372,0.00010156822292897224,0.00035624896804558595,0.00010751475320248144,0.00011981229682026728,0.0001323783283138818,9.726488427851303e-05,0.002878529461747978,0.00028541102675099704,0.0020979876756292435,0.0006117441456203607,0.0003290195369153459,0.0002546222088140764,6.165880979664247e-05,4.481666681264652e-05,4.943066957936884e-05,0.00026456323695487287,0.0002692462323212416,0.00020009175761786775,0.00043807880096801414,0.00014820425246321261,0.00011278759714837722,0.00011629405060370988,0.00010260918741164039,0.0020353702064319964,0.0001102369239864042,0.002098540846643996,0.003618100944349828,0.004841934484144423,0.00763980322976251,0.008962325247339404,0.011484110077177534,0.012402377712648351,0.00011826723830373659,nan,nan,nan,nan,nan,nan,nan,nan,nan,nan,nan,nan,nan,nan,0.028280783324325
