Contains move time for player Edax5; opponent is DynamicBoard5
Colums refer to move number, rows to game number
game,1,2,3,4,5,6,7,8,9,10,11,12,13,14,15,16,17,18,19,20,21,22,23,24,25,26,27,28,29,30,31,32,33,34,35,36,37,38,39,40,41,42,43,44,45,46,47,48,49,50,total
1,0.40933792013674974,0.10661338828504086,0.10698188561946154,0.10710659716278315,0.12087489292025566,0.10863829776644707,0.1087487367913127,0.10835499223321676,0.10959341283887625,0.12103473022580147,0.12222370225936174,0.11016275361180305,0.14897770527750254,0.11191822960972786,0.10926997847855091,0.11944693140685558,0.11834220308810472,0.10493795480579138,0.10615760460495949,0.10687820799648762,0.11698039248585701,0.10604831669479609,0.10538834426552057,0.1164239626377821,0.10392506513744593,0.10581756755709648,0.10377582255750895,0.10291215870529413,0.10295786522328854,0.10347451642155647,0.10241707041859627,0.000551106408238411,0.00026152655482292175,0.0,0.0,0.0,0.0,0.0,0.0,0.0,0.0,0.0,0.0,0.0,0.0,0.0,0.0,0.0,0.0,0.0,3.736533840186894
2,0.10655538272112608,0.10650458745658398,0.10692989639937878,0.10706419963389635,0.10780569165945053,0.10818108450621367,0.1082464624196291,0.10845326818525791,0.1082487516105175,0.10710729844868183,0.10697375517338514,0.10625734645873308,0.10690226498991251,0.10630484204739332,0.10686835739761591,0.10551348514854908,0.10513380635529757,0.10950373765081167,0.10492028668522835,0.10505109559744596,0.1054100664332509,0.10525229945778847,0.10760795511305332,0.10648952145129442,0.10475186351686716,0.10424069408327341,0.10519986879080534,0.10633303970098495,0.10349655244499445,0.10338061582297087,0.10266721714287996,0.10224039107561111,0.0003218362107872963,0.0,0.0,0.0,0.0,0.0,0.0,0.0,0.0,0.0,0.0,0.0,0.0,0.0,0.0,0.0,0.0,0.0,3.39591752178967

total time per move x,0.5158933028578758,0.21311797574162483,0.2139117820188403,0.2141707967966795,0.2286805845797062,0.21681938227266073,0.2169951992109418,0.21680826041847467,0.21784216444939375,0.2281420286744833,0.2291974574327469,0.21642010007053614,0.25587997026741505,0.21822307165712118,0.21613833587616682,0.22496041655540466,0.2234760094434023,0.21444169245660305,0.21107789129018784,0.21192930359393358,0.22239045891910791,0.21130061615258455,0.2129962993785739,0.22291348408907652,0.2086769286543131,0.2100582616403699,0.20897569134831429,0.2092451984062791,0.20645441766828299,0.20685513224452734,0.20508428756147623,0.10279149748384953,0.000583362765610218,0,0,0,0,0,0,0,0,0,0,0,0,0,0,0,0,0,7.132451361976564
average time per move x,0.2579466514289379,0.10655898787081242,0.10695589100942016,0.10708539839833975,0.1143402922898531,0.10840969113633037,0.1084975996054709,0.10840413020923734,0.10892108222469687,0.11407101433724165,0.11459872871637344,0.10821005003526807,0.12793998513370752,0.10911153582856059,0.10806916793808341,0.11248020827770233,0.11173800472170115,0.10722084622830153,0.10553894564509392,0.10596465179696679,0.11119522945955396,0.10565030807629228,0.10649814968928695,0.11145674204453826,0.10433846432715654,0.10502913082018495,0.10448784567415714,0.10462259920313954,0.10322720883414149,0.10342756612226367,0.10254214378073812,0.05139574874192476,0.000291681382805109,nan,nan,nan,nan,nan,nan,nan,nan,nan,nan,nan,nan,nan,nan,nan,nan,nan,3.566225680988282
std of time per move x,0.21409958543145705,7.693380360057319e-05,3.676193006911934e-05,2.997958018140531e-05,0.009241320836207084,0.00032329859675944836,0.00035516161423368426,6.949159211586048e-05,0.0009508190729711017,0.009848181454114303,0.010783340997230084,0.0027615398812302267,0.029751829148764567,0.003969264410754975,0.0016982025521697058,0.009852434334546856,0.009339746898370182,0.0032284960111390575,0.0008749158915255215,0.0012919635673523738,0.008181456012337156,0.0005628691862294659,0.0015695018818856269,0.0070247107302643655,0.0005846347407628027,0.001115017926413481,0.0010069527482870408,0.0024189281496851695,0.00038090938740679265,6.639775001735766e-05,0.0001768804450326025,0.07190518276230845,4.264536670343695e-05,nan,nan,nan,nan,nan,nan,nan,nan,nan,nan,nan,nan,nan,nan,nan,nan,nan,0.24085210852147323
err of average time,0.15139126870781183,5.4400414228439324e-05,2.599461004137993e-05,2.1198764443397522e-05,0.006534600630402564,0.0002286066301167011,0.0002511371858417988,4.913797602057456e-05,0.0006723306141793727,0.006963715888559817,0.0076249735429882995,0.0019527035765349863,0.021037720143795013,0.0028066937811672688,0.0012008105404675007,0.006966723129153251,0.00660419836640358,0.002282891422510147,0.00061865895986557,0.0009135561995208262,0.005785163026303052,0.000398008618503809,0.0011098054237663744,0.0049672205932438365,0.000413399189710617,0.0007884367369115352,0.0007120231166481972,0.0017104404978454113,0.00026934361085295677,4.6950299292802804e-05,0.0001250733621418476,0.050844642333686345,3.015482798218727e-05,nan,nan,nan,nan,nan,nan,nan,nan,nan,nan,nan,nan,nan,nan,nan,nan,nan,0.17030815919861197
