Contains move time for player Edax5; opponent is Roxanne
Colums refer to move number, rows to game number
game,1,2,3,4,5,6,7,8,9,10,11,12,13,14,15,16,17,18,19,20,21,22,23,24,25,26,27,28,29,30,31,32,33,34,35,36,37,38,39,40,41,42,43,44,45,46,47,48,49,50,total
1,0.4142703041434288,0.11288492288440466,0.1130730276927352,0.11299511790275574,0.11404425464570522,0.11246989108622074,0.11392369028180838,0.11440873146057129,0.11411400232464075,0.11274897493422031,0.1131791565567255,0.112032201141119,0.11264329589903355,0.1123239379376173,0.11247455049306154,0.11169722117483616,0.11023242864757776,0.11002087779343128,0.10844880156219006,0.10967102739959955,0.10843332763761282,0.10765183437615633,0.10721753258258104,0.1063096784055233,0.10555455926805735,0.10483334213495255,0.10674667917191982,0.10445649269968271,0.10323180165141821,0.1027852464467287,0.102543736808002,0.0003315545618534088,0.0,0.0,0.0,0.0,0.0,0.0,0.0,0.0,0.0,0.0,0.0,0.0,0.0,0.0,0.0,0.0,0.0,0.0,3.707752201706171
2,0.3130209241062403,0.11251274310052395,0.11336665414273739,0.11417313385754824,0.11396036110818386,0.11448540166020393,0.11368892807513475,0.11587950494140387,0.11599916778504848,0.11366011667996645,0.11278191581368446,0.11260577477514744,0.11383743397891521,0.11492884159088135,0.11127025354653597,0.11151921562850475,0.11108801327645779,0.11133684404194355,0.11033100727945566,0.10949104465544224,0.10911374725401402,0.1080506993457675,0.10789927467703819,0.10645218752324581,0.10584923904389143,0.1055628340691328,0.10987618565559387,0.1075300956144929,0.10588442720472813,0.10457060672342777,0.10338502656668425,0.10254452656954527,0.10208391956984997,0.00026260968297719955,0.0,0.0,0.0,0.0,0.0,0.0,0.0,0.0,0.0,0.0,0.0,0.0,0.0,0.0,0.0,0.0,3.8390026595443487
3,0.31250718235969543,0.11270476877689362,0.11264104675501585,0.11303568165749311,0.11260103154927492,0.11572475358843803,0.11620460823178291,0.11888332664966583,0.11808065604418516,0.11715358775109053,0.11471847165375948,0.11671517509967089,0.11742272786796093,0.11708717979490757,0.1153542585670948,0.11451555136591196,0.11358899157494307,0.11126861535012722,0.10956287663429976,0.10914184432476759,0.10916247963905334,0.10767581034451723,0.10766566917300224,0.10705204121768475,0.10713761299848557,0.10609508957713842,0.11085206363350153,0.1058635376393795,0.10476475208997726,0.10347070824354887,0.10263596288859844,0.10257181338965893,0.10211763344705105,0.0003450736403465271,0.0,0.0,0.0,0.0,0.0,0.0,0.0,0.0,0.0,0.0,0.0,0.0,0.0,0.0,0.0,0.0,3.8663225835189223
4,0.3114114385098219,0.11258082836866379,0.11264495644718409,0.11406497750431299,0.11399605125188828,0.11464469786733389,0.1157001256942749,0.11515157110989094,0.11598781496286392,0.11518385633826256,0.1127483369782567,0.11228295974433422,0.11363407131284475,0.11329032201319933,0.11401945725083351,0.11463807057589293,0.11142933834344149,0.11039906088262796,0.11051102448254824,0.10871703736484051,0.10800117440521717,0.10726180206984282,0.10641978867352009,0.10621420852839947,0.10525613930076361,0.1085945051163435,0.10544927511364222,0.10380031261593103,0.10283110197633505,0.10256676189601421,0.00035960692912340164,0.0,0.0,0.0,0.0,0.0,0.0,0.0,0.0,0.0,0.0,0.0,0.0,0.0,0.0,0.0,0.0,0.0,0.0,0.0,3.5197906736284494
5,0.3125291792675853,0.11242061015218496,0.11301082372665405,0.11335221957415342,0.11425300780683756,0.11351372394710779,0.11375120840966702,0.11214752774685621,0.11306420341134071,0.11413396522402763,0.11528435442596674,0.11418931931257248,0.11575720645487309,0.11250713467597961,0.109835684299469,0.11273260973393917,0.11163557134568691,0.11013846471905708,0.11038484796881676,0.1083612022921443,0.10835178941488266,0.1073676086962223,0.10685425531119108,0.10673663672059774,0.10656549222767353,0.10559435468167067,0.10515162441879511,0.10809309501200914,0.10456960182636976,0.1040220819413662,0.1029018759727478,0.10264905635267496,0.10211395937949419,0.0003507900983095169,0.0,0.0,0.0,0.0,0.0,0.0,0.0,0.0,0.0,0.0,0.0,0.0,0.0,0.0,0.0,0.0,3.8243250865489244
6,0.2996674105525017,0.11238426715135574,0.11324507929384708,0.11235359590500593,0.11500399746000767,0.11536880210042,0.11707200016826391,0.11634689383208752,0.11764680128544569,0.11546660400927067,0.11421577073633671,0.11217715963721275,0.1127594718709588,0.11173226591199636,0.11059886869043112,0.11181022785604,0.11239478923380375,0.11122460570186377,0.10946848150342703,0.10791897121816874,0.10915740299969912,0.10751377046108246,0.10682750307023525,0.10630418360233307,0.10562930908054113,0.12241379357874393,0.10684024449437857,0.10446051973849535,0.10306780971586704,0.10234303772449493,0.00034630391746759415,0.0,0.0,0.0,0.0,0.0,0.0,0.0,0.0,0.0,0.0,0.0,0.0,0.0,0.0,0.0,0.0,0.0,0.0,0.0,3.5237599425017834
7,0.30022970493882895,0.11284712702035904,0.11333717405796051,0.11308746971189976,0.11355695314705372,0.11377479787915945,0.11426294688135386,0.11580176092684269,0.11576910689473152,0.11448172573000193,0.11225907225161791,0.1133365910500288,0.11180783528834581,0.10996943525969982,0.11114803608506918,0.11007106583565474,0.10877515003085136,0.10994405020028353,0.10965647175908089,0.10878224764019251,0.10765882954001427,0.10677085444331169,0.10598212946206331,0.10539270751178265,0.10471524205058813,0.10812136065214872,0.10419528651982546,0.10280494950711727,0.10238011181354523,0.0003441097214818001,0.0,0.0,0.0,0.0,0.0,0.0,0.0,0.0,0.0,0.0,0.0,0.0,0.0,0.0,0.0,0.0,0.0,0.0,0.0,0.0,3.3812643038108945
8,0.29950363002717495,0.11240304913371801,0.11317760404199362,0.11417241767048836,0.11402434390038252,0.11439691111445427,0.11653960030525923,0.11709387600421906,0.11540300957858562,0.11526007112115622,0.11560637131333351,0.1106534693390131,0.11208660155534744,0.11153714079409838,0.11032867804169655,0.11414206121116877,0.11293201986700296,0.10923915728926659,0.10848313756287098,0.10807468742132187,0.10799496248364449,0.10753338783979416,0.10696679819375277,0.10711463261395693,0.10612925328314304,0.10536304581910372,0.11031991522759199,0.10833564773201942,0.1062667379155755,0.10382475517690182,0.10281322244554758,0.10235553979873657,0.10244143288582563,0.0003403741866350174,0.0,0.0,0.0,0.0,0.0,0.0,0.0,0.0,0.0,0.0,0.0,0.0,0.0,0.0,0.0,0.0,3.8228575428947806
9,0.29829940013587475,0.11275058425962925,0.11240439489483833,0.11256134696304798,0.11305801011621952,0.11394060216844082,0.11615064460784197,0.1152582773938775,0.11372928414493799,0.1178532661870122,0.1130062723532319,0.11066478490829468,0.11112734954804182,0.11039960850030184,0.11025898531079292,0.11167114973068237,0.11059862561523914,0.10976437944918871,0.10859830491244793,0.10886380914598703,0.10803295485675335,0.10705525707453489,0.10597980115562677,0.10573777928948402,0.10529692936688662,0.104896598495543,0.10475023183971643,0.10591358505189419,0.10366038512438536,0.10304933227598667,0.10267074219882488,0.10210229270160198,0.00031572021543979645,0.0,0.0,0.0,0.0,0.0,0.0,0.0,0.0,0.0,0.0,0.0,0.0,0.0,0.0,0.0,0.0,0.0,3.6904206899926066
10,0.2794650262221694,0.11242574360221624,0.11271246708929539,0.11390473414212465,0.11256927344948053,0.11311295535415411,0.11578082852065563,0.1152632050216198,0.11192791908979416,0.1139152767136693,0.11361144483089447,0.11377542372792959,0.11002254579216242,0.10985730774700642,0.11212949734181166,0.10990249179303646,0.10990491695702076,0.1104920506477356,0.10914028529077768,0.12175652012228966,0.10803369246423244,0.10768607165664434,0.10664703510701656,0.10585897788405418,0.104741838760674,0.10830329824239016,0.10582667496055365,0.10356358531862497,0.10288379620760679,0.10280703008174896,0.10229007340967655,0.0003292495384812355,0.0,0.0,0.0,0.0,0.0,0.0,0.0,0.0,0.0,0.0,0.0,0.0,0.0,0.0,0.0,0.0,0.0,0.0,3.580641237087548
11,0.3130257185548544,0.11260925885289907,0.11359554715454578,0.11326611787080765,0.11423737835139036,0.11387190502136946,0.11358454823493958,0.11608246713876724,0.11491621658205986,0.11345852632075548,0.1131378710269928,0.11246190313249826,0.11277289036661386,0.11097403056919575,0.11110366974025965,0.11120706610381603,0.11105290427803993,0.11097606178373098,0.11043841764330864,0.10933934152126312,0.10897825751453638,0.10830229800194502,0.10760266426950693,0.10683889873325825,0.1062588905915618,0.10512045677751303,0.10957644786685705,0.10608355607837439,0.1042408961802721,0.10313125606626272,0.10237888526171446,0.10214973799884319,0.0003513060510158539,0.0,0.0,0.0,0.0,0.0,0.0,0.0,0.0,0.0,0.0,0.0,0.0,0.0,0.0,0.0,0.0,0.0,3.723125391639769
12,0.31152655463665724,0.11267784517258406,0.11328440066426992,0.11313575506210327,0.11418905481696129,0.11312712077051401,0.11237538699060678,0.11081300023943186,0.11306893546134233,0.11367984861135483,0.11331669799983501,0.11206561233848333,0.1118541294708848,0.11169462371617556,0.11265964526683092,0.11134305968880653,0.11028350796550512,0.10939621087163687,0.10950607527047396,0.10865835752338171,0.10761988256126642,0.10733981896191835,0.1066473862156272,0.10610177554190159,0.10579438135027885,0.10536513291299343,0.10495065338909626,0.10838266089558601,0.10653086844831705,0.10372720193117857,0.1032306281849742,0.1025060024112463,0.000703384168446064,0.0,0.0,0.0,0.0,0.0,0.0,0.0,0.0,0.0,0.0,0.0,0.0,0.0,0.0,0.0,0.0,0.0,3.7075555995106697
13,0.31115334387868643,0.11283041909337044,0.11307964101433754,0.11268419399857521,0.11296081263571978,0.11482142563909292,0.11365915928035975,0.1149931512773037,0.11493582278490067,0.11663029063493013,0.1146774897351861,0.11352275870740414,0.13017675932496786,0.11203799210488796,0.11813319753855467,0.1160533083602786,0.11664445698261261,0.11647587455809116,0.11519275326281786,0.11235728301107883,0.11325217317789793,0.11123604327440262,0.11125348508358002,0.11043340153992176,0.10855566058307886,0.11180301755666733,0.1081490395590663,0.10733219236135483,0.106305499561131,0.10646794829517603,0.10340402647852898,0.0003419024869799614,0.0,0.0,0.0,0.0,0.0,0.0,0.0,0.0,0.0,0.0,0.0,0.0,0.0,0.0,0.0,0.0,0.0,0.0,3.701554523780942
14,0.3136961692944169,0.11279070470482111,0.11307449266314507,0.113218754529953,0.11304374970495701,0.11377233173698187,0.11456027440726757,0.11164736095815897,0.11486310046166182,0.11588286142796278,0.12541371304541826,0.11055213399231434,0.11208951100707054,0.10980196762830019,0.11469816695898771,0.11351440753787756,0.11161436792463064,0.11010549310594797,0.11010127514600754,0.10967473778873682,0.10871694423258305,0.10803767573088408,0.10711786989122629,0.1067400872707367,0.10606184415519238,0.105713059194386,0.10511393751949072,0.10758410207927227,0.10574019141495228,0.1041761813685298,0.10316803306341171,0.10263491980731487,0.10210575629025698,0.00026395637542009354,0.0,0.0,0.0,0.0,0.0,0.0,0.0,0.0,0.0,0.0,0.0,0.0,0.0,0.0,0.0,0.0,3.837290132418275
15,0.31096460670232773,0.11265206057578325,0.11334298644214869,0.11324425134807825,0.11438314523547888,0.11484827101230621,0.115696981549263,0.11542959697544575,0.11274672765284777,0.11103600263595581,0.11126538086682558,0.11142121441662312,0.11352147907018661,0.11199411749839783,0.11149689368903637,0.11209912598133087,0.11020712275058031,0.10965536907315254,0.10861734207719564,0.10826770681887865,0.10823518969118595,0.10777831170707941,0.10737393610179424,0.10649128165096045,0.10583027917891741,0.10516866948455572,0.10493350494652987,0.10458467900753021,0.10730879474431276,0.10516399331390858,0.1039845459163189,0.10282893385738134,0.10239775106310844,0.10210948530584574,0.00035460013896226883,0.0,0.0,0.0,0.0,0.0,0.0,0.0,0.0,0.0,0.0,0.0,0.0,0.0,0.0,0.0,3.917434338480234
16,0.30044308491051197,0.11261358764022589,0.11224457155913115,0.11287791840732098,0.1129078259691596,0.11303658690303564,0.11278017796576023,0.1114276573061943,0.1109877685084939,0.11207727715373039,0.11191294342279434,0.11146934889256954,0.11118957493454218,0.11151424422860146,0.11144537851214409,0.10958557575941086,0.10947951767593622,0.10898887552320957,0.10914971958845854,0.1090964749455452,0.10775280930101871,0.10704316571354866,0.10650314763188362,0.1060763318091631,0.10569883603602648,0.10523735173046589,0.10502347908914089,0.10437963344156742,0.10395678598433733,0.10343221202492714,0.10306396428495646,0.1030317796394229,0.1024833619594574,0.0007267594337463379,0.0004568295553326607,0.0,0.0,0.0,0.0,0.0,0.0,0.0,0.0,0.0,0.0,0.0,0.0,0.0,0.0,0.0,3.780094557441771
17,0.2982005085796118,0.11255382373929024,0.11267688684165478,0.11339798755943775,0.11302589159458876,0.1126526789739728,0.11631142999976873,0.11509625799953938,0.11408979073166847,0.11317758727818727,0.1160295270383358,0.11406911350786686,0.11345767136663198,0.11168182082474232,0.11200656648725271,0.11162461340427399,0.11197683308273554,0.11127976328134537,0.11027355771511793,0.10907995328307152,0.10801598988473415,0.107510837726295,0.10702791903167963,0.10633985605090857,0.10548499599099159,0.10853542573750019,0.10462854243814945,0.10320408549159765,0.10280004236847162,0.1026085140183568,0.10211761482059956,0.0003464026376605034,0.0,0.0,0.0,0.0,0.0,0.0,0.0,0.0,0.0,0.0,0.0,0.0,0.0,0.0,0.0,0.0,0.0,0.0,3.6012824894860387
18,0.29755791276693344,0.11243163235485554,0.11333133652806282,0.11432807799428701,0.113869933411479,0.11486953776329756,0.11571972258388996,0.11442839540541172,0.11222357023507357,0.11275028809905052,0.11362126469612122,0.11315518151968718,0.1139619555324316,0.11336576007306576,0.11386525630950928,0.11070583295077085,0.10953919496387243,0.10969944577664137,0.10987052507698536,0.1097699822857976,0.10929828137159348,0.1081339456140995,0.10740705765783787,0.10695956461131573,0.10642864648252726,0.10571784246712923,0.1086755944415927,0.10454214550554752,0.10346497502177954,0.1028083199635148,0.10236068442463875,0.10210520587861538,0.00033770687878131866,0.0,0.0,0.0,0.0,0.0,0.0,0.0,0.0,0.0,0.0,0.0,0.0,0.0,0.0,0.0,0.0,0.0,3.707304776646197
19,0.2983631743118167,0.1119117746129632,0.11341750808060169,0.11426497995853424,0.11382663529366255,0.1142942737787962,0.11484258435666561,0.11559959221631289,0.11236755084246397,0.11324707791209221,0.11341408919543028,0.11186731792986393,0.11159374937415123,0.11080364789813757,0.1107667675241828,0.10982556454837322,0.10913439374417067,0.10872883256524801,0.10814341530203819,0.10774031095206738,0.10657859779894352,0.10645122919231653,0.10593774262815714,0.10567108169198036,0.10469615645706654,0.10707259736955166,0.10411024745553732,0.10325523186475039,0.10276886261999607,0.10207631625235081,0.0002713734284043312,0.0,0.0,0.0,0.0,0.0,0.0,0.0,0.0,0.0,0.0,0.0,0.0,0.0,0.0,0.0,0.0,0.0,0.0,0.0,3.473042677156627
20,0.30002657137811184,0.11235558241605759,0.11301953066140413,0.11286777537316084,0.1125941090285778,0.11198960710316896,0.1118353707715869,0.11120590567588806,0.11169730126857758,0.11149120889604092,0.11107209790498018,0.1100742518901825,0.11170009523630142,0.11178890895098448,0.11138029769062996,0.11153753753751516,0.11123201809823513,0.10971227567642927,0.10930442251265049,0.10833988152444363,0.10776192788034678,0.10749176796525717,0.10740704461932182,0.10635144170373678,0.105072190053761,0.10444535221904516,0.10714204516261816,0.10390074551105499,0.10292364284396172,0.10231160279363394,0.0005204128101468086,0.000252770259976387,0.0,0.0,0.0,0.0,0.0,0.0,0.0,0.0,0.0,0.0,0.0,0.0,0.0,0.0,0.0,0.0,0.0,0.0,3.4708056934177876
21,0.31069186236709356,0.11276999767869711,0.11279535945504904,0.11405048426240683,0.11378425918519497,0.1140301525592804,0.11510042566806078,0.11562828253954649,0.11429847404360771,0.11428105551749468,0.11286338232457638,0.11192130018025637,0.11330648977309465,0.11252112500369549,0.12583184149116278,0.11219016835093498,0.111424645408988,0.11121828015893698,0.11011301819235086,0.10938869789242744,0.10781491547822952,0.10788953024893999,0.10683821700513363,0.10638032853603363,0.1055425712838769,0.1090757716447115,0.10686633549630642,0.1171225244179368,0.10312643647193909,0.10261925496160984,0.10219503287225962,0.0003350973129272461,0.0,0.0,0.0,0.0,0.0,0.0,0.0,0.0,0.0,0.0,0.0,0.0,0.0,0.0,0.0,0.0,0.0,0.0,3.6440153177827597
22,0.31371026393026114,0.11272911354899406,0.11270222999155521,0.11341560073196888,0.11494176927953959,0.11594690103083849,0.11431002151221037,0.11504113860428333,0.11705511528998613,0.11854331661015749,0.1172632584348321,0.11554609332233667,0.11370401922613382,0.1112808482721448,0.11145918071269989,0.1139896921813488,0.11257676035165787,0.11124862171709538,0.10948982927948236,0.10861122235655785,0.10832943860441446,0.10808508191257715,0.10804970096796751,0.10648013651371002,0.10569161921739578,0.11005057021975517,0.10528016928583384,0.1042385920882225,0.10330975148826838,0.10259641241282225,0.10210229922086,0.0,0.0,0.0,0.0,0.0,0.0,0.0,0.0,0.0,0.0,0.0,0.0,0.0,0.0,0.0,0.0,0.0,0.0,0.0,3.6377787683159113
23,0.31075822561979294,0.1128415772691369,0.11326873954385519,0.11308701429516077,0.11292546056210995,0.11392269097268581,0.11402573343366385,0.11334223859012127,0.11360415071249008,0.11349620018154383,0.11335316859185696,0.11291874386370182,0.11608757264912128,0.11467241402715445,0.11326772347092628,0.11254144087433815,0.11093425564467907,0.1108888192102313,0.1085617272183299,0.10800264216959476,0.10771051794290543,0.107154774479568,0.10642540268599987,0.10597057826817036,0.10539090540260077,0.10527048911899328,0.11149472743272781,0.10656784847378731,0.10596128832548857,0.10344523563981056,0.10315138846635818,0.1026106458157301,0.10222295299172401,0.0002677999436855316,0.0,0.0,0.0,0.0,0.0,0.0,0.0,0.0,0.0,0.0,0.0,0.0,0.0,0.0,0.0,0.0,3.8261450938880444
24,0.3133391849696636,0.11266489140689373,0.11328385956585407,0.11337414477020502,0.11313116643577814,0.11315735150128603,0.11429143697023392,0.11428144481033087,0.11285157036036253,0.11288335081189871,0.11394655890762806,0.11600950732827187,0.1159496447071433,0.11468388792127371,0.11159022711217403,0.11020220164209604,0.110114018432796,0.10951581411063671,0.10973730497062206,0.10878813173621893,0.10975545458495617,0.10840174928307533,0.10743497777730227,0.10742885246872902,0.10621876828372478,0.1058615380898118,0.10530652571469545,0.10513680800795555,0.10827837139368057,0.10478862281888723,0.10401993617415428,0.10313855949789286,0.10257322527468204,0.00034496281296014786,0.0,0.0,0.0,0.0,0.0,0.0,0.0,0.0,0.0,0.0,0.0,0.0,0.0,0.0,0.0,0.0,3.832484050653875
25,0.3107776716351509,0.11256743501871824,0.11332467757165432,0.11300075799226761,0.11307779420167208,0.11455788090825081,0.11663152277469635,0.11332784593105316,0.11542218085378408,0.11474179476499557,0.11513874866068363,0.11517532914876938,0.11593737360090017,0.11562607530504465,0.1152455909177661,0.11167766712605953,0.12376430351287127,0.10996343847364187,0.10999896191060543,0.10899620782583952,0.10868448857218027,0.10775567311793566,0.10697784833610058,0.10582336597144604,0.10538741201162338,0.10943161509931087,0.10708198882639408,0.10363395139575005,0.1027001952752471,0.10236632917076349,0.00033450033515691757,0.0,0.0,0.0,0.0,0.0,0.0,0.0,0.0,0.0,0.0,0.0,0.0,0.0,0.0,0.0,0.0,0.0,0.0,0.0,3.539130626246333
26,0.29894754849374294,0.11248719319701195,0.11322892270982265,0.11421533767133951,0.11453599110245705,0.11548205651342869,0.11553354933857918,0.11738456971943378,0.11569195799529552,0.11291432846337557,0.11704385280609131,0.11792402621358633,0.11436628364026546,0.11254479177296162,0.11355223506689072,0.11242796201258898,0.11135109141469002,0.1105100205168128,0.10927955433726311,0.10876126773655415,0.1080541918054223,0.10739696025848389,0.1061407495290041,0.10556432884186506,0.10519986599683762,0.10752355586737394,0.10527331568300724,0.10388750955462456,0.1030993526801467,0.10256373882293701,0.10207941196858883,0.000338173471391201,0.0,0.0,0.0,0.0,0.0,0.0,0.0,0.0,0.0,0.0,0.0,0.0,0.0,0.0,0.0,0.0,0.0,0.0,3.615303695201874
27,0.29894063994288445,0.1124608488753438,0.11269842833280563,0.11308632418513298,0.11319946963340044,0.11359088029712439,0.11370701529085636,0.11646655108779669,0.11496092099696398,0.11270331498235464,0.11283573415130377,0.11508350167423487,0.11239171400666237,0.11235131788998842,0.11105439998209476,0.11067471653223038,0.10970913153141737,0.10911920107901096,0.10911212861537933,0.10847904160618782,0.10827930178493261,0.10758356563746929,0.10690771602094173,0.10685624927282333,0.10613084863871336,0.10546122305095196,0.10490871593356133,0.10467128176242113,0.10479051899164915,0.10370898619294167,0.10337396524846554,0.10292193666100502,0.10262712184339762,0.0007362496107816696,0.000464852899312973,0.0,0.0,0.0,0.0,0.0,0.0,0.0,0.0,0.0,0.0,0.0,0.0,0.0,0.0,0.0,3.802047814242542
28,0.29838916938751936,0.11256587784737349,0.11286974418908358,0.11356629151850939,0.11304803844541311,0.112794972024858,0.11424714792519808,0.11450973525643349,0.11439990345388651,0.11584366485476494,0.12211172375828028,0.11737108323723078,0.1503985831514001,0.1115236422047019,0.11412511859089136,0.11173298116773367,0.11035575903952122,0.110788787715137,0.10934112500399351,0.12320774048566818,0.1074984148144722,0.10915653966367245,0.10670529585331678,0.10773148015141487,0.10510404966771603,0.10784790851175785,0.10412435978651047,0.10302541125565767,0.10262266732752323,0.10319471079856157,0.0003302069380879402,0.0,0.0,0.0,0.0,0.0,0.0,0.0,0.0,0.0,0.0,0.0,0.0,0.0,0.0,0.0,0.0,0.0,0.0,0.0,3.560532134026289
29,0.30061189644038677,0.11239331588149071,0.11292341351509094,0.11369464732706547,0.11405833344906569,0.11573499906808138,0.11902506649494171,0.12172071356326342,0.11731573659926653,0.12935601454228163,0.11282447632402182,0.11246757209300995,0.11213906202465296,0.1112412242218852,0.11108328402042389,0.11196928191930056,0.11066553741693497,0.1097674984484911,0.10916599445044994,0.10866735689342022,0.10773609671741724,0.10656028985977173,0.10590245295315981,0.1053618649020791,0.1052533145993948,0.10709836799651384,0.10441530589014292,0.10282711405307055,0.1028423486277461,0.10236014518886805,0.0005269534885883331,0.0002514999359846115,0.0,0.0,0.0,0.0,0.0,0.0,0.0,0.0,0.0,0.0,0.0,0.0,0.0,0.0,0.0,0.0,0.0,0.0,3.517961178906262
30,0.29931121226400137,0.11246170848608017,0.11283816397190094,0.11284849420189857,0.11271255929023027,0.11176101863384247,0.11176547594368458,0.11098677758127451,0.1116737425327301,0.11160583142191172,0.11104327440261841,0.11030460335314274,0.11165852099657059,0.1116785416379571,0.1116168349981308,0.11147948075085878,0.11075940541923046,0.10959534253925085,0.10901512671262026,0.10850069019943476,0.10779765900224447,0.1074605192989111,0.10695579554885626,0.10662751458585262,0.10573635715991259,0.1049520019441843,0.10811004880815744,0.10421763267368078,0.10328191984444857,0.10284150950610638,0.10249762330204248,0.0005314899608492851,0.00024820398539304733,0.0,0.0,0.0,0.0,0.0,0.0,0.0,0.0,0.0,0.0,0.0,0.0,0.0,0.0,0.0,0.0,0.0,3.5748750809580088
31,0.3114633411169052,0.11283410619944334,0.11261342000216246,0.11353710573166609,0.1154104471206665,0.11532050464302301,0.11404779087752104,0.11460977513343096,0.11884295754134655,0.11477735172957182,0.11357227806001902,0.11357642989605665,0.11367101594805717,0.11323694419115782,0.11200043745338917,0.1135644344612956,0.11296793725341558,0.11287690047174692,0.11113150883466005,0.1106094354763627,0.10885563213378191,0.10803672205656767,0.10760952718555927,0.10678569879382849,0.10566876921802759,0.1050362279638648,0.10743738897144794,0.10424019582569599,0.10312849283218384,0.10290257632732391,0.10221321042627096,0.00036244001239538193,0.0,0.0,0.0,0.0,0.0,0.0,0.0,0.0,0.0,0.0,0.0,0.0,0.0,0.0,0.0,0.0,0.0,0.0,3.6329410038888454
32,0.3123770197853446,0.11267751175910234,0.11259918101131916,0.1139637902379036,0.1140141123905778,0.11510092113167048,0.11632442474365234,0.1169590437784791,0.11585751455277205,0.11453858762979507,0.11373104341328144,0.11465289443731308,0.1153819365426898,0.11287689488381147,0.11094536818563938,0.11247226502746344,0.11329459957778454,0.1105772415176034,0.10894992016255856,0.10915123671293259,0.10873951856046915,0.10859361849725246,0.10873653460294008,0.10724805202335119,0.10650787968188524,0.10578720644116402,0.10517549235373735,0.1077532647177577,0.10555010195821524,0.10352701880037785,0.10301258880645037,0.10247345548123121,0.0003361431881785393,0.0,0.0,0.0,0.0,0.0,0.0,0.0,0.0,0.0,0.0,0.0,0.0,0.0,0.0,0.0,0.0,0.0,3.7398863825947046
33,0.31260030902922153,0.11264305841177702,0.1127976393327117,0.1255090469494462,0.11279844399541616,0.11366538237780333,0.11438086722046137,0.11280109081417322,0.11289354972541332,0.11295289918780327,0.11171794962137938,0.11163872666656971,0.11328324023634195,0.11074768472462893,0.11007911805063486,0.1108721885830164,0.11083573382347822,0.10916212387382984,0.10936649329960346,0.10871897544711828,0.10766228195279837,0.10703452862799168,0.10634329915046692,0.10538985673338175,0.10509135946631432,0.10457862634211779,0.10760879795998335,0.1046598358079791,0.10351596493273973,0.1028989227488637,0.10240997932851315,0.1021824860945344,0.00033306702971458435,0.0,0.0,0.0,0.0,0.0,0.0,0.0,0.0,0.0,0.0,0.0,0.0,0.0,0.0,0.0,0.0,0.0,3.709173527546227
34,0.3116042520850897,0.11267231311649084,0.11346648819744587,0.11392375081777573,0.1131384838372469,0.11388124339282513,0.11319444794207811,0.11431434098631144,0.11667175963521004,0.11464583780616522,0.11391693167388439,0.11376350279897451,0.11546498257666826,0.11314092483371496,0.11265208851546049,0.11269390303641558,0.11096587311476469,0.10985600017011166,0.10870799142867327,0.10874725505709648,0.10860287863761187,0.10768579505383968,0.10713413916528225,0.10685584135353565,0.10610482655465603,0.10554420948028564,0.10526668932288885,0.10478124860674143,0.10745454858988523,0.10506956558674574,0.10357527900487185,0.1026564622297883,0.1025856975466013,0.10212401673197746,0.0003324272111058235,0.0,0.0,0.0,0.0,0.0,0.0,0.0,0.0,0.0,0.0,0.0,0.0,0.0,0.0,0.0,3.9331959960982203
35,0.3124932777136564,0.11430006567388773,0.11343136057257652,0.11301817372441292,0.1140432208776474,0.11356652155518532,0.11317428201436996,0.11225364170968533,0.11445957701653242,0.1161238495260477,0.1156256403774023,0.11321433540433645,0.11234138160943985,0.11206353735178709,0.11096604261547327,0.11180666089057922,0.11191152315586805,0.11139287799596786,0.1119594257324934,0.10825718566775322,0.10992788430303335,0.10809876769781113,0.10727134440094233,0.10681471601128578,0.10623761173337698,0.1133276941254735,0.10594546794891357,0.10387886222451925,0.10862730164080858,0.10606925003230572,0.10605984646826982,0.0003475872799754143,0.0,0.0,0.0,0.0,0.0,0.0,0.0,0.0,0.0,0.0,0.0,0.0,0.0,0.0,0.0,0.0,0.0,0.0,3.639008915051818
36,0.3027698555961251,0.11238154955208302,0.11246701050549746,0.1135194730013609,0.11335938889533281,0.11359955556690693,0.11263341270387173,0.11422806419432163,0.11789548210799694,0.11610982473939657,0.11691292654722929,0.11493507958948612,0.11510093975812197,0.11416648048907518,0.11203839164227247,0.1127028726041317,0.1132283778861165,0.11045420542359352,0.10973265115171671,0.10958797857165337,0.10802978277206421,0.10743047948926687,0.10687306523323059,0.1057354025542736,0.10554211959242821,0.10929218772798777,0.10825005266815424,0.10823594406247139,0.10741464328020811,0.10773465968668461,0.10567127168178558,0.00032586418092250824,0.0,0.0,0.0,0.0,0.0,0.0,0.0,0.0,0.0,0.0,0.0,0.0,0.0,0.0,0.0,0.0,0.0,0.0,3.6383589934557676
37,0.30269754119217396,0.11244609672576189,0.11333396844565868,0.11406528856605291,0.11441842094063759,0.1162989055737853,0.11403753515332937,0.11673335451632738,0.11226227506995201,0.1111812936142087,0.1109034726396203,0.11133006867021322,0.11298771109431982,0.11212554108351469,0.11731419712305069,0.11099881492555141,0.1096492251381278,0.10889594256877899,0.1083415150642395,0.1078268364071846,0.10714740213006735,0.10722907166928053,0.10689631849527359,0.10635900124907494,0.10602807998657227,0.10558573435992002,0.10498612187802792,0.10465447884052992,0.10436380561441183,0.10676179174333811,0.10416906233876944,0.10274249874055386,0.10256035253405571,0.0007300795987248421,0.00045108702033758163,0.0,0.0,0.0,0.0,0.0,0.0,0.0,0.0,0.0,0.0,0.0,0.0,0.0,0.0,0.0,3.8085128907114267
38,0.30156517680734396,0.11250967346131802,0.11306673660874367,0.1125892223790288,0.11351603828370571,0.11375741753727198,0.11314905527979136,0.11466470640152693,0.115762984380126,0.11441492289304733,0.11671566404402256,0.11379034258425236,0.11470246966928244,0.11198956798762083,0.11184236872941256,0.11224396154284477,0.11068219784647226,0.11119605787098408,0.10899359825998545,0.10896116495132446,0.10803132131695747,0.10741223394870758,0.10585376247763634,0.10593035165220499,0.1051467889919877,0.10706392489373684,0.10440133605152369,0.10349444951862097,0.10256971046328545,0.10227628238499165,0.0005411626771092415,0.00024897605180740356,0.0,0.0,0.0,0.0,0.0,0.0,0.0,0.0,0.0,0.0,0.0,0.0,0.0,0.0,0.0,0.0,0.0,0.0,3.499083627946675
39,0.29948448948562145,0.1128334142267704,0.11228621937334538,0.11325741093605757,0.12614212837070227,0.11486388370394707,0.11391576658934355,0.11410401947796345,0.11665958724915981,0.11589784827083349,0.11630368046462536,0.11505204532295465,0.11468987818807364,0.11028813757002354,0.1106888446956873,0.10919052362442017,0.10974514856934547,0.10919943358749151,0.10838736593723297,0.10848899465054274,0.10797171387821436,0.10771282576024532,0.10711726266890764,0.10680311173200607,0.1063413517549634,0.10584214236587286,0.105426418595016,0.1050811754539609,0.10452147852629423,0.10411817952990532,0.10396513622254133,0.10367080755531788,0.001509503461420536,0.0,0.0,0.0,0.0,0.0,0.0,0.0,0.0,0.0,0.0,0.0,0.0,0.0,0.0,0.0,0.0,0.0,3.7215599277988076
40,0.28093817364424467,0.11278966628015041,0.11233062669634819,0.11265727039426565,0.11272638849914074,0.11276872642338276,0.11239670123904943,0.11213836446404457,0.11281054839491844,0.11344201769679785,0.11614891141653061,0.11451669968664646,0.11408671457320452,0.11322689801454544,0.11273702699691057,0.11235373746603727,0.11138908192515373,0.10956797562539577,0.12304493226110935,0.10849729087203741,0.10760238487273455,0.10691863857209682,0.10587531235069036,0.10494686756283045,0.10449603293091059,0.10644057486206293,0.10409113299101591,0.10327785275876522,0.10267713572829962,0.10234097205102444,0.0003425935283303261,0.0,0.0,0.0,0.0,0.0,0.0,0.0,0.0,0.0,0.0,0.0,0.0,0.0,0.0,0.0,0.0,0.0,0.0,0.0,3.479577250778675
41,0.31144637055695057,0.11257534753531218,0.11334567703306675,0.11313328985124826,0.11303552705794573,0.11400356143712997,0.1165929976850748,0.11462795734405518,0.11442492064088583,0.11547031812369823,0.1150495195761323,0.11336130928248167,0.11427068896591663,0.11137502640485764,0.11247522756457329,0.11077767889946699,0.11064808163791895,0.10923451837152243,0.10881627537310123,0.10815277509391308,0.10810835845768452,0.10772615857422352,0.10727368760854006,0.10659885685890913,0.10625994019210339,0.10537394229322672,0.10512211453169584,0.10486104805022478,0.10719091258943081,0.10540852881968021,0.10453333053737879,0.10283486731350422,0.10240165889263153,0.0003468301147222519,0.0,0.0,0.0,0.0,0.0,0.0,0.0,0.0,0.0,0.0,0.0,0.0,0.0,0.0,0.0,0.0,3.8268573032692075
42,0.3127310127019882,0.11273537948727608,0.1133076548576355,0.11315282434225082,0.11316817626357079,0.11400634236633778,0.11419185809791088,0.1131304195150733,0.11392042133957148,0.1127036539837718,0.11296280287206173,0.11290279682725668,0.11531296744942665,0.11259555723518133,0.11186098214238882,0.110712805762887,0.11099606193602085,0.1106019876897335,0.11005528923124075,0.10962732322514057,0.10914395656436682,0.1091271499171853,0.10750113427639008,0.10699622146785259,0.10584216751158237,0.10514633636921644,0.10706130135804415,0.10442974884063005,0.10327663272619247,0.11082606110721827,0.00071755051612854,0.0,0.0,0.0,0.0,0.0,0.0,0.0,0.0,0.0,0.0,0.0,0.0,0.0,0.0,0.0,0.0,0.0,0.0,0.0,3.5207445779815316
43,0.3111388050019741,0.11271223332732916,0.11324049904942513,0.1132056126371026,0.11338821239769459,0.11319125164300203,0.11325373128056526,0.11651362758129835,0.11458567716181278,0.11445036344230175,0.11490052100270987,0.11342912074178457,0.13809841684997082,0.1218133931979537,0.11564434133470058,0.11839002184569836,0.11424677073955536,0.11353359371423721,0.11453200690448284,0.11178499180823565,0.11171745788305998,0.12160792388021946,0.11028613988310099,0.10949356947094202,0.10765455383807421,0.10830909851938486,0.10994714871048927,0.10624066926538944,0.1049374295398593,0.10423875879496336,0.10455461777746677,0.00034961290657520294,0.0,0.0,0.0,0.0,0.0,0.0,0.0,0.0,0.0,0.0,0.0,0.0,0.0,0.0,0.0,0.0,0.0,0.0,3.7113901721313596
44,0.3146985527127981,0.11287973821163177,0.11302613001316786,0.11291165091097355,0.11315326765179634,0.11387450620532036,0.11310467310249805,0.11226150300353765,0.1146257659420371,0.11287397053092718,0.11268177162855864,0.11226450093090534,0.11452331580221653,0.11293278727680445,0.1167631009593606,0.11317590065300465,0.11421575210988522,0.110940707847476,0.11103267502039671,0.11012180801481009,0.10921731870621443,0.10733624175190926,0.10717286635190248,0.10575305763632059,0.10537275485694408,0.10904844477772713,0.10542644560337067,0.1036062017083168,0.1031744061037898,0.10274758189916611,0.10260745603591204,0.0003402195870876312,0.0,0.0,0.0,0.0,0.0,0.0,0.0,0.0,0.0,0.0,0.0,0.0,0.0,0.0,0.0,0.0,0.0,0.0,3.6238650735467672
45,0.2977354573085904,0.11264345981180668,0.11311466805636883,0.11320091225206852,0.11376902367919683,0.1136380061507225,0.1134777357801795,0.11660864017903805,0.1152682239189744,0.11337171494960785,0.11423626076430082,0.11448750738054514,0.1140189878642559,0.11270038783550262,0.11008320841938257,0.10995471756905317,0.11061803810298443,0.11026867385953665,0.10961376968771219,0.10936695709824562,0.10858936421573162,0.10798495076596737,0.10749606136232615,0.10703665483742952,0.10612611193209887,0.10573550499975681,0.10489572212100029,0.10640664212405682,0.10395872872322798,0.10289909318089485,0.10278905369341373,0.102150016464293,0.00029148999601602554,0.0,0.0,0.0,0.0,0.0,0.0,0.0,0.0,0.0,0.0,0.0,0.0,0.0,0.0,0.0,0.0,0.0,3.7045357450842857
46,0.2990448083728552,0.11252677347511053,0.11387088987976313,0.11368664912879467,0.11449592467397451,0.11520485393702984,0.11413019057363272,0.11491953115910292,0.11428755428642035,0.11312100104987621,0.11125974357128143,0.11057095602154732,0.11090637650340796,0.11034264508634806,0.11060999520123005,0.11039440799504519,0.10930772963911295,0.11001873202621937,0.10836053173989058,0.10788220446556807,0.10733938775956631,0.10715476423501968,0.10674965474754572,0.10647689923644066,0.10557770915329456,0.10486597288399935,0.10470106638967991,0.10419992171227932,0.10390460956841707,0.001903715543448925,0.0,0.0,0.0,0.0,0.0,0.0,0.0,0.0,0.0,0.0,0.0,0.0,0.0,0.0,0.0,0.0,0.0,0.0,0.0,0.0,3.3778152000159025
47,0.2985910950228572,0.11228792555630207,0.11320103984326124,0.11309903021901846,0.11506190802901983,0.1152860876172781,0.11848365422338247,0.11711801122874022,0.11649222858250141,0.11555816698819399,0.1151674622669816,0.11571834795176983,0.11642678454518318,0.1148547101765871,0.11542480532079935,0.11225645523518324,0.1098525607958436,0.10921290144324303,0.1086878553032875,0.10807373933494091,0.10770417097955942,0.10674103815108538,0.10589159559458494,0.10541386622935534,0.10472412500530481,0.10646047908812761,0.10355060547590256,0.10311403591185808,0.10274751577526331,0.10244441963732243,0.0006906399503350258,0.0,0.0,0.0,0.0,0.0,0.0,0.0,0.0,0.0,0.0,0.0,0.0,0.0,0.0,0.0,0.0,0.0,0.0,0.0,3.5103372614830732
48,0.28387231193482876,0.1126603176817298,0.1132229883223772,0.11342208925634623,0.11511876247823238,0.1157044256106019,0.11545632593333721,0.11521933414041996,0.11493648216128349,0.11654968746006489,0.1142195388674736,0.11207337491214275,0.11502946447581053,0.11292030103504658,0.1104760067537427,0.11129059456288815,0.11105716414749622,0.10873204749077559,0.10843360517174006,0.10805819742381573,0.10774171724915504,0.10755453258752823,0.10689497832208872,0.10668324492871761,0.10618584789335728,0.1055182283744216,0.1049102135002613,0.10454896651208401,0.10560208559036255,0.10431046597659588,0.10385723877698183,0.10277064330875874,0.10247473604977131,0.000678790733218193,0.0,0.0,0.0,0.0,0.0,0.0,0.0,0.0,0.0,0.0,0.0,0.0,0.0,0.0,0.0,0.0,3.798184709623456
49,0.3001140709966421,0.11234808061271906,0.11336104851216078,0.11418081726878881,0.11456484161317348,0.11388279683887959,0.11600548774003983,0.11662373971194029,0.11704892758280039,0.11298897676169872,0.11545324046164751,0.11518941633403301,0.11542070843279362,0.1111014075577259,0.11125566530972719,0.11061623971909285,0.11053581442683935,0.1098480997607112,0.10959953628480434,0.1089194044470787,0.10853415634483099,0.10740016587078571,0.1070201313123107,0.10649494454264641,0.10608437843620777,0.10576778184622526,0.10511552169919014,0.10737660527229309,0.10390494577586651,0.1030893623828888,0.10284824669361115,0.10243343655019999,0.1020900346338749,0.00032629258930683136,0.0,0.0,0.0,0.0,0.0,0.0,0.0,0.0,0.0,0.0,0.0,0.0,0.0,0.0,0.0,0.0,3.817544324323535
50,0.2814941443502903,0.1126928934827447,0.11279175244271755,0.11311308573931456,0.11374159716069698,0.1136106625199318,0.11318591237068176,0.11226568091660738,0.11182919051498175,0.1113171000033617,0.11635545082390308,0.11473639495670795,0.11646232195198536,0.11375857703387737,0.11186956148594618,0.10910990834236145,0.10890259873121977,0.11081135831773281,0.10920881573110819,0.10866754408925772,0.10770095232874155,0.10784014500677586,0.10674480255693197,0.10583207197487354,0.10498298145830631,0.10596531350165606,0.10451776720583439,0.10345250461250544,0.10307569894939661,0.10278229881078005,0.10216904617846012,0.0002633044496178627,0.0,0.0,0.0,0.0,0.0,0.0,0.0,0.0,0.0,0.0,0.0,0.0,0.0,0.0,0.0,0.0,0.0,0.0,3.571251437999308

total time per move x,15.310199585743248,5.631432897411287,5.651488667353988,5.68047209829092,5.6965849762782454,5.70492073521018,5.728214463219047,5.737742204219103,5.732428130693734,5.722146672196686,5.717531230300665,5.665017305873334,5.761535922065377,5.625671559944749,5.631527324207127,5.5946594420820475,5.570449341088533,5.517843511886895,5.495953275822103,5.474006718955934,5.420178534463048,5.397962626069784,5.353817814961076,5.32504974026233,5.2883885987102985,5.347219800576568,5.309009971097112,5.261693178676069,5.2171900840476155,4.980521666817367,3.821785348467529,2.3653617687523365,1.5397061193361878,0.20995407085865736,0.0020597968250513077,0,0,0,0,0,0,0,0,0,0,0,0,0,0,0,183.48972518276423
average time per move x,0.30620399171486495,0.11262865794822574,0.11302977334707975,0.1136094419658184,0.11393169952556491,0.11409841470420361,0.11456428926438093,0.11475484408438205,0.11464856261387467,0.11444293344393372,0.11435062460601329,0.11330034611746669,0.11523071844130754,0.11251343119889498,0.11263054648414254,0.11189318884164096,0.11140898682177067,0.1103568702377379,0.10991906551644207,0.10948013437911869,0.10840357068926096,0.10795925252139568,0.10707635629922152,0.1065009948052466,0.10576777197420598,0.10694439601153136,0.10618019942194223,0.10523386357352138,0.10434380168095231,0.09961043333634734,0.07962052809307352,0.06065030176288042,0.06415442163900782,0.013996938057243825,0.00041195936501026154,nan,nan,nan,nan,nan,nan,nan,nan,nan,nan,nan,nan,nan,nan,nan,3.6697945036552846
std of time per move x,0.01806730384972356,0.00030558305982518843,0.0003647595629265316,0.0017897901713804978,0.0019131446084590892,0.0010411436412327724,0.001600267452086956,0.0021301104291083757,0.0018875220159053257,0.002755705345523128,0.0025894011326335095,0.0018564363144421608,0.00675089106866658,0.0020328978691480266,0.0027386055259578613,0.0017244675133647942,0.0023523845327798323,0.001321886378640428,0.0023202166252120214,0.002829963623843755,0.0010862162661936234,0.0021086558439020577,0.0009796357732560707,0.0009339970505879884,0.0007454961098441114,0.0029428968074194286,0.0019832395687419233,0.002364444252754165,0.0016951488774359913,0.020373292462608644,0.043631133545442,0.05096825099459747,0.05037425923131696,0.03577701353933485,6.316145517544292e-05,nan,nan,nan,nan,nan,nan,nan,nan,nan,nan,nan,nan,nan,nan,nan,0.13952144523762477
err of average time,0.002555102613979469,4.3215970763625036e-05,5.158479208959834e-05,0.0002531145534168366,0.0002705595052063809,0.00014723994578098943,0.00022631199341656102,0.0003012431058197439,0.00026693592341711165,0.00038971558735428435,0.00036619662001945624,0.00026253974135660274,0.0009547201707411675,0.0002874951737468505,0.00038729730767995106,0.00024387653452722985,0.00033267741101739354,0.00018694296445895497,0.0003281281819018373,0.000400217293786235,0.0001536141775321286,0.0002982089692823574,0.00013854141967245892,0.0001320871296158003,0.00010542907092379248,0.0004161884577717038,0.00028047242955497957,0.00033438291297200587,0.00023973025327115062,0.0028812186510814696,0.006297611674377363,0.008161451934439188,0.010282602607284313,0.00923758517432541,2.8246661466019254e-05,nan,nan,nan,nan,nan,nan,nan,nan,nan,nan,nan,nan,nan,nan,nan,0.019731312009694402
