Contains move time for player Edax1; opponent is MCTSMaxIter5
Colums refer to move number, rows to game number
game,1,2,3,4,5,6,7,8,9,10,11,12,13,14,15,16,17,18,19,20,21,22,23,24,25,26,27,28,29,30,31,32,33,34,35,36,37,38,39,40,41,42,43,44,45,46,47,48,49,50,total
1,0.4090126836672425,0.11889245267957449,0.1190924122929573,0.1183722959831357,0.11932656168937683,0.11851778626441956,0.1178773045539856,0.11845305189490318,0.1179489977657795,0.11785668972879648,0.11804207414388657,0.1169398557394743,0.11725843325257301,0.10585953947156668,0.1086422000080347,0.10831669624894857,0.11139546521008015,0.11612425744533539,0.10739327128976583,0.11582135129719973,0.1174047514796257,0.11585704330354929,0.10526320524513721,0.11514817271381617,0.11503387335687876,0.10241519380360842,0.10223311837762594,0.10299496166408062,0.10268113203346729,0.10154624562710524,0.00027162954211235046,0.0,0.0,0.0,0.0,0.0,0.0,0.0,0.0,0.0,0.0,0.0,0.0,0.0,0.0,0.0,0.0,0.0,0.0,0.0,3.681992707774043
2,0.11921865958720446,0.11925560422241688,0.11843118071556091,0.11818286869674921,0.11855004820972681,0.11838387232273817,0.11793165747076273,0.11843816842883825,0.11624896340072155,0.10539163555949926,0.10513388365507126,0.11744521744549274,0.11759126279503107,0.1167583130300045,0.11712051089853048,0.10449624247848988,0.1083047492429614,0.10782581195235252,0.10733951535075903,0.1070472514256835,0.1067726630717516,0.10635132621973753,0.10606425628066063,0.10576665587723255,0.10550874937325716,0.10529227275401354,0.10510778054594994,0.10476860590279102,0.10461582336574793,0.10436098277568817,0.10386915225535631,0.1036754073575139,0.10322302766144276,0.10295855067670345,0.10271604638546705,0.0008865278214216232,0.0,0.0,0.0,0.0,0.0,0.0,0.0,0.0,0.0,0.0,0.0,0.0,0.0,0.0,3.85103324521333

total time per move x,0.528231343254447,0.23814805690199137,0.23752359300851822,0.2365551646798849,0.23787660989910364,0.23690165858715773,0.23580896202474833,0.23689122032374144,0.23419796116650105,0.22324832528829575,0.22317595779895782,0.23438507318496704,0.23484969604760408,0.22261785250157118,0.2257627109065652,0.21281293872743845,0.21970021445304155,0.2239500693976879,0.21473278664052486,0.22286860272288322,0.2241774145513773,0.22220836952328682,0.21132746152579784,0.22091482859104872,0.22054262273013592,0.20770746655762196,0.20734089892357588,0.20776356756687164,0.20729695539921522,0.2059072284027934,0.10414078179746866,0.1036754073575139,0.10322302766144276,0.10295855067670345,0.10271604638546705,0.0008865278214216232,0,0,0,0,0,0,0,0,0,0,0,0,0,0,7.533025952987373
average time per move x,0.2641156716272235,0.11907402845099568,0.11876179650425911,0.11827758233994246,0.11893830494955182,0.11845082929357886,0.11790448101237416,0.11844561016187072,0.11709898058325052,0.11162416264414787,0.11158797889947891,0.11719253659248352,0.11742484802380204,0.11130892625078559,0.1128813554532826,0.10640646936371922,0.10985010722652078,0.11197503469884396,0.10736639332026243,0.11143430136144161,0.11208870727568865,0.11110418476164341,0.10566373076289892,0.11045741429552436,0.11027131136506796,0.10385373327881098,0.10367044946178794,0.10388178378343582,0.10364847769960761,0.1029536142013967,0.05207039089873433,0.1036754073575139,0.10322302766144276,0.10295855067670345,0.10271604638546705,0.0008865278214216232,nan,nan,nan,nan,nan,nan,nan,nan,nan,nan,nan,nan,nan,nan,3.7665129764936864
std of time per move x,0.20491531957433257,0.0002567869185422097,0.0004675613323116668,0.00013394531874565317,0.0005490779471432918,9.469145625832721e-05,3.843331603037948e-05,1.0524199782071836e-05,0.0012021058277826397,0.00881412433096771,0.009127469027489,0.000357344689277647,0.0002353460264513083,0.007706596689788025,0.00599507112367732,0.0027014687683010593,0.0021854662190711996,0.0058678870813951255,3.8011189000762556e-05,0.00620422551795714,0.007518021811382665,0.006721557010004109,0.0005664286192951125,0.006633734172964041,0.006735279760461453,0.0020344020358405357,0.0020326931128423205,0.0012541558686045779,0.0013680333605584738,0.00199031972502068,0.07325451082466218,nan,nan,nan,nan,nan,nan,nan,nan,nan,nan,nan,nan,nan,nan,nan,nan,nan,nan,nan,0.1195297103187381
err of average time,0.14489701204001904,0.00018157577142119405,0.0003306157886981964,9.471364319324493e-05,0.0003882567398250103,6.69569708406925e-05,2.717645838856697e-05,7.44173303246498e-06,0.0008500171825289725,0.006232527084648608,0.006454095244407654,0.00025268085300922394,0.00016641477122902867,0.005449386779218912,0.0042391554452478886,0.0019102268852293491,0.00154535798355937,0.004149222746491431,2.687796950340271e-05,0.004387049935758113,0.005316044203937053,0.00475285854190588,0.0004005255177617073,0.004690758418291807,0.004762561991810799,0.0014385394752025604,0.0014373310841619968,0.0008868221193552016,0.0009673456661403179,0.0014073685742914674,0.051798761356621974,nan,nan,nan,nan,nan,nan,nan,nan,nan,nan,nan,nan,nan,nan,nan,nan,nan,nan,nan,0.08452026871964335
