Contains move time for player AlphaBeta3; opponent is Edax5
Colums refer to move number, rows to game number
game,1,2,3,4,5,6,7,8,9,10,11,12,13,14,15,16,17,18,19,20,21,22,23,24,25,26,27,28,29,30,31,32,33,34,35,36,37,38,39,40,41,42,43,44,45,46,47,48,49,50,total
1,0.19816394429653883,0.2943731704726815,0.44549399707466364,0.6790157491341233,0.2140750912949443,0.32170646637678146,0.24211549572646618,0.508718497119844,0.7493923250585794,0.16661994438618422,0.20611942186951637,0.3510047122836113,0.1896950639784336,0.2807014323771,0.17451396584510803,0.11764343362301588,0.005789979360997677,0.17862974479794502,0.11007833108305931,0.2188130607828498,0.13726678304374218,0.0037761926651000977,0.07322278339415789,0.0030376501381397247,0.0026125553995370865,0.0021334532648324966,0.0019228458404541016,0.03629997372627258,0.001414639875292778,0.0009943563491106033,0.0004877876490354538,0.0,0.0,0.0,0.0,0.0,0.0,0.0,0.0,0.0,0.0,0.0,0.0,0.0,0.0,0.0,0.0,0.0,0.0,0.0,5.915832848288119
2,0.17228985391557217,0.26984219159930944,0.44932270515710115,0.3914444614201784,0.6110702846199274,0.44572526309639215,0.32997968047857285,0.2163257310166955,0.3140698606148362,0.18342498876154423,0.1894242139533162,0.3080063285306096,0.3793644569814205,0.1819192124530673,0.23658711276948452,0.27183976490050554,0.6631516311317682,0.31220380030572414,0.1260066395625472,0.19323088321834803,0.1446273773908615,0.08191784378141165,0.11181397922337055,0.0828831410035491,0.10001530963927507,0.07130851689726114,0.00204287376254797,0.0016023032367229462,0.0011322591453790665,0.00099163968116045,0.0004474027082324028,0.0,0.0,0.0,0.0,0.0,0.0,0.0,0.0,0.0,0.0,0.0,0.0,0.0,0.0,0.0,0.0,0.0,0.0,0.0,6.844011710956693

total time per move x,0.370453798212111,0.564215362071991,0.8948167022317648,1.0704602105543017,0.8251453759148717,0.7674317294731736,0.572095176205039,0.7250442281365395,1.0634621856734157,0.35004493314772844,0.3955436358228326,0.6590110408142209,0.5690595209598541,0.4626206448301673,0.41110107861459255,0.3894831985235214,0.6689416104927659,0.49083354510366917,0.23608497064560652,0.4120439440011978,0.2818941604346037,0.08569403644651175,0.18503676261752844,0.08592079114168882,0.10262786503881216,0.07344197016209364,0.003965719603002071,0.03790227696299553,0.0025468990206718445,0.0019859960302710533,0.0009351903572678566,0,0,0,0,0,0,0,0,0,0,0,0,0,0,0,0,0,0,0,12.759844559244812
average time per move x,0.1852268991060555,0.2821076810359955,0.4474083511158824,0.5352301052771509,0.41257268795743585,0.3837158647365868,0.2860475881025195,0.36252211406826973,0.5317310928367078,0.17502246657386422,0.1977718179114163,0.32950552040711045,0.28452976047992706,0.23131032241508365,0.20555053930729628,0.1947415992617607,0.33447080524638295,0.24541677255183458,0.11804248532280326,0.2060219720005989,0.14094708021730185,0.04284701822325587,0.09251838130876422,0.04296039557084441,0.05131393251940608,0.03672098508104682,0.0019828598015010357,0.018951138481497765,0.0012734495103359222,0.0009929980151355267,0.0004675951786339283,nan,nan,nan,nan,nan,nan,nan,nan,nan,nan,nan,nan,nan,nan,nan,nan,nan,nan,nan,6.379922279622406
std of time per move x,0.018295744765415147,0.01734602151050533,0.0027073054482753102,0.20334360761707815,0.28071799329856,0.08769453215503267,0.06212936086164227,0.20675290768142837,0.30781946661101056,0.011882960835957914,0.011805294730864464,0.030404448731808965,0.13411651397594834,0.06984957756894439,0.0438923431198155,0.10903327148040028,0.4648248816591017,0.09445112044013892,0.011263014938677077,0.018089331233377554,0.005204726176411448,0.05525449139745725,0.027288096264934284,0.056459288038099506,0.06887414802916547,0.04891415658350123,8.487255764430487e-05,0.0245349580945369,0.0001996733289983924,1.920974329785592e-06,2.8556465499654654e-05,nan,nan,nan,nan,nan,nan,nan,nan,nan,nan,nan,nan,nan,nan,nan,nan,nan,nan,nan,0.6563215679469658
err of average time,0.01293704519048333,0.012265489436686037,0.0019143540412187576,0.14378564385697246,0.19849759666249156,0.06200939835980534,0.043932092376053326,0.14619638305157423,0.21766123222187161,0.008402522187680006,0.00834760395810008,0.02149919187650084,0.09483469650149344,0.04939110996201634,0.03103657346218824,0.07709816563874483,0.3286808258853852,0.06678702775388956,0.007964154239743948,0.012791088782250881,0.0036802971735596657,0.039070825558155775,0.01929559791460633,0.03992274543270469,0.04870137711986899,0.03458753181621432,6.001396104693412e-05,0.01734883524477482,0.00014119036495685575,1.3583339750766752e-06,2.0192470401525494e-05,nan,nan,nan,nan,nan,nan,nan,nan,nan,nan,nan,nan,nan,nan,nan,nan,nan,nan,nan,0.46408943133428693
