Contains move time for player Edax3; opponent is StaticBoard1
Colums refer to move number, rows to game number
game,1,2,3,4,5,6,7,8,9,10,11,12,13,14,15,16,17,18,19,20,21,22,23,24,25,26,27,28,29,30,31,32,33,34,35,36,37,38,39,40,41,42,43,44,45,46,47,48,49,50,total
1,0.4166908962652087,0.11249118205159903,0.11218651011586189,0.11193917319178581,0.11163987312465906,0.11117356084287167,0.11102195084095001,0.11050585471093655,0.11058619990944862,0.11022443417459726,0.1099349744617939,0.10954064689576626,0.10916101932525635,0.1095068957656622,0.10841578803956509,0.10804492235183716,0.1078698206692934,0.10760568734258413,0.10727037489414215,0.10703468602150679,0.10664777178317308,0.10614232905209064,0.10563245974481106,0.10548415593802929,0.10503647290170193,0.10452530905604362,0.10386220179498196,0.10358444973826408,0.10310887545347214,0.10283070057630539,0.10258018970489502,0.00035772379487752914,0.0,0.0,0.0,0.0,0.0,0.0,0.0,0.0,0.0,0.0,0.0,0.0,0.0,0.0,0.0,0.0,0.0,0.0,3.652637090533972
2,0.40329344291239977,0.11187434010207653,0.11190003994852304,0.11259529180824757,0.11155397072434425,0.11118494626134634,0.1110723540186882,0.1106180576607585,0.11027099471539259,0.11012976057827473,0.11008744407445192,0.10929662827402353,0.10941329505294561,0.1086592748761177,0.1084696352481842,0.10818253550678492,0.10793205257505178,0.10741789825260639,0.12010105047374964,0.10683400183916092,0.10735407844185829,0.10583122912794352,0.10556162614375353,0.10526045318692923,0.1047599921002984,0.10423914063721895,0.10363022983074188,0.10351985972374678,0.10315240360796452,0.0012712934985756874,0.0,0.0,0.0,0.0,0.0,0.0,0.0,0.0,0.0,0.0,0.0,0.0,0.0,0.0,0.0,0.0,0.0,0.0,0.0,0.0,3.445467321202159

total time per move x,0.8199843391776085,0.22436552215367556,0.22408655006438494,0.22453446500003338,0.22319384384900331,0.222358507104218,0.22209430485963821,0.22112391237169504,0.2208571946248412,0.220354194752872,0.22002241853624582,0.2188372751697898,0.21857431437820196,0.2181661706417799,0.2168854232877493,0.21622745785862207,0.2158018732443452,0.21502358559519053,0.2273714253678918,0.2138686878606677,0.21400185022503138,0.21197355818003416,0.2111940858885646,0.21074460912495852,0.20979646500200033,0.20876444969326258,0.20749243162572384,0.20710430946201086,0.20626127906143665,0.10410199407488108,0.10258018970489502,0.00035772379487752914,0,0,0,0,0,0,0,0,0,0,0,0,0,0,0,0,0,0,7.098104411736131
average time per move x,0.40999216958880424,0.11218276107683778,0.11204327503219247,0.11226723250001669,0.11159692192450166,0.111179253552109,0.11104715242981911,0.11056195618584752,0.1104285973124206,0.110177097376436,0.11001120926812291,0.1094186375848949,0.10928715718910098,0.10908308532088995,0.10844271164387465,0.10811372892931104,0.1079009366221726,0.10751179279759526,0.1136857126839459,0.10693434393033385,0.10700092511251569,0.10598677909001708,0.1055970429442823,0.10537230456247926,0.10489823250100017,0.10438222484663129,0.10374621581286192,0.10355215473100543,0.10313063953071833,0.05205099703744054,0.10258018970489502,0.00035772379487752914,nan,nan,nan,nan,nan,nan,nan,nan,nan,nan,nan,nan,nan,nan,nan,nan,nan,nan,3.5490522058680654
std of time per move x,0.009473430116401657,0.00043617312542768645,0.00020256499793294453,0.0004639459229628417,6.074216978280208e-05,8.050706610088744e-06,3.5640428772024766e-05,7.933946668823407e-05,0.00022288373018224334,6.694434195898332e-05,0.00010781229703537491,0.00017254722217007623,0.000178385877777851,0.0005993584788722803,3.807572636254486e-05,9.730719504403458e-05,4.4004602567913285e-05,0.00013278693895611156,0.00907265770954509,0.0001419051462136403,0.0004994342279535225,0.00021998086599105552,5.008691964364168e-05,0.00015818173227294117,0.00019550144954032188,0.00020235162951235812,0.00016402894895931974,4.567203726212553e-05,3.0779053214096335e-05,0.07181334543794772,nan,nan,nan,nan,nan,nan,nan,nan,nan,nan,nan,nan,nan,nan,nan,nan,nan,nan,nan,nan,0.14649114875137773
err of average time,0.006698726676404475,0.00030842097476124763,0.00014323508366942406,0.0003280593082308769,4.2951200157403946e-05,5.6927092373371124e-06,2.520158886909485e-05,5.61014749109745e-05,0.00015760259702801702,4.733679816126823e-05,7.62348063290119e-05,0.00012200931087136269,0.0001261378638446331,0.00042381044477224345,2.692360430955887e-05,6.880657747387885e-05,3.1115952879190445e-05,9.389454498887062e-05,0.006415337789803743,0.00010034209117293358,0.0003531533293426037,0.00015554996207356453,3.5416800528764725e-05,0.00011185137555003165,0.00013824040070176125,0.00014308420941233635,0.00011598598212003707,3.229500725865364e-05,2.1764077246189117e-05,0.050779703538864844,nan,nan,nan,nan,nan,nan,nan,nan,nan,nan,nan,nan,nan,nan,nan,nan,nan,nan,nan,nan,0.10358488466590643
