Contains move time for player Edax1; opponent is AlphaBeta4
Colums refer to move number, rows to game number
game,1,2,3,4,5,6,7,8,9,10,11,12,13,14,15,16,17,18,19,20,21,22,23,24,25,26,27,28,29,30,31,32,33,34,35,36,37,38,39,40,41,42,43,44,45,46,47,48,49,50,total
1,0.41055502835661173,0.10808167699724436,0.10770089738070965,0.10611796099692583,0.11876996327191591,0.10575670935213566,0.10572831239551306,0.10543258674442768,0.1058169612661004,0.10521983448415995,0.11717656999826431,0.1047418862581253,0.10493500623852015,0.10467745829373598,0.10475177317857742,0.10449560917913914,0.10400123801082373,0.10421750787645578,0.10382709838449955,0.10371000226587057,0.10338528174906969,0.11910031642764807,0.10588970500975847,0.10569827817380428,0.10553715843707323,0.10433929041028023,0.10417054500430822,0.10382746532559395,0.10348002519458532,0.1029906990006566,0.10250685457140207,0.1023429874330759,0.0,0.0,0.0,0.0,0.0,0.0,0.0,0.0,0.0,0.0,0.0,0.0,0.0,0.0,0.0,0.0,0.0,0.0,3.698982687667012
2,0.10800168290734291,0.10617912281304598,0.1060933293774724,0.10616236552596092,0.10588066652417183,0.10567614436149597,0.1177877550944686,0.10552680026739836,0.10577643476426601,0.10509415064007044,0.11706445179879665,0.10494742635637522,0.11732125841081142,0.11727734748274088,0.1044457321986556,0.10417905542999506,0.10418119933456182,0.1170008098706603,0.10403464641422033,0.10349998250603676,0.10329594649374485,0.10317729879170656,0.10311052855104208,0.10281430277973413,0.1026729317381978,0.10251858178526163,0.10284148529171944,0.10301203280687332,0.10247284825891256,0.0003253137692809105,0.0,0.0,0.0,0.0,0.0,0.0,0.0,0.0,0.0,0.0,0.0,0.0,0.0,0.0,0.0,0.0,0.0,0.0,0.0,0.0,3.0923716323450208

total time per move x,0.5185567112639546,0.21426079981029034,0.21379422675818205,0.21228032652288675,0.22465062979608774,0.21143285371363163,0.22351606748998165,0.21095938701182604,0.21159339603036642,0.21031398512423038,0.23424102179706097,0.20968931261450052,0.22225626464933157,0.22195480577647686,0.20919750537723303,0.2086746646091342,0.20818243734538555,0.2212183177471161,0.20786174479871988,0.20720998477190733,0.20668122824281454,0.22227761521935463,0.20900023356080055,0.20851258095353842,0.20821009017527103,0.20685787219554186,0.20701203029602766,0.20683949813246727,0.2059528734534979,0.10331601276993752,0.10250685457140207,0.1023429874330759,0,0,0,0,0,0,0,0,0,0,0,0,0,0,0,0,0,0,6.791354320012033
average time per move x,0.2592783556319773,0.10713039990514517,0.10689711337909102,0.10614016326144338,0.11232531489804387,0.10571642685681581,0.11175803374499083,0.10547969350591302,0.10579669801518321,0.10515699256211519,0.11712051089853048,0.10484465630725026,0.11112813232466578,0.11097740288823843,0.10459875268861651,0.1043373323045671,0.10409121867269278,0.11060915887355804,0.10393087239935994,0.10360499238595366,0.10334061412140727,0.11113880760967731,0.10450011678040028,0.10425629047676921,0.10410504508763552,0.10342893609777093,0.10350601514801383,0.10341974906623363,0.10297643672674894,0.05165800638496876,0.10250685457140207,0.1023429874330759,nan,nan,nan,nan,nan,nan,nan,nan,nan,nan,nan,nan,nan,nan,nan,nan,nan,nan,3.3956771600060165
std of time per move x,0.21393752223785406,0.001345308965221514,0.0011367222363075755,3.139874359610807e-05,0.009114109135055554,5.696805120755311e-05,0.00852731370976206,6.661902097203987e-05,2.8656564264868027e-05,8.887189844128393e-05,7.927953913800763e-05,0.0001453387972782622,0.008758402904513768,0.008909467087744432,0.0002164036522236934,0.00022383730262980233,0.0001272518723665168,0.009039159526057532,0.00014675861923747294,0.00014850639636165906,6.316956483922638e-05,0.011259273747327228,0.0019651745200723763,0.0020392785579221476,0.002025314121630374,0.0012874354153154847,0.0009397871353733752,0.0005765978635873816,0.0007121816410688958,0.07259539009023498,nan,nan,nan,nan,nan,nan,nan,nan,nan,nan,nan,nan,nan,nan,nan,nan,nan,nan,nan,nan,0.4289387907609081
err of average time,0.1512766727246344,0.0009512770920991896,0.0008037840016186236,2.2202264517545697e-05,0.006444648373872041,4.028249531984329e-05,0.006029721349477767,4.710676148533821e-05,2.026325091719627e-05,6.284192204475403e-05,5.605909973382949e-05,0.00010277004912495613,0.0061931260861456386,0.006299944594502449,0.0001530204899609089,0.00015827687457203865,8.998066186904906e-05,0.00639165099710226,0.00010377401486039162,0.00010500987991690634,4.466762766242027e-05,0.007961508817970753,0.0013895882293581963,0.001441987697035074,0.0014321133494377134,0.0009103543125092983,0.0006645298562943935,0.0004077162593603134,0.00050358846783638,0.05133269261568785,nan,nan,nan,nan,nan,nan,nan,nan,nan,nan,nan,nan,nan,nan,nan,nan,nan,nan,nan,nan,0.3033055276609957
