Contains move time for player StaticBoard4; opponent is Edax1
Colums refer to move number, rows to game number
game,1,2,3,4,5,6,7,8,9,10,11,12,13,14,15,16,17,18,19,20,21,22,23,24,25,26,27,28,29,30,31,32,33,34,35,36,37,38,39,40,41,42,43,44,45,46,47,48,49,50,total
1,0.27526385243982077,0.4639468304812908,0.7634212421253324,0.9104647831991315,0.7485689967870712,1.3000357514247298,0.6777506535872817,1.0277734212577343,0.7529418235644698,0.45349658746272326,0.14155705831944942,0.006888163276016712,0.007381226867437363,0.1712727351114154,0.2368081109598279,0.18093500752002,0.005229786038398743,0.13810326252132654,0.12120772060006857,0.09228421002626419,0.09544325806200504,0.0042473990470170975,0.004096625372767448,0.06596638634800911,0.055885130539536476,0.002795260399580002,0.002872888930141926,0.036526734940707684,0.027185200713574886,0.001832558773458004,0.0016552126035094261,0.0015510506927967072,0.0,0.0,0.0,0.0,0.0,0.0,0.0,0.0,0.0,0.0,0.0,0.0,0.0,0.0,0.0,0.0,0.0,0.0,8.775388929992914
2,0.35268836840987206,0.3426818437874317,0.37132307793945074,0.8065745923668146,0.7525487029924989,0.6317359711974859,0.40527164097875357,0.6483328863978386,0.3763997061178088,0.5367356687784195,0.2599446680396795,0.14310837909579277,0.007399724796414375,0.24681222066283226,0.006771785207092762,0.29951270669698715,0.13235526997596025,0.35500500723719597,0.2904288712888956,0.3213579058647156,0.2815891522914171,0.4656499596312642,0.43503161892294884,0.17715736106038094,0.12481639068573713,0.09040735196322203,0.02767923567444086,0.0018386291339993477,0.013060210272669792,0.005056096240878105,0.00308394618332386,0.0002812901511788368,0.0,0.0,0.0,0.0,0.0,0.0,0.0,0.0,0.0,0.0,0.0,0.0,0.0,0.0,0.0,0.0,0.0,0.0,8.912640240043402

total time per move x,0.6279522208496928,0.8066286742687225,1.134744320064783,1.717039375565946,1.50111769977957,1.9317717226222157,1.0830222945660353,1.676106307655573,1.1293415296822786,0.9902322562411427,0.40150172635912895,0.14999654237180948,0.014780951663851738,0.41808495577424765,0.24357989616692066,0.48044771421700716,0.137585056014359,0.4931082697585225,0.4116365918889642,0.41364211589097977,0.37703241035342216,0.4698973586782813,0.4391282442957163,0.24312374740839005,0.1807015212252736,0.09320261236280203,0.030552124604582787,0.03836536407470703,0.04024541098624468,0.006888655014336109,0.004739158786833286,0.001832340843975544,0,0,0,0,0,0,0,0,0,0,0,0,0,0,0,0,0,0,17.688029170036316
average time per move x,0.3139761104248464,0.40331433713436127,0.5673721600323915,0.858519687782973,0.750558849889785,0.9658858613111079,0.5415111472830176,0.8380531538277864,0.5646707648411393,0.4951161281205714,0.20075086317956448,0.07499827118590474,0.007390475831925869,0.20904247788712382,0.12178994808346033,0.24022385710850358,0.0687925280071795,0.24655413487926126,0.2058182959444821,0.20682105794548988,0.18851620517671108,0.23494867933914065,0.21956412214785814,0.12156187370419502,0.0903507606126368,0.046601306181401014,0.015276062302291393,0.019182682037353516,0.02012270549312234,0.0034443275071680546,0.002369579393416643,0.000916170421987772,nan,nan,nan,nan,nan,nan,nan,nan,nan,nan,nan,nan,nan,nan,nan,nan,nan,nan,8.844014585018158
std of time per move x,0.05474740027250941,0.08574729441172423,0.27725527078663315,0.07346145843629576,0.0028140772449880723,0.47255930646416355,0.19267175754650503,0.26830497525648284,0.2662554846488754,0.05885891885806726,0.08371268164164114,0.09632223834085867,1.308001101755277e-05,0.0534144824807501,0.16266024585899666,0.08384709518553196,0.08989129175387127,0.15337269453978467,0.1196574231722602,0.1619795637188336,0.1316250240996511,0.32626087944595794,0.3047170561899144,0.07862389222586004,0.04874176148511249,0.06195110405858799,0.01754073599935861,0.02452819484243992,0.009987876524959154,0.002279385202621663,0.0010102672027957177,0.0008978562894610996,nan,nan,nan,nan,nan,nan,nan,nan,nan,nan,nan,nan,nan,nan,nan,nan,nan,nan,0.09705133206343707
err of average time,0.038712257985025644,0.06063249334692955,0.19604908209294078,0.05194509541615844,0.0019898531027138233,0.33414989011362195,0.13623950630426407,0.18972026742994785,0.18827105872333047,0.04161954065784812,0.05919380486011505,0.06811010790988802,9.248964488506315e-06,0.03776974277570844,0.11501816287636757,0.059288849588483565,0.06356274196878076,0.1084508723579347,0.08461057534441352,0.11453684791922569,0.09307294711470603,0.23070128029212353,0.2154674967750907,0.055595487356185906,0.03446563007310033,0.04380604578182101,0.012403173372149466,0.017344052903354168,0.007062495220452547,0.0016117687337100504,0.0007143667899072169,0.0006348802708089352,nan,nan,nan,nan,nan,nan,nan,nan,nan,nan,nan,nan,nan,nan,nan,nan,nan,nan,0.06862565502524375
