Contains move time for player Edax4; opponent is Gambler
Colums refer to move number, rows to game number
game,1,2,3,4,5,6,7,8,9,10,11,12,13,14,15,16,17,18,19,20,21,22,23,24,25,26,27,28,29,30,31,32,33,34,35,36,37,38,39,40,41,42,43,44,45,46,47,48,49,50,total
1,0.39448583871126175,0.11245981231331825,0.11271191574633121,0.11224071495234966,0.11243988201022148,0.11258830782026052,0.11272868886590004,0.11201314069330692,0.11239215731620789,0.11178251635283232,0.11012059915810823,0.10981620661914349,0.10971748642623425,0.11034374590963125,0.1094218585640192,0.10901792161166668,0.10878012608736753,0.10826758574694395,0.10791128315031528,0.10792078357189894,0.1079650828614831,0.10743091907352209,0.107278972864151,0.10678562894463539,0.10623232275247574,0.10547750908881426,0.10479823965579271,0.10424153972417116,0.10382371116429567,0.10555455461144447,0.10427550598978996,0.10286438371986151,0.10240550991147757,0.000346306711435318,0.0,0.0,0.0,0.0,0.0,0.0,0.0,0.0,0.0,0.0,0.0,0.0,0.0,0.0,0.0,0.0,3.866640758700669
2,0.30155504401773214,0.11245755106210709,0.11225798819214106,0.11208178289234638,0.11241874005645514,0.11183802038431168,0.11204582452774048,0.11240082792937756,0.11092485953122377,0.11136355344206095,0.1104315435513854,0.11008306220173836,0.11054700892418623,0.10927168373018503,0.10942201036959887,0.10910969320684671,0.10888740886002779,0.10855171363800764,0.10827474854886532,0.10804509278386831,0.1079640993848443,0.10792859178036451,0.1074623130261898,0.1069330470636487,0.10623703896999359,0.10626495908945799,0.10586323775351048,0.10507191345095634,0.10467358957976103,0.1041940189898014,0.002070692367851734,0.0,0.0,0.0,0.0,0.0,0.0,0.0,0.0,0.0,0.0,0.0,0.0,0.0,0.0,0.0,0.0,0.0,0.0,0.0,3.466631659306586
3,0.30345579236745834,0.11227771546691656,0.1123421834781766,0.11234603822231293,0.11258626542985439,0.11256416980177164,0.11197420582175255,0.11168000008910894,0.11028849333524704,0.1101968064904213,0.10980320163071156,0.10932101309299469,0.11045390833169222,0.10861746780574322,0.10886945016682148,0.1091399397701025,0.10868996195495129,0.1082500871270895,0.10773566365242004,0.10755541641265154,0.10791752580553293,0.10694936476647854,0.10636660736054182,0.10592269338667393,0.1049819327890873,0.10443784296512604,0.10419020894914865,0.10391560103744268,0.10465409234166145,0.10309051349759102,0.10260127857327461,0.10210418794304132,0.0,0.0,0.0,0.0,0.0,0.0,0.0,0.0,0.0,0.0,0.0,0.0,0.0,0.0,0.0,0.0,0.0,0.0,3.6552796298637986
4,0.3038416048511863,0.11246950644999743,0.11247054301202297,0.11282508261501789,0.1129676504060626,0.11088090017437935,0.11266985163092613,0.11154727451503277,0.11193713638931513,0.11159257218241692,0.11065350379794836,0.11075891181826591,0.11074372846633196,0.10989077296108007,0.10942581575363874,0.10840273555368185,0.10829126834869385,0.10805934853851795,0.10761184245347977,0.10722192004323006,0.10703577194362879,0.10660417377948761,0.10615624859929085,0.10580567829310894,0.10559163056313992,0.10509461723268032,0.1049073925241828,0.10457735043019056,0.1042882427573204,0.002081426791846752,0.0,0.0,0.0,0.0,0.0,0.0,0.0,0.0,0.0,0.0,0.0,0.0,0.0,0.0,0.0,0.0,0.0,0.0,0.0,0.0,3.356404502876103
5,0.3026069197803736,0.11243313830345869,0.1124778501689434,0.11207299213856459,0.11244712397456169,0.11240099743008614,0.11191835626959801,0.11255809664726257,0.11159801483154297,0.11247366201132536,0.11149064358323812,0.11017232574522495,0.11089744977653027,0.11092706676572561,0.10999968089163303,0.10947902407497168,0.1088355639949441,0.10824986081570387,0.10818239860236645,0.10756567865610123,0.1072726333513856,0.1066652862355113,0.10635727643966675,0.10582703351974487,0.10555254947394133,0.10535760596394539,0.10477521549910307,0.104259317740798,0.10517481435090303,0.1034042276442051,0.1027768300846219,0.10252292919903994,0.0006865337491035461,0.0,0.0,0.0,0.0,0.0,0.0,0.0,0.0,0.0,0.0,0.0,0.0,0.0,0.0,0.0,0.0,0.0,3.669419097714126
6,0.2921400908380747,0.11233966425061226,0.11259500589221716,0.1122905258089304,0.11278391722589731,0.11247184686362743,0.11212461441755295,0.11195150017738342,0.11219686921685934,0.11112752929329872,0.1118079423904419,0.11331117805093527,0.11371099203824997,0.110759561881423,0.10971129592508078,0.10899534448981285,0.1087266830727458,0.10786064621061087,0.10750620625913143,0.10722322948276997,0.1068723164498806,0.1068645529448986,0.10659168846905231,0.10584736242890358,0.1056481758132577,0.10521949268877506,0.1046472480520606,0.10417548660188913,0.104717749170959,0.10289017576724291,0.10238045733422041,0.10209874249994755,0.0,0.0,0.0,0.0,0.0,0.0,0.0,0.0,0.0,0.0,0.0,0.0,0.0,0.0,0.0,0.0,0.0,0.0,3.659588092006743
7,0.28968143556267023,0.11222277954220772,0.11228455789387226,0.1119654793292284,0.11171638313680887,0.11181273031979799,0.11229395121335983,0.1124405600130558,0.11181026604026556,0.11120659485459328,0.11095651611685753,0.11133092641830444,0.11182786617428064,0.11012206692248583,0.11001830361783504,0.1087481789290905,0.10827896744012833,0.10835358314216137,0.10804145876318216,0.10770430881530046,0.10748010501265526,0.10712137538939714,0.1067147646099329,0.1065288195386529,0.10609497036784887,0.1058217128738761,0.10551596991717815,0.10529185552150011,0.0031362492591142654,0.0,0.0,0.0,0.0,0.0,0.0,0.0,0.0,0.0,0.0,0.0,0.0,0.0,0.0,0.0,0.0,0.0,0.0,0.0,0.0,0.0,3.246522736735642
8,0.2947668796405196,0.11235419102013111,0.11241737753152847,0.1127910204231739,0.11231371015310287,0.11191795766353607,0.1125825485214591,0.11277291551232338,0.11258300859481096,0.11136664543300867,0.11075618956238031,0.110184321179986,0.11051566619426012,0.10932336002588272,0.1092250719666481,0.10869069863110781,0.10860707890242338,0.1082629868760705,0.10811692010611296,0.10793442372232676,0.1075891787186265,0.10703963227570057,0.10674923658370972,0.10648050345480442,0.10633974615484476,0.10573221556842327,0.10521780978888273,0.10485151968896389,0.10441870987415314,0.10403974913060665,0.10427808202803135,0.103417057543993,0.10257084760814905,0.0006889598444104195,0.0,0.0,0.0,0.0,0.0,0.0,0.0,0.0,0.0,0.0,0.0,0.0,0.0,0.0,0.0,0.0,3.7668962199240923
9,0.2887301789596677,0.11216411460191011,0.11242479551583529,0.1122428122907877,0.11237194202840328,0.1125695388764143,0.11273492965847254,0.11287609301507473,0.11232286505401134,0.11141119059175253,0.11056652385741472,0.10958637297153473,0.11010824888944626,0.1093325661495328,0.109261779114604,0.10859107598662376,0.10845468193292618,0.10842844005674124,0.10782088618725538,0.10752707999199629,0.10718831606209278,0.10691177938133478,0.10695927124470472,0.10677888616919518,0.1062391260638833,0.10672073718160391,0.10666731279343367,0.10425936989486217,0.10434091743081808,0.10408230032771826,0.10380258318036795,0.10587561223655939,0.1032891133800149,0.1025946382433176,0.10552110057324171,0.00032967329025268555,0.0,0.0,0.0,0.0,0.0,0.0,0.0,0.0,0.0,0.0,0.0,0.0,0.0,0.0,3.971086853183806
10,0.2769310548901558,0.12448671739548445,0.12469667848199606,0.11247621569782495,0.12654885556548834,0.12509427033364773,0.1238609179854393,0.1121032303199172,0.11082671023905277,0.1121608056128025,0.11087219044566154,0.1117228688672185,0.12210232391953468,0.10920131579041481,0.11054133996367455,0.1093393974006176,0.10863178595900536,0.10938586760312319,0.10720832459628582,0.10728031303733587,0.10720871575176716,0.10686831269413233,0.10623871255666018,0.10755496565252542,0.1054896991699934,0.10490982048213482,0.10450200270861387,0.10429019294679165,0.10563588049262762,0.10472912061959505,0.10286875534802675,0.10241332370787859,0.10206503234803677,0.0003068530932068825,0.0,0.0,0.0,0.0,0.0,0.0,0.0,0.0,0.0,0.0,0.0,0.0,0.0,0.0,0.0,0.0,3.8205525716766715
11,0.3043499831110239,0.11234953813254833,0.11200515180826187,0.11236405093222857,0.11273725423961878,0.11280071269720793,0.11277894582599401,0.11280815117061138,0.11256784945726395,0.11261368356645107,0.11148865520954132,0.1118168430402875,0.11222100351005793,0.10998181998729706,0.1104898052290082,0.10949112195521593,0.10903662070631981,0.1086370088160038,0.10781571641564369,0.10771382879465818,0.10722421016544104,0.10690004285424948,0.10580121539533138,0.10565896052867174,0.10466914251446724,0.10465507302433252,0.10389477759599686,0.10489556100219488,0.10362265445291996,0.10258713457733393,0.10214594006538391,0.0002841595560312271,0.0,0.0,0.0,0.0,0.0,0.0,0.0,0.0,0.0,0.0,0.0,0.0,0.0,0.0,0.0,0.0,0.0,0.0,3.5684066163375974
12,0.3043903047218919,0.11238677613437176,0.11262006498873234,0.11249437090009451,0.11170323472470045,0.11245070863515139,0.1121633630245924,0.11148497276008129,0.1111921165138483,0.11047614924609661,0.11051991861313581,0.11028454266488552,0.11068099178373814,0.11001616436988115,0.1116691967472434,0.10918700974434614,0.10881598200649023,0.10856744647026062,0.10840558540076017,0.10807561688125134,0.10794396325945854,0.10759485885500908,0.10669260378926992,0.10674595646560192,0.0048772236332297325,0.0,0.0,0.0,0.0,0.0,0.0,0.0,0.0,0.0,0.0,0.0,0.0,0.0,0.0,0.0,0.0,0.0,0.0,0.0,0.0,0.0,0.0,0.0,0.0,0.0,2.8414391223341227
13,0.3021082328632474,0.11209749430418015,0.11232803016901016,0.11191010940819979,0.11223220359534025,0.1117800660431385,0.11329236347228289,0.11278938595205545,0.1131287831813097,0.11131431255489588,0.1111746970564127,0.11316307540982962,0.11067238170653582,0.10969667322933674,0.11000922322273254,0.10913837607949972,0.10886826924979687,0.10860720928758383,0.107637626118958,0.10654595214873552,0.10654615238308907,0.10616464633494616,0.1059874128550291,0.1056506596505642,0.10512898862361908,0.10475126560777426,0.10450049676001072,0.10420881304889917,0.002014320343732834,0.0,0.0,0.0,0.0,0.0,0.0,0.0,0.0,0.0,0.0,0.0,0.0,0.0,0.0,0.0,0.0,0.0,0.0,0.0,0.0,0.0,3.253447220660746
14,0.3034682758152485,0.11257695220410824,0.11237805150449276,0.11242647003382444,0.11205596290528774,0.11106123775243759,0.11166882049292326,0.11254539992660284,0.11211011931300163,0.11172320879995823,0.11188211664557457,0.11181229539215565,0.11109680868685246,0.10986977908760309,0.12701372429728508,0.10870532505214214,0.10849719867110252,0.10803263541311026,0.10777988377958536,0.10752068180590868,0.10759298875927925,0.10699247010052204,0.10594659671187401,0.10556530300527811,0.10501654632389545,0.10453720297664404,0.10425055027008057,0.10468314681202173,0.10313143581151962,0.1026348602026701,0.000353323295712471,0.0,0.0,0.0,0.0,0.0,0.0,0.0,0.0,0.0,0.0,0.0,0.0,0.0,0.0,0.0,0.0,0.0,0.0,0.0,3.4749293718487024
15,0.3073241151869297,0.11212219018489122,0.11233976017683744,0.1123785087838769,0.11204279772937298,0.11234628688544035,0.1122283348813653,0.11185573693364859,0.11148314643651247,0.11112697515636683,0.111653883010149,0.11042128223925829,0.11081547383219004,0.1100895581766963,0.10891626682132483,0.10849034879356623,0.12120209913700819,0.10793903656303883,0.1077972985804081,0.10763632971793413,0.10755512956529856,0.10699769016355276,0.10667386278510094,0.10632938053458929,0.10607072990387678,0.10558405052870512,0.10524365305900574,0.10501129366457462,0.10456292517483234,0.10433279257267714,0.10409714374691248,0.1039096787571907,0.10293713677674532,0.001103983260691166,0.0,0.0,0.0,0.0,0.0,0.0,0.0,0.0,0.0,0.0,0.0,0.0,0.0,0.0,0.0,0.0,3.7906188797205687
16,0.28831348940730095,0.11215750221163034,0.1125354515388608,0.11269864998757839,0.1122338380664587,0.1124924635514617,0.11150356195867062,0.11208658758550882,0.11177319940179586,0.11240881308913231,0.11290695238858461,0.11160145420581102,0.11047821585088968,0.11099642887711525,0.10914152301847935,0.10872134938836098,0.10832987260073423,0.10785788856446743,0.1076151030138135,0.10679977294057608,0.1070513129234314,0.1063713924959302,0.10595965385437012,0.10522120911628008,0.10476597305387259,0.1045200265944004,0.10409737657755613,0.10386149305850267,0.10461228620260954,0.10288489982485771,0.10248921252787113,0.10214324947446585,0.00027531012892723083,0.0,0.0,0.0,0.0,0.0,0.0,0.0,0.0,0.0,0.0,0.0,0.0,0.0,0.0,0.0,0.0,0.0,3.6469055134803057
17,0.28349359706044197,0.11230640765279531,0.11258935742080212,0.11210327409207821,0.1125390874221921,0.11201654002070427,0.11279696598649025,0.11295040510594845,0.11259494908154011,0.11116695404052734,0.11063170619308949,0.11031978577375412,0.11008473951369524,0.10913534369319677,0.10884223971515894,0.108694301918149,0.1106367688626051,0.10815584938973188,0.1076822392642498,0.10777987167239189,0.10721930861473083,0.10694711934775114,0.10659638978540897,0.10626385640352964,0.10584513284265995,0.1053038826212287,0.10492223221808672,0.10423465259373188,0.10382974520325661,0.10633166693150997,0.10292041394859552,0.10406871512532234,0.10211738292127848,0.00031991302967071533,0.0,0.0,0.0,0.0,0.0,0.0,0.0,0.0,0.0,0.0,0.0,0.0,0.0,0.0,0.0,0.0,3.753440795466304
18,0.29416080750525,0.11205864232033491,0.11219286546111107,0.11237456183880568,0.11241752561181784,0.11215562745928764,0.11277041491121054,0.11137021146714687,0.1119492519646883,0.11133408639580011,0.11303630471229553,0.11022373754531145,0.11040621623396873,0.10912397876381874,0.1094439160078764,0.10883852187544107,0.10847599897533655,0.11016506981104612,0.10769210010766983,0.10729021951556206,0.10696147941052914,0.10629993863403797,0.10920264665037394,0.10552786011248827,0.10496402624994516,0.10460258647799492,0.10703063569962978,0.10424081981182098,0.10369779635220766,0.10588437970727682,0.10324627626687288,0.10251974314451218,0.10226110275834799,0.0004871003329753876,0.0,0.0,0.0,0.0,0.0,0.0,0.0,0.0,0.0,0.0,0.0,0.0,0.0,0.0,0.0,0.0,3.7644064500927925
19,0.2914004400372505,0.11233060993254185,0.11254674661904573,0.11196258664131165,0.11201687343418598,0.11467752140015364,0.11192242614924908,0.11190963536500931,0.11096139252185822,0.11140973400324583,0.11057712975889444,0.12237806059420109,0.1092308359220624,0.10904346965253353,0.11102410219609737,0.10839731898158789,0.10837338585406542,0.10804550629109144,0.10800009593367577,0.10712660010904074,0.10907515324652195,0.10666253976523876,0.10623593535274267,0.10603887587785721,0.10578688327223063,0.10561353247612715,0.10514202248305082,0.10462197847664356,0.0025089597329497337,0.0,0.0,0.0,0.0,0.0,0.0,0.0,0.0,0.0,0.0,0.0,0.0,0.0,0.0,0.0,0.0,0.0,0.0,0.0,0.0,0.0,3.2550203520804644
20,0.3078049886971712,0.11209181230515242,0.11197347473353148,0.11256217863410711,0.11229687184095383,0.1117059113457799,0.11293062567710876,0.11211049929261208,0.11242781672626734,0.11045034322887659,0.11004611942917109,0.11013763956725597,0.11036267876625061,0.10931969620287418,0.10895578004419804,0.1084363255649805,0.10955575294792652,0.1054319366812706,0.10793917626142502,0.10765017569065094,0.10727827064692974,0.10701338667422533,0.10665605310350657,0.10621184017509222,0.10595941264182329,0.10712985880672932,0.10508507583290339,0.003147219307720661,0.0,0.0,0.0,0.0,0.0,0.0,0.0,0.0,0.0,0.0,0.0,0.0,0.0,0.0,0.0,0.0,0.0,0.0,0.0,0.0,0.0,0.0,3.1526709208264947
21,0.30740898102521896,0.11249439418315887,0.11513627134263515,0.1124976659193635,0.11190144531428814,0.1132914749905467,0.11126601323485374,0.11184196174144745,0.11161474324762821,0.11372824292629957,0.11021853424608707,0.10996208991855383,0.11196096986532211,0.10926362592726946,0.10925208497792482,0.11129098944365978,0.10880407597869635,0.10850803460925817,0.1082260413095355,0.10771438758820295,0.10757028590887785,0.1074281670153141,0.1098812622949481,0.10997153259813786,0.10987723618745804,0.10966809280216694,0.003801916725933552,0.0,0.0,0.0,0.0,0.0,0.0,0.0,0.0,0.0,0.0,0.0,0.0,0.0,0.0,0.0,0.0,0.0,0.0,0.0,0.0,0.0,0.0,0.0,3.074580521322787
22,0.30409998912364244,0.11232052836567163,0.11228549107909203,0.11210752185434103,0.11252631433308125,0.1129839550703764,0.11231557000428438,0.11243287287652493,0.11241588834673166,0.11158859636634588,0.11161795631051064,0.11091812141239643,0.11108984891325235,0.10977574996650219,0.10921408794820309,0.10915916599333286,0.10870455298572779,0.11134850326925516,0.10824816301465034,0.10801956336945295,0.10766440629959106,0.1072990195825696,0.10696804895997047,0.10679026693105698,0.10867760982364416,0.1062773959711194,0.1061066361144185,0.105666508898139,0.10537255741655827,0.10506924334913492,0.10471400059759617,0.10387735720723867,0.0019098129123449326,0.0,0.0,0.0,0.0,0.0,0.0,0.0,0.0,0.0,0.0,0.0,0.0,0.0,0.0,0.0,0.0,0.0,3.6895653046667576
23,0.3005246240645647,0.11255916301161051,0.11222289595752954,0.11470906436443329,0.11240836512297392,0.11210057139396667,0.11225924547761679,0.11240056250244379,0.11361305974423885,0.11302871257066727,0.11095454636961222,0.11040463577955961,0.1107436753809452,0.10930211655795574,0.1089367987588048,0.10898225288838148,0.11174062546342611,0.10826841928064823,0.10809533670544624,0.10791291296482086,0.10733055137097836,0.10732913296669722,0.10666649229824543,0.10615660343319178,0.10558658000081778,0.10516701266169548,0.10504591930657625,0.10634973365813494,0.1062947129830718,0.10485233925282955,0.10391280334442854,0.10313754342496395,0.10282366257160902,0.10260362550616264,0.0005596159026026726,0.0002574194222688675,0.0,0.0,0.0,0.0,0.0,0.0,0.0,0.0,0.0,0.0,0.0,0.0,0.0,0.0,3.88524133246392
24,0.29929056763648987,0.1125639146193862,0.11239098571240902,0.11244816519320011,0.11231429502367973,0.11186304222792387,0.11188600864261389,0.11184981372207403,0.11245575360953808,0.11271014623343945,0.11146215070039034,0.11168798618018627,0.111300946213305,0.11047978326678276,0.11003180965781212,0.10880834609270096,0.10841124411672354,0.10851743724197149,0.10825659614056349,0.10838063526898623,0.10829359106719494,0.10804036259651184,0.10750065091997385,0.10710390005260706,0.1064240001142025,0.10596182569861412,0.1053127059713006,0.10491408687084913,0.10452292021363974,0.10429402347654104,0.10395340621471405,0.10537269338965416,0.10340232308954,0.10258113034069538,0.10528145544230938,0.00037351250648498535,0.0,0.0,0.0,0.0,0.0,0.0,0.0,0.0,0.0,0.0,0.0,0.0,0.0,0.0,3.990442215465009
25,0.3020156426355243,0.11242484860122204,0.11254994943737984,0.11239281110465527,0.11236007325351238,0.11295530013740063,0.11234378721565008,0.1123049957677722,0.1116727963089943,0.11183720547705889,0.1112820440903306,0.11080134194344282,0.11384969856590033,0.11116307601332664,0.10994879622012377,0.1090704258531332,0.1095798434689641,0.10879235900938511,0.10829789750277996,0.1080463919788599,0.10770796332508326,0.10719577874988317,0.1067878995090723,0.10623136349022388,0.10603095777332783,0.10589089058339596,0.10551151633262634,0.10516261961311102,0.10457256715744734,0.10411729570478201,0.10701996274292469,0.10426099598407745,0.10306151397526264,0.10262403916567564,0.10206502955406904,0.0002696160227060318,0.0,0.0,0.0,0.0,0.0,0.0,0.0,0.0,0.0,0.0,0.0,0.0,0.0,0.0,3.992199294269085
26,0.28908229898661375,0.11224789638072252,0.11209774855524302,0.11268989741802216,0.11247152183204889,0.11276462487876415,0.1116131329908967,0.11129786167293787,0.11114735156297684,0.11089598666876554,0.11055255867540836,0.11107383295893669,0.11002069246023893,0.10958900302648544,0.11038138624280691,0.1095229284837842,0.11002468224614859,0.1085294559597969,0.10795829817652702,0.10807787999510765,0.10737114306539297,0.10669606551527977,0.10599293280392885,0.10535821598023176,0.10491907596588135,0.10545537620782852,0.1041247732937336,0.10581557266414165,0.10424859449267387,0.10326201748102903,0.10271471552550793,0.10224360227584839,0.0005238624289631844,0.00024467986077070236,0.0,0.0,0.0,0.0,0.0,0.0,0.0,0.0,0.0,0.0,0.0,0.0,0.0,0.0,0.0,0.0,3.6510096667334437
27,0.2932992624118924,0.11226396728307009,0.1121681435033679,0.11248765140771866,0.11247933004051447,0.11214222759008408,0.11196974478662014,0.11198530904948711,0.11139940097928047,0.11455760058015585,0.11198487039655447,0.11094130761921406,0.1107740793377161,0.10967794340103865,0.10903031006455421,0.10867989901453257,0.10870559513568878,0.10812598932534456,0.10796614177525043,0.10775897651910782,0.10698483418673277,0.1066650440916419,0.10625078342854977,0.10588392335921526,0.10547847021371126,0.10510783828794956,0.10455545596778393,0.10439744684845209,0.1041358970105648,0.10556480847299099,0.10327606275677681,0.10271807760000229,0.10209544003009796,0.0003161085769534111,0.0,0.0,0.0,0.0,0.0,0.0,0.0,0.0,0.0,0.0,0.0,0.0,0.0,0.0,0.0,0.0,3.7618279410526156
28,0.29462447948753834,0.11473974771797657,0.11217331606894732,0.11220776941627264,0.11236824002116919,0.11203412991017103,0.11152854468673468,0.11202869936823845,0.11273922864347696,0.11230170633643866,0.11192879360169172,0.11071111634373665,0.11143213976174593,0.10922139510512352,0.10887531284242868,0.10897867940366268,0.10838579013943672,0.10802025441080332,0.10773263033479452,0.10711050406098366,0.10613913740962744,0.10626632627099752,0.10584166925400496,0.10517905652523041,0.10491767898201942,0.10447084624320269,0.10403556376695633,0.10351950861513615,0.10317414999008179,0.10458162892609835,0.10210052039474249,0.0002772575244307518,0.0,0.0,0.0,0.0,0.0,0.0,0.0,0.0,0.0,0.0,0.0,0.0,0.0,0.0,0.0,0.0,0.0,0.0,3.5496458215638995
29,0.2863034214824438,0.11525536514818668,0.11556064244359732,0.11521990317851305,0.11544803902506828,0.11487387865781784,0.11238612327724695,0.11317818239331245,0.11246292572468519,0.11448527313768864,0.11497921589761972,0.13417050521820784,0.12928575929254293,0.10949212685227394,0.10958810895681381,0.11024035979062319,0.10888795927166939,0.10975890140980482,0.10882323607802391,0.1098979664966464,0.10707954596728086,0.10806490667164326,0.10971561167389154,0.10646528005599976,0.10604469664394855,0.10680424608290195,0.10524903051555157,0.10487646702677011,0.10467910580337048,0.002520793117582798,0.0,0.0,0.0,0.0,0.0,0.0,0.0,0.0,0.0,0.0,0.0,0.0,0.0,0.0,0.0,0.0,0.0,0.0,0.0,0.0,3.421797577291727
30,0.29132851865142584,0.11212021205574274,0.11224531568586826,0.11190796084702015,0.11243217904120684,0.11242316663265228,0.112741619348526,0.11227772198617458,0.1123652495443821,0.11131063103675842,0.11066409014165401,0.10964584909379482,0.1103568859398365,0.11162326950579882,0.1098910178989172,0.10954796150326729,0.10883018001914024,0.10825874097645283,0.10796452220529318,0.10737388022243977,0.1068984679877758,0.10647655371576548,0.10563657991588116,0.10512364003807306,0.10468872636556625,0.10403024312108755,0.10480680875480175,0.10291215591132641,0.1022401163354516,0.0003313003107905388,0.0,0.0,0.0,0.0,0.0,0.0,0.0,0.0,0.0,0.0,0.0,0.0,0.0,0.0,0.0,0.0,0.0,0.0,0.0,0.0,3.3384535647928715
31,0.303966635838151,0.11245279666036367,0.11245506536215544,0.11242707911878824,0.11222354881465435,0.11208149883896112,0.1120518408715725,0.11197186168283224,0.11202018056064844,0.11150569189339876,0.11021671816706657,0.11031505186110735,0.1102798255160451,0.11315492540597916,0.10970475897192955,0.10916024539619684,0.10958483908325434,0.10861683171242476,0.10838058311492205,0.10780817363411188,0.10769103839993477,0.10708815976977348,0.10675626620650291,0.10607877280563116,0.10583457350730896,0.10479434672743082,0.10487246327102184,0.104304282926023,0.10495682619512081,0.10334710031747818,0.10256684478372335,0.10211878642439842,0.0003311401233077049,0.0,0.0,0.0,0.0,0.0,0.0,0.0,0.0,0.0,0.0,0.0,0.0,0.0,0.0,0.0,0.0,0.0,3.6711187539622188
32,0.30210564099252224,0.1123459180817008,0.11250173207372427,0.11235894914716482,0.11251813173294067,0.11222501564770937,0.11198699939996004,0.11165303271263838,0.11235393024981022,0.11158284265547991,0.11138314567506313,0.11068947613239288,0.11051860358566046,0.10953925270587206,0.10893185529857874,0.10854630917310715,0.10802018363028765,0.10799811128526926,0.10761720687150955,0.10691857431083918,0.1065494753420353,0.10611498635262251,0.1056904373690486,0.1053292490541935,0.10485494695603848,0.10454342979937792,0.10413067881017923,0.10386421717703342,0.10403155628591776,0.10308158304542303,0.10277614276856184,0.0007603596895933151,0.0004727225750684738,0.0,0.0,0.0,0.0,0.0,0.0,0.0,0.0,0.0,0.0,0.0,0.0,0.0,0.0,0.0,0.0,0.0,3.553994696587324
33,0.3037606021389365,0.1251899842172861,0.11246082652360201,0.11253845784813166,0.11247090622782707,0.1122039258480072,0.11306249257177114,0.11332260258495808,0.11154715158045292,0.1118248999118805,0.12339000962674618,0.11024616565555334,0.11009513679891825,0.10954491887241602,0.10954848304390907,0.10909534338861704,0.10841280594468117,0.10790615808218718,0.10764871723949909,0.10726359020918608,0.10697823017835617,0.10652435570955276,0.10601894184947014,0.10573107749223709,0.10537817049771547,0.10515445284545422,0.10464472230523825,0.1043823342770338,0.10385145340114832,0.10361706558614969,0.10267230961471796,0.10217552911490202,0.0005366727709770203,0.00025614630430936813,0.0,0.0,0.0,0.0,0.0,0.0,0.0,0.0,0.0,0.0,0.0,0.0,0.0,0.0,0.0,0.0,3.689454640261829
34,0.3059480730444193,0.11237257532775402,0.11228404194116592,0.11228369269520044,0.11185398418456316,0.11149795353412628,0.11127392575144768,0.11149522941559553,0.1113800797611475,0.11106076277792454,0.11020757351070642,0.11126875318586826,0.1097603291273117,0.10965651832520962,0.1088497331365943,0.10954144038259983,0.10830214247107506,0.11990428995341063,0.12046548165380955,0.10747835971415043,0.10699214320629835,0.10650323517620564,0.1062167501077056,0.10551828984171152,0.10504984576255083,0.10459454357624054,0.10400182288140059,0.10501927323639393,0.1034339303150773,0.10273301042616367,0.1024205693975091,0.00033358950167894363,0.0,0.0,0.0,0.0,0.0,0.0,0.0,0.0,0.0,0.0,0.0,0.0,0.0,0.0,0.0,0.0,0.0,0.0,3.579701943323016
35,0.30573729891330004,0.11241625342518091,0.11207954306155443,0.11237779911607504,0.112330405972898,0.1122216721996665,0.11210605781525373,0.11275864019989967,0.11171988025307655,0.11143156886100769,0.11030303873121738,0.10982141178101301,0.10970897134393454,0.10932215861976147,0.10908484552055597,0.1086590401828289,0.10841411538422108,0.1083570271730423,0.10807722434401512,0.1076846132054925,0.10713932942599058,0.10702509991824627,0.10669268574565649,0.10612631682306528,0.10586292669177055,0.0038956496864557266,0.0,0.0,0.0,0.0,0.0,0.0,0.0,0.0,0.0,0.0,0.0,0.0,0.0,0.0,0.0,0.0,0.0,0.0,0.0,0.0,0.0,0.0,0.0,0.0,2.9413535743951797
36,0.2893114360049367,0.11224003881216049,0.1115498710423708,0.11196353938430548,0.1119731767103076,0.11294169630855322,0.11175982840359211,0.11189480219036341,0.11071926914155483,0.1101967403665185,0.1096196360886097,0.1093595689162612,0.10980176739394665,0.1095346612855792,0.10902006924152374,0.10891381558030844,0.10859833937138319,0.10827241744846106,0.10789940878748894,0.10710291657596827,0.10738434549421072,0.10687741730362177,0.10681340005248785,0.10634166933596134,0.10626047011464834,0.10555173456668854,0.10574392322450876,0.1050482327118516,0.0031167063862085342,0.0,0.0,0.0,0.0,0.0,0.0,0.0,0.0,0.0,0.0,0.0,0.0,0.0,0.0,0.0,0.0,0.0,0.0,0.0,0.0,0.0,3.235810898244381
37,0.29040264897048473,0.11237488314509392,0.11204230412840843,0.11195183359086514,0.11185602098703384,0.11127414368093014,0.11184493359178305,0.11161776911467314,0.11125549487769604,0.1233319966122508,0.1099661123007536,0.10954770352691412,0.10995045583695173,0.10930802579969168,0.10909193940460682,0.10903062857687473,0.10886380635201931,0.1087883710861206,0.10842683352530003,0.1082189129665494,0.10774741973727942,0.10720731690526009,0.10685553587973118,0.10675518680363894,0.10650601889938116,0.10626320261508226,0.10595680493861437,0.10583789274096489,0.10556958708912134,0.10480889584869146,0.10422430280596018,0.10435842256993055,0.10492973029613495,0.10379936266690493,0.10306533984839916,0.10289885569363832,0.10230939742177725,0.00047871656715869904,0.0,0.0,0.0,0.0,0.0,0.0,0.0,0.0,0.0,0.0,0.0,0.0,4.18871680740267
38,0.2832415923476219,0.1122441841289401,0.11217626836150885,0.11247366946190596,0.11107504833489656,0.1120294937863946,0.11176795978099108,0.11203047912567854,0.11132889427244663,0.1101048132404685,0.11050443910062313,0.11147901974618435,0.11103979777544737,0.11114620324224234,0.11007336154580116,0.10974359605461359,0.10882896557450294,0.1084342859685421,0.10747248120605946,0.10771641600877047,0.1071015689522028,0.10632343590259552,0.1059023691341281,0.10523093305528164,0.10482030920684338,0.10416033677756786,0.10492860991507769,0.10302483290433884,0.10247950628399849,0.00032682251185178757,0.0,0.0,0.0,0.0,0.0,0.0,0.0,0.0,0.0,0.0,0.0,0.0,0.0,0.0,0.0,0.0,0.0,0.0,0.0,0.0,3.3292096937075257
39,0.29226040467619896,0.11232442129403353,0.11231520678848028,0.11233125068247318,0.11249505076557398,0.11219849530607462,0.11190396919846535,0.11198027990758419,0.11191611457616091,0.11083329003304243,0.11032823193818331,0.10978721920400858,0.10997630562633276,0.10896627604961395,0.1088854968547821,0.10883241891860962,0.10841329861432314,0.10822676867246628,0.1078558936715126,0.107619465328753,0.10764152836054564,0.10696387197822332,0.10664416942745447,0.1061953091993928,0.10573791712522507,0.10528206638991833,0.11719761323183775,0.11772845219820738,0.10429544560611248,0.002498799003660679,0.0,0.0,0.0,0.0,0.0,0.0,0.0,0.0,0.0,0.0,0.0,0.0,0.0,0.0,0.0,0.0,0.0,0.0,0.0,0.0,3.3696350306272507
40,0.29421432968229055,0.11233945284038782,0.11478760559111834,0.11274910345673561,0.11216363590210676,0.11258457973599434,0.112382423132658,0.11179853603243828,0.1106071937829256,0.11057183519005775,0.11217616964131594,0.11309087462723255,0.1434726044535637,0.1148652695119381,0.10903135593980551,0.10849137883633375,0.10994900576770306,0.10771838948130608,0.1091286288574338,0.10709804948419333,0.10698398947715759,0.10663314256817102,0.10732316877692938,0.10703394934535027,0.10579711012542248,0.10697098635137081,0.10497641284018755,0.10486145596951246,0.10584504064172506,0.10398576501756907,0.10467823408544064,0.10371180716902018,0.10308506619185209,0.1028949860483408,0.10255901608616114,0.0006354721263051033,0.0,0.0,0.0,0.0,0.0,0.0,0.0,0.0,0.0,0.0,0.0,0.0,0.0,0.0,4.0171960247680545
41,0.3055423889309168,0.11229877267032862,0.11221564654260874,0.11249281466007233,0.11260696221143007,0.11166192777454853,0.11251899600028992,0.11200483050197363,0.11129461135715246,0.111131576821208,0.11178419552743435,0.11111426632851362,0.11155115067958832,0.10936873219907284,0.10923585947602987,0.10888081882148981,0.1085672415792942,0.10858829598873854,0.10816110298037529,0.10798102524131536,0.10748276300728321,0.10713675618171692,0.10698357596993446,0.10649901535362005,0.10639023128896952,0.10578412562608719,0.10528335720300674,0.1053090188652277,0.10479987692087889,0.10424774326384068,0.10430675651878119,0.10348772630095482,0.10239934641867876,0.10223163291811943,0.00027437321841716766,0.0,0.0,0.0,0.0,0.0,0.0,0.0,0.0,0.0,0.0,0.0,0.0,0.0,0.0,0.0,3.881617515347898
42,0.30332833994179964,0.11243006587028503,0.11235228087753057,0.11223053839057684,0.11227633897215128,0.11321676149964333,0.1125987945124507,0.11215307470411062,0.11128401942551136,0.1102988151833415,0.11057415511459112,0.1104463106021285,0.10974633600562811,0.10984015930444002,0.11027776170521975,0.10946760326623917,0.10858388617634773,0.10835989937186241,0.10777456033974886,0.10694763623178005,0.106753408908844,0.1065533384680748,0.10630272049456835,0.10605383478105068,0.10567220952361822,0.10558844916522503,0.10511859226971865,0.104867372661829,0.10411860886961222,0.10718358587473631,0.10455950908362865,0.10303275007754564,0.10234063677489758,0.10205051675438881,0.00026491284370422363,0.0,0.0,0.0,0.0,0.0,0.0,0.0,0.0,0.0,0.0,0.0,0.0,0.0,0.0,0.0,3.8746477840468287
43,0.30422584898769855,0.11241884622722864,0.11234692856669426,0.11204035114496946,0.11289443727582693,0.11188451200723648,0.11181200109422207,0.1113126715645194,0.11154582537710667,0.1108612259849906,0.1104340935125947,0.11004825588315725,0.11041896883398294,0.10945646092295647,0.1088641295209527,0.10897745192050934,0.10866052564233541,0.10830230638384819,0.10805220995098352,0.1075254725292325,0.10710497386753559,0.10673500131815672,0.10652774572372437,0.10606190282851458,0.10596381220966578,0.10568415001034737,0.10543699655681849,0.10490285698324442,0.10429561231285334,0.002282286062836647,0.0,0.0,0.0,0.0,0.0,0.0,0.0,0.0,0.0,0.0,0.0,0.0,0.0,0.0,0.0,0.0,0.0,0.0,0.0,0.0,3.3570778612047434
44,0.30389350932091475,0.11234744172543287,0.112509542144835,0.11236952804028988,0.11238216236233711,0.11192513071000576,0.11237076204270124,0.11173195391893387,0.10966811701655388,0.11084218695759773,0.11096997559070587,0.11066733300685883,0.11044832598417997,0.10945351794362068,0.10912354569882154,0.10900123231112957,0.10831660032272339,0.10779246035963297,0.1073835464194417,0.10713028162717819,0.10697730351239443,0.10667202156037092,0.10613983310759068,0.10578990820795298,0.10559958685189486,0.10527943633496761,0.1049260888248682,0.10451552364975214,0.10433261562138796,0.10408651363104582,0.1051453985273838,0.10357424337416887,0.10314362682402134,0.10239097662270069,0.0006780233234167099,0.0,0.0,0.0,0.0,0.0,0.0,0.0,0.0,0.0,0.0,0.0,0.0,0.0,0.0,0.0,3.869578253477812
45,0.30425876937806606,0.11244406178593636,0.11236721649765968,0.11226104944944382,0.11283562425523996,0.1115974998101592,0.11189030949026346,0.11251561064273119,0.1125863529741764,0.11235702224075794,0.11159270908683538,0.1122980285435915,0.11166581604629755,0.110247110016644,0.10928454902023077,0.10881211515516043,0.10872686933726072,0.10825500823557377,0.10803649574518204,0.10775722563266754,0.10747807379812002,0.10691725369542837,0.10654131881892681,0.1060284711420536,0.10541978757828474,0.10511627700179815,0.10449499171227217,0.10380785632878542,0.10430002585053444,0.10327108297497034,0.10275574028491974,0.10253189317882061,0.00046697724610567093,0.0,0.0,0.0,0.0,0.0,0.0,0.0,0.0,0.0,0.0,0.0,0.0,0.0,0.0,0.0,0.0,0.0,3.670919192954898
46,0.29158090613782406,0.11151715740561485,0.11254270654171705,0.11188637837767601,0.11170768737792969,0.11203308962285519,0.11233873199671507,0.11157617159187794,0.11150982603430748,0.11100930348038673,0.1110973097383976,0.10979875084012747,0.1103892158716917,0.10901696607470512,0.1097587002441287,0.10869438946247101,0.10929400473833084,0.10911417845636606,0.1079421816393733,0.10771214310079813,0.10716364625841379,0.10638890694826841,0.10587054211646318,0.10532188601791859,0.10499436967074871,0.10460131242871284,0.10434495750814676,0.10613989271223545,0.10354949999600649,0.10302495583891869,0.10266639664769173,0.10210513416677713,0.0003098342567682266,0.0,0.0,0.0,0.0,0.0,0.0,0.0,0.0,0.0,0.0,0.0,0.0,0.0,0.0,0.0,0.0,0.0,3.647001133300364
47,0.29248452465981245,0.1119338283315301,0.11210319586098194,0.11245038639754057,0.11253517121076584,0.11249367147684097,0.11175631638616323,0.11234782543033361,0.11181792058050632,0.11166975367814302,0.11171622760593891,0.11070355959236622,0.11111984588205814,0.10978781338781118,0.10979272425174713,0.109929327853024,0.10833358205854893,0.10770051088184118,0.10768479853868484,0.10713101923465729,0.10668260604143143,0.10619047563523054,0.10574203543365002,0.10532734915614128,0.10510305594652891,0.10466545633971691,0.10432948358356953,0.0022866344079375267,0.0,0.0,0.0,0.0,0.0,0.0,0.0,0.0,0.0,0.0,0.0,0.0,0.0,0.0,0.0,0.0,0.0,0.0,0.0,0.0,0.0,0.0,3.135819099843502
48,0.2924013314768672,0.11221926007419825,0.12494061700999737,0.11218931898474693,0.11212705634534359,0.11197502445429564,0.11236880905926228,0.11260381620377302,0.11282954271882772,0.11268776468932629,0.11201474629342556,0.11105027794837952,0.11128862015902996,0.10992727242410183,0.1087450748309493,0.1083223968744278,0.10888796672224998,0.1083897864446044,0.10788241866976023,0.10727252066135406,0.10627166368067265,0.10581403318792582,0.10576468612998724,0.10533765237778425,0.10506130941212177,0.10447203926742077,0.10449231881648302,0.1058522304520011,0.1044041458517313,0.10329009313136339,0.10255957581102848,0.11087466776371002,0.00031365640461444855,0.0,0.0,0.0,0.0,0.0,0.0,0.0,0.0,0.0,0.0,0.0,0.0,0.0,0.0,0.0,0.0,0.0,3.674631694331765
49,0.29190257750451565,0.11231590248644352,0.1122740376740694,0.11188116017729044,0.11222801264375448,0.11226777173578739,0.11239788215607405,0.1121883848682046,0.1128693176433444,0.11206683330237865,0.11170757561922073,0.1111758891493082,0.11181505210697651,0.11044374946504831,0.11010390240699053,0.10984220914542675,0.10960160009562969,0.10815011523663998,0.10804011020809412,0.10737084969878197,0.10732838790863752,0.10639854334294796,0.10588064324110746,0.10574329365044832,0.1053280234336853,0.10479605942964554,0.10449399333447218,0.10542984586209059,0.10384779702872038,0.10261604003608227,0.1020974526181817,0.00033549685031175613,0.0,0.0,0.0,0.0,0.0,0.0,0.0,0.0,0.0,0.0,0.0,0.0,0.0,0.0,0.0,0.0,0.0,0.0,3.5549385100603104
50,0.29186220839619637,0.11219316255301237,0.11203075293451548,0.11225645802915096,0.1121212225407362,0.11129899881780148,0.11263832729309797,0.11193030700087547,0.11166425328701735,0.11174345016479492,0.11107493843883276,0.11039734166115522,0.11159160546958447,0.10986974276602268,0.10948193538933992,0.10869499575346708,0.10831619892269373,0.10843254998326302,0.10789154656231403,0.107197729870677,0.10706704575568438,0.10656837001442909,0.10617329273372889,0.10592436231672764,0.10558888223022223,0.10534069687128067,0.10457133036106825,0.1041135098785162,0.002284552901983261,0.0,0.0,0.0,0.0,0.0,0.0,0.0,0.0,0.0,0.0,0.0,0.0,0.0,0.0,0.0,0.0,0.0,0.0,0.0,0.0,0.0,3.240319768898189

total time per move x,14.955415926873684,5.645552160218358,5.649353999644518,5.620789194479585,5.632254507392645,5.626671049743891,5.622130861505866,5.606740484945476,5.590873378328979,5.592262611724436,5.568082098849118,5.572067948058248,5.602127455174923,5.497100343927741,5.4934421787038445,5.452531774528325,5.454726002179086,5.430545564740896,5.410164850763977,5.379345369525254,5.36450058221817,5.342425152659416,5.33070951141417,5.306370732374489,5.185359840281308,5.063106511719525,4.9477469464764,4.728748940862715,4.18559748865664,3.547716613858938,3.311427199281752,2.7955097164958715,1.6507539944723248,0.9278409592807293,0.5202688667923212,0.104764549061656,0.10230939742177725,0.00047871656715869904,0,0,0,0,0,0,0,0,0,0,0,0,178.8178134812042
average time per move x,0.29910831853747366,0.11291104320436716,0.11298707999289036,0.1124157838895917,0.1126450901478529,0.11253342099487781,0.11244261723011732,0.11213480969890952,0.11181746756657958,0.11184525223448873,0.11136164197698235,0.11144135896116496,0.11204254910349846,0.10994200687855482,0.10986884357407689,0.1090506354905665,0.10909452004358172,0.10861091129481792,0.10820329701527953,0.10758690739050508,0.1072900116443634,0.10684850305318833,0.1066141902282834,0.10612741464748979,0.10370719680562615,0.10332870432080662,0.103078061384925,0.10061167959282373,0.09301327752570311,0.08869291534647346,0.09739491762593389,0.08735967864049599,0.06349053824893557,0.05154671996004052,0.057807651865813464,0.017460758176942665,0.10230939742177725,0.00047871656715869904,nan,nan,nan,nan,nan,nan,nan,nan,nan,nan,nan,nan,3.576356269624084
std of time per move x,0.01570793636306162,0.0025241644373464795,0.002542533914573645,0.0005808876743644738,0.002083216987193389,0.0019522041195034422,0.0017096821783260444,0.0004848146796214609,0.0007595078403643939,0.0019205181494679436,0.0019754474212296796,0.0037859862098647123,0.00553174622878442,0.0010675410198536914,0.0025504083786990444,0.0005339086994956784,0.0018676534400107415,0.001796249738376059,0.0018022108493921645,0.0005150621139185006,0.0005064568002170858,0.000479165503525992,0.0008991634662432319,0.0007955144792958736,0.014290465135174138,0.014532263905814288,0.014755907641114866,0.020960653395498265,0.032332474093776334,0.037037804065917834,0.024431964585986524,0.038056690575548786,0.0507218645638601,0.05257726673126514,0.0544315747747242,0.04185617523097628,nan,nan,nan,nan,nan,nan,nan,nan,nan,nan,nan,nan,nan,nan,0.2951857832284734
err of average time,0.0022214376641535253,0.00035697075809552436,0.0003595685944783605,8.214992273016048e-05,0.0002946113716654909,0.00027608335423223945,0.00024178557239362683,6.85631495158237e-05,0.00010741062885720255,0.00027160228137612446,0.0002793704534857969,0.0005354193044948187,0.0007823070540353148,0.0001509730988666696,0.0003606822118746165,7.550609238957696e-05,0.00026412608246759563,0.00025402807414205464,0.00025487110254663345,7.284078269680995e-05,7.162380756230838e-05,6.77642353707791e-05,0.00012716091687515812,0.00011250273656843952,0.0020209769606783132,0.0020760377008306125,0.0021298318121837313,0.003057425529324669,0.004819840663628986,0.005856191018967277,0.0041900473587485705,0.00672753599387218,0.009947376045266656,0.01239258061397715,0.0181438582582414,0.017087711983401956,nan,nan,nan,nan,nan,nan,nan,nan,nan,nan,nan,nan,nan,nan,0.04174557380614315
