Contains move time for player StaticBoard6; opponent is Edax4
Colums refer to move number, rows to game number
game,1,2,3,4,5,6,7,8,9,10,11,12,13,14,15,16,17,18,19,20,21,22,23,24,25,26,27,28,29,30,31,32,33,34,35,36,37,38,39,40,41,42,43,44,45,46,47,48,49,50,total
1,2.754563879221678,6.735103144310415,14.212409591302276,10.46165082976222,12.694217931479216,22.623095165006816,33.128327298909426,26.830888863652945,10.602438161149621,25.619005744345486,9.1211631372571,22.93415017798543,19.551554988138378,9.554629060439765,9.95467968750745,7.3826835080981255,6.6923719281330705,20.300204187631607,24.584004499949515,6.893417411483824,4.022484263405204,0.4747672900557518,0.002439502626657486,0.9034506594762206,0.20076733455061913,0.0014688456431031227,0.0637871716171503,0.03223228733986616,0.0012167366221547127,0.004892677068710327,0.0010121939703822136,0.0,0.0,0.0,0.0,0.0,0.0,0.0,0.0,0.0,0.0,0.0,0.0,0.0,0.0,0.0,0.0,0.0,0.0,0.0,308.3390781581402
2,1.9020264241844416,3.5603628549724817,5.341129146516323,11.950133713893592,14.243437442928553,9.004121803678572,14.82973151281476,16.820230924524367,11.121967920102179,24.846402273513377,28.318988556973636,21.65825655311346,16.42744287569076,19.40792312566191,7.428211450576782,10.018834374845028,7.807127677835524,4.9258263017982244,1.7021059449762106,6.413674619980156,2.1716197235509753,0.4700033664703369,0.7350852452218533,0.4240794414654374,0.1864298451691866,0.10841676034033298,0.059234216809272766,0.0011662375181913376,0.001188952475786209,0.005528661422431469,0.0005672099068760872,0.00036163441836833954,0.0,0.0,0.0,0.0,0.0,0.0,0.0,0.0,0.0,0.0,0.0,0.0,0.0,0.0,0.0,0.0,0.0,0.0,241.89161679334939

total time per move x,4.656590303406119,10.295465999282897,19.5535387378186,22.411784543655813,26.93765537440777,31.62721696868539,47.958058811724186,43.65111978817731,21.7244060812518,50.46540801785886,37.440151694230735,44.59240673109889,35.978997863829136,28.962552186101675,17.382891138084233,17.401517882943153,14.499499605968595,25.22603048942983,26.286110444925725,13.30709203146398,6.194103986956179,0.9447706565260887,0.7375247478485107,1.327530100941658,0.3871971797198057,0.10988560598343611,0.12302138842642307,0.0333985248580575,0.002405689097940922,0.010421338491141796,0.0015794038772583008,0.00036163441836833954,0,0,0,0,0,0,0,0,0,0,0,0,0,0,0,0,0,0,550.2306949514896
average time per move x,2.3282951517030597,5.147732999641448,9.7767693689093,11.205892271827906,13.468827687203884,15.813608484342694,23.979029405862093,21.825559894088656,10.8622030406259,25.23270400892943,18.720075847115368,22.296203365549445,17.989498931914568,14.481276093050838,8.691445569042116,8.700758941471577,7.249749802984297,12.613015244714916,13.143055222462863,6.65354601573199,3.0970519934780896,0.47238532826304436,0.36876237392425537,0.663765050470829,0.19359858985990286,0.054942802991718054,0.061510694213211536,0.01669926242902875,0.001202844548970461,0.005210669245570898,0.0007897019386291504,0.00036163441836833954,nan,nan,nan,nan,nan,nan,nan,nan,nan,nan,nan,nan,nan,nan,nan,nan,nan,nan,275.1153474757448
std of time per move x,0.6028350156723511,2.2448803870969942,6.272942560315759,1.0525163410494032,1.0954636220923364,9.63006841659415,12.93906116653912,7.078604112896766,0.3673630155835662,0.5463131533936476,13.574912538317042,0.9021930342196545,2.2090808598987417,6.967331050543742,1.7864828227860967,1.8640401541075295,0.7882513499812986,10.87132685959728,16.179945634644287,0.33922938109760753,1.3087588671886439,0.003368602672301397,0.5180587727965167,0.33896663896107965,0.010138135966801062,0.07562359571617167,0.0032194252190861036,0.0219670144935854,1.9646358306648462e-05,0.00044970884924476327,0.00031465124882512727,nan,nan,nan,nan,nan,nan,nan,nan,nan,nan,nan,nan,nan,nan,nan,nan,nan,nan,nan,46.9854505236747
err of average time,0.4262687275186181,1.5873701446689663,4.435640222392976,0.7442414420656859,0.7746097557246684,6.809486680664122,9.149297893047331,5.005328969564289,0.25976487947627896,0.3863017354160547,9.598912709858268,0.6379468124359845,1.5620560562238097,4.926647032611072,1.2632341184653342,1.3180754333734512,0.5573778748512268,7.68718894291669,11.440949277486652,0.2398713957518339,0.9254322699271141,0.002381961792707443,0.36632287129759783,0.2396856090053916,0.007168744690716266,0.053473957348614924,0.0022764774039387703,0.01553302491083741,1.3892073184251784e-05,0.0003179921768605709,0.00022249203175306317,nan,nan,nan,nan,nan,nan,nan,nan,nan,nan,nan,nan,nan,nan,nan,nan,nan,nan,nan,33.2237306823954
