Contains move time for player Edax2; opponent is MCTSMaxIter2
Colums refer to move number, rows to game number
game,1,2,3,4,5,6,7,8,9,10,11,12,13,14,15,16,17,18,19,20,21,22,23,24,25,26,27,28,29,30,31,32,33,34,35,36,37,38,39,40,41,42,43,44,45,46,47,48,49,50,total
1,0.415662488900125,0.1189039358869195,0.11897579208016396,0.11800879798829556,0.11837296281009912,0.1182848596945405,0.11868047155439854,0.11812151595950127,0.11730913445353508,0.11761530209332705,0.11749126948416233,0.11723508033901453,0.10943480115383863,0.10991189908236265,0.1173457084223628,0.11644110549241304,0.11649200785905123,0.10831505432724953,0.10807868000119925,0.10791648458689451,0.10776154417544603,0.11592977866530418,0.10669373068958521,0.10672591254115105,0.10598178952932358,0.10567645076662302,0.1030871793627739,0.10503714252263308,0.10464818589389324,0.10435467679053545,0.1043933080509305,0.002142324112355709,0.0018766559660434723,0.0,0.0,0.0,0.0,0.0,0.0,0.0,0.0,0.0,0.0,0.0,0.0,0.0,0.0,0.0,0.0,0.0,3.7829060312360525
2,0.11880831141024828,0.11871355678886175,0.11899383831769228,0.11875309236347675,0.1180768609046936,0.11848725005984306,0.1198301687836647,0.11786137707531452,0.11794715467840433,0.1180875226855278,0.11784683912992477,0.11765975691378117,0.11756412032991648,0.11738305166363716,0.11717141605913639,0.11707349121570587,0.10832799598574638,0.10805823374539614,0.1075464952737093,0.10387908946722746,0.11589573230594397,0.10621241573244333,0.10311419051140547,0.10520243924111128,0.10461899917572737,0.10405627824366093,0.10354201775044203,0.10219149198383093,0.10259238071739674,0.0003466801717877388,0.0,0.0,0.0,0.0,0.0,0.0,0.0,0.0,0.0,0.0,0.0,0.0,0.0,0.0,0.0,0.0,0.0,0.0,0.0,0.0,3.265842248685658

total time per move x,0.5344708003103733,0.23761749267578125,0.23796963039785624,0.2367618903517723,0.23644982371479273,0.23677210975438356,0.23851064033806324,0.2359828930348158,0.2352562891319394,0.23570282477885485,0.2353381086140871,0.2348948372527957,0.2269989214837551,0.2272949507459998,0.2345171244814992,0.23351459670811892,0.2248200038447976,0.21637328807264566,0.21562517527490854,0.21179557405412197,0.22365727648139,0.22214219439774752,0.20980792120099068,0.21192835178226233,0.21060078870505095,0.20973272901028395,0.20662919711321592,0.207228634506464,0.20724056661128998,0.10470135696232319,0.1043933080509305,0.002142324112355709,0.0018766559660434723,0,0,0,0,0,0,0,0,0,0,0,0,0,0,0,0,0,7.0487482799217105
average time per move x,0.26723540015518665,0.11880874633789062,0.11898481519892812,0.11838094517588615,0.11822491185739636,0.11838605487719178,0.11925532016903162,0.1179914465174079,0.1176281445659697,0.11785141238942742,0.11766905430704355,0.11744741862639785,0.11349946074187756,0.1136474753729999,0.1172585622407496,0.11675729835405946,0.1124100019223988,0.10818664403632283,0.10781258763745427,0.10589778702706099,0.111828638240695,0.11107109719887376,0.10490396060049534,0.10596417589113116,0.10530039435252547,0.10486636450514197,0.10331459855660796,0.103614317253232,0.10362028330564499,0.052350678481161594,0.1043933080509305,0.002142324112355709,0.0018766559660434723,nan,nan,nan,nan,nan,nan,nan,nan,nan,nan,nan,nan,nan,nan,nan,nan,nan,3.5243741399608552
std of time per move x,0.20990760192664681,0.0001346183512328115,1.276061693118115e-05,0.0005262955998896296,0.0002093756652345018,0.00014311159975226464,0.0008129587071254913,0.0001839459690587491,0.0004511484275392135,0.00033391038296108193,0.0002514257077027224,0.0003002916858285641,0.00574829671583448,0.005282902653498584,0.000123243311946426,0.00044716423326591803,0.0057728281573013445,0.00018159957497680668,0.00037631142965205725,0.0028548694674460457,0.005751739586522213,0.006871213225076706,0.002531117133520597,0.001077258301414768,0.0009636383003634934,0.0011456349776786136,0.00032161930826409246,0.0020121787928741508,0.0014536737810990864,0.07354475970674401,nan,nan,nan,nan,nan,nan,nan,nan,nan,nan,nan,nan,nan,nan,nan,nan,nan,nan,nan,nan,0.36561930694735045
err of average time,0.14842708874493837,9.518954902887344e-05,9.023118764162064e-06,0.00037214718759059906,0.00014805095270276067,0.00010119518265128136,0.0005748486146330833,0.00013006944209337234,0.0003190101124346256,0.00023611029610037804,0.00017778482288122174,0.00021233828738331792,0.004064659588038921,0.0037355762906372543,8.714618161320686e-05,0.00031619286164641375,0.004082005936652422,0.00012841029092669487,0.0002660923637449741,0.002018697559833526,0.004067094065248965,0.004858681466430426,0.0017897700890898702,0.0007617366500198841,0.0006813951767981052,0.0008100862614810467,0.0002274191938340664,0.0014228252694010735,0.0010279025882482529,0.05200399830937385,nan,nan,nan,nan,nan,nan,nan,nan,nan,nan,nan,nan,nan,nan,nan,nan,nan,nan,nan,nan,0.25853189127519727
