Contains move time for player Greedy; opponent is Edax2
Colums refer to move number, rows to game number
game,1,2,3,4,5,6,7,8,9,10,11,12,13,14,15,16,17,18,19,20,21,22,23,24,25,26,27,28,29,30,31,32,33,34,35,36,37,38,39,40,41,42,43,44,45,46,47,48,49,50,total
1,0.01208452507853508,0.011783046647906303,0.011443532072007656,0.011155934073030949,0.010825499892234802,0.01045091263949871,0.010305844247341156,0.009921647608280182,0.00945025309920311,0.008912072516977787,0.008615933358669281,0.008279239758849144,0.007872691377997398,0.007404339499771595,0.0067984312772750854,0.006361798383295536,0.005758652463555336,0.005484052002429962,0.0049387505277991295,0.00511458795517683,0.004992414265871048,0.004572206176817417,0.004005727358162403,0.0038278112187981606,0.003601442091166973,0.0034287413582205772,0.003240395337343216,0.003214031457901001,0.002703768201172352,0.0025744838640093803,0.0025188466534018517,0.0,0.0,0.0,0.0,0.0,0.0,0.0,0.0,0.0,0.0,0.0,0.0,0.0,0.0,0.0,0.0,0.0,0.0,0.0,0.2116416124626994
2,0.012018654495477676,0.011621629819273949,0.01157181803137064,0.011208114214241505,0.010675923898816109,0.010322503745555878,0.009916230104863644,0.00952861923724413,0.01072627305984497,0.008816936984658241,0.008417710661888123,0.007934579625725746,0.007570495828986168,0.007058023475110531,0.006469232030212879,0.006453309208154678,0.005897992290556431,0.005687735974788666,0.005352257750928402,0.00525062158703804,0.005097152665257454,0.004652918316423893,0.004428384825587273,0.00437419768422842,0.0038256803527474403,0.0037629790604114532,0.003282194957137108,0.003184511326253414,0.002809390425682068,0.002457250840961933,0.0020006010308861732,0.0016355542466044426,0.0011652763932943344,0.000670374371111393,0.0,0.0,0.0,0.0,0.0,0.0,0.0,0.0,0.0,0.0,0.0,0.0,0.0,0.0,0.0,0.0,0.2158451285213232
3,0.012010621838271618,0.011526750400662422,0.01137405727058649,0.011031260713934898,0.010602348484098911,0.0103480638936162,0.010088732466101646,0.009766577742993832,0.009157395921647549,0.008804400451481342,0.008378928527235985,0.007875380106270313,0.007430396042764187,0.0068032024428248405,0.00691455602645874,0.006465652026236057,0.005988462828099728,0.005615035071969032,0.0051641082391142845,0.0046508703380823135,0.00447112787514925,0.004124618135392666,0.003765520639717579,0.0033282339572906494,0.0028786081820726395,0.0026677576825022697,0.00242631696164608,0.0023042084649205208,0.0019341139122843742,0.0016297977417707443,0.0012207301333546638,0.000746874138712883,0.0,0.0,0.0,0.0,0.0,0.0,0.0,0.0,0.0,0.0,0.0,0.0,0.0,0.0,0.0,0.0,0.0,0.0,0.2014947086572647
4,0.012028174474835396,0.011642617173492908,0.011390838772058487,0.011072077788412571,0.010710000060498714,0.010254631750285625,0.009944169782102108,0.00963224470615387,0.009084483608603477,0.008532283827662468,0.008252859115600586,0.007818218320608139,0.007509722374379635,0.0070192329585552216,0.006653169170022011,0.006139212287962437,0.005692364647984505,0.005217192694544792,0.005004465579986572,0.004824352450668812,0.004638172686100006,0.004426663741469383,0.004297963343560696,0.0040087513625621796,0.0034042876213788986,0.00331982783973217,0.002810136415064335,0.002686183899641037,0.002209263853728771,0.002003321424126625,0.0019608642905950546,0.0014289570972323418,0.001254200004041195,0.0011432105675339699,0.00072508305311203,0.0,0.0,0.0,0.0,0.0,0.0,0.0,0.0,0.0,0.0,0.0,0.0,0.0,0.0,0.0,0.20873919874429703
5,0.011990753002464771,0.011587572284042835,0.01137873437255621,0.011251653544604778,0.009489171206951141,0.010598277673125267,0.009956637397408485,0.009543154388666153,0.008851864375174046,0.008800665847957134,0.008277099579572678,0.00816410593688488,0.007674730382859707,0.007449151948094368,0.007371358573436737,0.0067799948155879974,0.006673999130725861,0.006415822543203831,0.006279982626438141,0.005843348801136017,0.005696002393960953,0.005473105236887932,0.00533154234290123,0.005300799384713173,0.0,0.0,0.0,0.0,0.0,0.0,0.0,0.0,0.0,0.0,0.0,0.0,0.0,0.0,0.0,0.0,0.0,0.0,0.0,0.0,0.0,0.0,0.0,0.0,0.0,0.0,0.19617952778935432
6,0.012393728829920292,0.012021934613585472,0.011706138961017132,0.011519460938870907,0.011291628703474998,0.010873091407120228,0.010488648898899555,0.010140292346477509,0.009720871224999428,0.009043475612998009,0.008384780026972294,0.008034668862819672,0.0076829129830002785,0.007573012262582779,0.006847851909697056,0.006468052044510841,0.0061756884679198265,0.005612465552985668,0.005186154507100582,0.004803785122931004,0.004429871216416359,0.004089765250682831,0.0035763513296842575,0.0030576083809137344,0.0028378404676914215,0.002644570544362068,0.002441112883388996,0.0023061176761984825,0.0018927473574876785,0.0015505105257034302,0.0011080531403422356,0.0005906000733375549,0.00041432399302721024,0.0,0.0,0.0,0.0,0.0,0.0,0.0,0.0,0.0,0.0,0.0,0.0,0.0,0.0,0.0,0.0,0.0,0.2069081161171198
7,0.012480919249355793,0.011988300830125809,0.011730643920600414,0.011693600565195084,0.01111120730638504,0.010689705610275269,0.01019820012152195,0.009789090603590012,0.00921565294265747,0.0087222158908844,0.0084340525791049,0.007920360192656517,0.007446432486176491,0.007501520216464996,0.006975566036999226,0.006493811495602131,0.006365225650370121,0.005854069255292416,0.005814645439386368,0.00549648143351078,0.0049917325377464294,0.0045250216498970985,0.004338386468589306,0.004233264364302158,0.0037418119609355927,0.0036344146355986595,0.0032075373455882072,0.0027944371104240417,0.0023591965436935425,0.0018343403935432434,0.0016537075862288475,0.0015563806518912315,0.0011805826798081398,0.0007096175104379654,0.0,0.0,0.0,0.0,0.0,0.0,0.0,0.0,0.0,0.0,0.0,0.0,0.0,0.0,0.0,0.0,0.21668213326483965
8,0.012519840151071548,0.01209837943315506,0.011659079231321812,0.011403771117329597,0.011184735223650932,0.010731114074587822,0.010393694043159485,0.009895270690321922,0.009660022333264351,0.009689120575785637,0.008681495673954487,0.007207532413303852,0.007780022919178009,0.007338886149227619,0.006892719306051731,0.006403551436960697,0.005914858542382717,0.0055075520649552345,0.005032272078096867,0.004502387717366219,0.004761378280818462,0.004283406771719456,0.004093297757208347,0.003925435245037079,0.003904535435140133,0.0033737635239958763,0.002991253510117531,0.002466907724738121,0.0022160960361361504,0.0020329710096120834,0.001700746826827526,0.0016720034182071686,0.001148320734500885,0.0006779562681913376,0.000313696451485157,0.0,0.0,0.0,0.0,0.0,0.0,0.0,0.0,0.0,0.0,0.0,0.0,0.0,0.0,0.0,0.2140580741688609
9,0.012442833743989468,0.011209256015717983,0.011601079255342484,0.011412550695240498,0.010862495750188828,0.010298282839357853,0.010133716277778149,0.009638606570661068,0.009201287291944027,0.009171847254037857,0.008600662462413311,0.008208752609789371,0.007811007089912891,0.00732217263430357,0.00703311525285244,0.006514187902212143,0.006109436042606831,0.005679692141711712,0.005181734450161457,0.00468843150883913,0.004526898264884949,0.004427378065884113,0.003925061784684658,0.0037337206304073334,0.0036733048036694527,0.003223458305001259,0.002800961025059223,0.0021962178871035576,0.002004263922572136,0.0015109442174434662,0.0013945065438747406,0.001020350493490696,0.0,0.0,0.0,0.0,0.0,0.0,0.0,0.0,0.0,0.0,0.0,0.0,0.0,0.0,0.0,0.0,0.0,0.0,0.20755821373313665
10,0.012491991743445396,0.011918964795768261,0.011569146998226643,0.011285027489066124,0.011109053157269955,0.010709150694310665,0.010285659693181515,0.00977399293333292,0.009261713363230228,0.009134566411376,0.008742925710976124,0.007167896255850792,0.007923400960862637,0.007539533078670502,0.007082716561853886,0.006542200222611427,0.006020143628120422,0.0054868608713150024,0.005298922769725323,0.005083154886960983,0.004832981154322624,0.004783211275935173,0.004294120706617832,0.004076785407960415,0.003974637947976589,0.0035467948764562607,0.0030812472105026245,0.002916034311056137,0.002814668230712414,0.0024711396545171738,0.0020417142659425735,0.0016366168856620789,0.0011761076748371124,0.0007971357554197311,0.0,0.0,0.0,0.0,0.0,0.0,0.0,0.0,0.0,0.0,0.0,0.0,0.0,0.0,0.0,0.0,0.21687021758407354
11,0.012262951582670212,0.011752122081816196,0.011635461822152138,0.011338002048432827,0.010945150628685951,0.010327606461942196,0.010111783631145954,0.009576105512678623,0.00934651494026184,0.008828634396195412,0.008305476978421211,0.0078976359218359,0.007429991848766804,0.007016882300376892,0.006583603098988533,0.00614837184548378,0.005704386159777641,0.005509171634912491,0.005010875873267651,0.004935874603688717,0.004811321385204792,0.00436799880117178,0.0042547378689050674,0.0037405947223305702,0.0035650618374347687,0.003369946964085102,0.0032623372972011566,0.0026604272425174713,0.0025945333763957024,0.002419237047433853,0.002217906527221203,0.002063790336251259,0.0,0.0,0.0,0.0,0.0,0.0,0.0,0.0,0.0,0.0,0.0,0.0,0.0,0.0,0.0,0.0,0.0,0.0,0.2099944967776537
12,0.012283007614314556,0.011396920308470726,0.01151499804109335,0.011184729635715485,0.010776497423648834,0.010465438477694988,0.010093909688293934,0.009738129563629627,0.009323352947831154,0.008788472972810268,0.008454347960650921,0.008226696401834488,0.0077624330297112465,0.007375641725957394,0.006840156391263008,0.006220324896275997,0.005792771466076374,0.0052811214700341225,0.004409661516547203,0.004586482420563698,0.004277579486370087,0.003747272305190563,0.0033159907907247543,0.002987431362271309,0.0024991845712065697,0.0022239377722144127,0.0017315065488219261,0.001216186210513115,0.0010261433199048042,0.0007861806079745293,0.0006787767633795738,0.0,0.0,0.0,0.0,0.0,0.0,0.0,0.0,0.0,0.0,0.0,0.0,0.0,0.0,0.0,0.0,0.0,0.0,0.0,0.19500528369098902
13,0.012317114509642124,0.011776969768106937,0.011701664887368679,0.011394991539418697,0.010753285139799118,0.010380325838923454,0.010062322951853275,0.009661946445703506,0.009190653450787067,0.008863645605742931,0.007821749895811081,0.007940998300909996,0.007481615990400314,0.007019735872745514,0.006539148278534412,0.006035502068698406,0.005875945091247559,0.005643870681524277,0.005256137810647488,0.005080047994852066,0.004810702055692673,0.004662470892071724,0.004507548175752163,0.004296350292861462,0.004211161285638809,0.003872557543218136,0.003467877395451069,0.003035547211766243,0.0026712771505117416,0.0021808166056871414,0.002119487151503563,0.0015093740075826645,0.0013138893991708755,0.0011212965473532677,0.0009246533736586571,0.0,0.0,0.0,0.0,0.0,0.0,0.0,0.0,0.0,0.0,0.0,0.0,0.0,0.0,0.0,0.2155026812106371
14,0.012189931236207485,0.01172105222940445,0.01152516808360815,0.011233942583203316,0.010768196545541286,0.01052118744701147,0.010092683136463165,0.009259281679987907,0.00930097233504057,0.008667421527206898,0.008254649117588997,0.007676552049815655,0.007363135926425457,0.007229198701679707,0.006713181734085083,0.006586809642612934,0.006294888444244862,0.0057023391127586365,0.005665862001478672,0.005198685452342033,0.00471600703895092,0.0044772448018193245,0.004297911189496517,0.004173344932496548,0.0036971643567085266,0.003514113835990429,0.0035142041742801666,0.003145257942378521,0.0025779614225029945,0.0024224938824772835,0.0020852191373705864,0.001535617746412754,0.0011452846229076385,0.0007107974961400032,0.0,0.0,0.0,0.0,0.0,0.0,0.0,0.0,0.0,0.0,0.0,0.0,0.0,0.0,0.0,0.0,0.21397776156663895
15,0.012245077639818192,0.011787911877036095,0.011531521566212177,0.011244428344070911,0.01082069706171751,0.010599399916827679,0.010084345005452633,0.009551823139190674,0.00916774570941925,0.008890192955732346,0.00841073039919138,0.007858033291995525,0.007425086572766304,0.007048502564430237,0.006462551653385162,0.0063030049204826355,0.00612410344183445,0.005757586099207401,0.005409554578363895,0.005123558454215527,0.004852107726037502,0.004228368401527405,0.0037618186324834824,0.0030512111261487007,0.003195236437022686,0.002680300734937191,0.0024629635736346245,0.002380850724875927,0.0019445838406682014,0.0018435707315802574,0.001319820061326027,0.0011766664683818817,0.0006027668714523315,0.00038639362901449203,0.0,0.0,0.0,0.0,0.0,0.0,0.0,0.0,0.0,0.0,0.0,0.0,0.0,0.0,0.0,0.0,0.2057325141504407
16,0.01236874982714653,0.011953740380704403,0.011625468730926514,0.011563739739358425,0.011019489727914333,0.010501616634428501,0.010224872268736362,0.009749515913426876,0.009408369660377502,0.009123289957642555,0.008613117970526218,0.008230122737586498,0.008081433363258839,0.007628095336258411,0.007251101545989513,0.00680635217577219,0.006319417618215084,0.005611984990537167,0.005053930915892124,0.004881861619651318,0.004581465385854244,0.004513419233262539,0.004292087629437447,0.004278101958334446,0.0036528175696730614,0.0034386543557047844,0.003292253240942955,0.0031503476202487946,0.00278441421687603,0.0022822609171271324,0.0020858580246567726,0.001976937986910343,0.001572820357978344,0.0011198865249752998,0.0006149234250187874,0.00035568978637456894,0.0,0.0,0.0,0.0,0.0,0.0,0.0,0.0,0.0,0.0,0.0,0.0,0.0,0.0,0.22000820934772491
17,0.012520821765065193,0.01188730075955391,0.01178809255361557,0.011335943825542927,0.010873720981180668,0.010427940636873245,0.010153025388717651,0.009679216891527176,0.009252895601093769,0.008825167082250118,0.008602973073720932,0.008179529570043087,0.007928898558020592,0.007561542093753815,0.007069333456456661,0.00649334117770195,0.006200938485562801,0.005573338828980923,0.005050688050687313,0.004801841452717781,0.004630131646990776,0.004480891861021519,0.0043047452345490456,0.004118414595723152,0.003982138819992542,0.0034737074747681618,0.0033463584259152412,0.002973295748233795,0.0024145040661096573,0.0022284938022494316,0.002056533470749855,0.0019881809130311012,0.0015285881236195564,0.0013657165691256523,0.0010214969515800476,0.0,0.0,0.0,0.0,0.0,0.0,0.0,0.0,0.0,0.0,0.0,0.0,0.0,0.0,0.0,0.21811974793672562
18,0.012497175484895706,0.011859318241477013,0.011696786619722843,0.01139720156788826,0.01119466032832861,0.010792301036417484,0.010347769595682621,0.009910649619996548,0.00877362210303545,0.009059426374733448,0.008679728955030441,0.008275420404970646,0.007913515903055668,0.007474793121218681,0.00690581277012825,0.006524592638015747,0.006091169081628323,0.005476640537381172,0.005073070526123047,0.004945280961692333,0.004483780823647976,0.004323861561715603,0.004222407937049866,0.0038727084174752235,0.0034080054610967636,0.002828657627105713,0.0028540706261992455,0.002381601370871067,0.001980164088308811,0.0014979168772697449,0.001107197254896164,0.0005973931401968002,0.00045129284262657166,0.0,0.0,0.0,0.0,0.0,0.0,0.0,0.0,0.0,0.0,0.0,0.0,0.0,0.0,0.0,0.0,0.0,0.20889799389988184
19,0.01247335970401764,0.012139973230659962,0.011636710725724697,0.011366239748895168,0.011054877191781998,0.010706547647714615,0.01023054402321577,0.009997643530368805,0.00891224853694439,0.009081951342523098,0.008591542951762676,0.00818716362118721,0.007545272819697857,0.007276006042957306,0.006765490397810936,0.006336134858429432,0.005501903593540192,0.005803457461297512,0.0053543346002697945,0.004914324730634689,0.004510187543928623,0.004118919372558594,0.003742494620382786,0.003685731440782547,0.0031100278720259666,0.00273339357227087,0.002866804599761963,0.002329707145690918,0.0021070241928100586,0.002014630474150181,0.0015873098745942116,0.0012179072946310043,0.0006379969418048859,0.0,0.0,0.0,0.0,0.0,0.0,0.0,0.0,0.0,0.0,0.0,0.0,0.0,0.0,0.0,0.0,0.0,0.20853786170482635
20,0.012497073039412498,0.01202694233506918,0.011649089865386486,0.011502167209982872,0.011151093058288097,0.010769386775791645,0.010315090417861938,0.009750371798872948,0.009213999845087528,0.008706431835889816,0.00833863578736782,0.007804131135344505,0.007784956134855747,0.007418826222419739,0.0069746896624565125,0.006451372057199478,0.006223359145224094,0.0060342904180288315,0.005993131548166275,0.00562620535492897,0.005242911167442799,0.004866364412009716,0.0045260293409228325,0.003967988304793835,0.003582020290195942,0.003181351348757744,0.0026562316343188286,0.0024847816675901413,0.0024272138252854347,0.0019597774371504784,0.0018419837579131126,0.001298876479268074,0.0011219307780265808,0.0,0.0,0.0,0.0,0.0,0.0,0.0,0.0,0.0,0.0,0.0,0.0,0.0,0.0,0.0,0.0,0.0,0.2153887040913105
21,0.012220214121043682,0.011827548034489155,0.011538744904100895,0.011097896844148636,0.010734310373663902,0.01038295403122902,0.00944466982036829,0.00966260302811861,0.009189261123538017,0.008708503097295761,0.008299262262880802,0.008046485483646393,0.007622755132615566,0.007364948280155659,0.006830089725553989,0.006112405098974705,0.005945553071796894,0.005577677860856056,0.00504620186984539,0.004957887344062328,0.004453267902135849,0.00424935482442379,0.00407633651047945,0.003999694250524044,0.003575894981622696,0.0031625134870409966,0.0027655111625790596,0.0023224465548992157,0.0019277408719062805,0.0015094541013240814,0.0012901108711957932,0.000627417117357254,0.0,0.0,0.0,0.0,0.0,0.0,0.0,0.0,0.0,0.0,0.0,0.0,0.0,0.0,0.0,0.0,0.0,0.0,0.20456971414387226
22,0.012240060605108738,0.011754385195672512,0.011463068425655365,0.011285543441772461,0.01094871386885643,0.01047071348875761,0.00991531740874052,0.009495407342910767,0.008902570232748985,0.008888502605259418,0.008321176283061504,0.008253773674368858,0.007722659036517143,0.007442125119268894,0.007455849088728428,0.0068852249532938,0.006792821921408176,0.006627929396927357,0.006450973451137543,0.005942601710557938,0.005757469683885574,0.005553438328206539,0.005405334755778313,0.0053122080862522125,0.0,0.0,0.0,0.0,0.0,0.0,0.0,0.0,0.0,0.0,0.0,0.0,0.0,0.0,0.0,0.0,0.0,0.0,0.0,0.0,0.0,0.0,0.0,0.0,0.0,0.0,0.1992878681048751
23,0.012252682819962502,0.011778375133872032,0.011652794666588306,0.011265004053711891,0.010739784687757492,0.009953035973012447,0.008713508024811745,0.009595532901585102,0.009055150672793388,0.008783573284745216,0.008442983031272888,0.008033470250666142,0.007538282312452793,0.007060645148158073,0.006606368348002434,0.006325859576463699,0.005952094681560993,0.005448903888463974,0.0050917379558086395,0.004728501662611961,0.004236120730638504,0.00367868784815073,0.0034905755892395973,0.0034507913514971733,0.0029875943437218666,0.002511073835194111,0.002532694488763809,0.001971564255654812,0.0014786217361688614,0.00141177698969841,0.001006443053483963,0.0003983406350016594,0.0,0.0,0.0,0.0,0.0,0.0,0.0,0.0,0.0,0.0,0.0,0.0,0.0,0.0,0.0,0.0,0.0,0.0,0.19817257393151522
24,0.012190362438559532,0.01178673468530178,0.011615638621151447,0.011239658109843731,0.010895236395299435,0.010560727678239346,0.010151113383471966,0.009866416454315186,0.009358363226056099,0.008927527815103531,0.008374946191906929,0.00802646204829216,0.007439170964062214,0.0071492986753582954,0.00665250513702631,0.006339072249829769,0.005938619375228882,0.005329311825335026,0.004766831174492836,0.004795814864337444,0.004229151643812656,0.004194281063973904,0.0037794746458530426,0.0034611206501722336,0.0030544064939022064,0.0025569070130586624,0.002130023203790188,0.001737501472234726,0.0013519786298274994,0.0009585469961166382,0.0003745872527360916,0.0,0.0,0.0,0.0,0.0,0.0,0.0,0.0,0.0,0.0,0.0,0.0,0.0,0.0,0.0,0.0,0.0,0.0,0.0,0.19923179037868977
25,0.012205824255943298,0.011953933164477348,0.011566871777176857,0.011218253523111343,0.011019211262464523,0.010529239661991596,0.010243600234389305,0.009747017174959183,0.009368807077407837,0.008990943431854248,0.008566689677536488,0.008041998371481895,0.007482626475393772,0.007161586545407772,0.006601962260901928,0.006029883399605751,0.006005430594086647,0.0055794790387153625,0.005244167521595955,0.00478020217269659,0.004250694997608662,0.00413117092102766,0.004005009308457375,0.003694230690598488,0.0029585808515548706,0.002757543697953224,0.0023375703021883965,0.001815997064113617,0.0018696822226047516,0.0013810032978653908,0.0009193243458867073,0.0003618737682700157,0.0,0.0,0.0,0.0,0.0,0.0,0.0,0.0,0.0,0.0,0.0,0.0,0.0,0.0,0.0,0.0,0.0,0.0,0.20282040908932686
26,0.012558969669044018,0.011994767934083939,0.011711920611560345,0.011430582031607628,0.010992980562150478,0.01047908142209053,0.010278244502842426,0.009827188216149807,0.009376059286296368,0.008909917436540127,0.008286266587674618,0.008085592649877071,0.007888689637184143,0.007492980919778347,0.007112359628081322,0.006735828705132008,0.006243468262255192,0.005805468186736107,0.005506355315446854,0.005252957344055176,0.004629341885447502,0.004115846939384937,0.003613765351474285,0.0030965711921453476,0.002895798534154892,0.0028006769716739655,0.0023953812196850777,0.001963120885193348,0.0015707006677985191,0.0011532744392752647,0.0006231879815459251,0.00045190751552581787,0.0,0.0,0.0,0.0,0.0,0.0,0.0,0.0,0.0,0.0,0.0,0.0,0.0,0.0,0.0,0.0,0.0,0.0,0.20527925249189138
27,0.012451814487576485,0.012017530389130116,0.011598789133131504,0.011355425231158733,0.011067306622862816,0.010533716529607773,0.010152709670364857,0.00984850712120533,0.009542922489345074,0.009114920161664486,0.008838706649839878,0.008357926271855831,0.00783044658601284,0.007323808036744595,0.006947807036340237,0.006551722995936871,0.006132889539003372,0.00578997191041708,0.005379064939916134,0.0049263713881373405,0.004439392127096653,0.004024877212941647,0.0036012912169098854,0.0031738337129354477,0.0027901483699679375,0.002453809604048729,0.0019098836928606033,0.0017177946865558624,0.0014804601669311523,0.0012532677501440048,0.0010403068736195564,0.0009356895461678505,0.0004688575863838196,0.0,0.0,0.0,0.0,0.0,0.0,0.0,0.0,0.0,0.0,0.0,0.0,0.0,0.0,0.0,0.0,0.0,0.2050519697368145
28,0.012587472796440125,0.011980106122791767,0.011662719771265984,0.011332225054502487,0.01097297202795744,0.009737449698150158,0.010060249827802181,0.009615950286388397,0.009378872811794281,0.008894034661352634,0.008384265936911106,0.008206132799386978,0.007716182619333267,0.007501528598368168,0.007019932381808758,0.006388526409864426,0.005874091759324074,0.005389402620494366,0.00522636529058218,0.005097442306578159,0.004864976741373539,0.004831091500818729,0.004039030522108078,0.003851558081805706,0.0037672482430934906,0.0032835351303219795,0.0032237181439995766,0.0027267010882496834,0.0022479677572846413,0.002035600133240223,0.002031516283750534,0.001549302600324154,0.00113663449883461,0.0005526943132281303,0.00033004023134708405,0.0,0.0,0.0,0.0,0.0,0.0,0.0,0.0,0.0,0.0,0.0,0.0,0.0,0.0,0.0,0.2134975390508771
29,0.01272993441671133,0.011986630037426949,0.011618617922067642,0.011289048939943314,0.01094724703580141,0.010489017702639103,0.010070946998894215,0.009685680270195007,0.011411687359213829,0.00898786261677742,0.008758626878261566,0.008083359338343143,0.007507845759391785,0.0071026114746928215,0.0066903214901685715,0.006523655727505684,0.006172375753521919,0.00584790576249361,0.005371288396418095,0.004873299039900303,0.004711838439106941,0.004460537806153297,0.004037860780954361,0.0035668276250362396,0.003067874349653721,0.002916336990892887,0.002503054216504097,0.0021133311092853546,0.001630016602575779,0.0011763432994484901,0.0010622525587677956,0.0006135907024145126,0.0,0.0,0.0,0.0,0.0,0.0,0.0,0.0,0.0,0.0,0.0,0.0,0.0,0.0,0.0,0.0,0.0,0.0,0.2080078274011612
30,0.01245367806404829,0.012003889307379723,0.011759614571928978,0.011369799263775349,0.011136566288769245,0.010864155367016792,0.010489191859960556,0.010037174448370934,0.009649924002587795,0.009232193231582642,0.008703865110874176,0.008132455870509148,0.007771573960781097,0.00731679517775774,0.006700832396745682,0.006581289693713188,0.006125146523118019,0.005722275003790855,0.0051894281059503555,0.004790768027305603,0.004294003359973431,0.004217834211885929,0.0037672342732548714,0.003395598381757736,0.0027875667437911034,0.0025307927280664444,0.0021712807938456535,0.0016538314521312714,0.0015225596725940704,0.0011076238006353378,0.0005993256345391273,0.0003849901258945465,0.0,0.0,0.0,0.0,0.0,0.0,0.0,0.0,0.0,0.0,0.0,0.0,0.0,0.0,0.0,0.0,0.0,0.0,0.2044632574543357
31,0.01219964399933815,0.011731612496078014,0.011598646640777588,0.011310741305351257,0.010811763815581799,0.010333016514778137,0.00861822348088026,0.009544659405946732,0.00918165035545826,0.008846418000757694,0.008523739874362946,0.008065826259553432,0.007560349069535732,0.007141272537410259,0.006495295092463493,0.0064667221158742905,0.006101945415139198,0.005475911311805248,0.005420144647359848,0.005138495936989784,0.004640125669538975,0.004068764857947826,0.003974325023591518,0.0036551672965288162,0.003263510763645172,0.0026912251487374306,0.0025986209511756897,0.0020813699811697006,0.0020443610846996307,0.0014888672158122063,0.0012849634513258934,0.0011723972856998444,0.0006414325907826424,0.0003545572981238365,0.0,0.0,0.0,0.0,0.0,0.0,0.0,0.0,0.0,0.0,0.0,0.0,0.0,0.0,0.0,0.0,0.2045257668942213
32,0.012143574655056,0.011733850464224815,0.011534109711647034,0.011211338452994823,0.010026328265666962,0.010278015397489071,0.009975851513445377,0.0113171162083745,0.009285439737141132,0.008744786493480206,0.008298859000205994,0.00800104346126318,0.007526514120399952,0.006857971660792828,0.006568632088601589,0.006145045161247253,0.005735918879508972,0.005435437895357609,0.00501727219671011,0.004604998044669628,0.004024381749331951,0.0036620646715164185,0.0035596340894699097,0.003179914318025112,0.0027792714536190033,0.0023522069677710533,0.0019605373963713646,0.0015319744125008583,0.0011656172573566437,0.0006865505129098892,0.0,0.0,0.0,0.0,0.0,0.0,0.0,0.0,0.0,0.0,0.0,0.0,0.0,0.0,0.0,0.0,0.0,0.0,0.0,0.0,0.19534425623714924
33,0.012145450338721275,0.011892111971974373,0.01157021801918745,0.011254877783358097,0.010856786742806435,0.01044492982327938,0.008125435560941696,0.009552059695124626,0.00898764654994011,0.008464176207780838,0.008580122143030167,0.008220476098358631,0.00771017000079155,0.007289079017937183,0.006905421614646912,0.006689346395432949,0.006195178255438805,0.005685809068381786,0.005185895599424839,0.00483672134578228,0.0044427234679460526,0.004116345196962357,0.0036337310448288918,0.0031132716685533524,0.0028406940400600433,0.002396044321358204,0.0019748564809560776,0.0016193166375160217,0.0011307736858725548,0.0006072698161005974,0.0003499239683151245,0.0,0.0,0.0,0.0,0.0,0.0,0.0,0.0,0.0,0.0,0.0,0.0,0.0,0.0,0.0,0.0,0.0,0.0,0.0,0.19681686256080866
34,0.01222839206457138,0.0117506617680192,0.011535542085766792,0.011177947744727135,0.010836029425263405,0.010417714715003967,0.009373044595122337,0.009610050357878208,0.009168007411062717,0.008945027366280556,0.008514845743775368,0.00814339704811573,0.007503899745643139,0.007235935889184475,0.006935209035873413,0.006607427261769772,0.006050256080925465,0.005409758538007736,0.0052161915227770805,0.004647102206945419,0.00416942872107029,0.00369107723236084,0.003556361421942711,0.003153640776872635,0.0028750570490956306,0.0024254005402326584,0.002040186896920204,0.0015705935657024384,0.0010385597124695778,0.0009663300588726997,0.00037615280598402023,0.0,0.0,0.0,0.0,0.0,0.0,0.0,0.0,0.0,0.0,0.0,0.0,0.0,0.0,0.0,0.0,0.0,0.0,0.0,0.197169229388237
35,0.012219562195241451,0.011691562831401825,0.011569932103157043,0.011280858889222145,0.010902177542448044,0.010390195064246655,0.010201721452176571,0.009885933250188828,0.00936841405928135,0.008971397764980793,0.00848077330738306,0.008054433390498161,0.007524407468736172,0.007139959372580051,0.006540059112012386,0.006341388449072838,0.005932211875915527,0.005309742875397205,0.0048406291753053665,0.004820141941308975,0.0042730411514639854,0.004231334663927555,0.0037616249173879623,0.0034887082874774933,0.003087078221142292,0.002491840161383152,0.0020220205187797546,0.0017284983769059181,0.001320667564868927,0.0009135128930211067,0.0003647664561867714,0.0,0.0,0.0,0.0,0.0,0.0,0.0,0.0,0.0,0.0,0.0,0.0,0.0,0.0,0.0,0.0,0.0,0.0,0.0,0.19914859533309937
36,0.012461923062801361,0.012084761634469032,0.011712443083524704,0.011381596326828003,0.011067718267440796,0.010631559416651726,0.010231971740722656,0.009820464067161083,0.00961615052074194,0.009242800064384937,0.008690173737704754,0.00828576274216175,0.007807436399161816,0.007314903661608696,0.006878415122628212,0.006482245400547981,0.0059729814529418945,0.005792622454464436,0.005365902557969093,0.004592342302203178,0.004591603763401508,0.004111321642994881,0.003961040638387203,0.0036271875724196434,0.0032727913931012154,0.002770070917904377,0.0023101242259144783,0.0020542116835713387,0.0020373212173581123,0.001655573956668377,0.0012147538363933563,0.0007075900211930275,0.0,0.0,0.0,0.0,0.0,0.0,0.0,0.0,0.0,0.0,0.0,0.0,0.0,0.0,0.0,0.0,0.0,0.0,0.20774776488542557
37,0.012418670579791069,0.011957102455198765,0.011616253294050694,0.011382588185369968,0.011023787781596184,0.0106929587200284,0.010214509442448616,0.0099959596991539,0.009548375383019447,0.008276684209704399,0.008677203208208084,0.00818790215998888,0.0077690426260232925,0.0072001563385128975,0.006888490170240402,0.0064941756427288055,0.006105328910052776,0.005733596161007881,0.005428002215921879,0.004984915256500244,0.004526911303400993,0.0038876738399267197,0.0038456013426184654,0.0033395327627658844,0.003155871294438839,0.0028917351737618446,0.002808026969432831,0.002380654215812683,0.002057344652712345,0.0015495335683226585,0.0010280134156346321,0.0009774984791874886,0.00038816314190626144,0.0,0.0,0.0,0.0,0.0,0.0,0.0,0.0,0.0,0.0,0.0,0.0,0.0,0.0,0.0,0.0,0.0,0.20743226259946823
38,0.012395650148391724,0.012024576775729656,0.011655859649181366,0.011349820531904697,0.011054961010813713,0.010580354370176792,0.010187238454818726,0.009990322403609753,0.00945742055773735,0.009116786532104015,0.008506817743182182,0.008149625733494759,0.0077231526374816895,0.007287999615073204,0.006980004720389843,0.006546659395098686,0.0062090251594781876,0.005804341286420822,0.0052292319014668465,0.004904088564217091,0.00433376245200634,0.003949074074625969,0.003464755602180958,0.0033448347821831703,0.0029558055102825165,0.002600381150841713,0.002193423919379711,0.0016088346019387245,0.0014479411765933037,0.0015178536996245384,0.0010073855519294739,0.00031044986099004745,0.0,0.0,0.0,0.0,0.0,0.0,0.0,0.0,0.0,0.0,0.0,0.0,0.0,0.0,0.0,0.0,0.0,0.0,0.20388843957334757
39,0.012428089044988155,0.011926304548978806,0.01161850057542324,0.011376683600246906,0.011062294244766235,0.010718537494540215,0.010175172239542007,0.009984512813389301,0.00967591255903244,0.009087838232517242,0.008790116757154465,0.008388923481106758,0.007915129885077477,0.007455740123987198,0.007023455575108528,0.006618439219892025,0.006135653704404831,0.0056377919390797615,0.005169832147657871,0.00468168780207634,0.004480527713894844,0.004330247640609741,0.004014100879430771,0.0036974893882870674,0.0031991340219974518,0.00280804093927145,0.0023473044857382774,0.0019346270710229874,0.001539314165711403,0.0011941371485590935,0.0005867471918463707,0.0004339553415775299,0.0,0.0,0.0,0.0,0.0,0.0,0.0,0.0,0.0,0.0,0.0,0.0,0.0,0.0,0.0,0.0,0.0,0.0,0.2064362419769168
40,0.012507179751992226,0.01205168291926384,0.01165369339287281,0.011352241039276123,0.010902888141572475,0.010445448569953442,0.010164657607674599,0.009552860632538795,0.009256652556359768,0.00891753751784563,0.008645063266158104,0.008472742512822151,0.007941223680973053,0.007349223829805851,0.006918112747371197,0.0065291086211800575,0.006104886531829834,0.005624265410006046,0.0052006784826517105,0.004634702578186989,0.0044928984716534615,0.004250038415193558,0.004135544411838055,0.003757304511964321,0.003327888436615467,0.002971930429339409,0.002594270743429661,0.00223615113645792,0.0017177406698465347,0.0012250440195202827,0.0009614955633878708,0.0005793040618300438,0.00043090619146823883,0.0,0.0,0.0,0.0,0.0,0.0,0.0,0.0,0.0,0.0,0.0,0.0,0.0,0.0,0.0,0.0,0.0,0.20690536685287952
41,0.012183845043182373,0.01178410742431879,0.011577869765460491,0.011314612813293934,0.010762836784124374,0.010384561493992805,0.010015953332185745,0.009565777145326138,0.009129952639341354,0.008897323161363602,0.008436146192252636,0.00800355989485979,0.007615898735821247,0.007124271243810654,0.006643217988312244,0.006386483088135719,0.005804939195513725,0.005507062189280987,0.004968702793121338,0.004584417678415775,0.004037585109472275,0.0039105406031012535,0.0035178838297724724,0.0031621214002370834,0.002611030824482441,0.002418878488242626,0.002180066891014576,0.0019700899720191956,0.001976137049496174,0.0015118168666958809,0.0011112987995147705,0.0006904695183038712,0.0,0.0,0.0,0.0,0.0,0.0,0.0,0.0,0.0,0.0,0.0,0.0,0.0,0.0,0.0,0.0,0.0,0.0,0.19978945795446634
42,0.012222575023770332,0.01172490231692791,0.011537501588463783,0.011155812069773674,0.010841378010809422,0.010453272610902786,0.010103998705744743,0.00968258548527956,0.00938477460294962,0.008849126286804676,0.007785632275044918,0.00796123594045639,0.007463916204869747,0.006869315169751644,0.006724829785525799,0.006377118639647961,0.0058362046256661415,0.00566505454480648,0.005430259741842747,0.005342629738152027,0.005050147883594036,0.004497218877077103,0.0044685350731015205,0.003911664709448814,0.0036716852337121964,0.003132632002234459,0.0026446012780070305,0.00239646527916193,0.0022796187549829483,0.0018681809306144714,0.0015436569228768349,0.0011509014293551445,0.0007307268679141998,0.0,0.0,0.0,0.0,0.0,0.0,0.0,0.0,0.0,0.0,0.0,0.0,0.0,0.0,0.0,0.0,0.0,0.20875815860927105
43,0.012223509140312672,0.011820665560662746,0.011659959331154823,0.011366141960024834,0.010754138231277466,0.010377278551459312,0.009907214902341366,0.009623359888792038,0.009062717668712139,0.008875534869730473,0.008417084813117981,0.008046460337936878,0.0075182123109698296,0.007001621648669243,0.006556631997227669,0.006402675993740559,0.0059322454035282135,0.005495589226484299,0.004939627833664417,0.004513985477387905,0.004012375138700008,0.004066404886543751,0.0035563139244914055,0.003210540860891342,0.0026470739394426346,0.0024160416796803474,0.0022875070571899414,0.0019603241235017776,0.0015685763210058212,0.0011599930003285408,0.0005909502506256104,0.00035155098885297775,0.0,0.0,0.0,0.0,0.0,0.0,0.0,0.0,0.0,0.0,0.0,0.0,0.0,0.0,0.0,0.0,0.0,0.0,0.19832230731844902
44,0.012292626313865185,0.011862726882100105,0.011592400260269642,0.011294487863779068,0.010931740514934063,0.010481061413884163,0.010092032141983509,0.009659827686846256,0.009111305698752403,0.00885681714862585,0.008531365543603897,0.007988887839019299,0.007525745779275894,0.007005105726420879,0.006682340055704117,0.006104515865445137,0.005976441316306591,0.005650009028613567,0.005247734487056732,0.004890524782240391,0.0044026123359799385,0.003887058235704899,0.003884725272655487,0.0034403614699840546,0.0028917184099555016,0.002763248048722744,0.002249111421406269,0.002038506790995598,0.0019834181293845177,0.0015449700877070427,0.0011187773197889328,0.0006809597834944725,0.0,0.0,0.0,0.0,0.0,0.0,0.0,0.0,0.0,0.0,0.0,0.0,0.0,0.0,0.0,0.0,0.0,0.0,0.2026631636545062
45,0.012248188257217407,0.01179512683302164,0.01171992439776659,0.011276345700025558,0.010818799957633018,0.010418917052447796,0.010019468143582344,0.009648012928664684,0.00936334952712059,0.008762866258621216,0.0083886394277215,0.007928797043859959,0.007654435932636261,0.0073277391493320465,0.006842159666121006,0.006213182583451271,0.00587721262127161,0.005538532510399818,0.005057577975094318,0.004509848542511463,0.004288380965590477,0.003864067606627941,0.003415497951209545,0.002984798513352871,0.002722928300499916,0.002285418100655079,0.0018075443804264069,0.001267189159989357,0.0009211208671331406,0.00045249704271554947,0.0,0.0,0.0,0.0,0.0,0.0,0.0,0.0,0.0,0.0,0.0,0.0,0.0,0.0,0.0,0.0,0.0,0.0,0.0,0.0,0.19541856739670038
46,0.012507702223956585,0.012013335712254047,0.011664974503219128,0.011523625813424587,0.011263283900916576,0.010608797892928123,0.01032909657806158,0.009857063181698322,0.009645219892263412,0.009197549894452095,0.008623856119811535,0.00805143266916275,0.00788186676800251,0.007592968642711639,0.00713016651570797,0.006661718711256981,0.006144513376057148,0.005669084377586842,0.005060525611042976,0.005014999769628048,0.004532831721007824,0.004462005570530891,0.004111365415155888,0.0037165582180023193,0.00320491474121809,0.002688460983335972,0.0025948146358132362,0.0020431624725461006,0.0019022338092327118,0.0015067663043737411,0.001048956997692585,0.0008617276325821877,0.000699630007147789,0.0,0.0,0.0,0.0,0.0,0.0,0.0,0.0,0.0,0.0,0.0,0.0,0.0,0.0,0.0,0.0,0.0,0.2098152106627822
47,0.01259214710444212,0.012054001912474632,0.01172209344804287,0.011426061391830444,0.011171896941959858,0.010753204114735126,0.01024897675961256,0.009907680563628674,0.00940432958304882,0.008898420259356499,0.008632538840174675,0.008021443150937557,0.007700289599597454,0.007268101908266544,0.0068473247811198235,0.006432042457163334,0.006062996573746204,0.005819251760840416,0.005330218002200127,0.0050100721418857574,0.004644998349249363,0.004091194830834866,0.0037342477589845657,0.0032688379287719727,0.0028121313080191612,0.0022909268736839294,0.0021479735150933266,0.001651570200920105,0.001553993672132492,0.0011381972581148148,0.0006951866671442986,0.0,0.0,0.0,0.0,0.0,0.0,0.0,0.0,0.0,0.0,0.0,0.0,0.0,0.0,0.0,0.0,0.0,0.0,0.0,0.2033323496580124
48,0.012535988353192806,0.011945514008402824,0.011713791638612747,0.011591773480176926,0.01117654424160719,0.010772313922643661,0.010225730948150158,0.010079380124807358,0.009545214474201202,0.00898662954568863,0.008822650648653507,0.00838546920567751,0.007916492410004139,0.007481848821043968,0.00682451855391264,0.006898585706949234,0.0062808385118842125,0.0057583218440413475,0.005167484283447266,0.004818737506866455,0.004469132050871849,0.004013772122561932,0.003451974131166935,0.003247814252972603,0.0030366303399205208,0.0029651066288352013,0.0025339750573039055,0.0020187143236398697,0.001785040833055973,0.0014942027628421783,0.0011340035125613213,0.0005768239498138428,0.00038711633533239365,0.0,0.0,0.0,0.0,0.0,0.0,0.0,0.0,0.0,0.0,0.0,0.0,0.0,0.0,0.0,0.0,0.0,0.2080421345308423
49,0.01249069906771183,0.012026292271912098,0.011582798324525356,0.011368317529559135,0.011029870249330997,0.010491759516298771,0.010082286782562733,0.009750880300998688,0.009213848039507866,0.008841782808303833,0.008195319212973118,0.00832459982484579,0.008003925904631615,0.0076727475970983505,0.00706351175904274,0.006628044880926609,0.00605569314211607,0.005854085087776184,0.0057692816480994225,0.00541326217353344,0.004870918579399586,0.0047461120411753654,0.004331678152084351,0.003982204012572765,0.003094480372965336,0.002916155382990837,0.0027066441252827644,0.0022423071786761284,0.0020365770906209946,0.0020381230860948563,0.001513153314590454,0.001002623699605465,0.0009019626304507256,0.0004490138962864876,0.0,0.0,0.0,0.0,0.0,0.0,0.0,0.0,0.0,0.0,0.0,0.0,0.0,0.0,0.0,0.0,0.21269095968455076
50,0.012581498362123966,0.011895215138792992,0.011656586080789566,0.011424962431192398,0.011053917929530144,0.010786697268486023,0.010083924047648907,0.009729394689202309,0.009218052960932255,0.009133590385317802,0.007566729560494423,0.0064178938046097755,0.0057831620797514915,0.0,0.0,0.0,0.0,0.0,0.0,0.0,0.0,0.0,0.0,0.0,0.0,0.0,0.0,0.0,0.0,0.0,0.0,0.0,0.0,0.0,0.0,0.0,0.0,0.0,0.0,0.0,0.0,0.0,0.0,0.0,0.0,0.0,0.0,0.0,0.0,0.0,0.12733162473887205
51,0.012193824164569378,0.011841101571917534,0.011650241911411285,0.011318350210785866,0.010787837207317352,0.0104081891477108,0.009959166869521141,0.009625609964132309,0.009266501292586327,0.008714689873158932,0.008323085494339466,0.007872527465224266,0.007524712011218071,0.007138092070817947,0.006641242653131485,0.005687352269887924,0.0058525968343019485,0.005462911911308765,0.005344287492334843,0.0050076814368367195,0.004450214095413685,0.004334605298936367,0.004013253375887871,0.003522000275552273,0.0030423207208514214,0.0028752703219652176,0.0027075838297605515,0.00250921119004488,0.002313113771378994,0.0021966639906167984,0.0018087178468704224,0.001384606584906578,0.0008269278332591057,0.0006256066262722015,0.0,0.0,0.0,0.0,0.0,0.0,0.0,0.0,0.0,0.0,0.0,0.0,0.0,0.0,0.0,0.0,0.20723009761422873
52,0.01216541975736618,0.011813482269644737,0.011542058549821377,0.011194158345460892,0.0099736163392663,0.010509166866540909,0.009975749999284744,0.009690604172647,0.008111304603517056,0.008891833014786243,0.00831734947860241,0.007847316563129425,0.007359635084867477,0.006906919181346893,0.006443306803703308,0.006359499879181385,0.0060491133481264114,0.005611700005829334,0.005177424289286137,0.00468992255628109,0.004513307474553585,0.004293275065720081,0.004092205315828323,0.003919642418622971,0.0037362277507781982,0.003647187724709511,0.0032388372346758842,0.0027502113953232765,0.0023250067606568336,0.002067277207970619,0.0018841074779629707,0.0017309198155999184,0.001643824391067028,0.0012249508872628212,0.000676427036523819,0.0003045368939638138,0.0,0.0,0.0,0.0,0.0,0.0,0.0,0.0,0.0,0.0,0.0,0.0,0.0,0.0,0.21067752595990896
53,0.012181209400296211,0.011736313812434673,0.011464540846645832,0.011136543937027454,0.010839981958270073,0.01051178015768528,0.010223343968391418,0.00991689320653677,0.009324777871370316,0.00890202634036541,0.008508799597620964,0.00817495584487915,0.007538892328739166,0.006969998590648174,0.006406325846910477,0.006184426136314869,0.006040369160473347,0.005860317498445511,0.004883382469415665,0.005757275968790054,0.005369805730879307,0.004965084604918957,0.004544377326965332,0.004173307679593563,0.0037247221916913986,0.0031794914975762367,0.0027880417183041573,0.002292540855705738,0.0021844245493412018,0.001787017099559307,0.0012133345007896423,0.0010388502851128578,0.0008362568914890289,0.0006544142961502075,0.00030627287924289703,0.0,0.0,0.0,0.0,0.0,0.0,0.0,0.0,0.0,0.0,0.0,0.0,0.0,0.0,0.0,0.21162009704858065
54,0.012149350717663765,0.011668986640870571,0.011433415114879608,0.011148808524012566,0.010715891607105732,0.010508676990866661,0.010352992452681065,0.009736957959830761,0.00930847693234682,0.008761117234826088,0.008353538811206818,0.007807609625160694,0.007312174886465073,0.0069085294380784035,0.006896509788930416,0.0064524197950959206,0.006126439198851585,0.0055493321269750595,0.00513616856187582,0.004735748283565044,0.004257657565176487,0.004070522263646126,0.003962567076086998,0.0035006310790777206,0.003361748531460762,0.002979951910674572,0.0025594569742679596,0.0021429602056741714,0.0016552368178963661,0.0015618912875652313,0.0010453946888446808,0.0008368035778403282,0.000706186518073082,0.0,0.0,0.0,0.0,0.0,0.0,0.0,0.0,0.0,0.0,0.0,0.0,0.0,0.0,0.0,0.0,0.0,0.20370415318757296
55,0.01230400986969471,0.011822778731584549,0.010780692100524902,0.011122539639472961,0.010749383829534054,0.010390878655016422,0.009922495111823082,0.009622273035347462,0.009259450249373913,0.00895671546459198,0.008625412359833717,0.008120160549879074,0.007820376195013523,0.007353262975811958,0.006924188695847988,0.0063767265528440475,0.005909872241318226,0.005380298011004925,0.004883121699094772,0.004869531840085983,0.004319541156291962,0.003821222111582756,0.003678404726088047,0.0035380078479647636,0.003264261409640312,0.002847658470273018,0.0024415142834186554,0.0021385876461863518,0.0016991635784506798,0.0011577242985367775,0.0007302332669496536,0.0,0.0,0.0,0.0,0.0,0.0,0.0,0.0,0.0,0.0,0.0,0.0,0.0,0.0,0.0,0.0,0.0,0.0,0.0,0.20083048660308123
56,0.01257464662194252,0.011979859322309494,0.011625401675701141,0.011393189430236816,0.011225216090679169,0.010751535184681416,0.010264990851283073,0.01000179722905159,0.008883848786354065,0.009357858449220657,0.008987896144390106,0.00843440368771553,0.007746626622974873,0.007407329976558685,0.006913972087204456,0.006417067721486092,0.00591720174998045,0.005537405610084534,0.005182056687772274,0.004841512069106102,0.004486832767724991,0.004096237942576408,0.0037077441811561584,0.0032268138602375984,0.002798791043460369,0.0024547241628170013,0.0019280612468719482,0.0014414610341191292,0.0012145508080720901,0.0010270671918988228,0.0008135801181197166,0.000632166862487793,0.00037517305463552475,0.0,0.0,0.0,0.0,0.0,0.0,0.0,0.0,0.0,0.0,0.0,0.0,0.0,0.0,0.0,0.0,0.0,0.2036470202729106
57,0.01264145877212286,0.01199810765683651,0.01172616146504879,0.011297459714114666,0.011062057688832283,0.010711664333939552,0.010505705140531063,0.010099448263645172,0.009770817123353481,0.009263676591217518,0.008621430024504662,0.008296852931380272,0.007946697063744068,0.007470092736184597,0.00688172597438097,0.0062558613717556,0.006029891781508923,0.0059399958699941635,0.00547685194760561,0.004777219146490097,0.004667825996875763,0.0044499346986413,0.004043198190629482,0.0035903314128518105,0.0030758511275053024,0.002672981470823288,0.0023296810686588287,0.0019318042322993279,0.0015564346686005592,0.0012027136981487274,0.0005854330956935883,0.00037535279989242554,0.0,0.0,0.0,0.0,0.0,0.0,0.0,0.0,0.0,0.0,0.0,0.0,0.0,0.0,0.0,0.0,0.0,0.0,0.20725471805781126
58,0.01243551541119814,0.01195537205785513,0.011614330112934113,0.011327553540468216,0.011007114313542843,0.01062827743589878,0.010202440433204174,0.00984250009059906,0.009418544359505177,0.008918419480323792,0.008387982845306396,0.007984035648405552,0.007434746250510216,0.007431376725435257,0.0069262925535440445,0.006651692092418671,0.006071595475077629,0.0057677170261740685,0.00517974141985178,0.005197565071284771,0.004830426536500454,0.004462809301912785,0.004107748158276081,0.003585134632885456,0.0030916957184672356,0.0028602853417396545,0.0027658184990286827,0.0021727634593844414,0.0020407605916261673,0.0015855338424444199,0.0012097973376512527,0.0007137665525078773,0.0,0.0,0.0,0.0,0.0,0.0,0.0,0.0,0.0,0.0,0.0,0.0,0.0,0.0,0.0,0.0,0.0,0.0,0.20780935231596231
59,0.012501901015639305,0.012037222273647785,0.011722114868462086,0.011377822607755661,0.011043778620660305,0.010582312010228634,0.010302246548235416,0.009853716939687729,0.009290759451687336,0.008763236925005913,0.00845182966440916,0.008001605048775673,0.007761393673717976,0.007189375348389149,0.006861136294901371,0.006508725695312023,0.006095096468925476,0.00547554437071085,0.004890194162726402,0.004639959894120693,0.004424812272191048,0.004433521069586277,0.003958610817790031,0.003605000674724579,0.003189314156770706,0.0028058113530278206,0.0022402480244636536,0.0020798807963728905,0.0019449042156338692,0.0015346342697739601,0.001112319529056549,0.0005844039842486382,0.0004280824214220047,0.0,0.0,0.0,0.0,0.0,0.0,0.0,0.0,0.0,0.0,0.0,0.0,0.0,0.0,0.0,0.0,0.0,0.20569151546806097
60,0.012549510225653648,0.011942385695874691,0.01167621836066246,0.011334502138197422,0.011190484277904034,0.010665848851203918,0.010201727971434593,0.009979347698390484,0.009520179592072964,0.008886163122951984,0.008555055595934391,0.008108685724437237,0.007632016204297543,0.007150838151574135,0.006785642355680466,0.0062509505078196526,0.006025405600667,0.005842398852109909,0.005703008733689785,0.005676074884831905,0.005231372080743313,0.004951945506036282,0.004392474889755249,0.003873988054692745,0.0036463579162955284,0.0035508275032043457,0.0032349005341529846,0.002721373923122883,0.002424224279820919,0.0019459910690784454,0.001543194055557251,0.001125594601035118,0.0006887903437018394,0.0,0.0,0.0,0.0,0.0,0.0,0.0,0.0,0.0,0.0,0.0,0.0,0.0,0.0,0.0,0.0,0.0,0.21500747930258512
61,0.01224273070693016,0.011800164356827736,0.01148269884288311,0.011143923737108707,0.010800094343721867,0.010356985032558441,0.010009435936808586,0.009793690405786037,0.009278640151023865,0.009067603386938572,0.008552496321499348,0.007974496111273766,0.007496482692658901,0.0069069890305399895,0.006734688766300678,0.00653036218136549,0.006452316418290138,0.005995456129312515,0.00551871582865715,0.005391265265643597,0.0052663786336779594,0.004877745173871517,0.0043496498838067055,0.004145991988480091,0.0039185648784041405,0.003723801113665104,0.0035399608314037323,0.003430267795920372,0.003030220977962017,0.0025635678321123123,0.002485881559550762,0.0019459351897239685,0.0017382372170686722,0.0015520472079515457,0.0,0.0,0.0,0.0,0.0,0.0,0.0,0.0,0.0,0.0,0.0,0.0,0.0,0.0,0.0,0.0,0.22009748592972755
62,0.012183633632957935,0.011760528199374676,0.011610325425863266,0.01138992141932249,0.010735556483268738,0.010392186231911182,0.01002920139580965,0.009560300037264824,0.00930908601731062,0.008807905949652195,0.008300462737679482,0.00783797912299633,0.007234721444547176,0.007289864122867584,0.006461450830101967,0.006568649783730507,0.006128896027803421,0.005452441982924938,0.005242852494120598,0.00530506856739521,0.004870722070336342,0.004375021904706955,0.0038794605061411858,0.003776839002966881,0.0033699097111821175,0.002898971550166607,0.0026843883097171783,0.002470443956553936,0.002385120838880539,0.002005400136113167,0.0014554280787706375,0.0014826292172074318,0.0008229007944464684,0.0006694803014397621,0.000311046838760376,0.0,0.0,0.0,0.0,0.0,0.0,0.0,0.0,0.0,0.0,0.0,0.0,0.0,0.0,0.0,0.20905879512429237
63,0.012192809954285622,0.01169947162270546,0.011554239317774773,0.011250868439674377,0.010786344297230244,0.01042291708290577,0.0098918741568923,0.009543477557599545,0.009171373210847378,0.008443271741271019,0.008456459268927574,0.008140035904943943,0.007064671255648136,0.007283972576260567,0.0067873066291213036,0.006325582042336464,0.005982312373816967,0.005466612055897713,0.005318064242601395,0.004964890889823437,0.004468812607228756,0.0041681816801428795,0.004142008721828461,0.003782985731959343,0.0033947648480534554,0.0028895409777760506,0.002834704704582691,0.0024263300001621246,0.0020845308899879456,0.0016517937183380127,0.0011983206495642662,0.0007147574797272682,0.0,0.0,0.0,0.0,0.0,0.0,0.0,0.0,0.0,0.0,0.0,0.0,0.0,0.0,0.0,0.0,0.0,0.0,0.20450328662991524
64,0.01209553424268961,0.011831109412014484,0.011546299792826176,0.011223326437175274,0.010724836960434914,0.010451585054397583,0.010126784443855286,0.009775619953870773,0.009379819966852665,0.00894858967512846,0.008366587571799755,0.008039893582463264,0.006993034854531288,0.007149474695324898,0.006576939485967159,0.006106396205723286,0.005922489799559116,0.005421480163931847,0.00530636589974165,0.005222020670771599,0.004769409075379372,0.0044678375124931335,0.003903361037373543,0.003418460488319397,0.00334315188229084,0.002947205677628517,0.0025452980771660805,0.0020293807610869408,0.0018436573445796967,0.0017391471192240715,0.0013946415856480598,0.0008795130997896194,0.0006782645359635353,0.0003097802400588989,0.0,0.0,0.0,0.0,0.0,0.0,0.0,0.0,0.0,0.0,0.0,0.0,0.0,0.0,0.0,0.0,0.2054772973060608
65,0.01219465397298336,0.01178089901804924,0.01176817249506712,0.01130136288702488,0.010778553783893585,0.010210974141955376,0.010059037245810032,0.009638265706598759,0.0091806435957551,0.008924861438572407,0.008387578651309013,0.007993803359568119,0.007440808229148388,0.007006408646702766,0.0066117094829678535,0.006058039143681526,0.005952595733106136,0.0057586319744586945,0.005246271379292011,0.005082981660962105,0.004873700439929962,0.004690132103860378,0.004540084861218929,0.00443123746663332,0.003982711583375931,0.0035456987097859383,0.0033681681379675865,0.003305671736598015,0.0029824115335941315,0.0026180678978562355,0.0020183539018034935,0.0018915403634309769,0.0014371797442436218,0.0,0.0,0.0,0.0,0.0,0.0,0.0,0.0,0.0,0.0,0.0,0.0,0.0,0.0,0.0,0.0,0.0,0.215061211027205
66,0.012472686357796192,0.012002700939774513,0.011725468561053276,0.009302640333771706,0.011208521202206612,0.01087678037583828,0.010259361937642097,0.010116483084857464,0.009573095478117466,0.00899554044008255,0.00839314516633749,0.007968875579535961,0.007663415744900703,0.007179855369031429,0.006777777336537838,0.006438305601477623,0.005979793146252632,0.005642514675855637,0.0051530590280890465,0.00480074156075716,0.0043782806023955345,0.004002204164862633,0.003563828766345978,0.003189515322446823,0.0028092581778764725,0.002372127026319504,0.0020712967962026596,0.0015762010589241982,0.0011404240503907204,0.0006964411586523056,0.0,0.0,0.0,0.0,0.0,0.0,0.0,0.0,0.0,0.0,0.0,0.0,0.0,0.0,0.0,0.0,0.0,0.0,0.0,0.0,0.1983303390443325
67,0.012562092393636703,0.012076211161911488,0.011718302965164185,0.011400831863284111,0.01090393215417862,0.010517512448132038,0.01016206480562687,0.009762763045728207,0.00921984575688839,0.008997716940939426,0.00866356585174799,0.007993248291313648,0.00758404191583395,0.0073342472314834595,0.006788852624595165,0.006545891985297203,0.006071045063436031,0.0055300770327448845,0.0053619323298335075,0.004786425270140171,0.004493428394198418,0.004062381573021412,0.0034406986087560654,0.00331104826182127,0.002913826145231724,0.002526761032640934,0.002127956598997116,0.0016953842714428902,0.0013161199167370796,0.000892937183380127,0.0004439903423190117,0.0,0.0,0.0,0.0,0.0,0.0,0.0,0.0,0.0,0.0,0.0,0.0,0.0,0.0,0.0,0.0,0.0,0.0,0.0,0.2012051334604621
68,0.01241095457226038,0.01201162301003933,0.01167301181703806,0.01130350399762392,0.010796322487294674,0.010513185523450375,0.010123583488166332,0.009665343910455704,0.009301642887294292,0.009112155996263027,0.008584772236645222,0.008174457587301731,0.007637576200067997,0.007127732038497925,0.006660656072199345,0.006211790256202221,0.006053918972611427,0.005774602293968201,0.005728292278945446,0.005658498965203762,0.005186090245842934,0.004903072491288185,0.0043392181396484375,0.004253719002008438,0.003859122283756733,0.003273353911936283,0.003123978152871132,0.0029034344479441643,0.002714150585234165,0.002560719847679138,0.00241105817258358,0.0022771740332245827,0.0,0.0,0.0,0.0,0.0,0.0,0.0,0.0,0.0,0.0,0.0,0.0,0.0,0.0,0.0,0.0,0.0,0.0,0.21632871590554714
69,0.012497015297412872,0.011957207694649696,0.01168605126440525,0.01144123263657093,0.011098001152276993,0.010684964247047901,0.010243793949484825,0.009530697017908096,0.009561486542224884,0.009138845838606358,0.008792923763394356,0.008188043721020222,0.00774369016289711,0.007342219352722168,0.007083732634782791,0.006578273139894009,0.005987632088363171,0.005504325032234192,0.0052957115694880486,0.005087921395897865,0.004842538386583328,0.004797034896910191,0.00429114606231451,0.004074031487107277,0.0040021250024437904,0.0036371778696775436,0.0030909664928913116,0.0028776144608855247,0.0027768174186348915,0.00244868453592062,0.001855047419667244,0.0016901446506381035,0.001576591283082962,0.0011898456141352654,0.0007194038480520248,0.00031643733382225037,0.0,0.0,0.0,0.0,0.0,0.0,0.0,0.0,0.0,0.0,0.0,0.0,0.0,0.0,0.21962937526404858
70,0.012467660009860992,0.01197812519967556,0.011645635589957237,0.011253050528466702,0.011002717539668083,0.010784979909658432,0.010098736733198166,0.009866023436188698,0.009493204765021801,0.009053829126060009,0.008479802869260311,0.008100816048681736,0.007689828053116798,0.007504926063120365,0.0068613095209002495,0.0065258219838142395,0.005987981334328651,0.005556955002248287,0.005181967280805111,0.004705995321273804,0.004220222122967243,0.0040319981053471565,0.0038390010595321655,0.0035995282232761383,0.0034831957891583443,0.0033462243154644966,0.002948363311588764,0.0024375077337026596,0.0023549702018499374,0.0018800096586346626,0.0016634082421660423,0.0015919478610157967,0.0011381637305021286,0.0006034495308995247,0.0003076177090406418,0.0,0.0,0.0,0.0,0.0,0.0,0.0,0.0,0.0,0.0,0.0,0.0,0.0,0.0,0.0,0.21168497391045094
71,0.012235590256750584,0.011768417432904243,0.011613424867391586,0.011335399001836777,0.010849316604435444,0.010310850106179714,0.010013150051236153,0.009676079265773296,0.009139719419181347,0.008862970396876335,0.008506339974701405,0.00809628888964653,0.007470833137631416,0.0072452956810593605,0.006831827573478222,0.006283782422542572,0.005921478383243084,0.005413783714175224,0.004915579222142696,0.004566428251564503,0.00415214616805315,0.0036616073921322823,0.003559557721018791,0.003098726272583008,0.002894011326134205,0.0027489475905895233,0.0023140134289860725,0.001957634463906288,0.0014942632988095284,0.001149340532720089,0.0007352828979492188,0.0,0.0,0.0,0.0,0.0,0.0,0.0,0.0,0.0,0.0,0.0,0.0,0.0,0.0,0.0,0.0,0.0,0.0,0.0,0.19882208574563265
72,0.012239622883498669,0.01188692543655634,0.011735087260603905,0.011249439790844917,0.010791010223329067,0.010408907197415829,0.00999958161264658,0.009570353664457798,0.009134449996054173,0.00888086948543787,0.00839308463037014,0.00793536752462387,0.006925351917743683,0.007015719078481197,0.006564886309206486,0.00581701472401619,0.005870189517736435,0.005714952014386654,0.00523773767054081,0.004986682906746864,0.004829351790249348,0.004654808901250362,0.004457298666238785,0.004311041906476021,0.004228005185723305,0.003843354992568493,0.003489971160888672,0.003026023507118225,0.0026630116626620293,0.002173340879380703,0.00196097232401371,0.001519947312772274,0.0013097263872623444,0.0011418433859944344,0.0009188028052449226,0.0,0.0,0.0,0.0,0.0,0.0,0.0,0.0,0.0,0.0,0.0,0.0,0.0,0.0,0.0,0.2148847347125411
73,0.012171146459877491,0.011924545280635357,0.011575044132769108,0.011241686530411243,0.010805388912558556,0.010410403832793236,0.010241423733532429,0.009859824553132057,0.009452530182898045,0.008140918798744678,0.008513123728334904,0.00806965958327055,0.007635490037500858,0.006949392147362232,0.006623432040214539,0.006038602441549301,0.005893995985388756,0.005649094469845295,0.005063376389443874,0.005158939398825169,0.004864807240664959,0.0045171817764639854,0.003985493443906307,0.003531048074364662,0.003323878161609173,0.0032358383759856224,0.0026691462844610214,0.0024896441027522087,0.002288057468831539,0.0021866969764232635,0.0017861081287264824,0.0013504112139344215,0.0008842209354043007,0.0006575239822268486,0.00039558950811624527,0.0,0.0,0.0,0.0,0.0,0.0,0.0,0.0,0.0,0.0,0.0,0.0,0.0,0.0,0.0,0.20958366431295872
74,0.012300998903810978,0.011773640289902687,0.011721446178853512,0.01126653142273426,0.010746569372713566,0.010383067652583122,0.009311600588262081,0.009601736441254616,0.009226357564330101,0.008727000094950199,0.008253668434917927,0.007863190025091171,0.007259492762386799,0.007242842577397823,0.006890936754643917,0.00641047116369009,0.0061778416857123375,0.0055579496547579765,0.00529902521520853,0.004824737086892128,0.004210427403450012,0.004039174877107143,0.0038797948509454727,0.003768427297472954,0.0033679846674203873,0.0028762640431523323,0.002692483365535736,0.002575504593551159,0.002047664485871792,0.0019555874168872833,0.0014850404113531113,0.0013258866965770721,0.0012156171724200249,0.0006706174463033676,0.0,0.0,0.0,0.0,0.0,0.0,0.0,0.0,0.0,0.0,0.0,0.0,0.0,0.0,0.0,0.0,0.20694957859814167
75,0.012252227403223515,0.011834148317575455,0.011499346233904362,0.011225564405322075,0.010740314610302448,0.01046631671488285,0.01037391647696495,0.009759936481714249,0.009241340681910515,0.008676732890307903,0.008317357860505581,0.008064456284046173,0.0075411563739180565,0.007127576507627964,0.006793729029595852,0.006271105259656906,0.005813987925648689,0.0054275719448924065,0.005107401870191097,0.004713051021099091,0.004292302764952183,0.003844047896564007,0.0034119822084903717,0.0029472950845956802,0.002598406746983528,0.0021404046565294266,0.0017232540994882584,0.001206766813993454,0.0011125802993774414,0.0007010800763964653,0.0,0.0,0.0,0.0,0.0,0.0,0.0,0.0,0.0,0.0,0.0,0.0,0.0,0.0,0.0,0.0,0.0,0.0,0.0,0.0,0.19522535894066095
76,0.012411190196871758,0.012100602500140667,0.011704129166901112,0.011407846584916115,0.011052430607378483,0.010634250938892365,0.010204185731709003,0.009987869299948215,0.009477646090090275,0.00904986634850502,0.00859526265412569,0.008258125744760036,0.007757773622870445,0.0072614094242453575,0.0066689131781458855,0.006436825729906559,0.006239903159439564,0.006073089316487312,0.005968049168586731,0.005432617850601673,0.005226684734225273,0.005000708624720573,0.004833404906094074,0.00471313763409853,0.004601237364113331,0.0040693627670407295,0.004021250642836094,0.0036353841423988342,0.0032395711168646812,0.0029382724314928055,0.002484004944562912,0.0019507547840476036,0.0017579738050699234,0.0016246242448687553,0.0,0.0,0.0,0.0,0.0,0.0,0.0,0.0,0.0,0.0,0.0,0.0,0.0,0.0,0.0,0.0,0.2268183594569564
77,0.01253017783164978,0.011956178583204746,0.011552671901881695,0.01128134410828352,0.011175037361681461,0.01058812253177166,0.010239040479063988,0.009874855168163776,0.009357078932225704,0.00911138579249382,0.008686543442308903,0.008031612262129784,0.007623372599482536,0.007279246114194393,0.0069132233038544655,0.0063511766493320465,0.005953173153102398,0.005514845252037048,0.005132491700351238,0.004574581980705261,0.004397689364850521,0.0043180715292692184,0.003846420906484127,0.0037351204082369804,0.003380187787115574,0.0030052242800593376,0.0025918176397681236,0.0021787481382489204,0.0018010707572102547,0.001416684128344059,0.0009214272722601891,0.0004551839083433151,0.0,0.0,0.0,0.0,0.0,0.0,0.0,0.0,0.0,0.0,0.0,0.0,0.0,0.0,0.0,0.0,0.0,0.0,0.20577380526810884
78,0.01141524501144886,0.01198608335107565,0.011679502204060555,0.011323095299303532,0.011137762106955051,0.010754630900919437,0.010269420221447945,0.009980294853448868,0.00963460560888052,0.009107746183872223,0.008381309919059277,0.00788397341966629,0.0075618429109454155,0.0072826482355594635,0.0066789789125323296,0.005846070125699043,0.005963562056422234,0.0054818205535411835,0.0050430623814463615,0.004917660728096962,0.004363031126558781,0.004232138395309448,0.004071923904120922,0.003965938463807106,0.0033554574474692345,0.0031568678095936775,0.0027814246714115143,0.0024380767717957497,0.001986800692975521,0.0015014978125691414,0.001133727841079235,0.0006772167980670929,0.0,0.0,0.0,0.0,0.0,0.0,0.0,0.0,0.0,0.0,0.0,0.0,0.0,0.0,0.0,0.0,0.0,0.0,0.20599341671913862
79,0.012623513117432594,0.01201812457293272,0.011632364243268967,0.011412535794079304,0.011068158783018589,0.01073112990707159,0.009844424203038216,0.009951766580343246,0.00955375749617815,0.008895370177924633,0.008700924925506115,0.008399167098104954,0.007826661691069603,0.007541359402239323,0.00703935232013464,0.006827222183346748,0.006217758171260357,0.005704261362552643,0.005035759881138802,0.004751748405396938,0.004418984986841679,0.0039405012503266335,0.003414924256503582,0.0032402006909251213,0.002978270873427391,0.0029293084517121315,0.002492571249604225,0.001970493234694004,0.0016848184168338776,0.001402897760272026,0.0011044582352042198,0.0006051501259207726,0.0003779428079724312,0.0,0.0,0.0,0.0,0.0,0.0,0.0,0.0,0.0,0.0,0.0,0.0,0.0,0.0,0.0,0.0,0.0,0.20633588265627623
80,0.012508776038885117,0.011986005119979382,0.011603880673646927,0.011393100023269653,0.01102148462086916,0.010429550893604755,0.009995635598897934,0.009689487516880035,0.009197095409035683,0.008776329457759857,0.0085193095728755,0.008133940398693085,0.00771944597363472,0.007200855761766434,0.00682156253606081,0.00639708898961544,0.006083962507545948,0.005722804926335812,0.005158471874892712,0.004667284898459911,0.0044715516269207,0.004518878646194935,0.004045555368065834,0.0036651715636253357,0.0030950969085097313,0.0030082939192652702,0.002577998675405979,0.002248164266347885,0.0032320143654942513,0.0016278764232993126,0.001110939309000969,0.000691436231136322,0.0,0.0,0.0,0.0,0.0,0.0,0.0,0.0,0.0,0.0,0.0,0.0,0.0,0.0,0.0,0.0,0.0,0.0,0.2073190500959754
81,0.012181343510746956,0.011879448778927326,0.011511512100696564,0.01120853517204523,0.010872408747673035,0.010452546179294586,0.010071545839309692,0.009784846566617489,0.009348805993795395,0.008963972330093384,0.008483139798045158,0.008032307028770447,0.00753430649638176,0.006999175995588303,0.0067113423720002174,0.006234189495444298,0.005820172838866711,0.005534455180168152,0.00503067672252655,0.004720981232821941,0.004201238043606281,0.003794272430241108,0.003264111466705799,0.003117715008556843,0.0028337836265563965,0.0022663166746497154,0.0022358596324920654,0.0016602510586380959,0.0015768511220812798,0.0011758040636777878,0.0006050495430827141,0.0003947233781218529,0.0,0.0,0.0,0.0,0.0,0.0,0.0,0.0,0.0,0.0,0.0,0.0,0.0,0.0,0.0,0.0,0.0,0.0,0.19850168842822313
82,0.01232295110821724,0.011793149635195732,0.011591020040214062,0.011306120082736015,0.010957514867186546,0.010466146282851696,0.00999133288860321,0.009660369716584682,0.009290466085076332,0.00869597028940916,0.008357237093150616,0.007839562371373177,0.007363363169133663,0.006848368793725967,0.006642362102866173,0.006483159027993679,0.006409966386854649,0.0058942753821611404,0.005733553320169449,0.005652467720210552,0.0051169125363230705,0.005082962103188038,0.004618143662810326,0.004181794822216034,0.003932124935090542,0.003757297992706299,0.003580821678042412,0.0035194354131817818,0.0029540639370679855,0.002889573574066162,0.002338954247534275,0.0021265409886837006,0.0019089709967374802,0.0016879495233297348,0.0016104662790894508,0.0012574438005685806,0.0,0.0,0.0,0.0,0.0,0.0,0.0,0.0,0.0,0.0,0.0,0.0,0.0,0.0,0.2238628128543496
83,0.012161697261035442,0.011800358071923256,0.011721056886017323,0.011219951324164867,0.010739308781921864,0.010203496553003788,0.009958420880138874,0.009552853181958199,0.009043428115546703,0.008838117122650146,0.008494763635098934,0.008075459860265255,0.007521573454141617,0.007156632840633392,0.0065934499725699425,0.006211182102560997,0.005589112639427185,0.005527133122086525,0.005149409174919128,0.004684596322476864,0.004144040867686272,0.004390448331832886,0.003977235406637192,0.0034789005294442177,0.0033909445628523827,0.002970093861222267,0.0024845609441399574,0.002480408176779747,0.0019264109432697296,0.0014249403029680252,0.0012823203578591347,0.0008636433631181717,0.0003927936777472496,0.0,0.0,0.0,0.0,0.0,0.0,0.0,0.0,0.0,0.0,0.0,0.0,0.0,0.0,0.0,0.0,0.0,0.20344874262809753
84,0.012165620923042297,0.011864717118442059,0.010059387423098087,0.011203227564692497,0.010743248276412487,0.01042615994811058,0.00987952295690775,0.009569092653691769,0.00913985725492239,0.008731053210794926,0.008525850251317024,0.007963763549923897,0.007589918561279774,0.007131202146410942,0.006888442672789097,0.006389966234564781,0.00600008200854063,0.0054728323593735695,0.005024582147598267,0.004469907842576504,0.004389528185129166,0.004035652615129948,0.0034936266019940376,0.0033570174127817154,0.0030114175751805305,0.0025893114507198334,0.0020486563444137573,0.0019208583980798721,0.0015905294567346573,0.00103809405118227,0.0009209867566823959,0.0003651268780231476,0.0,0.0,0.0,0.0,0.0,0.0,0.0,0.0,0.0,0.0,0.0,0.0,0.0,0.0,0.0,0.0,0.0,0.0,0.19799924083054066
85,0.012186867184937,0.011814559809863567,0.011611954309046268,0.011224566958844662,0.010850613005459309,0.010391275398433208,0.01004885695874691,0.0095736775547266,0.009110743179917336,0.008908084593713284,0.007840365171432495,0.007998978719115257,0.007539480924606323,0.0071193864569067955,0.006782609038054943,0.0064039286226034164,0.005688258446753025,0.005669774487614632,0.00533717218786478,0.004810662008821964,0.004403968341648579,0.0038847876712679863,0.0036165304481983185,0.0035479580983519554,0.003073747269809246,0.003038071095943451,0.0025248434394598007,0.002176799811422825,0.0017835143953561783,0.0013535311445593834,0.0008917301893234253,0.0004477333277463913,0.0,0.0,0.0,0.0,0.0,0.0,0.0,0.0,0.0,0.0,0.0,0.0,0.0,0.0,0.0,0.0,0.0,0.0,0.20165503025054932
86,0.01243152841925621,0.01195642538368702,0.011706004850566387,0.011307206936180592,0.011089605279266834,0.010671501979231834,0.010262519121170044,0.009936867281794548,0.009559160098433495,0.009097456932067871,0.008483086712658405,0.00819031335413456,0.007856112904846668,0.00728337187319994,0.0068523818626999855,0.006310346536338329,0.00598762184381485,0.005521425046026707,0.005120598711073399,0.0047402335330843925,0.004237730987370014,0.004184071905910969,0.0038910284638404846,0.0033126678317785263,0.0034281816333532333,0.0027414849027991295,0.002461138181388378,0.002063510939478874,0.0015445547178387642,0.0011910907924175262,0.0006039896979928017,0.00038252677768468857,0.0,0.0,0.0,0.0,0.0,0.0,0.0,0.0,0.0,0.0,0.0,0.0,0.0,0.0,0.0,0.0,0.0,0.0,0.20440574549138546
87,0.012381201609969139,0.01200459711253643,0.011673136614263058,0.011350156739354134,0.01083214022219181,0.010379678569734097,0.010171481408178806,0.009698806330561638,0.009242715314030647,0.008937370032072067,0.00862396601587534,0.008391870185732841,0.008040066808462143,0.007311985827982426,0.006819527596235275,0.006353599950671196,0.0058661047369241714,0.005799517035484314,0.005289917811751366,0.005061381496489048,0.005038782022893429,0.004540548659861088,0.004421458579599857,0.004125022329390049,0.003736131824553013,0.003259355202317238,0.002866084687411785,0.002401977777481079,0.0020751813426613808,0.0016128914430737495,0.0011608507484197617,0.0006066504865884781,0.00034746062010526657,0.0,0.0,0.0,0.0,0.0,0.0,0.0,0.0,0.0,0.0,0.0,0.0,0.0,0.0,0.0,0.0,0.0,0.21042161714285612
88,0.012528018094599247,0.012014433741569519,0.011680339463055134,0.011310391128063202,0.011043304577469826,0.010664620436728,0.01025286316871643,0.009906393475830555,0.009530195966362953,0.009005352854728699,0.008621810004115105,0.008139132522046566,0.007551965303719044,0.007386764511466026,0.00696207582950592,0.006762622855603695,0.006507653743028641,0.0062910085543990135,0.006149205379188061,0.006029647774994373,0.005561935715377331,0.00549621507525444,0.0049527911469340324,0.004789484664797783,0.004733900539577007,0.004297662526369095,0.0038007721304893494,0.0033213933929800987,0.003207695670425892,0.0028656143695116043,0.0023224512115120888,0.0021894648671150208,0.0020167138427495956,0.0,0.0,0.0,0.0,0.0,0.0,0.0,0.0,0.0,0.0,0.0,0.0,0.0,0.0,0.0,0.0,0.0,0.22789389453828335
89,0.01251441240310669,0.012067563831806183,0.01159650832414627,0.011414017528295517,0.01110801100730896,0.01087767444550991,0.010271596722304821,0.010154256597161293,0.009903539903461933,0.009451630525290966,0.008742373436689377,0.008127146400511265,0.007808562368154526,0.007273341529071331,0.007079399190843105,0.006451776251196861,0.006012238562107086,0.005764729343354702,0.0052373409271240234,0.004972647875547409,0.004242797382175922,0.004219041205942631,0.003687954507768154,0.0035547474399209023,0.003145987167954445,0.0028951335698366165,0.0024432195350527763,0.0019234735518693924,0.0013924269005656242,0.001339256763458252,0.0008274046704173088,0.0007133111357688904,0.0,0.0,0.0,0.0,0.0,0.0,0.0,0.0,0.0,0.0,0.0,0.0,0.0,0.0,0.0,0.0,0.0,0.0,0.20721352100372314
90,0.012458077631890774,0.012042385526001453,0.011646119877696037,0.01139800250530243,0.01104434859007597,0.01060469914227724,0.010210871696472168,0.009880243800580502,0.009515291079878807,0.008887864649295807,0.008525093086063862,0.008206925354897976,0.007786187343299389,0.007425881922245026,0.006793119013309479,0.006306828930974007,0.0061049144715070724,0.0055561186745762825,0.005288454703986645,0.004666228778660297,0.0044998424127697945,0.004475702531635761,0.004035597667098045,0.003671634942293167,0.0030770516023039818,0.002985146827995777,0.002463596872985363,0.0023950841277837753,0.001961224712431431,0.001609407365322113,0.0010246485471725464,0.0009123571217060089,0.0005468148738145828,0.0,0.0,0.0,0.0,0.0,0.0,0.0,0.0,0.0,0.0,0.0,0.0,0.0,0.0,0.0,0.0,0.0,0.20800576638430357
91,0.012177635915577412,0.011781320907175541,0.011455628089606762,0.011122622527182102,0.010823763906955719,0.010333649814128876,0.010354537516832352,0.009662516415119171,0.009157259948551655,0.008919257670640945,0.00850967038422823,0.00799439288675785,0.0076540932059288025,0.007241370156407356,0.006835884414613247,0.0063775526359677315,0.00591374933719635,0.005481520667672157,0.005064444616436958,0.00468099769204855,0.0039167823269963264,0.0034070750698447227,0.0,0.0,0.0,0.0,0.0,0.0,0.0,0.0,0.0,0.0,0.0,0.0,0.0,0.0,0.0,0.0,0.0,0.0,0.0,0.0,0.0,0.0,0.0,0.0,0.0,0.0,0.0,0.0,0.17886572610586882
92,0.01215741503983736,0.011688719503581524,0.011581326834857464,0.011169039644300938,0.010738691315054893,0.009767819195985794,0.01013779267668724,0.009695557877421379,0.009271555580198765,0.008540762588381767,0.007998392917215824,0.007847446016967297,0.007877256721258163,0.007432036101818085,0.006985981948673725,0.006672143004834652,0.006368023343384266,0.0060152094811201096,0.005459035746753216,0.004992862232029438,0.004611454904079437,0.0043027522042393684,0.003945428878068924,0.0036427881568670273,0.0030958279967308044,0.0024587465450167656,0.002206820994615555,0.0019979793578386307,0.0018716566264629364,0.0015284111723303795,0.001130993478000164,0.0006654364988207817,0.00030718743801116943,0.0,0.0,0.0,0.0,0.0,0.0,0.0,0.0,0.0,0.0,0.0,0.0,0.0,0.0,0.0,0.0,0.0,0.20416255202144384
93,0.012182324193418026,0.011752977035939693,0.011613835580646992,0.011251207441091537,0.010879270732402802,0.010523607023060322,0.010135513730347157,0.00999838300049305,0.00965976994484663,0.00912502221763134,0.008716383017599583,0.008144932799041271,0.007666959427297115,0.006735147908329964,0.006667556241154671,0.006062359549105167,0.006088916212320328,0.0054874662309885025,0.005468624643981457,0.004937298595905304,0.004596431739628315,0.004071307368576527,0.0039598410949110985,0.003607451915740967,0.003063804470002651,0.0029082437977194786,0.0028685741126537323,0.0023277709260582924,0.001999164931476116,0.0014299778267741203,0.0012148907408118248,0.0011115698143839836,0.0007025469094514847,0.0,0.0,0.0,0.0,0.0,0.0,0.0,0.0,0.0,0.0,0.0,0.0,0.0,0.0,0.0,0.0,0.0,0.2069591311737895
94,0.012104217894375324,0.011814666911959648,0.01172612514346838,0.01127756480127573,0.010792754590511322,0.010319664143025875,0.010048902593553066,0.009586213156580925,0.009141553193330765,0.008863518945872784,0.008377659134566784,0.007982077077031136,0.007488526403903961,0.0069631487131118774,0.006492389366030693,0.006068794056773186,0.005864579230546951,0.005735446698963642,0.005190861411392689,0.005055814981460571,0.0048177819699049,0.004620421677827835,0.0044900476932525635,0.004263248294591904,0.004181329160928726,0.003835904411971569,0.0034731412306427956,0.0030091945081949234,0.002670770511031151,0.00219741091132164,0.001768951304256916,0.0013512372970581055,0.0008072778582572937,0.0006477329879999161,0.00031469669193029404,0.0,0.0,0.0,0.0,0.0,0.0,0.0,0.0,0.0,0.0,0.0,0.0,0.0,0.0,0.0,0.21334362495690584
95,0.012224865145981312,0.011821230873465538,0.01138768158853054,0.01116444543004036,0.010748839005827904,0.01044216938316822,0.010383281856775284,0.009740576148033142,0.009342138655483723,0.008896978572010994,0.008452380076050758,0.007952999323606491,0.007577286101877689,0.0070234667509794235,0.006481293588876724,0.006300208158791065,0.006026788614690304,0.005851674824953079,0.005630806088447571,0.0057146865874528885,0.005194832570850849,0.004699991084635258,0.004447967745363712,0.004266347736120224,0.004111625254154205,0.003938623704016209,0.0038631949573755264,0.0032922904938459396,0.0032723238691687584,0.0029242848977446556,0.002286480739712715,0.002055657096207142,0.0019704746082425117,0.0018335981294512749,0.0,0.0,0.0,0.0,0.0,0.0,0.0,0.0,0.0,0.0,0.0,0.0,0.0,0.0,0.0,0.0,0.221321489661932
96,0.012541534379124641,0.011103752069175243,0.011753058061003685,0.01149706356227398,0.011082936078310013,0.010748040862381458,0.010295228101313114,0.010030635632574558,0.009571700356900692,0.009040797129273415,0.008699420839548111,0.008201693184673786,0.0076864659786224365,0.007233968935906887,0.006824059411883354,0.00654191616922617,0.0061993058770895,0.005178217776119709,0.005152689293026924,0.004773174412548542,0.0045010484755039215,0.003983890637755394,0.003654259257018566,0.0030997348949313164,0.0029417751356959343,0.002454620786011219,0.002427048049867153,0.0019700033590197563,0.0015750573948025703,0.00119768176227808,0.0007165465503931046,0.0,0.0,0.0,0.0,0.0,0.0,0.0,0.0,0.0,0.0,0.0,0.0,0.0,0.0,0.0,0.0,0.0,0.0,0.0,0.20267732441425323
97,0.012529700994491577,0.012009803205728531,0.011748427525162697,0.01149020716547966,0.01111693773418665,0.010809171013534069,0.010280527174472809,0.009769783355295658,0.009405956603586674,0.009126696735620499,0.008527877740561962,0.008105956017971039,0.007900319062173367,0.007533385418355465,0.007221409119665623,0.006762072443962097,0.0061487965285778046,0.0057120854035019875,0.005239516496658325,0.004943164996802807,0.004488431848585606,0.0040279412642121315,0.0034898240119218826,0.003299240954220295,0.0030830875039100647,0.0028658919036388397,0.002896040678024292,0.00247875414788723,0.0019447067752480507,0.0016124602407217026,0.0010683881118893623,0.000821712426841259,0.0007083304226398468,0.0,0.0,0.0,0.0,0.0,0.0,0.0,0.0,0.0,0.0,0.0,0.0,0.0,0.0,0.0,0.0,0.0,0.20916660502552986
98,0.012511808425188065,0.011959212832152843,0.011652231216430664,0.011477211490273476,0.011099625378847122,0.010579262860119343,0.010454069823026657,0.01007492933422327,0.00967106968164444,0.00907639879733324,0.008601697161793709,0.008346006274223328,0.007732149213552475,0.007306433282792568,0.006888882257044315,0.006497856229543686,0.005865631625056267,0.005775659345090389,0.005277208052575588,0.0050506591796875,0.004463581368327141,0.004669567570090294,0.0042396849021315575,0.0036607924848794937,0.003550168126821518,0.0032404884696006775,0.0027887485921382904,0.0024086041375994682,0.0020762737840414047,0.0015914496034383774,0.0011446066200733185,0.0006262501701712608,0.0003908853977918625,0.0,0.0,0.0,0.0,0.0,0.0,0.0,0.0,0.0,0.0,0.0,0.0,0.0,0.0,0.0,0.0,0.0,0.2107491036877036
99,0.01285717636346817,0.012073136866092682,0.011650574393570423,0.011475207284092903,0.011084851808845997,0.010797040536999702,0.010276304557919502,0.010057609528303146,0.009524594992399216,0.009237119928002357,0.00833797175437212,0.008291016332805157,0.007689466699957848,0.007159139029681683,0.006758717820048332,0.00627086590975523,0.006124491803348064,0.005796575918793678,0.005326839163899422,0.0049102287739515305,0.0045807696878910065,0.004058235324919224,0.003849061205983162,0.0037756506353616714,0.0034798039123415947,0.002993464469909668,0.002581006847321987,0.0021710582077503204,0.0016830377280712128,0.0015970375388860703,0.001142357476055622,0.0006080698221921921,0.00040674302726984024,0.0,0.0,0.0,0.0,0.0,0.0,0.0,0.0,0.0,0.0,0.0,0.0,0.0,0.0,0.0,0.0,0.0,0.20862522535026073
100,0.0124849583953619,0.012000578455626965,0.011661018244922161,0.011456005275249481,0.011068030260503292,0.01082232128828764,0.010229261592030525,0.009860889986157417,0.009221207350492477,0.00875108316540718,0.008501758798956871,0.008043856360018253,0.007473502308130264,0.007533090189099312,0.007062453776597977,0.006490615196526051,0.006412908434867859,0.005862788297235966,0.0057652778923511505,0.005454120226204395,0.004996395669877529,0.004526665434241295,0.00430665910243988,0.004250754602253437,0.0037476671859622,0.0036275843158364296,0.0032086214050650597,0.0027996376156806946,0.002344127744436264,0.00196029432117939,0.0015319474041461945,0.0011761272326111794,0.0005967477336525917,0.0003965403884649277,0.0,0.0,0.0,0.0,0.0,0.0,0.0,0.0,0.0,0.0,0.0,0.0,0.0,0.0,0.0,0.0,0.2156254956498742

total time per move x,1.233843693509698,1.1867220783606172,1.1594011345878243,1.1294199926778674,1.0905571226030588,1.051506346091628,1.0084454827010632,0.978412076830864,0.9347673347219825,0.8920430457219481,0.847341863438487,0.8049260061234236,0.7612681807950139,0.7168857362121344,0.6744045550003648,0.6336911479011178,0.5981944007799029,0.559657677076757,0.5219547878950834,0.49255550000816584,0.45665721222758293,0.42789198085665703,0.39211363159120083,0.36282014660537243,0.3195285927504301,0.2873402237892151,0.25685239769518375,0.2215614588931203,0.1930430829524994,0.15892221871763468,0.1211548550054431,0.08536167815327644,0.05004381854087114,0.025548655539751053,0.009490217082202435,0.0022341078147292137,0,0,0,0,0,0,0,0,0,0,0,0,0,0,20.646562441252172
average time per move x,0.012338436935096979,0.01186722078360617,0.011594011345878244,0.011294199926778674,0.010905571226030588,0.01051506346091628,0.010084454827010631,0.00978412076830864,0.009347673347219825,0.008920430457219481,0.008473418634384871,0.008049260061234235,0.007612681807950139,0.007241270062748832,0.006812167222225907,0.0064009206858698766,0.006042367684645484,0.005653107849260171,0.005272270584798822,0.004975308080890564,0.004612699113409929,0.004322141220774314,0.004001159506032662,0.0037022463939323717,0.0033284228411503136,0.002993127331137657,0.0026755458093248308,0.002307931863470003,0.002010865447421869,0.0016554397783086945,0.001316900597885251,0.0010538478784355117,0.0009267373803865026,0.0008809881220603811,0.0006326811388134956,0.0005585269536823034,nan,nan,nan,nan,nan,nan,nan,nan,nan,nan,nan,nan,nan,nan,0.20646562441252173
std of time per move x,0.00019960463887688757,0.0001725751087278007,0.00019868190787438784,0.0002328510661270284,0.0002520830438884458,0.00020742107165956162,0.00034690155688106523,0.00023489359324024826,0.0003498923652692555,0.00022041546579216182,0.00022041832726747777,0.000261801959479018,0.00028071154134528794,0.00020576544967729367,0.00020512673282357846,0.00022423810233250098,0.00020738091080037467,0.00022873012221065334,0.00031097116220015793,0.0003418814411018519,0.00036737796558695913,0.000400957062285479,0.00040956679137924365,0.00047067168866149874,0.0004568181459180608,0.00047032389658964506,0.000499861489542538,0.0005349386181684654,0.000548051704999996,0.0005566183561633968,0.000564367826967405,0.0005456547245344428,0.0004822886571028264,0.0004300008964065507,0.0003740673545579503,0.0004664568610931664,nan,nan,nan,nan,nan,nan,nan,nan,nan,nan,nan,nan,nan,nan,0.011026902443986481
err of average time,1.996046388768876e-05,1.7257510872780068e-05,1.9868190787438785e-05,2.328510661270284e-05,2.5208304388844577e-05,2.0742107165956162e-05,3.4690155688106526e-05,2.3489359324024824e-05,3.4989236526925555e-05,2.204154657921618e-05,2.2041832726747778e-05,2.6180195947901798e-05,2.8071154134528792e-05,2.0680205799949658e-05,2.061601234082694e-05,2.253677724661284e-05,2.084256575172741e-05,2.298824223105676e-05,3.125377774662648e-05,3.4360377664267626e-05,3.692287479078914e-05,4.029770098921496e-05,4.137249364758274e-05,4.7545020395009886e-05,4.6623806780979965e-05,4.800223168675633e-05,5.101689964361532e-05,5.45969440925943e-05,5.5935292913013444e-05,5.680962308612811e-05,5.883941337638651e-05,6.0628302726049194e-05,6.563117325744703e-05,7.984916187464989e-05,9.658377563752043e-05,0.0002332284305465832,nan,nan,nan,nan,nan,nan,nan,nan,nan,nan,nan,nan,nan,nan,0.0011026902443986482
