Contains move time for player Edax2; opponent is MCTSMaxIter5
Colums refer to move number, rows to game number
game,1,2,3,4,5,6,7,8,9,10,11,12,13,14,15,16,17,18,19,20,21,22,23,24,25,26,27,28,29,30,31,32,33,34,35,36,37,38,39,40,41,42,43,44,45,46,47,48,49,50,total
1,0.41072808764874935,0.1195655083283782,0.11881573684513569,0.11850942112505436,0.11865429487079382,0.11862100753933191,0.11821978073567152,0.11823625862598419,0.11788254510611296,0.11743368580937386,0.11771131586283445,0.11258115153759718,0.13339985348284245,0.12254894338548183,0.10959993675351143,0.10939595103263855,0.10834105219691992,0.10795628931373358,0.10523263923823833,0.11701229587197304,0.11740740947425365,0.10619722865521908,0.10513976216316223,0.10566529259085655,0.10537829902023077,0.10508121736347675,0.1054052785038948,0.00249575637280941,0.0,0.0,0.0,0.0,0.0,0.0,0.0,0.0,0.0,0.0,0.0,0.0,0.0,0.0,0.0,0.0,0.0,0.0,0.0,0.0,0.0,0.0,3.37321599945426
2,0.11891622748225927,0.11910833138972521,0.11878355219960213,0.1185881458222866,0.1187550351023674,0.11907022166997194,0.11828585434705019,0.11867916770279408,0.11745389644056559,0.11786847654730082,0.11766357999294996,0.11822279263287783,0.1048631053417921,0.104875179938972,0.11701322998851538,0.11658457480370998,0.10440433863550425,0.1144327949732542,0.10385714005678892,0.10380226839333773,0.10337955132126808,0.1032894728705287,0.10324266366660595,0.10509549453854561,0.10525256022810936,0.10430547874420881,0.10351620614528656,0.10204806458204985,0.10279480088502169,0.10257803648710251,0.10207764618098736,0.0,0.0,0.0,0.0,0.0,0.0,0.0,0.0,0.0,0.0,0.0,0.0,0.0,0.0,0.0,0.0,0.0,0.0,0.0,3.42880788911134

total time per move x,0.5296443151310086,0.2386738397181034,0.23759928904473782,0.23709756694734097,0.23740932997316122,0.23769122920930386,0.2365056350827217,0.23691542632877827,0.23533644154667854,0.23530216235667467,0.23537489585578442,0.230803944170475,0.23826295882463455,0.22742412332445383,0.2266131667420268,0.22598052583634853,0.21274539083242416,0.22238908428698778,0.20908977929502726,0.22081456426531076,0.22078696079552174,0.20948670152574778,0.20838242582976818,0.21076078712940216,0.21063085924834013,0.20938669610768557,0.20892148464918137,0.10454382095485926,0.10279480088502169,0.10257803648710251,0.10207764618098736,0,0,0,0,0,0,0,0,0,0,0,0,0,0,0,0,0,0,0,6.8020238885656
average time per move x,0.2648221575655043,0.1193369198590517,0.11879964452236891,0.11854878347367048,0.11870466498658061,0.11884561460465193,0.11825281754136086,0.11845771316438913,0.11766822077333927,0.11765108117833734,0.11768744792789221,0.1154019720852375,0.11913147941231728,0.11371206166222692,0.1133065833710134,0.11299026291817427,0.10637269541621208,0.11119454214349389,0.10454488964751363,0.11040728213265538,0.11039348039776087,0.10474335076287389,0.10419121291488409,0.10538039356470108,0.10531542962417006,0.10469334805384278,0.10446074232459068,0.05227191047742963,0.10279480088502169,0.10257803648710251,0.10207764618098736,nan,nan,nan,nan,nan,nan,nan,nan,nan,nan,nan,nan,nan,nan,nan,nan,nan,nan,nan,3.4010119442828
std of time per move x,0.2063421451543857,0.00032327291352363704,2.2757981106866812e-05,5.5666767259779255e-05,7.123410088398276e-05,0.0003176423579803848,4.6721098663342e-05,0.0003131840116613418,0.0003031003781551104,0.00030744347918525643,3.375435730116226e-05,0.003989242675493647,0.0201785281235493,0.012497237982114034,0.00524198991739565,0.005083124615923423,0.002783676854866066,0.004579581070240088,0.0009726247987194255,0.009340900009803659,0.009919193625499097,0.002056093833388978,0.0013414512114937511,0.00040290806669595534,8.89107525672549e-05,0.0005485300381126502,0.0013357758749239562,0.07039411221752712,nan,nan,nan,nan,nan,nan,nan,nan,nan,nan,nan,nan,nan,nan,nan,nan,nan,nan,nan,nan,nan,nan,0.039309402155495686
err of average time,0.14590593008324504,0.0002285884693264961,1.6092322766780853e-05,3.936234861612319e-05,5.037011578679084e-05,0.00022460706532001493,3.303680568933486e-05,0.00022145453840494156,0.00021432433277368546,0.00021739536896348,2.3867934942245483e-05,0.002820820547640323,0.01426837407052517,0.008836881723254919,0.0037066466175019737,0.003594311885535717,0.001968356780707836,0.003238252829760313,0.0006877495907247065,0.006605013739317655,0.007013929076492786,0.0014538778923451898,0.0009485492482781409,0.00028489902615547175,6.286939606070518e-05,0.00038786930963397026,0.0009445361793041229,0.04977615410462022,nan,nan,nan,nan,nan,nan,nan,nan,nan,nan,nan,nan,nan,nan,nan,nan,nan,nan,nan,nan,nan,nan,0.027795944828540087
