Contains move time for player Edax3; opponent is AlphaBeta1
Colums refer to move number, rows to game number
game,1,2,3,4,5,6,7,8,9,10,11,12,13,14,15,16,17,18,19,20,21,22,23,24,25,26,27,28,29,30,31,32,33,34,35,36,37,38,39,40,41,42,43,44,45,46,47,48,49,50,total
1,0.4040986830368638,0.1119157187640667,0.11220895498991013,0.11129019875079393,0.11083009093999863,0.11025827750563622,0.10986388474702835,0.10964557901024818,0.10965746082365513,0.10922809224575758,0.10952718462795019,0.10901515558362007,0.10869696643203497,0.1087335841730237,0.10898481775075197,0.10844601783901453,0.10836480651050806,0.10795221757143736,0.10779224243015051,0.10693256556987762,0.10664073843508959,0.10627039801329374,0.10626901872456074,0.10605673119425774,0.10576843842864037,0.10534466151148081,0.105175974778831,0.1045391010120511,0.10418269038200378,0.10368603747338057,0.1042318707332015,0.10261508915573359,0.10237887408584356,0.10212834365665913,0.0003291536122560501,0.0,0.0,0.0,0.0,0.0,0.0,0.0,0.0,0.0,0.0,0.0,0.0,0.0,0.0,0.0,3.949059620499611
2,0.38433069735765457,0.11124883778393269,0.11130293738096952,0.11088836006820202,0.11082686204463243,0.11046548932790756,0.10983918979763985,0.11020491737872362,0.10963379126042128,0.10991731751710176,0.1091841571033001,0.1086993645876646,0.12206104490906,0.10795722249895334,0.108360530808568,0.1079710852354765,0.1080638375133276,0.10802832525223494,0.10755150858312845,0.10745955817401409,0.10678533092141151,0.10682541225105524,0.10599518567323685,0.10552303679287434,0.10537692531943321,0.10489331092685461,0.10454692132771015,0.10405323095619678,0.10354805085808039,0.10401175078004599,0.10256707109510899,0.10210971347987652,0.0003301706165075302,0.0,0.0,0.0,0.0,0.0,0.0,0.0,0.0,0.0,0.0,0.0,0.0,0.0,0.0,0.0,0.0,0.0,3.730561145581305

total time per move x,0.7884293803945184,0.22316455654799938,0.22351189237087965,0.22217855881899595,0.22165695298463106,0.22072376683354378,0.2197030745446682,0.2198504963889718,0.2192912520840764,0.21914540976285934,0.21871134173125029,0.21771452017128468,0.23075801134109497,0.21669080667197704,0.21734534855931997,0.21641710307449102,0.21642864402383566,0.2159805428236723,0.21534375101327896,0.21439212374389172,0.2134260693565011,0.21309581026434898,0.21226420439779758,0.21157976798713207,0.21114536374807358,0.21023797243833542,0.20972289610654116,0.2085923319682479,0.20773074124008417,0.20769778825342655,0.2067989418283105,0.2047248026356101,0.1027090447023511,0.10212834365665913,0.0003291536122560501,0,0,0,0,0,0,0,0,0,0,0,0,0,0,0,7.679620766080916
average time per move x,0.3942146901972592,0.11158227827399969,0.11175594618543983,0.11108927940949798,0.11082847649231553,0.11036188341677189,0.1098515372723341,0.1099252481944859,0.1096456260420382,0.10957270488142967,0.10935567086562514,0.10885726008564234,0.11537900567054749,0.10834540333598852,0.10867267427965999,0.10820855153724551,0.10821432201191783,0.10799027141183615,0.10767187550663948,0.10719606187194586,0.10671303467825055,0.10654790513217449,0.10613210219889879,0.10578988399356604,0.10557268187403679,0.10511898621916771,0.10486144805327058,0.10429616598412395,0.10386537062004209,0.10384889412671328,0.10339947091415524,0.10236240131780505,0.05135452235117555,0.10212834365665913,0.0003291536122560501,nan,nan,nan,nan,nan,nan,nan,nan,nan,nan,nan,nan,nan,nan,nan,3.839810383040458
std of time per move x,0.013978076724167407,0.00047155606329709,0.0006406511951563208,0.0002841428574038119,2.2831738091760877e-06,0.00014652088467009117,1.7461966173669784e-05,0.0003955119533268014,1.673690867038081e-05,0.00048735586313261136,0.0002425570888137191,0.00022329795467776448,0.009449830515413588,0.0005489706043884905,0.0004414375302245003,0.0003358280645683276,0.0002128172188332195,5.381625719234782e-05,0.00017022453569042116,0.0003726400440200536,0.00010224232758685708,0.00039245433117623767,0.000193629207504127,0.00037737893029949726,0.00027684157444380746,0.00031915305908169713,0.0004448079610163559,0.00034356201127007667,0.0004487579109752362,0.00023031408786581235,0.0011771911134121295,0.0003573545674452667,0.07215933023446267,nan,nan,nan,nan,nan,nan,nan,nan,nan,nan,nan,nan,nan,nan,nan,nan,nan,0.15450175329365284
err of average time,0.009883992839604614,0.00033344049006700516,0.0004530088044703007,0.00020091934129595757,1.614447683095932e-06,0.00010360591113567351,1.2347474694252014e-05,0.00027966918423771853,1.1834781616926192e-05,0.0003446126356720924,0.00017151376232504842,0.0001578954979777336,0.006682039238512515,0.0003881808370351791,0.00031214347109198565,0.00023746630176901817,0.00015048449859023091,3.805384039878845e-05,0.00012036692351102828,0.00026349630206823344,7.229624316096306e-05,0.00027750711888074875,0.00013691652566194534,0.0002668472006917,0.00019575655460357666,0.00022567529231309888,0.0003145267255604267,0.00024293502792716026,0.0003173197619616985,0.00016285665333271024,0.0008323998190462588,0.00025268783792853355,0.05102435173466801,nan,nan,nan,nan,nan,nan,nan,nan,nan,nan,nan,nan,nan,nan,nan,nan,nan,0.10924923745915292
