Contains move time for player MCTSRemMaxIter4; opponent is Edax1
Colums refer to move number, rows to game number
game,1,2,3,4,5,6,7,8,9,10,11,12,13,14,15,16,17,18,19,20,21,22,23,24,25,26,27,28,29,30,31,32,33,34,35,36,37,38,39,40,41,42,43,44,45,46,47,48,49,50,total
1,140.93686897028238,126.13083294127136,119.7747296243906,118.0512161264196,113.01353975385427,103.8933966178447,97.0088422074914,90.00054571311921,82.00009209476411,75.18248685169965,70.18315543979406,60.94094109442085,55.108707785606384,46.56945211812854,39.882542630657554,36.25244612433016,6.766710430383682e-05,0.00545179657638073,0.004819010384380817,0.004908330738544464,0.004271355457603931,13.352209072560072,3.490038216114044e-05,0.003504605032503605,0.0031223883852362633,0.0024645859375596046,0.0023051435127854347,0.002106401138007641,0.0021472489461302757,0.2834583641961217,0.06963752023875713,2.5830231606960297e-05,0.0,0.0,0.0,0.0,0.0,0.0,0.0,0.0,0.0,0.0,0.0,0.0,0.0,0.0,0.0,0.0,0.0,0.0,1388.670330314897
2,145.44851403310895,125.30585440434515,122.50467195920646,107.63070425856858,112.29956696834415,102.19596923980862,89.86043514683843,3.339536488056183e-05,81.31650823540986,69.66327976807952,65.62801922112703,60.79941904358566,53.80587722733617,42.09572443179786,3.5064294934272766e-05,0.006386631168425083,0.006494424305856228,0.005842368118464947,29.359120518900454,23.027536418288946,3.344006836414337e-05,0.004503145813941956,0.004597093909978867,11.655926964245737,8.367014260962605,3.511086106300354e-05,4.4322969345375896,2.100970596075058e-05,1.5863108187913895,0.4814934805035591,0.0774424746632576,2.1491199731826782e-05,0.0,0.0,0.0,0.0,0.0,0.0,0.0,0.0,0.0,0.0,0.0,0.0,0.0,0.0,0.0,0.0,0.0,0.0,1257.5696889832616

total time per move x,286.3853830033913,251.43668734561652,242.27940158359706,225.6819203849882,225.31310672219843,206.08936585765332,186.86927735432982,90.00057910848409,163.31660033017397,144.84576661977917,135.8111746609211,121.74036013800651,108.91458501294255,88.6651765499264,39.88257769495249,36.25883275549859,0.006562091410160065,0.011294164694845676,29.363939529284835,23.03244474902749,0.004304795525968075,13.356712218374014,0.004631994292140007,11.65943156927824,8.370136649347842,0.002499696798622608,4.434602078050375,0.0021274108439683914,1.5884580677375197,0.7649518446996808,0.14707999490201473,4.732143133878708e-05,0,0,0,0,0,0,0,0,0,0,0,0,0,0,0,0,0,0,2646.2400192981586
average time per move x,143.19269150169566,125.71834367280826,121.13970079179853,112.8409601924941,112.65655336109921,103.04468292882666,93.43463867716491,45.000289554242045,81.65830016508698,72.42288330988958,67.90558733046055,60.870180069003254,54.457292506471276,44.3325882749632,19.941288847476244,18.129416377749294,0.0032810457050800323,0.005647082347422838,14.681969764642417,11.516222374513745,0.0021523977629840374,6.678356109187007,0.0023159971460700035,5.82971578463912,4.185068324673921,0.001249848399311304,2.2173010390251875,0.0010637054219841957,0.7942290338687599,0.3824759223498404,0.07353999745100737,2.366071566939354e-05,nan,nan,nan,nan,nan,nan,nan,nan,nan,nan,nan,nan,nan,nan,nan,nan,nan,nan,1323.1200096490793
std of time per move x,3.190214818231478,0.5833479177938796,1.9303607371965308,7.368414605192352,0.5048549982168562,1.2002624095810148,5.054687107269512,63.639972570147485,0.48336678245906667,3.902668755600623,3.2209677094479052,0.1000712018329917,0.9212403224899252,3.163403184186425,28.2011915508988,25.6298344589057,0.004544403598257175,0.00027617578594623694,20.756625653666216,16.279456441442765,0.0029966587098262812,9.43825337408606,0.003225957980605292,8.239506867449427,5.914164660210509,0.001717898301314453,3.132477236034378,0.0014745944230286814,1.1201728027462716,0.14003197365405565,0.0055189362004162265,3.068158862691489e-06,nan,nan,nan,nan,nan,nan,nan,nan,nan,nan,nan,nan,nan,nan,nan,nan,nan,nan,92.70215250350478
err of average time,2.255822531413287,0.4124892684631049,1.3649711674079297,5.210255933925509,0.35698639275506133,0.8487136890180409,3.574203530326485,45.000256158877164,0.34179192967712874,2.7596035418100655,2.277568109333515,0.07076102541759609,0.651415279135108,2.236863843165338,19.94125378318131,18.12302974658087,0.0032133786007761955,0.00019528577104210854,14.677150754258035,11.511314043775199,0.002118957694619894,6.673852963373065,0.0022810967639088626,5.8262111796066165,4.181945936288685,0.0012147375382483006,2.214995895512402,0.0010426957160234451,0.7920817849226295,0.09901755815371871,0.0039024772122502323,2.169515937566757e-06,nan,nan,nan,nan,nan,nan,nan,nan,nan,nan,nan,nan,nan,nan,nan,nan,nan,nan,65.55032066581771
