Contains move time for player AlphaBeta5; opponent is Edax4
Colums refer to move number, rows to game number
game,1,2,3,4,5,6,7,8,9,10,11,12,13,14,15,16,17,18,19,20,21,22,23,24,25,26,27,28,29,30,31,32,33,34,35,36,37,38,39,40,41,42,43,44,45,46,47,48,49,50,total
1,1.737521281465888,2.7958390275016427,7.939153893850744,6.5148521568626165,15.491421953774989,9.39471151586622,7.975605107843876,3.830058549530804,5.546918276697397,3.6212688041850924,5.990674429573119,8.275148671120405,4.539131556637585,5.313765654340386,2.584691866301,6.661418493837118,5.507518349215388,2.008004537783563,1.6501193419098854,0.2583285002037883,0.003416641615331173,0.2356055537238717,0.7077541137114167,0.0032353661954402924,0.0027681486681103706,0.0022869259119033813,0.21700595133006573,0.00171616580337286,0.0012856367975473404,0.0010710963979363441,0.0008302601054310799,0.0007430631667375565,0.0,0.0,0.0,0.0,0.0,0.0,0.0,0.0,0.0,0.0,0.0,0.0,0.0,0.0,0.0,0.0,0.0,0.0,108.81387089192867
2,1.6006118468940258,2.3004060378298163,2.3629815923050046,2.2527356101199985,5.314072648063302,4.8669928247109056,6.32995247002691,12.395125952549279,9.395468322560191,9.98481518495828,10.017871409654617,7.870637045241892,5.467351130209863,1.0118167717009783,5.682842985726893,1.2304992834106088,0.6646960163488984,0.5482115624472499,1.112292560748756,0.5565555542707443,0.9500143565237522,0.00392391812056303,0.0037612449377775192,0.003296668641269207,0.25330820586532354,0.0019762208685278893,0.002535572275519371,0.2327157026156783,0.13960178662091494,0.0015611322596669197,0.0010990463197231293,0.0008674561977386475,0.0007011666893959045,0.00046633556485176086,0.0,0.0,0.0,0.0,0.0,0.0,0.0,0.0,0.0,0.0,0.0,0.0,0.0,0.0,0.0,0.0,92.56176562327892

total time per move x,3.338133128359914,5.096245065331459,10.302135486155748,8.767587766982615,20.80549460183829,14.261704340577126,14.305557577870786,16.225184502080083,14.942386599257588,13.606083989143372,16.008545839227736,16.145785716362298,10.006482686847448,6.325582426041365,8.267534852027893,7.891917777247727,6.172214365564287,2.556216100230813,2.7624119026586413,0.8148840544745326,0.9534309981390834,0.23952947184443474,0.7115153586491942,0.006532034836709499,0.2560763545334339,0.004263146780431271,0.2195415236055851,0.23443186841905117,0.14088742341846228,0.002632228657603264,0.0019293064251542091,0.001610519364476204,0.0007011666893959045,0.00046633556485176086,0,0,0,0,0,0,0,0,0,0,0,0,0,0,0,0,201.3756365152076
average time per move x,1.669066564179957,2.5481225326657295,5.151067743077874,4.3837938834913075,10.402747300919145,7.130852170288563,7.152778788935393,8.112592251040041,7.471193299628794,6.803041994571686,8.004272919613868,8.072892858181149,5.003241343423724,3.1627912130206823,4.1337674260139465,3.9459588886238635,3.0861071827821434,1.2781080501154065,1.3812059513293207,0.4074420272372663,0.4767154990695417,0.11976473592221737,0.3557576793245971,0.0032660174183547497,0.12803817726671696,0.0021315733902156353,0.10977076180279255,0.11721593420952559,0.07044371170923114,0.001316114328801632,0.0009646532125771046,0.000805259682238102,0.0007011666893959045,0.00046633556485176086,nan,nan,nan,nan,nan,nan,nan,nan,nan,nan,nan,nan,nan,nan,nan,nan,100.6878182576038
std of time per move x,0.09680958959417972,0.3503240266204732,3.94294924748759,3.013771512409096,7.196472708572935,3.201580589821002,1.1636521396779058,6.0564172419942155,2.7213358351653802,4.499706798239832,2.8476582937896135,0.2860329137274922,0.6563503549030433,3.0419372272322165,2.190723665686742,3.8402398017688752,3.4243925116515506,1.0322295119887936,0.3803009640627679,0.21087837226403178,0.6693456632674347,0.16382365561149023,0.49779813141681156,4.334737514894653e-05,0.1771585734030149,0.00021970164311967084,0.15165345939311903,0.1633413389309327,0.09780428748771772,0.00034650768085428335,0.00019006055481536865,8.795915575321988e-05,nan,nan,nan,nan,nan,nan,nan,nan,nan,nan,nan,nan,nan,nan,nan,nan,nan,nan,11.49197384401986
err of average time,0.0684547172859311,0.24771649483591315,2.788086150772869,2.1310582733713086,5.088674652855843,2.263859345577657,0.8228263189084827,4.282533701509237,1.924275022931397,3.1817731903865933,2.0135984900407493,0.20225581293925643,0.464109786786139,2.150974441319704,1.5490755597129462,2.7154596052132547,2.4214111664332445,0.7298964876681566,0.2689133905805647,0.14911352703347802,0.47329885745421046,0.11584081780165434,0.3519964343868196,3.065122291445732e-05,0.1252700285986066,0.00015535252168774602,0.10723518952727318,0.11549976840615271,0.0691580749116838,0.0002450179308652878,0.0001343931071460247,6.21965155005455e-05,nan,nan,nan,nan,nan,nan,nan,nan,nan,nan,nan,nan,nan,nan,nan,nan,nan,nan,8.126052634324878
