Contains move time for player Roxanne; opponent is Edax2
Colums refer to move number, rows to game number
game,1,2,3,4,5,6,7,8,9,10,11,12,13,14,15,16,17,18,19,20,21,22,23,24,25,26,27,28,29,30,31,32,33,34,35,36,37,38,39,40,41,42,43,44,45,46,47,48,49,50,total
1,0.012293613515794277,0.011928676627576351,0.01159840077161789,0.01134815625846386,0.010846625082194805,0.010632192716002464,0.009203881025314331,0.00959848053753376,0.00924018956720829,0.008802490308880806,0.00844551995396614,0.008072689175605774,0.007513175718486309,0.007062937133014202,0.0066623324528336525,0.006237447261810303,0.005962148308753967,0.005406844429671764,0.005000057630240917,0.004710911773145199,0.004172835499048233,0.00364859402179718,0.0035591833293437958,0.003162170760333538,0.0026151472702622414,0.0024453140795230865,0.002339744009077549,0.0020035207271575928,0.0015417197719216347,0.0011164937168359756,0.0006940839812159538,0.0,0.0,0.0,0.0,0.0,0.0,0.0,0.0,0.0,0.0,0.0,0.0,0.0,0.0,0.0,0.0,0.0,0.0,0.0,0.19786557741463184
2,0.01206809189170599,0.011724553070962429,0.011545092798769474,0.011198065243661404,0.010883267037570477,0.010334047488868237,0.010029996745288372,0.009462546557188034,0.008957423269748688,0.008702564053237438,0.008328505791723728,0.007981428876519203,0.007477543316781521,0.0072273556143045425,0.0067235687747597694,0.005965185351669788,0.005900988355278969,0.005448511801660061,0.0049515655264258385,0.004701770842075348,0.004345789551734924,0.003824477083981037,0.004770166240632534,0.003082728013396263,0.003006760962307453,0.0026622042059898376,0.0021229544654488564,0.0017419755458831787,0.0012869331985712051,0.0008822306990623474,0.00036985520273447037,0.0,0.0,0.0,0.0,0.0,0.0,0.0,0.0,0.0,0.0,0.0,0.0,0.0,0.0,0.0,0.0,0.0,0.0,0.0,0.19770814757794142
3,0.012047973461449146,0.011768131516873837,0.011431362479925156,0.011171788908541203,0.010781380347907543,0.010454987175762653,0.01063065230846405,0.009529880248010159,0.009123673662543297,0.008605815470218658,0.008154735900461674,0.007684063166379929,0.007595661096274853,0.007138889282941818,0.006690053269267082,0.006248995661735535,0.0057618990540504456,0.00530424527823925,0.004765011370182037,0.004623888060450554,0.004444028250873089,0.004310752265155315,0.004225190728902817,0.0036783283576369286,0.0036448584869503975,0.0034915246069431305,0.0029846346005797386,0.002461737021803856,0.0022984500974416733,0.0019625024870038033,0.0015716394409537315,0.001148073934018612,0.0006491057574748993,0.00035976339131593704,0.0,0.0,0.0,0.0,0.0,0.0,0.0,0.0,0.0,0.0,0.0,0.0,0.0,0.0,0.0,0.0,0.2067436771467328
4,0.011893447488546371,0.011576849035918713,0.011309588328003883,0.011136641725897789,0.010711786337196827,0.010438800789415836,0.010120728053152561,0.009591406211256981,0.009089073166251183,0.008567292243242264,0.008281056769192219,0.007830696180462837,0.007387309335172176,0.006967458873987198,0.006470254622399807,0.00641131866723299,0.006080839782953262,0.005499040707945824,0.005426726303994656,0.005132386460900307,0.004736628383398056,0.004324952140450478,0.003915708512067795,0.0034513138234615326,0.003016944043338299,0.002564961090683937,0.002112957648932934,0.002011070027947426,0.0016081612557172775,0.0010298099368810654,0.000886622816324234,0.0004779370501637459,0.0,0.0,0.0,0.0,0.0,0.0,0.0,0.0,0.0,0.0,0.0,0.0,0.0,0.0,0.0,0.0,0.0,0.0,0.20005976781249046
5,0.012101057916879654,0.011705883778631687,0.01155130472034216,0.011287481524050236,0.011074203997850418,0.010682828724384308,0.009658626280725002,0.009884786792099476,0.00937112607061863,0.0087891248986125,0.008504296652972698,0.00807879213243723,0.007737927138805389,0.007079268805682659,0.006746751256287098,0.00636591762304306,0.005904804915189743,0.005578628741204739,0.005019491538405418,0.00463775172829628,0.004249097779393196,0.0036378735676407814,0.003473687916994095,0.0032577933743596077,0.0031770505011081696,0.0028155557811260223,0.002340511418879032,0.001837184652686119,0.0016127703711390495,0.0016145966947078705,0.001038818620145321,0.0008246172219514847,0.0006143543869256973,0.0003769760951399803,0.0,0.0,0.0,0.0,0.0,0.0,0.0,0.0,0.0,0.0,0.0,0.0,0.0,0.0,0.0,0.0,0.2026309436187148
6,0.01259018573909998,0.013304482214152813,0.011646660976111889,0.011355534195899963,0.011109130457043648,0.01065470464527607,0.010402356274425983,0.009828891605138779,0.009521699510514736,0.009190579876303673,0.008657297119498253,0.008173550479114056,0.007844033651053905,0.007357003167271614,0.006876892410218716,0.006649011746048927,0.006095368415117264,0.005813974887132645,0.005460311658680439,0.004835882224142551,0.004481320269405842,0.0040561845526099205,0.003256276249885559,0.003198603168129921,0.0027021709829568863,0.002325170673429966,0.001940104179084301,0.0014952262863516808,0.001255531795322895,0.0006702542304992676,0.0,0.0,0.0,0.0,0.0,0.0,0.0,0.0,0.0,0.0,0.0,0.0,0.0,0.0,0.0,0.0,0.0,0.0,0.0,0.0,0.20274839363992214
7,0.012432029470801353,0.012077593244612217,0.011589066125452518,0.011254127137362957,0.011056237854063511,0.010714749805629253,0.010456151328980923,0.010074405930936337,0.009596516378223896,0.00912497378885746,0.008633582852780819,0.008116749115288258,0.0076425205916166306,0.00726831890642643,0.006810702383518219,0.006397455930709839,0.006088245660066605,0.00564480759203434,0.005154368467628956,0.004651475697755814,0.004567817784845829,0.004253667779266834,0.0037864241749048233,0.0032987715676426888,0.003276703879237175,0.0031441012397408485,0.002606254070997238,0.0021917950361967087,0.0017923405393958092,0.0013826964423060417,0.0009568259119987488,0.0004442865028977394,0.0,0.0,0.0,0.0,0.0,0.0,0.0,0.0,0.0,0.0,0.0,0.0,0.0,0.0,0.0,0.0,0.0,0.0,0.20648576319217682
8,0.012531479820609093,0.012008503079414368,0.011702949181199074,0.009392768144607544,0.01099888514727354,0.010849961079657078,0.01034987810999155,0.010133819654583931,0.009630633518099785,0.009208006784319878,0.008674763143062592,0.00835399515926838,0.007890038192272186,0.007407153025269508,0.0068544261157512665,0.006611769087612629,0.00617865938693285,0.005872552283108234,0.005333065986633301,0.004896530881524086,0.004453876055777073,0.004030684940516949,0.00353216752409935,0.003145393915474415,0.0028238939121365547,0.0023155035451054573,0.0019479542970657349,0.001525411382317543,0.0011174464598298073,0.0007096799090504646,0.0,0.0,0.0,0.0,0.0,0.0,0.0,0.0,0.0,0.0,0.0,0.0,0.0,0.0,0.0,0.0,0.0,0.0,0.0,0.0,0.20048184972256422
9,0.01250015664845705,0.012032938189804554,0.013717117719352245,0.008868196047842503,0.010954426601529121,0.010756480507552624,0.010408257134258747,0.010127980262041092,0.009625382721424103,0.009255523793399334,0.008623047731816769,0.008334740065038204,0.007855108939111233,0.00719192810356617,0.0067630670964717865,0.006494387984275818,0.006029931828379631,0.005624362267553806,0.005218037404119968,0.0047859856858849525,0.004371884278953075,0.003940804861485958,0.003551851026713848,0.003093218430876732,0.002733660861849785,0.002421317622065544,0.0019333437085151672,0.0015911636874079704,0.001119743101298809,0.0006945133209228516,0.0,0.0,0.0,0.0,0.0,0.0,0.0,0.0,0.0,0.0,0.0,0.0,0.0,0.0,0.0,0.0,0.0,0.0,0.0,0.0,0.20061855763196945
10,0.012486337684094906,0.01197697501629591,0.011666259728372097,0.011386391706764698,0.011133893392980099,0.010866477154195309,0.01049439050257206,0.010192164219915867,0.009669782593846321,0.009287639521062374,0.008843076415359974,0.00846173893660307,0.007970009930431843,0.007424158975481987,0.006977783516049385,0.0066284192726016045,0.006027641706168652,0.0056752851232886314,0.005258327350020409,0.0048114946112036705,0.004305888898670673,0.0038654208183288574,0.0036591142416000366,0.003552784211933613,0.0030826712027192116,0.0027375342324376106,0.002334761433303356,0.0019354568794369698,0.001571853645145893,0.0011263499036431313,0.0007341001182794571,0.0,0.0,0.0,0.0,0.0,0.0,0.0,0.0,0.0,0.0,0.0,0.0,0.0,0.0,0.0,0.0,0.0,0.0,0.0,0.20614418294280767
11,0.012286650948226452,0.011723545379936695,0.011659704148769379,0.01139441691339016,0.01086781732738018,0.010481604374945164,0.010060056112706661,0.00985386036336422,0.00929981004446745,0.009014416486024857,0.008536798879504204,0.00813106819987297,0.007763800211250782,0.007222969084978104,0.006319178268313408,0.006310092285275459,0.005885046906769276,0.005586664192378521,0.005103151313960552,0.004521528258919716,0.004401784390211105,0.004208850674331188,0.0036776214838027954,0.003244110383093357,0.0027641067281365395,0.0023808833211660385,0.001975046470761299,0.001409047283232212,0.0012838207185268402,0.0008645942434668541,0.00046089012175798416,0.0,0.0,0.0,0.0,0.0,0.0,0.0,0.0,0.0,0.0,0.0,0.0,0.0,0.0,0.0,0.0,0.0,0.0,0.0,0.19869293551892042
12,0.01217986922711134,0.011816402897238731,0.011483341455459595,0.011329391971230507,0.010843384079635143,0.010565781965851784,0.010382026433944702,0.009993881918489933,0.009635142982006073,0.009134981781244278,0.008695151656866074,0.007839882746338844,0.007429713383316994,0.007165178656578064,0.006747955456376076,0.006265792064368725,0.005739864893257618,0.005495990626513958,0.005087221972644329,0.004781370982527733,0.004299202933907509,0.003783748485147953,0.0033088037744164467,0.00317587424069643,0.002626330591738224,0.0025205546990036964,0.002099931240081787,0.0016039768233895302,0.0015825731679797173,0.0011550169438123703,0.0005821762606501579,0.0004549529403448105,0.0,0.0,0.0,0.0,0.0,0.0,0.0,0.0,0.0,0.0,0.0,0.0,0.0,0.0,0.0,0.0,0.0,0.0,0.19980546925216913
13,0.012677453458309174,0.01170585211366415,0.011575117707252502,0.011213886551558971,0.011003869585692883,0.010648882947862148,0.009670506231486797,0.009742972441017628,0.00920125748962164,0.00880393572151661,0.008303594775497913,0.007866994477808475,0.00745281670242548,0.006982224993407726,0.006492112763226032,0.006337327882647514,0.0060746390372514725,0.005614054389297962,0.005133428610861301,0.004885145463049412,0.0043636709451675415,0.00395562406629324,0.003560347482562065,0.0031173713505268097,0.0025953464210033417,0.0021423306316137314,0.0016603870317339897,0.0014704111963510513,0.0012653330340981483,0.0010400768369436264,0.000851520337164402,0.0006475560367107391,0.0003736605867743492,0.0,0.0,0.0,0.0,0.0,0.0,0.0,0.0,0.0,0.0,0.0,0.0,0.0,0.0,0.0,0.0,0.0,0.19842970930039883
14,0.012081732973456383,0.011858630925416946,0.011445987038314342,0.011259065009653568,0.010786035098135471,0.010608306154608727,0.010220777243375778,0.009798562154173851,0.009742955677211285,0.00905157532542944,0.008632131852209568,0.007950394414365292,0.0075934529304504395,0.007194901816546917,0.006709638983011246,0.0062411874532699585,0.005858295597136021,0.005507428199052811,0.005082142539322376,0.004674218595027924,0.0043714772909879684,0.003953315317630768,0.0034872572869062424,0.0028891386464238167,0.0027930010110139847,0.0022786539047956467,0.002150396816432476,0.0017183683812618256,0.0013152658939361572,0.0009722569957375526,0.0005359295755624771,0.0,0.0,0.0,0.0,0.0,0.0,0.0,0.0,0.0,0.0,0.0,0.0,0.0,0.0,0.0,0.0,0.0,0.0,0.0,0.19876248110085726
15,0.01220911554992199,0.011717325076460838,0.011459636501967907,0.01116711925715208,0.010765955783426762,0.010527567937970161,0.010307625867426395,0.009990538470447063,0.009542461484670639,0.00928525160998106,0.008773041889071465,0.008193069137632847,0.007703695446252823,0.00696935597807169,0.006627015769481659,0.006063960492610931,0.006031065247952938,0.005601228214800358,0.005171645432710648,0.004677253775298595,0.004263894632458687,0.004102969542145729,0.003934428095817566,0.0034933434799313545,0.0034029483795166016,0.0029702140018343925,0.0025209710001945496,0.002472827211022377,0.001840711571276188,0.0016781138256192207,0.0016117999330163002,0.0012625399976968765,0.0006130104884505272,0.0,0.0,0.0,0.0,0.0,0.0,0.0,0.0,0.0,0.0,0.0,0.0,0.0,0.0,0.0,0.0,0.0,0.20695170108228922
16,0.01267163548618555,0.012092642486095428,0.011723116971552372,0.011378159746527672,0.011119398288428783,0.010759434662759304,0.010356517508625984,0.010163323022425175,0.009640611708164215,0.009340863674879074,0.0086115263402462,0.008169087581336498,0.0076683275401592255,0.007138220593333244,0.006799572147428989,0.006373275071382523,0.0058549391105771065,0.005734382197260857,0.005422907881438732,0.004980171099305153,0.004632878117263317,0.004116385243833065,0.0037701763212680817,0.0033805212005972862,0.002919550985097885,0.002400001510977745,0.0021031945943832397,0.0016820970922708511,0.0013313665986061096,0.0008631525561213493,0.00038143713027238846,0.0,0.0,0.0,0.0,0.0,0.0,0.0,0.0,0.0,0.0,0.0,0.0,0.0,0.0,0.0,0.0,0.0,0.0,0.0,0.2035788744688034
17,0.012452018447220325,0.012063845060765743,0.011688971891999245,0.011445310898125172,0.011056425981223583,0.010796064510941505,0.01053057610988617,0.010208710096776485,0.00986697617918253,0.008721569553017616,0.009009001776576042,0.008576981723308563,0.008321724832057953,0.007809886708855629,0.007250318303704262,0.006596791557967663,0.006263638846576214,0.005882051773369312,0.0054815951734781265,0.005008847452700138,0.004571771249175072,0.004087124019861221,0.0036245035007596016,0.0031915782019495964,0.0028041210025548935,0.0024342872202396393,0.0020241867750883102,0.0016378136351704597,0.0010605407878756523,0.0010336441919207573,0.0003302972763776779,0.0,0.0,0.0,0.0,0.0,0.0,0.0,0.0,0.0,0.0,0.0,0.0,0.0,0.0,0.0,0.0,0.0,0.0,0.0,0.20583117473870516
18,0.012552022002637386,0.012074894271790981,0.011727751232683659,0.011472208425402641,0.010974213480949402,0.010702557861804962,0.01041112095117569,0.01001804880797863,0.00958847813308239,0.00910679530352354,0.0087715620175004,0.00828345213085413,0.008000939153134823,0.007583902217447758,0.007097524590790272,0.006715969182550907,0.006397482007741928,0.005759907886385918,0.005309713073074818,0.004966373555362225,0.0045931702479720116,0.00423828698694706,0.003508586436510086,0.0032044975087046623,0.002787446603178978,0.0023600831627845764,0.0020067235454916954,0.0014553628861904144,0.001249433495104313,0.0011262325569987297,0.0007383562624454498,0.0,0.0,0.0,0.0,0.0,0.0,0.0,0.0,0.0,0.0,0.0,0.0,0.0,0.0,0.0,0.0,0.0,0.0,0.0,0.20478309597820044
19,0.012582395225763321,0.011985961347818375,0.011784739792346954,0.01139708049595356,0.011193525046110153,0.010847913101315498,0.01052942592650652,0.010090592317283154,0.009641905315220356,0.009269915521144867,0.00865965522825718,0.008224830031394958,0.007891494780778885,0.0069246599450707436,0.0061476342380046844,0.006558379158377647,0.006068105809390545,0.005607862025499344,0.005275936797261238,0.004708177410066128,0.004448567517101765,0.003965106792747974,0.0034773768857121468,0.002979598008096218,0.0028014304116368294,0.0028054099529981613,0.002215813845396042,0.002022520639002323,0.0019002696499228477,0.001507386565208435,0.0010032271966338158,0.0008093062788248062,0.0006716903299093246,0.00031012389808893204,0.0,0.0,0.0,0.0,0.0,0.0,0.0,0.0,0.0,0.0,0.0,0.0,0.0,0.0,0.0,0.0,0.20630801748484373
20,0.012563565745949745,0.012120859697461128,0.011552521027624607,0.011387692764401436,0.011011836118996143,0.010738406330347061,0.010225548408925533,0.009909690357744694,0.009408981539309025,0.009007547982037067,0.008403941988945007,0.007929951883852482,0.0075891222804784775,0.006742105819284916,0.006768848747014999,0.006348778493702412,0.005784790962934494,0.005597825162112713,0.0054163504391908646,0.006291989237070084,0.00504657905548811,0.004897681064903736,0.0049274154007434845,0.0044603850692510605,0.004046911373734474,0.003691393882036209,0.003184014931321144,0.002801680937409401,0.0022439472377300262,0.0022375108674168587,0.001663953997194767,0.0013152537867426872,0.0013347342610359192,0.0009105000644922256,0.00033417437225580215,0.0,0.0,0.0,0.0,0.0,0.0,0.0,0.0,0.0,0.0,0.0,0.0,0.0,0.0,0.0,0.2178964912891388
21,0.012148883193731308,0.0117721538990736,0.011603478342294693,0.01120492909103632,0.010947098955512047,0.010534468106925488,0.009974521584808826,0.00952286459505558,0.009159691631793976,0.00866639893501997,0.008146149106323719,0.007727248594164848,0.007650344632565975,0.0071222251281142235,0.006720852106809616,0.006167654879391193,0.005656818859279156,0.005391325801610947,0.005434530787169933,0.004976214841008186,0.0045053912326693535,0.004391674883663654,0.004061780869960785,0.003716820850968361,0.0031234808266162872,0.002887737937271595,0.0027156611904501915,0.0025337636470794678,0.002455080859363079,0.0019725970923900604,0.0015578996390104294,0.0010618474334478378,0.0008752541616559029,0.0006226468831300735,0.00031031668186187744,0.0,0.0,0.0,0.0,0.0,0.0,0.0,0.0,0.0,0.0,0.0,0.0,0.0,0.0,0.0,0.20731980726122856
22,0.012216191738843918,0.011817404069006443,0.01143055222928524,0.011080334894359112,0.010764531791210175,0.010542462579905987,0.010198415257036686,0.010022671893239021,0.009446492418646812,0.009062081575393677,0.008556395769119263,0.008025368675589561,0.007756071165204048,0.0072880517691373825,0.006599881686270237,0.0068398453295230865,0.005758767947554588,0.004943066276609898,0.0049452511593699455,0.004342890344560146,0.0043267011642456055,0.003970940597355366,0.0035719778388738632,0.0032109180465340614,0.002842133864760399,0.002364560030400753,0.001953606493771076,0.0015518302097916603,0.0010306043550372124,0.0008369246497750282,0.0007084039971232414,0.0003106435760855675,0.0,0.0,0.0,0.0,0.0,0.0,0.0,0.0,0.0,0.0,0.0,0.0,0.0,0.0,0.0,0.0,0.0,0.0,0.19831597339361906
23,0.012189951725304127,0.010952142998576164,0.01137754786759615,0.011193295940756798,0.010720654390752316,0.010574355721473694,0.01021441351622343,0.009965606033802032,0.009604216553270817,0.00903702899813652,0.008570396341383457,0.008149742148816586,0.007638908922672272,0.007174782454967499,0.006683897227048874,0.0061996085569262505,0.0056849317625164986,0.00572600681334734,0.005203292705118656,0.00487030204385519,0.004444397985935211,0.0041367001831531525,0.003624650649726391,0.003184833563864231,0.0026683881878852844,0.0024890806525945663,0.0024136006832122803,0.0018559889867901802,0.0015756404027342796,0.0012591434642672539,0.0007145237177610397,0.0,0.0,0.0,0.0,0.0,0.0,0.0,0.0,0.0,0.0,0.0,0.0,0.0,0.0,0.0,0.0,0.0,0.0,0.0,0.20009803120046854
24,0.012110552750527859,0.011767805553972721,0.011736013926565647,0.011324500665068626,0.010983684100210667,0.01050857175141573,0.010228835977613926,0.00971937458962202,0.009231998585164547,0.008549236692488194,0.007563249208033085,0.0077723972499370575,0.0073951371014118195,0.007136131636798382,0.006688005290925503,0.00632203184068203,0.006038249470293522,0.007680102251470089,0.005111394450068474,0.004721988923847675,0.0043792724609375,0.0038552535697817802,0.003275814466178417,0.003124183975160122,0.002648157998919487,0.0025409283116459846,0.0021754568442702293,0.001706242561340332,0.0012335535138845444,0.0011298144236207008,0.0007253335788846016,0.0,0.0,0.0,0.0,0.0,0.0,0.0,0.0,0.0,0.0,0.0,0.0,0.0,0.0,0.0,0.0,0.0,0.0,0.0,0.19938327372074127
25,0.012127545662224293,0.011660312302410603,0.011504742316901684,0.011190091259777546,0.010822644457221031,0.01053592935204506,0.010202992707490921,0.009881538338959217,0.009546764194965363,0.009088456630706787,0.008620422333478928,0.007929696701467037,0.00760502927005291,0.007148931734263897,0.006672447547316551,0.006291897967457771,0.005864022299647331,0.005333907902240753,0.0051795924082398415,0.004684220999479294,0.004001430235803127,0.003949787467718124,0.0035595474764704704,0.003046410158276558,0.002906467765569687,0.002513543702661991,0.0022236835211515427,0.0018361080437898636,0.0013716025277972221,0.0009276168420910835,0.00037752464413642883,0.0,0.0,0.0,0.0,0.0,0.0,0.0,0.0,0.0,0.0,0.0,0.0,0.0,0.0,0.0,0.0,0.0,0.0,0.0,0.19860490877181292
26,0.012452165596187115,0.011953910812735558,0.011630922555923462,0.01133126299828291,0.01099285390228033,0.010762836784124374,0.010161712765693665,0.00997503288090229,0.009502438828349113,0.009207596071064472,0.008685391396284103,0.008207752369344234,0.007938641123473644,0.007473558187484741,0.006918308325111866,0.006628047674894333,0.006090221926569939,0.005771092139184475,0.005271985195577145,0.004914288409054279,0.004518323577940464,0.004060644656419754,0.003641934134066105,0.0032523805275559425,0.002743883989751339,0.002234400250017643,0.0020362501963973045,0.0020232340320944786,0.0014993371441960335,0.0010688146576285362,0.0008635604754090309,0.0006405692547559738,0.0002889242023229599,0.0,0.0,0.0,0.0,0.0,0.0,0.0,0.0,0.0,0.0,0.0,0.0,0.0,0.0,0.0,0.0,0.0,0.2047422770410776
27,0.012545488774776459,0.012173374183475971,0.011826089583337307,0.011434770189225674,0.011080843396484852,0.010872232727706432,0.010488489642739296,0.0100419195368886,0.009642545133829117,0.009282414801418781,0.008819999173283577,0.008460147306323051,0.007979601621627808,0.007288369350135326,0.006776278838515282,0.006534154526889324,0.006015485152602196,0.005661293864250183,0.005108240060508251,0.004784444347023964,0.004479315131902695,0.004198326729238033,0.003511296585202217,0.0033497679978609085,0.002950523979961872,0.0025180568918585777,0.0023287273943424225,0.001785891130566597,0.0012769931927323341,0.0009050704538822174,0.0004523862153291702,0.0,0.0,0.0,0.0,0.0,0.0,0.0,0.0,0.0,0.0,0.0,0.0,0.0,0.0,0.0,0.0,0.0,0.0,0.0,0.2045725379139185
28,0.01162888016551733,0.01193020399659872,0.01163269393146038,0.011306376196444035,0.011128775775432587,0.01082553993910551,0.01037330087274313,0.010152515955269337,0.009705331176519394,0.009179878979921341,0.008706638589501381,0.0081692049279809,0.007648478262126446,0.007230321876704693,0.007122191600501537,0.006616557948291302,0.006073804572224617,0.0051559023559093475,0.005263765342533588,0.0048645613715052605,0.004269330762326717,0.004085591062903404,0.003874638117849827,0.0037435833364725113,0.0030691707506775856,0.003096449188888073,0.0030119307339191437,0.002755819819867611,0.002240009605884552,0.001782463863492012,0.001331494189798832,0.0010735336691141129,0.0008677607402205467,0.0006854673847556114,0.0,0.0,0.0,0.0,0.0,0.0,0.0,0.0,0.0,0.0,0.0,0.0,0.0,0.0,0.0,0.0,0.21060216706246138
29,0.012388135306537151,0.01198126282542944,0.011682797223329544,0.01140120904892683,0.011050770059227943,0.010781068354845047,0.010385410860180855,0.010024319402873516,0.009739937260746956,0.009331989102065563,0.008858119137585163,0.008460268378257751,0.007946445606648922,0.007340247742831707,0.006884796544909477,0.006074017845094204,0.006110833957791328,0.0057734353467822075,0.005223245359957218,0.0048140715807676315,0.00426937360316515,0.004017581231892109,0.003840484656393528,0.0036250604316592216,0.003536597825586796,0.0031788237392902374,0.0028132377192378044,0.002379579469561577,0.0020539574325084686,0.0015974361449480057,0.001193920150399208,0.0006544729694724083,0.0003031669184565544,0.0,0.0,0.0,0.0,0.0,0.0,0.0,0.0,0.0,0.0,0.0,0.0,0.0,0.0,0.0,0.0,0.0,0.20971607323735952
30,0.012530885636806488,0.012090872041881084,0.011724135838449001,0.01150088757276535,0.011209661141037941,0.010816327296197414,0.01052339281886816,0.010022771544754505,0.009529193863272667,0.009143109433352947,0.008504831232130527,0.007953191176056862,0.0077481623739004135,0.0073831649497151375,0.0068843914195895195,0.006354904733598232,0.00598006509244442,0.005514699965715408,0.005196181125938892,0.00503716804087162,0.004362702369689941,0.0038642631843686104,0.003667355515062809,0.003660365007817745,0.0031957635655999184,0.0026526646688580513,0.0024490216746926308,0.0026057250797748566,0.00187772698700428,0.00175541453063488,0.001301444135606289,0.0008108364418148994,0.0006703343242406845,0.0,0.0,0.0,0.0,0.0,0.0,0.0,0.0,0.0,0.0,0.0,0.0,0.0,0.0,0.0,0.0,0.0,0.2085216147825122
31,0.012179607525467873,0.011018605902791023,0.011493947356939316,0.011261126957833767,0.010909715667366982,0.010664922185242176,0.010063612833619118,0.00954684242606163,0.009021218866109848,0.008666208013892174,0.008155709132552147,0.007795184850692749,0.007271395064890385,0.006792567670345306,0.006643748842179775,0.00641193613409996,0.006379607133567333,0.006154768168926239,0.00569255743175745,0.005208216607570648,0.004696297459304333,0.004545560106635094,0.004384305328130722,0.004358520731329918,0.004040910862386227,0.00357850082218647,0.0031177541241049767,0.002770993858575821,0.0022271769121289253,0.001681922934949398,0.0016207881271839142,0.001085425727069378,0.0008572163060307503,0.0006213951855897903,0.0,0.0,0.0,0.0,0.0,0.0,0.0,0.0,0.0,0.0,0.0,0.0,0.0,0.0,0.0,0.0,0.21091826725751162
32,0.012141915038228035,0.011652425862848759,0.011632755398750305,0.011361859738826752,0.009472794830799103,0.010362337343394756,0.010209498926997185,0.009802869521081448,0.00921061635017395,0.008738473989069462,0.008353264071047306,0.008075959049165249,0.007148253731429577,0.00734647735953331,0.00695697870105505,0.006605647504329681,0.006149814464151859,0.005700407549738884,0.005146610550582409,0.0047594280913472176,0.004244953393936157,0.0038130758330225945,0.0034419968724250793,0.00294602382928133,0.0025650113821029663,0.0020980341359972954,0.0017006415873765945,0.0012601036578416824,0.0008510984480381012,0.00035266298800706863,0.0,0.0,0.0,0.0,0.0,0.0,0.0,0.0,0.0,0.0,0.0,0.0,0.0,0.0,0.0,0.0,0.0,0.0,0.0,0.0,0.19410199020057917
33,0.012109650298953056,0.011641215533018112,0.011462309397757053,0.01119263470172882,0.010903489775955677,0.009156045503914356,0.010276694782078266,0.00980169977992773,0.009438065811991692,0.008973892778158188,0.008377387188374996,0.008103841915726662,0.0075143976137042046,0.007238155230879784,0.00685005821287632,0.006258840672671795,0.005894757807254791,0.005482914857566357,0.005005854181945324,0.004704954102635384,0.004060796461999416,0.00354781374335289,0.005102718248963356,0.003111475147306919,0.0026829643175005913,0.002341311424970627,0.0017810240387916565,0.0015556300058960915,0.0015474576503038406,0.0009730542078614235,0.000897393561899662,0.0003917999565601349,0.0,0.0,0.0,0.0,0.0,0.0,0.0,0.0,0.0,0.0,0.0,0.0,0.0,0.0,0.0,0.0,0.0,0.0,0.19838029891252518
34,0.012135040014982224,0.011923517100512981,0.011511966586112976,0.011278975754976273,0.011116872541606426,0.010660545900464058,0.01016367506235838,0.009853842668235302,0.009406641125679016,0.008923893794417381,0.008513659238815308,0.00814746506512165,0.007624028250575066,0.0070318784564733505,0.006594838574528694,0.006332214921712875,0.005824131891131401,0.005343452095985413,0.004846210591495037,0.0048189545050263405,0.004290188662707806,0.004160883836448193,0.003772703930735588,0.0034285299479961395,0.0028222370892763138,0.0028579114004969597,0.0024355072528123856,0.0019617415964603424,0.0016349004581570625,0.0011935532093048096,0.0006073871627449989,0.0003994898870587349,0.0,0.0,0.0,0.0,0.0,0.0,0.0,0.0,0.0,0.0,0.0,0.0,0.0,0.0,0.0,0.0,0.0,0.0,0.20161683857440948
35,0.01217320840805769,0.011733714491128922,0.011495513841509819,0.011193396523594856,0.010870997793972492,0.009162348695099354,0.010279396548867226,0.00997981522232294,0.009502331726253033,0.009114245884120464,0.008546493016183376,0.00828151497989893,0.007809738628566265,0.007463792338967323,0.006832297891378403,0.006373121403157711,0.005997489206492901,0.005675799213349819,0.005261138081550598,0.004792230203747749,0.004344267770648003,0.003928501158952713,0.0036417515948414803,0.0031087566167116165,0.002643497660756111,0.0021530035883188248,0.0017756102606654167,0.0013459036126732826,0.0009497124701738358,0.0004852134734392166,0.0,0.0,0.0,0.0,0.0,0.0,0.0,0.0,0.0,0.0,0.0,0.0,0.0,0.0,0.0,0.0,0.0,0.0,0.0,0.0,0.19691480230540037
36,0.012503364123404026,0.01199797261506319,0.011569257825613022,0.011431042104959488,0.010901776142418385,0.010581659153103828,0.010369258001446724,0.009419632144272327,0.00933734979480505,0.008954348973929882,0.008570537902414799,0.008261035196483135,0.007840528152883053,0.007470502518117428,0.007012934423983097,0.006532962433993816,0.006013056263327599,0.0055386582389473915,0.0050457557663321495,0.004703867249190807,0.0044558048248291016,0.004226465709507465,0.0034069642424583435,0.0033142613247036934,0.0028923843055963516,0.0023440252989530563,0.0023178914561867714,0.0018918216228485107,0.0015456294640898705,0.00112113356590271,0.0006688199937343597,0.0,0.0,0.0,0.0,0.0,0.0,0.0,0.0,0.0,0.0,0.0,0.0,0.0,0.0,0.0,0.0,0.0,0.0,0.0,0.20224070083349943
37,0.012403035536408424,0.011175969615578651,0.011770309880375862,0.011221028864383698,0.01102312933653593,0.010667904280126095,0.010251638479530811,0.009727194905281067,0.009497946128249168,0.008923488669097424,0.008585535921156406,0.00812485534697771,0.007628788240253925,0.0072074467316269875,0.006762225180864334,0.006506928242743015,0.005810818634927273,0.005609121173620224,0.005669101141393185,0.005067028105258942,0.004897761158645153,0.004442834295332432,0.003965037874877453,0.0036163069307804108,0.00317594688385725,0.002789510414004326,0.002417144365608692,0.0019507957622408867,0.0016287574544548988,0.001112557016313076,0.0006651310250163078,0.0,0.0,0.0,0.0,0.0,0.0,0.0,0.0,0.0,0.0,0.0,0.0,0.0,0.0,0.0,0.0,0.0,0.0,0.0,0.20429527759552002
38,0.012339447624981403,0.01195547915995121,0.010816358029842377,0.01141701452434063,0.010999064892530441,0.01085197925567627,0.010377365164458752,0.010072637349367142,0.009659319184720516,0.009184524416923523,0.008677219040691853,0.0080847954377532,0.007637639530003071,0.007234971970319748,0.006759588606655598,0.006797855719923973,0.0063335951417684555,0.0059355441480875015,0.005593857727944851,0.005294849164783955,0.00487126037478447,0.004485313780605793,0.0040855444967746735,0.0035491585731506348,0.00305322278290987,0.0025772545486688614,0.0020694099366664886,0.0018285270780324936,0.0017178943380713463,0.001291629858314991,0.0008349930867552757,0.0006971526890993118,0.0,0.0,0.0,0.0,0.0,0.0,0.0,0.0,0.0,0.0,0.0,0.0,0.0,0.0,0.0,0.0,0.0,0.0,0.20708446763455868
39,0.012495424598455429,0.012004413641989231,0.011588486842811108,0.011246560141444206,0.010975363664329052,0.01085103303194046,0.010495007038116455,0.010111876763403416,0.009617336094379425,0.009146594442427158,0.008683638647198677,0.007750828750431538,0.007888705469667912,0.007439461536705494,0.0069894324988126755,0.006533024832606316,0.0061057377606630325,0.005697581917047501,0.005164925009012222,0.004819200374186039,0.004295026883482933,0.004122057929635048,0.004053620621562004,0.003637096844613552,0.003285881131887436,0.0027256598696112633,0.002486003562808037,0.002270238474011421,0.002082941122353077,0.0022254902869462967,0.0015119537711143494,0.0011127367615699768,0.0006938241422176361,0.0,0.0,0.0,0.0,0.0,0.0,0.0,0.0,0.0,0.0,0.0,0.0,0.0,0.0,0.0,0.0,0.0,0.21010716445744038
40,0.012446148321032524,0.011993766762316227,0.01161224115639925,0.011444225907325745,0.01098096463829279,0.010659592226147652,0.010311014950275421,0.009810498915612698,0.009453645907342434,0.009156704880297184,0.008539318107068539,0.007646576501429081,0.007717981934547424,0.007254841737449169,0.006848350167274475,0.006391138769686222,0.00610345508903265,0.0056346869096159935,0.00529465451836586,0.00472109392285347,0.004257973283529282,0.0038559911772608757,0.0037664994597434998,0.0033887913450598717,0.0029190275818109512,0.00244179368019104,0.002382787875831127,0.001882440410554409,0.0014844471588730812,0.001142997294664383,0.0006090858951210976,0.00038977060467004776,0.0,0.0,0.0,0.0,0.0,0.0,0.0,0.0,0.0,0.0,0.0,0.0,0.0,0.0,0.0,0.0,0.0,0.0,0.20254250708967447
41,0.012121700681746006,0.011661514639854431,0.011587443761527538,0.011331092566251755,0.011024059727787971,0.010445775464177132,0.0102514224126935,0.009844094514846802,0.009210747666656971,0.008739965036511421,0.008475014008581638,0.007974078878760338,0.0074578020721673965,0.007057154551148415,0.006597978062927723,0.006277128122746944,0.005839526653289795,0.005317310802638531,0.004833524115383625,0.004716420546174049,0.004413063637912273,0.0039422111585736275,0.003461468033492565,0.003313470631837845,0.0030805645510554314,0.003014344722032547,0.0026453807950019836,0.0022016549482941628,0.0017889030277729034,0.0013355240225791931,0.0012031104415655136,0.0006553400307893753,0.0003886967897415161,0.0,0.0,0.0,0.0,0.0,0.0,0.0,0.0,0.0,0.0,0.0,0.0,0.0,0.0,0.0,0.0,0.0,0.20220748707652092
42,0.01212186086922884,0.011720512062311172,0.01083274558186531,0.011420359835028648,0.010813429020345211,0.010580204427242279,0.010192368179559708,0.009738615714013577,0.009352689608931541,0.008779549039900303,0.008483638986945152,0.008089295588433743,0.0077029988169670105,0.0073199523612856865,0.006912629120051861,0.006298927590250969,0.005952010862529278,0.0054738083854317665,0.005217844620347023,0.004673038609325886,0.004321101121604443,0.0038987034931778908,0.0035841679200530052,0.003099527209997177,0.0027084676548838615,0.002299213781952858,0.0018105003982782364,0.0014468440786004066,0.002798238769173622,0.0003187963739037514,0.0,0.0,0.0,0.0,0.0,0.0,0.0,0.0,0.0,0.0,0.0,0.0,0.0,0.0,0.0,0.0,0.0,0.0,0.0,0.0,0.19796204008162022
43,0.012222581543028355,0.01167422253638506,0.011410861276090145,0.011184326373040676,0.010918271727859974,0.010368332266807556,0.010059026069939137,0.009546639397740364,0.009155414998531342,0.008743254467844963,0.008339544758200645,0.007885168306529522,0.007386988960206509,0.006982116028666496,0.006600153632462025,0.006133417598903179,0.005977091379463673,0.005637497641146183,0.0052049653604626656,0.004698914475739002,0.004296210594475269,0.0037528937682509422,0.0037924377247691154,0.0033965585753321648,0.002980903722345829,0.002656310796737671,0.002222534269094467,0.0017774170264601707,0.0013559004291892052,0.0008595865219831467,0.0007240772247314453,0.0,0.0,0.0,0.0,0.0,0.0,0.0,0.0,0.0,0.0,0.0,0.0,0.0,0.0,0.0,0.0,0.0,0.0,0.0,0.1979436194524169
44,0.012173187918961048,0.011734864674508572,0.011465792544186115,0.011233107186853886,0.010740650817751884,0.01068020612001419,0.010272686369717121,0.009856375865638256,0.009448559023439884,0.009062831290066242,0.0084294518455863,0.007814747281372547,0.007521158084273338,0.006566214375197887,0.006685694679617882,0.0062804315239191055,0.005883851088583469,0.00559563934803009,0.005134277977049351,0.004708731546998024,0.004219227470457554,0.0038346685469150543,0.003431551158428192,0.002994576469063759,0.0026249876245856285,0.0021112337708473206,0.0019747838377952576,0.0016278047114610672,0.001072603277862072,0.0008468572050333023,0.0006077298894524574,0.0003885999321937561,0.0,0.0,0.0,0.0,0.0,0.0,0.0,0.0,0.0,0.0,0.0,0.0,0.0,0.0,0.0,0.0,0.0,0.0,0.19702308345586061
45,0.012149623595178127,0.011729306541383266,0.011473296210169792,0.011148182675242424,0.010904351249337196,0.01053568534553051,0.010079248808324337,0.009688320569694042,0.009095595218241215,0.008761778473854065,0.008216701447963715,0.007843692786991596,0.007342997007071972,0.006875534541904926,0.006721507757902145,0.006236957386136055,0.005649331025779247,0.005440368317067623,0.005276788026094437,0.0050945887342095375,0.004971408285200596,0.00451529398560524,0.004304087720811367,0.004233215004205704,0.0038661807775497437,0.003446063958108425,0.0028878245502710342,0.002728600986301899,0.0026009315624833107,0.0022340696305036545,0.0017622699961066246,0.0011273445561528206,0.0012060534209012985,0.0006960313767194748,0.0,0.0,0.0,0.0,0.0,0.0,0.0,0.0,0.0,0.0,0.0,0.0,0.0,0.0,0.0,0.0,0.21084323152899742
46,0.012392908334732056,0.01194987166672945,0.011820432730019093,0.011390132829546928,0.011066069826483727,0.010544643737375736,0.010577293112874031,0.010094216093420982,0.009725579991936684,0.009320755489170551,0.008784607984125614,0.008202633820474148,0.007705017924308777,0.007213328033685684,0.007011857815086842,0.006450945511460304,0.006159953773021698,0.00577899906784296,0.0053316755220294,0.0048994747921824455,0.004374518059194088,0.0039230408146977425,0.0035513807088136673,0.0031791869550943375,0.0027522556483745575,0.0023890845477581024,0.001944117248058319,0.0014720140025019646,0.0013663768768310547,0.0009424611926078796,0.0003806501626968384,0.0,0.0,0.0,0.0,0.0,0.0,0.0,0.0,0.0,0.0,0.0,0.0,0.0,0.0,0.0,0.0,0.0,0.0,0.0,0.20269548427313566
47,0.012448315508663654,0.011960314586758614,0.011630884371697903,0.011431599035859108,0.011168481782078743,0.010787798091769218,0.010228832252323627,0.01015431433916092,0.009845733642578125,0.00934726931154728,0.0088253328576684,0.008286102674901485,0.007815801538527012,0.007286642678081989,0.007009238936007023,0.006586458534002304,0.006189631298184395,0.005648462101817131,0.005132168531417847,0.004982090555131435,0.004398259334266186,0.00396528746932745,0.003457830287516117,0.0033677183091640472,0.002869967371225357,0.0027163801714777946,0.0023052478209137917,0.0018266867846250534,0.001722264103591442,0.0012408830225467682,0.001038290560245514,0.0009373128414154053,0.000402023084461689,0.0,0.0,0.0,0.0,0.0,0.0,0.0,0.0,0.0,0.0,0.0,0.0,0.0,0.0,0.0,0.0,0.0,0.20701362378895283
48,0.012495817616581917,0.011923953890800476,0.011665280908346176,0.011335966177284718,0.010966562665998936,0.009907567873597145,0.010313409380614758,0.010014988481998444,0.009652405045926571,0.00908647570759058,0.00863278191536665,0.007935471832752228,0.007693402469158173,0.00728226825594902,0.00667903758585453,0.006558751687407494,0.006268988363444805,0.005816208198666573,0.005518795922398567,0.0049962811172008514,0.004744233563542366,0.004357387311756611,0.0038144905120134354,0.0032527511939406395,0.0031703561544418335,0.002771303988993168,0.0023463601246476173,0.0019663935527205467,0.0015208180993795395,0.001010410487651825,0.0008284598588943481,0.0006927698850631714,0.0,0.0,0.0,0.0,0.0,0.0,0.0,0.0,0.0,0.0,0.0,0.0,0.0,0.0,0.0,0.0,0.0,0.0,0.2052201498299837
49,0.013358940370380878,0.011932973749935627,0.011638296768069267,0.011614096350967884,0.01113771554082632,0.010774166323244572,0.010451415553689003,0.01021976862102747,0.00977223552763462,0.009433070197701454,0.009153407998383045,0.008660390041768551,0.008148032240569592,0.0076606664806604385,0.006817261688411236,0.006655852310359478,0.006114202551543713,0.005701427347958088,0.0052714878693223,0.004912945441901684,0.004399425350129604,0.0038627907633781433,0.0038161808624863625,0.0031081456691026688,0.0030475538223981857,0.00256350077688694,0.002208302728831768,0.0015974435955286026,0.0015738112851977348,0.0010820403695106506,0.0006923973560333252,0.0,0.0,0.0,0.0,0.0,0.0,0.0,0.0,0.0,0.0,0.0,0.0,0.0,0.0,0.0,0.0,0.0,0.0,0.0,0.2073799455538392
50,0.012439421378076077,0.012033571489155293,0.011765222996473312,0.011524736881256104,0.011304172687232494,0.010943249799311161,0.01069178618490696,0.010322799906134605,0.00979578960686922,0.009368487633764744,0.00900511909276247,0.008419639430940151,0.008183485828340054,0.007636368274688721,0.0070646945387125015,0.006448380649089813,0.006127145141363144,0.0058744680136442184,0.005382932722568512,0.004909588024020195,0.00457394402474165,0.004085405729711056,0.00359138660132885,0.003203554078936577,0.002646457403898239,0.0024378811940550804,0.002389064058661461,0.0019965339452028275,0.001497667282819748,0.00096090417355299,0.0008653765544295311,0.0004264926537871361,0.0,0.0,0.0,0.0,0.0,0.0,0.0,0.0,0.0,0.0,0.0,0.0,0.0,0.0,0.0,0.0,0.0,0.0,0.2079157279804349
51,0.01215070765465498,0.011655505746603012,0.011452571488916874,0.011171880178153515,0.01082205306738615,0.010402031242847443,0.010015178471803665,0.00891049113124609,0.00919518806040287,0.008816025219857693,0.008422289043664932,0.008002229034900665,0.007865351624786854,0.007467557676136494,0.007195902056992054,0.006680766120553017,0.006123212166130543,0.005467739887535572,0.005093267187476158,0.004623346030712128,0.004157458432018757,0.003734385594725609,0.0033717909827828407,0.002988233231008053,0.002562927082180977,0.0021411441266536713,0.0016505541279911995,0.0015918705612421036,0.0010027773678302765,0.0009103305637836456,0.0004548570141196251,0.0,0.0,0.0,0.0,0.0,0.0,0.0,0.0,0.0,0.0,0.0,0.0,0.0,0.0,0.0,0.0,0.0,0.0,0.0,0.19609962217509747
52,0.012208148837089539,0.01170229073613882,0.011736935004591942,0.011191388592123985,0.01086125336587429,0.010761186480522156,0.010413575917482376,0.009905915707349777,0.009563066065311432,0.00914685521274805,0.0086493119597435,0.008095229044556618,0.007750434800982475,0.0074084447696805,0.006887068040668964,0.006396745331585407,0.006131445057690144,0.005857025273144245,0.005379241891205311,0.004967587999999523,0.0044735511764883995,0.004056164994835854,0.0034540481865406036,0.002931363880634308,0.002781094051897526,0.0023902812972664833,0.0020127352327108383,0.0015717744827270508,0.001099826768040657,0.0007597301155328751,0.0,0.0,0.0,0.0,0.0,0.0,0.0,0.0,0.0,0.0,0.0,0.0,0.0,0.0,0.0,0.0,0.0,0.0,0.0,0.0,0.20054372027516365
53,0.0122261643409729,0.011815818026661873,0.011468791402876377,0.011250647716224194,0.010802538134157658,0.010692546144127846,0.010234430432319641,0.009933042339980602,0.009335610084235668,0.00889634620398283,0.00832695234566927,0.007877195253968239,0.007354289293289185,0.007059638388454914,0.006569411605596542,0.006211164407432079,0.005644242279231548,0.0056835077702999115,0.0052472976967692375,0.004650813527405262,0.004518057219684124,0.004006677307188511,0.003568330779671669,0.003053181804716587,0.0029380405321717262,0.0025509875267744064,0.0021400917321443558,0.0017269402742385864,0.0012145740911364555,0.0011478196829557419,0.0006802026182413101,0.0,0.0,0.0,0.0,0.0,0.0,0.0,0.0,0.0,0.0,0.0,0.0,0.0,0.0,0.0,0.0,0.0,0.0,0.0,0.19882535096257925
54,0.012135440483689308,0.01171120535582304,0.011450180783867836,0.011176983825862408,0.010767471976578236,0.010527542792260647,0.009973141364753246,0.00955998059362173,0.009203989990055561,0.008838238194584846,0.008325355127453804,0.007934998720884323,0.007544875144958496,0.007103452458977699,0.0065488051623106,0.006258517503738403,0.005653228610754013,0.005642128176987171,0.00521402433514595,0.004895791411399841,0.004305844195187092,0.004177751950919628,0.003872928209602833,0.0033059269189834595,0.0031692301854491234,0.0028913570567965508,0.0023911911994218826,0.0018123304471373558,0.0016137929633259773,0.0015161726623773575,0.0011998005211353302,0.0006121629849076271,0.00038651004433631897,0.0,0.0,0.0,0.0,0.0,0.0,0.0,0.0,0.0,0.0,0.0,0.0,0.0,0.0,0.0,0.0,0.0,0.2017203513532877
55,0.012093041092157364,0.01168762892484665,0.0115291653200984,0.011181064881384373,0.010825155302882195,0.01063393335789442,0.010273386724293232,0.0099329287186265,0.00938827358186245,0.009025432169437408,0.00866809580475092,0.00824127160012722,0.007793202064931393,0.007271185517311096,0.0069463979452848434,0.006524837575852871,0.005848630331456661,0.0050912946462631226,0.005027184262871742,0.004727521911263466,0.00429243128746748,0.003876093775033951,0.00332026369869709,0.0034129610285162926,0.0029094740748405457,0.002483183518052101,0.0018856199458241463,0.001728392206132412,0.0014049103483557701,0.0009040171280503273,0.0004507731646299362,0.0,0.0,0.0,0.0,0.0,0.0,0.0,0.0,0.0,0.0,0.0,0.0,0.0,0.0,0.0,0.0,0.0,0.0,0.0,0.19937775190919638
56,0.01239110715687275,0.011984500102698803,0.010957831516861916,0.011443366296589375,0.011218355037271976,0.010715262964367867,0.010379299521446228,0.010005839169025421,0.00970372837036848,0.009314775466918945,0.008854097686707973,0.00834304466843605,0.007797911763191223,0.007295652292668819,0.007019681856036186,0.0065705375745892525,0.006125368177890778,0.005910363979637623,0.005588127300143242,0.004694332368671894,0.004678720608353615,0.004189101047813892,0.0036506475880742073,0.0032076705247163773,0.0026501640677452087,0.0024847770109772682,0.002377013675868511,0.002055271528661251,0.001561904326081276,0.0011434899643063545,0.0006380137056112289,0.00029036402702331543,0.0,0.0,0.0,0.0,0.0,0.0,0.0,0.0,0.0,0.0,0.0,0.0,0.0,0.0,0.0,0.0,0.0,0.0,0.2052403213456273
57,0.012505550868809223,0.011867810040712357,0.011629967950284481,0.011565139517188072,0.011268635280430317,0.010769819840788841,0.010195952840149403,0.009740178473293781,0.008984288200736046,0.009098668582737446,0.008757689036428928,0.008348758332431316,0.007205070927739143,0.007414386607706547,0.006829327903687954,0.006421579048037529,0.0058364178985357285,0.0059176255017519,0.0055839503183960915,0.0051220478489995,0.004556854255497456,0.004429004155099392,0.004070591181516647,0.0035887639969587326,0.0032262904569506645,0.002813710831105709,0.002250960096716881,0.002019379287958145,0.0018256697803735733,0.001629110425710678,0.0014174142852425575,0.0012902570888400078,0.0009045097976922989,0.0004331907257437706,0.0,0.0,0.0,0.0,0.0,0.0,0.0,0.0,0.0,0.0,0.0,0.0,0.0,0.0,0.0,0.0,0.20951857138425112
58,0.011745396070182323,0.011886307038366795,0.011614399962127209,0.010666334070265293,0.01105914730578661,0.010578903369605541,0.010461265221238136,0.010077075101435184,0.00957938376814127,0.00913755502551794,0.008738625794649124,0.008328811265528202,0.007895922288298607,0.007481205277144909,0.006897353567183018,0.006497395224869251,0.006147343665361404,0.005946441553533077,0.00541146844625473,0.005062122829258442,0.004601281136274338,0.004224742762744427,0.003782210871577263,0.0033411895856261253,0.00271498691290617,0.002428380772471428,0.0018613534048199654,0.001728917472064495,0.0014372281730175018,0.0010125692933797836,0.00046335626393556595,0.0,0.0,0.0,0.0,0.0,0.0,0.0,0.0,0.0,0.0,0.0,0.0,0.0,0.0,0.0,0.0,0.0,0.0,0.0,0.20280867349356413
59,0.012435156852006912,0.011937964707612991,0.011811762116849422,0.011583831161260605,0.011314956471323967,0.010354109108448029,0.010227820836007595,0.010194902308285236,0.009585462510585785,0.009097139351069927,0.008575335144996643,0.008299078792333603,0.00793516170233488,0.007411642000079155,0.007132272236049175,0.0065504806116223335,0.006209351122379303,0.0057463813573122025,0.005581798031926155,0.005081444978713989,0.004636000841856003,0.004151800647377968,0.00374723132699728,0.003399796783924103,0.0029535870999097824,0.002514580264687538,0.0019770944491028786,0.0014487635344266891,0.0012833001092076302,0.0008955067023634911,0.00045092031359672546,0.0,0.0,0.0,0.0,0.0,0.0,0.0,0.0,0.0,0.0,0.0,0.0,0.0,0.0,0.0,0.0,0.0,0.0,0.0,0.204524633474648
60,0.011656370013952255,0.01197640411555767,0.011697422713041306,0.011482883244752884,0.011218836531043053,0.01076522283256054,0.009551892057061195,0.00980827584862709,0.009545296430587769,0.009071852080523968,0.008432774804532528,0.008395718410611153,0.007950125262141228,0.007475255057215691,0.006840408779680729,0.006358778104186058,0.006022462621331215,0.005484328605234623,0.005071116611361504,0.00513759721070528,0.004888454452157021,0.00433704536408186,0.003822118043899536,0.0034343181177973747,0.0029514841735363007,0.002611570991575718,0.002165989950299263,0.001629081554710865,0.0015100864693522453,0.0011133328080177307,0.0006892504170536995,0.0,0.0,0.0,0.0,0.0,0.0,0.0,0.0,0.0,0.0,0.0,0.0,0.0,0.0,0.0,0.0,0.0,0.0,0.0,0.20309575367718935
61,0.012185117229819298,0.01172647438943386,0.011494611389935017,0.01110374741256237,0.010879364795982838,0.01053263247013092,0.0102846072986722,0.009727819822728634,0.009383507072925568,0.009077008813619614,0.008661157451570034,0.00814647227525711,0.007660249248147011,0.007147756405174732,0.006775498390197754,0.0064352210611104965,0.005936045199632645,0.0054884376004338264,0.005111548118293285,0.004656520672142506,0.00453590415418148,0.003951173275709152,0.0034316666424274445,0.003058253787457943,0.002630317583680153,0.0022288132458925247,0.0018378738313913345,0.001414414495229721,0.0008851997554302216,0.0004605269059538841,0.0,0.0,0.0,0.0,0.0,0.0,0.0,0.0,0.0,0.0,0.0,0.0,0.0,0.0,0.0,0.0,0.0,0.0,0.0,0.0,0.19684794079512358
62,0.012299089692533016,0.011675497516989708,0.011498229578137398,0.011105911806225777,0.010559307411313057,0.010336560197174549,0.00990489311516285,0.009855260141193867,0.009424491785466671,0.00883436482399702,0.008528285659849644,0.008225931786000729,0.0077795786783099174,0.007303227670490742,0.0068519143387675285,0.0063161347061395645,0.005867062136530876,0.005375538021326065,0.004928478039801121,0.004477780312299728,0.004445093683898449,0.003700423054397106,0.00367820356041193,0.003576270304620266,0.0033468306064605713,0.0028715115040540695,0.002224118448793888,0.0020357770845294,0.0014793239533901215,0.00127478688955307,0.0012206397950649261,0.0006607668474316597,0.0,0.0,0.0,0.0,0.0,0.0,0.0,0.0,0.0,0.0,0.0,0.0,0.0,0.0,0.0,0.0,0.0,0.0,0.20166128315031528
63,0.012132572010159492,0.011772805824875832,0.011615151539444923,0.01112587284296751,0.010939817875623703,0.01055115181952715,0.010152960196137428,0.00993418600410223,0.009481282904744148,0.009046796709299088,0.008617369458079338,0.008212264627218246,0.0072734542191028595,0.007209910079836845,0.006775095127522945,0.006564655341207981,0.005993749015033245,0.005580952391028404,0.00509297102689743,0.004703480750322342,0.004303941503167152,0.0040437206625938416,0.0034731607884168625,0.0031142067164182663,0.0026922812685370445,0.0021702339872717857,0.0017636939883232117,0.0013416195288300514,0.0009388839825987816,0.0004757242277264595,0.0,0.0,0.0,0.0,0.0,0.0,0.0,0.0,0.0,0.0,0.0,0.0,0.0,0.0,0.0,0.0,0.0,0.0,0.0,0.0,0.1970939664170146
64,0.012195331044495106,0.011675131507217884,0.011488527990877628,0.011171253398060799,0.010833273641765118,0.010465643368661404,0.01034944225102663,0.009828423149883747,0.009474675171077251,0.00908464565873146,0.008482515811920166,0.008101350627839565,0.00923576857894659,0.007217442616820335,0.006588377058506012,0.006092624738812447,0.006088148802518845,0.005672871135175228,0.005477591417729855,0.005000687204301357,0.004443407990038395,0.004105698317289352,0.003534154035151005,0.0031300541013479233,0.002647087909281254,0.0025139227509498596,0.002007763832807541,0.001907341182231903,0.001524394378066063,0.0011397572234272957,0.0006954167038202286,0.0,0.0,0.0,0.0,0.0,0.0,0.0,0.0,0.0,0.0,0.0,0.0,0.0,0.0,0.0,0.0,0.0,0.0,0.0,0.20217272359877825
65,0.0121763339266181,0.011777322739362717,0.011439078487455845,0.011188770644366741,0.010810649022459984,0.010565539821982384,0.010221686214208603,0.00974865909665823,0.009268974885344505,0.009107915684580803,0.008667021989822388,0.008268602192401886,0.007786763831973076,0.007207298651337624,0.006733964197337627,0.0061346385627985,0.005765228532254696,0.005521651357412338,0.005208941176533699,0.00446428544819355,0.004261838272213936,0.003806530497968197,0.003238653764128685,0.003163878805935383,0.0027857767418026924,0.002240421250462532,0.002018846571445465,0.0019281459972262383,0.0014960374683141708,0.0009909197688102722,0.0008343840017914772,0.0006848340854048729,0.0,0.0,0.0,0.0,0.0,0.0,0.0,0.0,0.0,0.0,0.0,0.0,0.0,0.0,0.0,0.0,0.0,0.0,0.19951359368860722
66,0.012430237606167793,0.012017067521810532,0.011707145720720291,0.011428726837038994,0.010930306278169155,0.010723304934799671,0.01024993509054184,0.009945575147867203,0.00954938679933548,0.009375269524753094,0.008860873989760876,0.008517041802406311,0.007957241497933865,0.007479098625481129,0.0070403506979346275,0.006774437613785267,0.006265594623982906,0.005544062703847885,0.005180944688618183,0.004763398319482803,0.00394788384437561,0.004127137362957001,0.0038143079727888107,0.0033920584246516228,0.002835391089320183,0.0027259038761258125,0.002355273813009262,0.0019366666674613953,0.0016133468598127365,0.0010250769555568695,0.0008899001404643059,0.00036578066647052765,0.0,0.0,0.0,0.0,0.0,0.0,0.0,0.0,0.0,0.0,0.0,0.0,0.0,0.0,0.0,0.0,0.0,0.0,0.20576872769743204
67,0.012536157853901386,0.012001381255686283,0.011794555932283401,0.011449919082224369,0.01102757640182972,0.010788733139634132,0.010531005449593067,0.009905298240482807,0.009689091704785824,0.00911081675440073,0.008632855489850044,0.008068603463470936,0.00710818637162447,0.0070235589519143105,0.006955431774258614,0.006737002171576023,0.0062433090060949326,0.005801580846309662,0.005277727730572224,0.005281524732708931,0.004812656901776791,0.004472328349947929,0.003541240468621254,0.003535251133143902,0.0031374171376228333,0.00264664925634861,0.0025520799681544304,0.0020363712683320045,0.0018508471548557281,0.0017218207940459251,0.0012478511780500412,0.0011400561779737473,0.000711049884557724,0.0,0.0,0.0,0.0,0.0,0.0,0.0,0.0,0.0,0.0,0.0,0.0,0.0,0.0,0.0,0.0,0.0,0.20936993602663279
68,0.012433151714503765,0.011949043720960617,0.011663190089166164,0.011440576054155827,0.01106039434671402,0.010903283953666687,0.010420343838632107,0.010267669335007668,0.009876938536763191,0.009404617361724377,0.008993232622742653,0.008512892760336399,0.00804298184812069,0.006922327913343906,0.007036861963570118,0.006537482142448425,0.006085528992116451,0.0055787814781069756,0.0051987748593091965,0.004779750481247902,0.0043866680935025215,0.003904273733496666,0.00382307730615139,0.003453994169831276,0.0029714973643422127,0.002496616914868355,0.0023178402334451675,0.002103080041706562,0.0020211655646562576,0.0016147568821907043,0.0011448441073298454,0.0007161367684602737,0.0,0.0,0.0,0.0,0.0,0.0,0.0,0.0,0.0,0.0,0.0,0.0,0.0,0.0,0.0,0.0,0.0,0.0,0.20806177519261837
69,0.012470807880163193,0.011992513202130795,0.011709867976605892,0.011290485970675945,0.011157013475894928,0.010778775438666344,0.010367530398070812,0.00991691555827856,0.009604701772332191,0.009081756696105003,0.008724639192223549,0.008215628564357758,0.007813460193574429,0.007234952412545681,0.0067862775176763535,0.00628508348017931,0.0061254482716321945,0.005532034672796726,0.005182848311960697,0.0046253809705376625,0.004542374052107334,0.004151187837123871,0.0036983368918299675,0.0033450741320848465,0.0029971012845635414,0.0025752438232302666,0.002166314050555229,0.0017584338784217834,0.0012409929186105728,0.0012206938117742538,0.0007055522873997688,0.0,0.0,0.0,0.0,0.0,0.0,0.0,0.0,0.0,0.0,0.0,0.0,0.0,0.0,0.0,0.0,0.0,0.0,0.0,0.20329742692410946
70,0.012538348324596882,0.0121219577267766,0.011638968251645565,0.011387062259018421,0.01096950564533472,0.010837049223482609,0.008981365710496902,0.010020353831350803,0.009500779211521149,0.009251508861780167,0.008705371990799904,0.008154705166816711,0.00763536524027586,0.007133891806006432,0.006850051693618298,0.006355774588882923,0.005848350934684277,0.0056763505563139915,0.005099392496049404,0.004792161285877228,0.004355127923190594,0.004043141379952431,0.0036014243960380554,0.002945343032479286,0.0028842445462942123,0.002707879990339279,0.0025083906948566437,0.002437407150864601,0.0019950363785028458,0.0015474408864974976,0.0013151206076145172,0.001117880456149578,0.0009376406669616699,0.0,0.0,0.0,0.0,0.0,0.0,0.0,0.0,0.0,0.0,0.0,0.0,0.0,0.0,0.0,0.0,0.0,0.20589439291507006
71,0.012141851708292961,0.01185261458158493,0.011522414162755013,0.011222274973988533,0.010839518159627914,0.01036384329199791,0.010041141882538795,0.009475882165133953,0.009059248492121696,0.00853758119046688,0.00811727810651064,0.007812194526195526,0.007373068481683731,0.00649682991206646,0.006488167680799961,0.006383098661899567,0.005882284604012966,0.0057381801307201385,0.00528233777731657,0.005100710317492485,0.005058698356151581,0.004623551853001118,0.0042694443836808205,0.003907834179699421,0.003413601778447628,0.0030746981501579285,0.002564404159784317,0.0020350702106952667,0.0018362337723374367,0.0016726646572351456,0.0017177071422338486,0.0012265807017683983,0.0007642069831490517,0.0,0.0,0.0,0.0,0.0,0.0,0.0,0.0,0.0,0.0,0.0,0.0,0.0,0.0,0.0,0.0,0.0,0.2058952171355486
72,0.012186580337584019,0.011772751808166504,0.011523811146616936,0.011116491630673409,0.010852571576833725,0.010552129708230495,0.010327005758881569,0.009969241917133331,0.009463186375796795,0.008969672955572605,0.00855608657002449,0.00795531552284956,0.0072828372940421104,0.00736136082559824,0.006859264336526394,0.006371384486556053,0.00604686513543129,0.00565673504024744,0.005213781259953976,0.0046611363068223,0.004210097715258598,0.0037803277373313904,0.0030604228377342224,0.0031370865181088448,0.002733660861849785,0.0023385072126984596,0.001931813545525074,0.001518893986940384,0.001040610484778881,0.0009014233946800232,0.0004434064030647278,0.0,0.0,0.0,0.0,0.0,0.0,0.0,0.0,0.0,0.0,0.0,0.0,0.0,0.0,0.0,0.0,0.0,0.0,0.0,0.19779446069151163
73,0.012274036183953285,0.011792615987360477,0.011606326326727867,0.011209513060748577,0.010884495452046394,0.010480916127562523,0.009978285059332848,0.009500877931714058,0.009155715815722942,0.008748361840844154,0.008151458576321602,0.007890947163105011,0.007395604625344276,0.006778847426176071,0.006423932500183582,0.006368515081703663,0.007727012038230896,0.0055159516632556915,0.005105291493237019,0.004607431590557098,0.004461080767214298,0.004229380749166012,0.004085817374289036,0.0040431274101138115,0.0035631610080599785,0.003341306932270527,0.0032593775540590286,0.0027438439428806305,0.0025076279416680336,0.0025289272889494896,0.0020646248012781143,0.0015492439270019531,0.00130471121519804,0.0011137733235955238,0.0007835496217012405,0.0,0.0,0.0,0.0,0.0,0.0,0.0,0.0,0.0,0.0,0.0,0.0,0.0,0.0,0.0,0.21317568980157375
74,0.012110195122659206,0.01163998618721962,0.011591685935854912,0.01103740744292736,0.010811086744070053,0.010533497668802738,0.009901391342282295,0.009552585892379284,0.009079525247216225,0.008554525673389435,0.008378271944820881,0.007977769710123539,0.007707552053034306,0.007184218615293503,0.006861931644380093,0.006425637751817703,0.005886717699468136,0.005525047890841961,0.005025760270655155,0.004580700770020485,0.0040982915088534355,0.0038809115067124367,0.0037120478227734566,0.0036842338740825653,0.0032548168674111366,0.002964659593999386,0.0025806576013565063,0.0020562298595905304,0.0014469297602772713,0.0013336269184947014,0.0009108269587159157,0.0004416760057210922,0.0,0.0,0.0,0.0,0.0,0.0,0.0,0.0,0.0,0.0,0.0,0.0,0.0,0.0,0.0,0.0,0.0,0.0,0.20073040388524532
75,0.012095366604626179,0.011710782535374165,0.011466847732663155,0.009754176251590252,0.01067506056278944,0.010627659037709236,0.010269224643707275,0.009716241620481014,0.009297781623899937,0.008999553509056568,0.00861311610788107,0.008289848454296589,0.007808301597833633,0.007357180118560791,0.0067551517859101295,0.006418951787054539,0.005946771241724491,0.005427231080830097,0.004871344193816185,0.004584109410643578,0.004364445805549622,0.003995764069259167,0.0036057215183973312,0.003151698037981987,0.0026161102578043938,0.0026527801528573036,0.0021674903109669685,0.0017782440409064293,0.0012027537450194359,0.001142316497862339,0.0006198994815349579,0.0003739194944500923,0.0,0.0,0.0,0.0,0.0,0.0,0.0,0.0,0.0,0.0,0.0,0.0,0.0,0.0,0.0,0.0,0.0,0.0,0.19835584331303835
76,0.012428518384695053,0.01206759363412857,0.011692380532622337,0.01147130411118269,0.01110218744724989,0.010924235917627811,0.010361507534980774,0.009464269503951073,0.009606191888451576,0.009316765703260899,0.008759318850934505,0.008202251978218555,0.0078018587082624435,0.007358548231422901,0.007026384584605694,0.006505890749394894,0.006112441420555115,0.005647587589919567,0.005221035331487656,0.004712642170488834,0.004599100910127163,0.004053860902786255,0.004120681434869766,0.003712441772222519,0.0031787045300006866,0.002876581624150276,0.002441280521452427,0.002024793066084385,0.0016774674877524376,0.0011901268735527992,0.0007049404084682465,0.0,0.0,0.0,0.0,0.0,0.0,0.0,0.0,0.0,0.0,0.0,0.0,0.0,0.0,0.0,0.0,0.0,0.0,0.0,0.2063628938049078
77,0.01253555342555046,0.012030111625790596,0.011851673014461994,0.011507933028042316,0.011129546910524368,0.01081815455108881,0.010355467908084393,0.010001091286540031,0.009610542096197605,0.009177225641906261,0.008715051226317883,0.00849989615380764,0.008064395748078823,0.007684631273150444,0.007206898182630539,0.006596338003873825,0.006023017689585686,0.005578808486461639,0.005162457935512066,0.00481276772916317,0.0046104853972792625,0.004117565229535103,0.003614516928792,0.0030192164704203606,0.002767604775726795,0.0023377370089292526,0.0018910309299826622,0.0014968998730182648,0.0010780105367302895,0.0007064305245876312,0.0,0.0,0.0,0.0,0.0,0.0,0.0,0.0,0.0,0.0,0.0,0.0,0.0,0.0,0.0,0.0,0.0,0.0,0.0,0.0,0.20300105959177017
78,0.01239897683262825,0.012011214159429073,0.011779103428125381,0.011335891671478748,0.011014792136847973,0.010801753960549831,0.010393542237579823,0.010044505819678307,0.009742778725922108,0.00937760528177023,0.008921219035983086,0.008445662446320057,0.007825348526239395,0.00728785153478384,0.006987348198890686,0.0065519120544195175,0.005704143084585667,0.005741105414927006,0.00539926253259182,0.004908490926027298,0.004359036684036255,0.003964601084589958,0.003455297090113163,0.003325863741338253,0.002848017029464245,0.0026521217077970505,0.002554214559495449,0.00212190393358469,0.001683201640844345,0.0014901366084814072,0.001339430920779705,0.0011976333335042,0.0006808768957853317,0.0,0.0,0.0,0.0,0.0,0.0,0.0,0.0,0.0,0.0,0.0,0.0,0.0,0.0,0.0,0.0,0.0,0.20834484323859215
79,0.012528255581855774,0.011903239414095879,0.011652830056846142,0.011358109302818775,0.0112361591309309,0.010820498690009117,0.010540133342146873,0.010361316613852978,0.009853341616690159,0.009142863564193249,0.008928845636546612,0.00850954931229353,0.008088639006018639,0.007628945633769035,0.007174858823418617,0.006831904873251915,0.006300365552306175,0.0057573989033699036,0.005396481603384018,0.004920877516269684,0.004628901369869709,0.00414916779845953,0.0036619463935494423,0.0032402509823441505,0.0029695583507418633,0.002445337362587452,0.0019733402878046036,0.001434294506907463,0.0012796372175216675,0.001185595989227295,0.0007230974733829498,0.0,0.0,0.0,0.0,0.0,0.0,0.0,0.0,0.0,0.0,0.0,0.0,0.0,0.0,0.0,0.0,0.0,0.0,0.0,0.2066257419064641
80,0.012372192926704884,0.012006012722849846,0.01170750055462122,0.01131930761039257,0.011063994839787483,0.010939415544271469,0.01042526587843895,0.009949938394129276,0.00957657489925623,0.00915300939232111,0.008759911172091961,0.00822914857417345,0.007655962370336056,0.007349558174610138,0.0069090621545910835,0.006528027355670929,0.0059941112995147705,0.005821858532726765,0.005298854783177376,0.004813138395547867,0.004350817762315273,0.004004267975687981,0.003650583326816559,0.003153599798679352,0.0026351306587457657,0.0025323843583464622,0.0020210575312376022,0.0019261669367551804,0.001524137333035469,0.0010879132896661758,0.0006992574781179428,0.0,0.0,0.0,0.0,0.0,0.0,0.0,0.0,0.0,0.0,0.0,0.0,0.0,0.0,0.0,0.0,0.0,0.0,0.0,0.2034581620246172
81,0.012275486253201962,0.011877359822392464,0.011539298109710217,0.011210698634386063,0.010925263166427612,0.010559502057731152,0.010393291711807251,0.009929600171744823,0.009600372053682804,0.009065338410437107,0.008577331900596619,0.00807974487543106,0.00767007190734148,0.00709496159106493,0.006687138229608536,0.006223409436643124,0.005993879400193691,0.005495864897966385,0.00505613349378109,0.004685471765697002,0.004284381866455078,0.0037136413156986237,0.0036068344488739967,0.0031559914350509644,0.002674146555364132,0.002637854777276516,0.002262610010802746,0.0017936434596776962,0.0012761317193508148,0.0011538239195942879,0.0006470298394560814,0.0003969026729464531,0.0,0.0,0.0,0.0,0.0,0.0,0.0,0.0,0.0,0.0,0.0,0.0,0.0,0.0,0.0,0.0,0.0,0.0,0.20054320991039276
82,0.012066902592778206,0.011678170412778854,0.01150638610124588,0.011248062364757061,0.010852876119315624,0.01047873217612505,0.010035507380962372,0.009583025239408016,0.00926168356090784,0.00886369775980711,0.00840592198073864,0.007959318347275257,0.007492765784263611,0.007032435387372971,0.00662132166326046,0.006206568330526352,0.00574164092540741,0.005377047695219517,0.004964577965438366,0.0044479938223958015,0.004396661184728146,0.0040291678160429,0.003765271045267582,0.0033626100048422813,0.0029758401215076447,0.002389701083302498,0.001892956905066967,0.0016600843518972397,0.0015700031071901321,0.0011724429205060005,0.0006202943623065948,0.0004138397052884102,0.0,0.0,0.0,0.0,0.0,0.0,0.0,0.0,0.0,0.0,0.0,0.0,0.0,0.0,0.0,0.0,0.0,0.0,0.1980735082179308
83,0.012242373079061508,0.01178007572889328,0.011545895598828793,0.011231583543121815,0.010948329232633114,0.010529093444347382,0.01048268936574459,0.010022659786045551,0.00962644163519144,0.00892865564674139,0.008416399359703064,0.007913031615316868,0.007335297763347626,0.007153058424592018,0.006694204173982143,0.006253439001739025,0.005783817730844021,0.00538290198892355,0.005223098210990429,0.004757764749228954,0.004226963967084885,0.0037631187587976456,0.0033401865512132645,0.0030479775741696358,0.0025626840069890022,0.0021517667919397354,0.0017297100275754929,0.0013077324256300926,0.0009538764134049416,0.0004486795514822006,0.0,0.0,0.0,0.0,0.0,0.0,0.0,0.0,0.0,0.0,0.0,0.0,0.0,0.0,0.0,0.0,0.0,0.0,0.0,0.0,0.19578350614756346
84,0.012189790606498718,0.011828470043838024,0.011532110162079334,0.011377103626728058,0.01094864308834076,0.010579973459243774,0.010322845540940762,0.00985779520124197,0.009402795694768429,0.009070180356502533,0.008620851673185825,0.008148196153342724,0.00785992480814457,0.007357669062912464,0.006936262361705303,0.006448952481150627,0.005950231105089188,0.005508646368980408,0.004982253536581993,0.004622220993041992,0.00420210137963295,0.00371493399143219,0.0037145009264349937,0.0032384442165493965,0.002836943604052067,0.0023987870663404465,0.0019334331154823303,0.0018292469903826714,0.0013759173452854156,0.000841883011162281,0.000645143911242485,0.0003077266737818718,0.0,0.0,0.0,0.0,0.0,0.0,0.0,0.0,0.0,0.0,0.0,0.0,0.0,0.0,0.0,0.0,0.0,0.0,0.20058397855609655
85,0.01224470604211092,0.011765061877667904,0.011549427174031734,0.009773404337465763,0.010964879766106606,0.010621813125908375,0.009972169063985348,0.009763848967850208,0.009159314446151257,0.008733978495001793,0.008279703557491302,0.007852422073483467,0.006424210034310818,0.007071482017636299,0.006754610687494278,0.006250211037695408,0.00572029035538435,0.005475395359098911,0.005365318618714809,0.0049102818593382835,0.0048255836591124535,0.00445235799998045,0.004028603434562683,0.003642619587481022,0.0033418945968151093,0.003027961589396,0.0023802397772669792,0.002035028301179409,0.0016328608617186546,0.001161159947514534,0.0006377799436450005,0.0003062104806303978,0.0,0.0,0.0,0.0,0.0,0.0,0.0,0.0,0.0,0.0,0.0,0.0,0.0,0.0,0.0,0.0,0.0,0.0,0.20012482907623053
86,0.01251289527863264,0.012047664262354374,0.01178002543747425,0.011467022821307182,0.01111482921987772,0.010775581002235413,0.01059008203446865,0.010320822708308697,0.009767956100404263,0.009396469220519066,0.008992952294647694,0.008454219438135624,0.008024686016142368,0.007488168776035309,0.00702272541821003,0.006457001902163029,0.005911354906857014,0.005616445094347,0.005158751271665096,0.004724934697151184,0.004376724362373352,0.003951049409806728,0.0035181203857064247,0.003159312531352043,0.0027471203356981277,0.0022949175909161568,0.002112874761223793,0.00155637226998806,0.0010690940544009209,0.0006784312427043915,0.0,0.0,0.0,0.0,0.0,0.0,0.0,0.0,0.0,0.0,0.0,0.0,0.0,0.0,0.0,0.0,0.0,0.0,0.0,0.0,0.2030886048451066
87,0.01249779760837555,0.012033537030220032,0.0117579260841012,0.01150394044816494,0.010952400043606758,0.01079525426030159,0.010379808023571968,0.010033826343715191,0.009694637730717659,0.009202501736581326,0.008868267759680748,0.00857420265674591,0.008020115084946156,0.007601024582982063,0.00686225388199091,0.006469294428825378,0.006138625554740429,0.005963400937616825,0.005370008759200573,0.004909448325634003,0.004380393773317337,0.0038724401965737343,0.003768574446439743,0.0033937040716409683,0.0030334964394569397,0.0024781273677945137,0.00226382352411747,0.0020606471225619316,0.0020059505477547646,0.0015425309538841248,0.001316574402153492,0.0011351238936185837,0.0008002538233995438,0.0,0.0,0.0,0.0,0.0,0.0,0.0,0.0,0.0,0.0,0.0,0.0,0.0,0.0,0.0,0.0,0.0,0.20967991184443235
88,0.012526333332061768,0.012013722211122513,0.011581947095692158,0.011439566500484943,0.010993783362209797,0.010720275342464447,0.010399501770734787,0.010034824721515179,0.009355471469461918,0.00903928279876709,0.008689002133905888,0.008130261674523354,0.007794267497956753,0.007395842112600803,0.007070484571158886,0.0068240417167544365,0.006325601600110531,0.005979958921670914,0.005481347441673279,0.005103152245283127,0.004583555273711681,0.004041207954287529,0.0037995539605617523,0.0031787939369678497,0.0026466641575098038,0.002424374222755432,0.002350684255361557,0.0019300663843750954,0.001517140306532383,0.0009846743196249008,0.000935383141040802,0.0003907913342118263,0.0,0.0,0.0,0.0,0.0,0.0,0.0,0.0,0.0,0.0,0.0,0.0,0.0,0.0,0.0,0.0,0.0,0.0,0.20568155776709318
89,0.012472053989768028,0.012000823393464088,0.011790473014116287,0.011389248073101044,0.011168831028044224,0.010943537577986717,0.01051019225269556,0.01001504622399807,0.009584068320691586,0.008509619161486626,0.008874764665961266,0.008459866046905518,0.007946526631712914,0.00752044003456831,0.007111295126378536,0.006664124317467213,0.006231777369976044,0.00582320149987936,0.00540924072265625,0.004829071462154388,0.004459627903997898,0.003986458294093609,0.0036657070741057396,0.0032843314111232758,0.0027470597997307777,0.0023369863629341125,0.0020182114094495773,0.001576380804181099,0.0010055266320705414,0.0007717432454228401,0.0005491869524121284,0.0004164772108197212,0.0,0.0,0.0,0.0,0.0,0.0,0.0,0.0,0.0,0.0,0.0,0.0,0.0,0.0,0.0,0.0,0.0,0.0,0.20407189801335335
90,0.012437873519957066,0.012118405662477016,0.011681394651532173,0.011455154046416283,0.01104877982288599,0.010760351084172726,0.010519305244088173,0.010179409757256508,0.009741242043673992,0.009354465641081333,0.008619146421551704,0.008325252681970596,0.0077892085537314415,0.007289554923772812,0.006947915069758892,0.006619377993047237,0.006104596890509129,0.005646733567118645,0.005412817932665348,0.004988650791347027,0.004463321529328823,0.003955921158194542,0.003582265228033066,0.0032015368342399597,0.002729344181716442,0.0022572707384824753,0.0021064579486846924,0.0016320198774337769,0.0015302272513508797,0.001109306700527668,0.0006805630400776863,0.0,0.0,0.0,0.0,0.0,0.0,0.0,0.0,0.0,0.0,0.0,0.0,0.0,0.0,0.0,0.0,0.0,0.0,0.0,0.2042878707870841
91,0.012247500941157341,0.01181731652468443,0.011470098048448563,0.011123808100819588,0.010797200724482536,0.010493540205061436,0.010260483250021935,0.009967767633497715,0.009540576487779617,0.009007982909679413,0.00851067528128624,0.00810928549617529,0.007785074412822723,0.007152434438467026,0.006772277876734734,0.006399788893759251,0.005985448136925697,0.00555175356566906,0.005132774822413921,0.004835875704884529,0.004446140490472317,0.003934744745492935,0.003608260303735733,0.0032224543392658234,0.0027773138135671616,0.0022502802312374115,0.0017427131533622742,0.0011864742264151573,0.000960630364716053,0.0008729342371225357,0.0004268502816557884,0.0,0.0,0.0,0.0,0.0,0.0,0.0,0.0,0.0,0.0,0.0,0.0,0.0,0.0,0.0,0.0,0.0,0.0,0.0,0.19839045964181423
92,0.013682995922863483,0.011821608059108257,0.011477196589112282,0.011138803325593472,0.010764865204691887,0.010423972271382809,0.009944801218807697,0.009706472046673298,0.00934869609773159,0.008808163926005363,0.008208831772208214,0.007190358825027943,0.007397018373012543,0.007153027690947056,0.006756913848221302,0.0062887342646718025,0.005821282044053078,0.005406162701547146,0.004992824047803879,0.004488823935389519,0.004302653484046459,0.004102477803826332,0.004056383855640888,0.003673614002764225,0.003151495009660721,0.0030337143689393997,0.00268692709505558,0.0021193968132138252,0.00191450584679842,0.0016834577545523643,0.0016208868473768234,0.0013136938214302063,0.0007857028394937515,0.0,0.0,0.0,0.0,0.0,0.0,0.0,0.0,0.0,0.0,0.0,0.0,0.0,0.0,0.0,0.0,0.0,0.20526646170765162
93,0.012223509140312672,0.011717520654201508,0.0109823327511549,0.010746520012617111,0.01094381045550108,0.010546165518462658,0.010152015835046768,0.009786892682313919,0.009451495483517647,0.00901329517364502,0.008596125058829784,0.008011742495000362,0.007417555898427963,0.007044625468552113,0.006675609387457371,0.006327321752905846,0.005942911840975285,0.005378761328756809,0.0049184150993824005,0.004435038194060326,0.004329957999289036,0.0039192745462059975,0.0036055706441402435,0.0030410001054406166,0.00294303335249424,0.0025526434183120728,0.0022650817409157753,0.0017959503456950188,0.0013637207448482513,0.0009228233247995377,0.0004062708467245102,0.0,0.0,0.0,0.0,0.0,0.0,0.0,0.0,0.0,0.0,0.0,0.0,0.0,0.0,0.0,0.0,0.0,0.0,0.0,0.19745699129998684
94,0.012149738147854805,0.011800197884440422,0.011605079285800457,0.01116147730499506,0.011061977595090866,0.01074296422302723,0.010336533188819885,0.00985953863710165,0.009658302180469036,0.009106186218559742,0.00881099607795477,0.008309331722557545,0.007688394747674465,0.007317421026527882,0.00679295789450407,0.006263459101319313,0.005882124416530132,0.0054111480712890625,0.004872442223131657,0.004393434152007103,0.004305603913962841,0.0039829835295677185,0.003418467938899994,0.003295513801276684,0.0029044579714536667,0.002521853893995285,0.0023306533694267273,0.0016841106116771698,0.0015569105744361877,0.0010720184072852135,0.0008533131331205368,0.0007248446345329285,0.0,0.0,0.0,0.0,0.0,0.0,0.0,0.0,0.0,0.0,0.0,0.0,0.0,0.0,0.0,0.0,0.0,0.0,0.2018744358792901
95,0.012254203669726849,0.011746414005756378,0.011453785933554173,0.011180102825164795,0.010768577456474304,0.010521583259105682,0.009937173686921597,0.009547794237732887,0.009227689355611801,0.008798615075647831,0.008344529196619987,0.007907927967607975,0.0075580645352602005,0.0070302775129675865,0.006649186834692955,0.006231611594557762,0.005744830705225468,0.005285386927425861,0.0051214732229709625,0.004682531580328941,0.004264627583324909,0.0037250109016895294,0.003223680891096592,0.0030267201364040375,0.0029254481196403503,0.002580735832452774,0.002180684357881546,0.0017222631722688675,0.0012651067227125168,0.0011219466105103493,0.0005935998633503914,0.00042717717587947845,0.0,0.0,0.0,0.0,0.0,0.0,0.0,0.0,0.0,0.0,0.0,0.0,0.0,0.0,0.0,0.0,0.0,0.0,0.19704876095056534
96,0.012408214621245861,0.01194124948233366,0.011646135710179806,0.011274428106844425,0.011071319691836834,0.01068208646029234,0.01038447581231594,0.009996550157666206,0.009691201150417328,0.009196404367685318,0.008522101677954197,0.007567799650132656,0.00790734589099884,0.007598802447319031,0.0070688845589756966,0.006658498197793961,0.0061113061383366585,0.0056625232100486755,0.005231274291872978,0.0047607943415641785,0.004523111507296562,0.0040561603382229805,0.003688151016831398,0.0031018638983368874,0.0027481643483042717,0.0023237429559230804,0.0019258735701441765,0.0015798872336745262,0.001183980144560337,0.0007104240357875824,0.0,0.0,0.0,0.0,0.0,0.0,0.0,0.0,0.0,0.0,0.0,0.0,0.0,0.0,0.0,0.0,0.0,0.0,0.0,0.0,0.2012227550148964
97,0.012493112124502659,0.0120877455919981,0.011729495599865913,0.011484355665743351,0.010972773656249046,0.010749166831374168,0.010395262390375137,0.009999965317547321,0.009503835812211037,0.009028969332575798,0.008550244383513927,0.008179577998816967,0.0077562108635902405,0.007329622283577919,0.006965748034417629,0.006540711037814617,0.006379671394824982,0.005913134664297104,0.005411223508417606,0.004892455413937569,0.004498094320297241,0.004092193208634853,0.0035473136231303215,0.003166593611240387,0.0026905974373221397,0.0022190138697624207,0.002004203386604786,0.0019476143643260002,0.0014068372547626495,0.0012867776677012444,0.0008829506114125252,0.0003763502463698387,0.0,0.0,0.0,0.0,0.0,0.0,0.0,0.0,0.0,0.0,0.0,0.0,0.0,0.0,0.0,0.0,0.0,0.0,0.2044818215072155
98,0.012480726465582848,0.011977641843259335,0.011671475134789944,0.011217166669666767,0.011046466417610645,0.01065332442522049,0.009885475039482117,0.007743396796286106,0.009757555089890957,0.009263413026928902,0.008703397586941719,0.008245851844549179,0.007665292359888554,0.0070548150688409805,0.0071132611483335495,0.006594431586563587,0.006147981621325016,0.005928386002779007,0.005492337979376316,0.005147610791027546,0.004738694056868553,0.004373420961201191,0.003892531618475914,0.003482564352452755,0.0029108738526701927,0.002417883835732937,0.002278536558151245,0.001790158450603485,0.0016178805381059647,0.0015378361567854881,0.0011322740465402603,0.0006886497139930725,0.0,0.0,0.0,0.0,0.0,0.0,0.0,0.0,0.0,0.0,0.0,0.0,0.0,0.0,0.0,0.0,0.0,0.0,0.20465131103992462
99,0.012550946325063705,0.01202427875250578,0.011758062988519669,0.011327574960887432,0.010966782458126545,0.010810122825205326,0.010127953253686428,0.009879829362034798,0.009534544311463833,0.009072309359908104,0.008449588902294636,0.008170477114617825,0.007798108272254467,0.007162169553339481,0.006653112359344959,0.006509227678179741,0.00626238901168108,0.005831253714859486,0.005482367239892483,0.005021571181714535,0.004425341263413429,0.0042221881449222565,0.0040801577270030975,0.00397722702473402,0.0034934617578983307,0.003147818148136139,0.002721142955124378,0.002318938262760639,0.0019552670419216156,0.0015140734612941742,0.001155409961938858,0.0005912128835916519,0.0004271874204277992,0.0,0.0,0.0,0.0,0.0,0.0,0.0,0.0,0.0,0.0,0.0,0.0,0.0,0.0,0.0,0.0,0.0,0.2094220956787467
100,0.012443392537534237,0.011999004520475864,0.011794187128543854,0.011342592537403107,0.010967887938022614,0.010673082433640957,0.010257024317979813,0.010094019584357738,0.00970548577606678,0.009209382347762585,0.00866673979908228,0.00827727559953928,0.007733452133834362,0.007486253976821899,0.0069860657677054405,0.006575108505785465,0.006149224936962128,0.0056739021092653275,0.0052202921360731125,0.004818661138415337,0.004336761310696602,0.004023054614663124,0.003615039400756359,0.003046964295208454,0.002836450934410095,0.0026105092838406563,0.0024092867970466614,0.0023034699261188507,0.0018005594611167908,0.0016901874914765358,0.00159414391964674,0.001074090600013733,0.0009203935042023659,0.0,0.0,0.0,0.0,0.0,0.0,0.0,0.0,0.0,0.0,0.0,0.0,0.0,0.0,0.0,0.0,0.0,0.20833394676446915

total time per move x,1.2328070225194097,1.1865799948573112,1.1598967285826802,1.1223034746944904,1.0952870501205325,1.0616069985553622,1.0241845035925508,0.9867080263793468,0.948098280467093,0.9037085315212607,0.8581542233005166,0.812461007386446,0.7701269313693047,0.723893946968019,0.6819328693673015,0.6430119350552559,0.601948675699532,0.56350461486727,0.5222659343853593,0.48244056943804026,0.4440589305013418,0.40519903507083654,0.3713179314509034,0.3330324534326792,0.29457648377865553,0.2594547951593995,0.22338852379471064,0.1866402244195342,0.1530982842668891,0.11733405757695436,0.07757508289068937,0.04047104623168707,0.01943285297602415,0.00612986832857132,0.0014280406758189201,0,0,0,0,0,0,0,0,0,0,0,0,0,0,0,20.314058929681778
average time per move x,0.012328070225194096,0.011865799948573112,0.011598967285826801,0.011223034746944905,0.010952870501205325,0.010616069985553622,0.010241845035925507,0.009867080263793468,0.00948098280467093,0.009037085315212608,0.008581542233005167,0.00812461007386446,0.0077012693136930465,0.00723893946968019,0.006819328693673014,0.006430119350552559,0.006019486756995321,0.0056350461486727,0.0052226593438535925,0.0048244056943804025,0.004440589305013418,0.004051990350708365,0.0037131793145090343,0.003330324534326792,0.0029457648377865554,0.002594547951593995,0.002233885237947106,0.001866402244195342,0.001530982842668891,0.0011733405757695437,0.0008916676194332112,0.0007358372042124921,0.0007197352954083019,0.0006129868328571319,0.00047601355860630673,nan,nan,nan,nan,nan,nan,nan,nan,nan,nan,nan,nan,nan,nan,nan,0.20314058929681778
std of time per move x,0.000267386515678439,0.0002502957176136973,0.00028147891101492733,0.0004017251808339098,0.00021010034565940142,0.00026936952234800853,0.0002675900922842432,0.0003185924029066737,0.00022065694251232422,0.00022751335947330316,0.0002372368504799563,0.00024814531882877275,0.00030943625475173903,0.00022903137003275632,0.00019751784813809884,0.00018411203509629076,0.00024990764069852646,0.000288312675058282,0.00019431560661824476,0.0002444276401906885,0.00020929441594373435,0.00023379037463758183,0.000329422325713046,0.0002991613843117666,0.000307517763989337,0.00033318261529318284,0.0003367062427471279,0.00035812470205718764,0.0003939225198469467,0.0004189907924738504,0.00039840959787443915,0.0003460021913141685,0.0002826496014052487,0.0002572268460572589,0.0002666010501211153,nan,nan,nan,nan,nan,nan,nan,nan,nan,nan,nan,nan,nan,nan,nan,0.004482721961266935
err of average time,2.6738651567843903e-05,2.502957176136973e-05,2.8147891101492732e-05,4.017251808339098e-05,2.101003456594014e-05,2.6936952234800852e-05,2.675900922842432e-05,3.185924029066737e-05,2.2065694251232423e-05,2.2751335947330318e-05,2.372368504799563e-05,2.4814531882877277e-05,3.0943625475173904e-05,2.290313700327563e-05,1.9751784813809885e-05,1.8411203509629074e-05,2.4990764069852645e-05,2.88312675058282e-05,1.9431560661824476e-05,2.444276401906885e-05,2.0929441594373436e-05,2.3379037463758184e-05,3.29422325713046e-05,2.991613843117666e-05,3.07517763989337e-05,3.3318261529318284e-05,3.367062427471279e-05,3.581247020571876e-05,3.939225198469467e-05,4.1899079247385035e-05,4.271399238808714e-05,4.6654925959198556e-05,5.439594115255358e-05,8.134227088824405e-05,0.00015392218805366283,nan,nan,nan,nan,nan,nan,nan,nan,nan,nan,nan,nan,nan,nan,nan,0.00044827219612669355
