Contains move time for player Gambler; opponent is Edax1
Colums refer to move number, rows to game number
game,1,2,3,4,5,6,7,8,9,10,11,12,13,14,15,16,17,18,19,20,21,22,23,24,25,26,27,28,29,30,31,32,33,34,35,36,37,38,39,40,41,42,43,44,45,46,47,48,49,50,total
1,0.012112434953451157,0.01159325335174799,0.011358068324625492,0.01108912006020546,0.010782478377223015,0.010396158322691917,0.010130887851119041,0.00983271561563015,0.00939712580293417,0.008937330916523933,0.00834974180907011,0.00798268523067236,0.007548736408352852,0.007180844433605671,0.006543259136378765,0.0062534864991903305,0.005629653111100197,0.005419001914560795,0.005273235030472279,0.004900852218270302,0.004604929126799107,0.004405025392770767,0.004202442243695259,0.004187248647212982,0.003754928708076477,0.003406090661883354,0.00288502499461174,0.002757369540631771,0.0023120492696762085,0.002241743728518486,0.0017733266577124596,0.0016427487134933472,0.0011508660390973091,0.000791589729487896,0.0,0.0,0.0,0.0,0.0,0.0,0.0,0.0,0.0,0.0,0.0,0.0,0.0,0.0,0.0,0.0,0.21082645282149315
2,0.011960973963141441,0.011491522192955017,0.01119821798056364,0.010926849208772182,0.010593162849545479,0.01028209738433361,0.009951034560799599,0.009600640274584293,0.00869235210120678,0.00849834829568863,0.007967447862029076,0.006670113652944565,0.007345790043473244,0.007039912976324558,0.006577474996447563,0.006178626790642738,0.005891449749469757,0.005586494691669941,0.004919945262372494,0.0044913021847605705,0.004233033396303654,0.0037827836349606514,0.003436232917010784,0.002960948273539543,0.0024893293157219887,0.00208908598870039,0.0016220593824982643,0.0011573974043130875,0.0009454730898141861,0.000720759853720665,0.0006206603720784187,0.0,0.0,0.0,0.0,0.0,0.0,0.0,0.0,0.0,0.0,0.0,0.0,0.0,0.0,0.0,0.0,0.0,0.0,0.0,0.1899215206503868
3,0.01193300075829029,0.011531108058989048,0.011274551041424274,0.011000457219779491,0.011030987836420536,0.010506002232432365,0.010197658091783524,0.009755105711519718,0.009181789122521877,0.008711864240467548,0.008159798569977283,0.007795895449817181,0.007348024286329746,0.007041105069220066,0.006534992717206478,0.0059864213690161705,0.005720175802707672,0.005345555953681469,0.004790189675986767,0.00457348208874464,0.00445212610065937,0.00408235564827919,0.0036264630034565926,0.0032698698341846466,0.0029128659516572952,0.002464955672621727,0.00202270969748497,0.0018997034057974815,0.0015338324010372162,0.0010627266019582748,0.0007080091163516045,0.0,0.0,0.0,0.0,0.0,0.0,0.0,0.0,0.0,0.0,0.0,0.0,0.0,0.0,0.0,0.0,0.0,0.0,0.0,0.19645378272980452
4,0.012008528225123882,0.011660431511700153,0.01130653452128172,0.011060484685003757,0.010832828469574451,0.010439702309668064,0.009866485372185707,0.009563693776726723,0.009107516147196293,0.008577222935855389,0.008213049732148647,0.007588841021060944,0.007257572375237942,0.006773113273084164,0.006564324721693993,0.006642200984060764,0.006226976402103901,0.005836197175085545,0.005393609404563904,0.0064879292622208595,0.004484266042709351,0.004074982367455959,0.004023312591016293,0.003494512289762497,0.0033707227557897568,0.003036459907889366,0.002584545873105526,0.002171170897781849,0.0017342930659651756,0.0016169361770153046,0.0011393995955586433,0.0006822068244218826,0.0,0.0,0.0,0.0,0.0,0.0,0.0,0.0,0.0,0.0,0.0,0.0,0.0,0.0,0.0,0.0,0.0,0.0,0.2038200506940484
5,0.012011212296783924,0.011534085497260094,0.011288587003946304,0.010997728444635868,0.010761035606265068,0.010455627925693989,0.00994888786226511,0.009360184893012047,0.008868477307260036,0.008428907953202724,0.008192416280508041,0.008002173155546188,0.007724235765635967,0.007337798364460468,0.006941384635865688,0.0064289383590221405,0.006250152364373207,0.006234501488506794,0.005078882910311222,0.005247049033641815,0.005054311826825142,0.004953848198056221,0.004521139897406101,0.004091733135282993,0.003965489566326141,0.0037917261943221092,0.0036958223208785057,0.0032714735716581345,0.0027167852967977524,0.002594015561044216,0.0021185027435421944,0.002017536200582981,0.0015272097662091255,0.001424994319677353,0.00084705650806427,0.0007393602281808853,0.0,0.0,0.0,0.0,0.0,0.0,0.0,0.0,0.0,0.0,0.0,0.0,0.0,0.0,0.21842327248305082
6,0.012266894802451134,0.011868523433804512,0.011533284559845924,0.01111488789319992,0.010948649607598782,0.010553971864283085,0.010138860903680325,0.009667507372796535,0.009071538224816322,0.008673911914229393,0.008312718011438847,0.00791708193719387,0.007543835788965225,0.007141781039535999,0.006713666021823883,0.005697024054825306,0.006013188511133194,0.005672638304531574,0.005178174935281277,0.005043786019086838,0.004626269452273846,0.004527264274656773,0.004149599000811577,0.0037620924413204193,0.003205232322216034,0.0030551766976714134,0.002939783036708832,0.0025863321498036385,0.002164640463888645,0.001844950020313263,0.0013667047023773193,0.0008535264059901237,0.0006226329132914543,0.0003925040364265442,0.0,0.0,0.0,0.0,0.0,0.0,0.0,0.0,0.0,0.0,0.0,0.0,0.0,0.0,0.0,0.0,0.20716863311827183
7,0.012319302186369896,0.011886202730238438,0.01147311832755804,0.011171063408255577,0.010914432816207409,0.010574933141469955,0.010269444435834885,0.009804808534681797,0.009338434785604477,0.007822577841579914,0.008696825243532658,0.008159554563462734,0.0077295126393437386,0.0072424691170454025,0.006727215833961964,0.006209755316376686,0.006131205707788467,0.0055932942777872086,0.00546981580555439,0.00541120208799839,0.004969986155629158,0.0044909194111824036,0.004459039308130741,0.0040033189579844475,0.003554265946149826,0.003035415895283222,0.0029618656262755394,0.002623189240694046,0.002155335620045662,0.0017896965146064758,0.001373480074107647,0.000924217514693737,0.0003456762060523033,0.0,0.0,0.0,0.0,0.0,0.0,0.0,0.0,0.0,0.0,0.0,0.0,0.0,0.0,0.0,0.0,0.0,0.20963157527148724
8,0.012258733622729778,0.011837974190711975,0.011441854760050774,0.011172537691891193,0.01084201131016016,0.010522959753870964,0.010157620534300804,0.010002505034208298,0.009542843326926231,0.009188288822770119,0.00880070123821497,0.008357204496860504,0.00794387236237526,0.007456665858626366,0.006388428620994091,0.006206042133271694,0.005905982106924057,0.00545932911336422,0.00510911550372839,0.004671606235206127,0.004486145451664925,0.004112779162824154,0.0037535661831498146,0.0032397862523794174,0.0030846456065773964,0.0029447106644511223,0.0028163818642497063,0.002357589080929756,0.002260252833366394,0.0018592197448015213,0.001458650454878807,0.0009736595675349236,0.0005372501909732819,0.0,0.0,0.0,0.0,0.0,0.0,0.0,0.0,0.0,0.0,0.0,0.0,0.0,0.0,0.0,0.0,0.0,0.2071509137749672
9,0.01235083770006895,0.011877806857228279,0.01179130282253027,0.011378978379070759,0.01097294595092535,0.010688869282603264,0.010111615993082523,0.009719531051814556,0.00950941164046526,0.009035506285727024,0.00864552240818739,0.00836071465164423,0.007940792478621006,0.007341221906244755,0.006765169091522694,0.006221902556717396,0.0057868920266628265,0.00538785383105278,0.0049855755642056465,0.004837385378777981,0.0044847289100289345,0.004159070551395416,0.0037687430158257484,0.003243238665163517,0.003048498183488846,0.0028764354065060616,0.002534584142267704,0.0021643582731485367,0.0016143005341291428,0.0010830163955688477,0.0008676368743181229,0.0006319368258118629,0.00037701986730098724,0.0,0.0,0.0,0.0,0.0,0.0,0.0,0.0,0.0,0.0,0.0,0.0,0.0,0.0,0.0,0.0,0.0,0.20456340350210667
10,0.00809350423514843,0.011537293903529644,0.011673756875097752,0.011330381967127323,0.010932547971606255,0.010632735677063465,0.00966369453817606,0.005529566667973995,0.005106034688651562,0.004906387999653816,0.004748250357806683,0.008254199288785458,0.007702755741775036,0.007235199213027954,0.006628283299505711,0.00482163205742836,0.004042258486151695,0.003243028186261654,0.002988007850944996,0.004979865625500679,0.004599388688802719,0.004197828471660614,0.0037177428603172302,0.0033555496484041214,0.002719554118812084,0.0014690905809402466,0.0012753112241625786,0.001041368581354618,0.0008601760491728783,0.0006185071542859077,0.0007075360044836998,0.0,0.0,0.0,0.0,0.0,0.0,0.0,0.0,0.0,0.0,0.0,0.0,0.0,0.0,0.0,0.0,0.0,0.0,0.0,0.16861143801361322
11,0.007344379089772701,0.0064337849617004395,0.006274200044572353,0.01105467975139618,0.011120831593871117,0.01053981389850378,0.010205784812569618,0.00974366720765829,0.006545506417751312,0.00489897932857275,0.0047914497554302216,0.004509111866354942,0.007849015295505524,0.007424718700349331,0.006781759671866894,0.006242137402296066,0.005731734447181225,0.0036853915080428123,0.0029722508043050766,0.0027595367282629013,0.0044735874980688095,0.0043118055909872055,0.004199596121907234,0.0037797456607222557,0.003648318350315094,0.0035728169605135918,0.002276006154716015,0.0016023023054003716,0.001424921676516533,0.0016857124865055084,0.0018398836255073547,0.0014014001935720444,0.0,0.0,0.0,0.0,0.0,0.0,0.0,0.0,0.0,0.0,0.0,0.0,0.0,0.0,0.0,0.0,0.0,0.0,0.17112482991069555
12,0.008287905715405941,0.006426548585295677,0.006301109679043293,0.0061531588435173035,0.010806065052747726,0.010387837886810303,0.009997674264013767,0.009577375836670399,0.007978038862347603,0.004804170690476894,0.004530030302703381,0.0042394837364554405,0.004029581323266029,0.007123494520783424,0.006716160103678703,0.006151081994175911,0.005723971873521805,0.0046052467077970505,0.002732718363404274,0.0025031398981809616,0.0023442432284355164,0.0020709242671728134,0.0018352000042796135,0.0026206262409687042,0.002586168237030506,0.0021914057433605194,0.001832965761423111,0.0009911255910992622,0.0005201175808906555,0.0002623666077852249,0.0,0.0,0.0,0.0,0.0,0.0,0.0,0.0,0.0,0.0,0.0,0.0,0.0,0.0,0.0,0.0,0.0,0.0,0.0,0.0,0.1463299375027418
13,0.012098202481865883,0.01170387864112854,0.011424582451581955,0.01114475168287754,0.01076078787446022,0.01049690693616867,0.010073683224618435,0.00970221497118473,0.00917032826691866,0.008546832017600536,0.008062008768320084,0.007570688612759113,0.007426070049405098,0.007316382601857185,0.0069590974599123,0.006806269288063049,0.0063545722514390945,0.005773489363491535,0.005388272926211357,0.004910292103886604,0.004448038525879383,0.004140917211771011,0.0037175100296735764,0.0034154094755649567,0.002972022630274296,0.00263951625674963,0.002245617099106312,0.001879190094769001,0.001404115930199623,0.0009424230083823204,0.0004296097904443741,0.0,0.0,0.0,0.0,0.0,0.0,0.0,0.0,0.0,0.0,0.0,0.0,0.0,0.0,0.0,0.0,0.0,0.0,0.0,0.19992368202656507
14,0.012062749825417995,0.011651577427983284,0.011276661418378353,0.011067882180213928,0.010796129703521729,0.010395949706435204,0.010130113922059536,0.009802931919693947,0.009377047419548035,0.009006661362946033,0.008433609269559383,0.007974838837981224,0.007471525110304356,0.006983368657529354,0.006565999239683151,0.006043808534741402,0.005877779796719551,0.005647938698530197,0.005511868745088577,0.0054479120299220085,0.0050009191036224365,0.004493139684200287,0.004390225745737553,0.003863460384309292,0.003646339289844036,0.00356950331479311,0.003161783330142498,0.0027784453704953194,0.0023452220484614372,0.0018697362393140793,0.001704573631286621,0.0015549873933196068,0.0011637099087238312,0.000689593143761158,0.0003931429237127304,0.0,0.0,0.0,0.0,0.0,0.0,0.0,0.0,0.0,0.0,0.0,0.0,0.0,0.0,0.0,0.21215113531798124
15,0.012133638374507427,0.011578516103327274,0.01131901890039444,0.010941929183900356,0.010649171657860279,0.010408041998744011,0.010000414215028286,0.009563878178596497,0.009191104210913181,0.00858473964035511,0.008196242153644562,0.007770741358399391,0.00746074877679348,0.007101448252797127,0.006576076149940491,0.00603033322840929,0.005630343221127987,0.005371598526835442,0.005156871862709522,0.004992138594388962,0.004952466115355492,0.004466725513339043,0.004124787636101246,0.0036888429895043373,0.0032211793586611748,0.0031597893685102463,0.0027168868109583855,0.0023386292159557343,0.0019233636558055878,0.0015239417552947998,0.0012289537116885185,0.0006016427651047707,0.0004469528794288635,0.0,0.0,0.0,0.0,0.0,0.0,0.0,0.0,0.0,0.0,0.0,0.0,0.0,0.0,0.0,0.0,0.0,0.2030511563643813
16,0.012375446036458015,0.011913808062672615,0.011432708241045475,0.011002256534993649,0.010798762552440166,0.010587835684418678,0.010358983650803566,0.009882309474050999,0.009455838240683079,0.009086072444915771,0.00852042157202959,0.008018290624022484,0.007558145560324192,0.007089096121490002,0.00669998861849308,0.006181842647492886,0.00612530205398798,0.005722889676690102,0.0052802059799432755,0.005367548204958439,0.004795108921825886,0.004419563338160515,0.003857518546283245,0.003683873452246189,0.0035828333348035812,0.0042452216148376465,0.002792426384985447,0.0026781102642416954,0.0020242221653461456,0.0018517933785915375,0.0012151999399065971,0.0007198788225650787,0.0,0.0,0.0,0.0,0.0,0.0,0.0,0.0,0.0,0.0,0.0,0.0,0.0,0.0,0.0,0.0,0.0,0.0,0.2093235021457076
17,0.013379906304180622,0.011856638826429844,0.011538821272552013,0.011292603798210621,0.011873210780322552,0.010512487962841988,0.010137172415852547,0.009618624113500118,0.009240257553756237,0.007585978135466576,0.0,0.0,0.0,0.0,0.0,0.0,0.0,0.0,0.0,0.0,0.0,0.0,0.0,0.0,0.0,0.0,0.0,0.0,0.0,0.0,0.0,0.0,0.0,0.0,0.0,0.0,0.0,0.0,0.0,0.0,0.0,0.0,0.0,0.0,0.0,0.0,0.0,0.0,0.0,0.0,0.10703570116311312
18,0.012193001806735992,0.01192453969269991,0.01155882142484188,0.01100640557706356,0.010853617452085018,0.010343342088162899,0.010170090943574905,0.009733045473694801,0.011200942099094391,0.009127214550971985,0.008579454384744167,0.007947375997900963,0.007537295110523701,0.00716289971023798,0.006743578240275383,0.006311141885817051,0.006196595728397369,0.005714179016649723,0.0052324822172522545,0.005053265951573849,0.004933378659188747,0.004546930082142353,0.0042794495820999146,0.0037065595388412476,0.003573295660316944,0.0032653193920850754,0.002781866118311882,0.002364763058722019,0.002265825867652893,0.001803516410291195,0.001452609896659851,0.0009066769853234291,0.0005628941580653191,0.0,0.0,0.0,0.0,0.0,0.0,0.0,0.0,0.0,0.0,0.0,0.0,0.0,0.0,0.0,0.0,0.0,0.21103237476199865
19,0.012223969213664532,0.011944481171667576,0.011811470612883568,0.01126257237046957,0.011106851510703564,0.01062758732587099,0.010432691313326359,0.009922241792082787,0.009483338333666325,0.009247598238289356,0.008701401762664318,0.008410965092480183,0.007951242849230766,0.007456745021045208,0.0070413993671536446,0.006339091807603836,0.005908971652388573,0.005417888984084129,0.005242282524704933,0.004787272773683071,0.004580365493893623,0.004577885381877422,0.004264939576387405,0.0038737915456295013,0.0035125119611620903,0.0055843619629740715,0.0027656862512230873,0.00234335009008646,0.0017308397218585014,0.001638062298297882,0.0010913163423538208,0.0008766902610659599,0.0007088193669915199,0.0003040200099349022,0.0,0.0,0.0,0.0,0.0,0.0,0.0,0.0,0.0,0.0,0.0,0.0,0.0,0.0,0.0,0.0,0.21317270398139954
20,0.012182793579995632,0.011905994266271591,0.013252897188067436,0.011097720824182034,0.010892820544540882,0.01065120380371809,0.010244031436741352,0.009883088059723377,0.009418307803571224,0.00910702720284462,0.008128933608531952,0.008376979269087315,0.007886338979005814,0.007437191903591156,0.0068708062171936035,0.006404135376214981,0.006118913181126118,0.005742338486015797,0.005365712568163872,0.004800804890692234,0.004473411478102207,0.003961686044931412,0.0034856656566262245,0.003285476006567478,0.003060408867895603,0.003945888020098209,0.002710125409066677,0.0023277997970581055,0.0018486417829990387,0.001742662861943245,0.0012250076979398727,0.0010284492745995522,0.0009021637961268425,0.00043777283281087875,0.0,0.0,0.0,0.0,0.0,0.0,0.0,0.0,0.0,0.0,0.0,0.0,0.0,0.0,0.0,0.0,0.21020319871604443
21,0.011355046182870865,0.011595224030315876,0.011338739655911922,0.011112245731055737,0.0108474837616086,0.010227563790977001,0.009920721873641014,0.009480232372879982,0.008990378119051456,0.008460506796836853,0.008054312318563461,0.010037136264145374,0.0073427464812994,0.007139364257454872,0.006756785325706005,0.006295323371887207,0.005870569497346878,0.005546479485929012,0.005075955763459206,0.0047450559213757515,0.00425643939524889,0.003874358721077442,0.003524400293827057,0.0028251884505152702,0.0027851564809679985,0.002272403798997402,0.002113036811351776,0.0017685424536466599,0.001428362913429737,0.0008342228829860687,0.0003957469016313553,0.0,0.0,0.0,0.0,0.0,0.0,0.0,0.0,0.0,0.0,0.0,0.0,0.0,0.0,0.0,0.0,0.0,0.0,0.0,0.19626973010599613
22,0.01197058241814375,0.011675367131829262,0.01139319408684969,0.011029809713363647,0.010775461792945862,0.01053012814372778,0.010039296932518482,0.009704328142106533,0.009338225238025188,0.008742161095142365,0.00838954746723175,0.008150977082550526,0.0076353894546628,0.007250242866575718,0.006713652051985264,0.005825006403028965,0.005775592289865017,0.0053077684715390205,0.004970330744981766,0.004666841588914394,0.0042092930525541306,0.003680235706269741,0.0034224065020680428,0.002975146286189556,0.002469714730978012,0.0021268483251333237,0.0016725296154618263,0.0012805294245481491,0.0007974859327077866,0.0006220536306500435,0.00039657391607761383,0.0,0.0,0.0,0.0,0.0,0.0,0.0,0.0,0.0,0.0,0.0,0.0,0.0,0.0,0.0,0.0,0.0,0.0,0.0,0.193536720238626
23,0.012089215219020844,0.011714905500411987,0.01140729058533907,0.011137443594634533,0.010789252817630768,0.01053768489509821,0.010175997391343117,0.00993559043854475,0.009421220980584621,0.00888308510184288,0.008513735607266426,0.008214791305363178,0.007790702395141125,0.00725804828107357,0.006587685085833073,0.006195521913468838,0.005780092440545559,0.0053068483248353004,0.004927156493067741,0.004826363176107407,0.0041093360632658005,0.003738029859960079,0.003367248922586441,0.002970590256154537,0.002519926056265831,0.002282579429447651,0.0017687566578388214,0.0013061324134469032,0.0007839631289243698,0.0006988588720560074,0.0,0.0,0.0,0.0,0.0,0.0,0.0,0.0,0.0,0.0,0.0,0.0,0.0,0.0,0.0,0.0,0.0,0.0,0.0,0.0,0.19503805320709944
24,0.012118064798414707,0.01157720573246479,0.011441829614341259,0.0111619271337986,0.010660141706466675,0.010436495766043663,0.009941210970282555,0.009569928050041199,0.009364992380142212,0.008347790688276291,0.008360246196389198,0.007900058291852474,0.00735415518283844,0.006889958865940571,0.006417646072804928,0.006224713288247585,0.006146748550236225,0.005676669999957085,0.005443774163722992,0.0050750961527228355,0.004669527523219585,0.00440460629761219,0.00388441514223814,0.0038145761936903,0.003457479178905487,0.0030523966997861862,0.0026117777451872826,0.0022779861465096474,0.0018674293532967567,0.001359810121357441,0.0007746238261461258,0.0006356127560138702,0.0,0.0,0.0,0.0,0.0,0.0,0.0,0.0,0.0,0.0,0.0,0.0,0.0,0.0,0.0,0.0,0.0,0.0,0.2029188945889473
25,0.01192202977836132,0.01176106184720993,0.011320599354803562,0.011115452274680138,0.010734546929597855,0.010445288382470608,0.009903881698846817,0.009446986950933933,0.009093438275158405,0.008013894781470299,0.008407888934016228,0.007891056127846241,0.007471132092177868,0.0069643305614590645,0.006528829224407673,0.006147308275103569,0.005745618604123592,0.00538053922355175,0.004686431027948856,0.004518948495388031,0.00410096999257803,0.0038257259875535965,0.003466079942882061,0.0029798392206430435,0.0025437893345952034,0.0021616732701659203,0.0017427140846848488,0.0013343635946512222,0.0007910598069429398,0.0006341831758618355,0.0,0.0,0.0,0.0,0.0,0.0,0.0,0.0,0.0,0.0,0.0,0.0,0.0,0.0,0.0,0.0,0.0,0.0,0.0,0.0,0.19107966125011444
26,0.013202615082263947,0.011882626451551914,0.01168675348162651,0.01142769306898117,0.011003921739757061,0.010683936066925526,0.010311074554920197,0.010029373690485954,0.009458957239985466,0.009083619341254234,0.00874219462275505,0.008234589360654354,0.0077262939885258675,0.007202250882983208,0.0067204320803284645,0.006234555505216122,0.00586027093231678,0.005865695886313915,0.005409379489719868,0.004860877990722656,0.004610339179635048,0.004216073080897331,0.003713201731443405,0.0033509936183691025,0.0029603689908981323,0.002612813375890255,0.0021593328565359116,0.0017523067072033882,0.0013459855690598488,0.0009435396641492844,0.00042774248868227005,0.0,0.0,0.0,0.0,0.0,0.0,0.0,0.0,0.0,0.0,0.0,0.0,0.0,0.0,0.0,0.0,0.0,0.0,0.0,0.20371980872005224
27,0.012301144190132618,0.011825674213469028,0.011428819969296455,0.011254637502133846,0.010788747109472752,0.010652231052517891,0.01025253813713789,0.009822342544794083,0.009544515050947666,0.009123042225837708,0.008780881762504578,0.00835825502872467,0.007714375853538513,0.00716917309910059,0.006752105429768562,0.006399245001375675,0.006015889346599579,0.005561891943216324,0.005040058866143227,0.004646667279303074,0.004436042159795761,0.004310202784836292,0.003856683149933815,0.0037064552307128906,0.0032608462497591972,0.0029830029234290123,0.0026165787130594254,0.0022094203159213066,0.0017520962283015251,0.0012935195118188858,0.0009208405390381813,0.00035475660115480423,0.0,0.0,0.0,0.0,0.0,0.0,0.0,0.0,0.0,0.0,0.0,0.0,0.0,0.0,0.0,0.0,0.0,0.0,0.20513268001377583
28,0.01228136382997036,0.01180858165025711,0.0115629518404603,0.01125552412122488,0.010866096243262291,0.010722992941737175,0.009453347884118557,0.009529484435915947,0.009225398302078247,0.008878865279257298,0.008439982309937477,0.008000797592103481,0.007588411681354046,0.007001531310379505,0.006734591908752918,0.0066061923280358315,0.0065854387357831,0.006086738780140877,0.0057771820574998856,0.005223415791988373,0.007167342118918896,0.004666638560593128,0.004639260470867157,0.004205045290291309,0.0037533361464738846,0.0036058658733963966,0.0034607797861099243,0.003025488927960396,0.002840866334736347,0.002654275856912136,0.002463536337018013,0.0,0.0,0.0,0.0,0.0,0.0,0.0,0.0,0.0,0.0,0.0,0.0,0.0,0.0,0.0,0.0,0.0,0.0,0.0,0.21611132472753525
29,0.012299158610403538,0.011902371421456337,0.011724129319190979,0.011344240978360176,0.010953165590763092,0.010742487385869026,0.010317944921553135,0.009864965453743935,0.009529847651720047,0.008900620974600315,0.008437405340373516,0.007835295051336288,0.0073761772364377975,0.007271718233823776,0.006827415898442268,0.006731145083904266,0.006391978822648525,0.005986982025206089,0.005604476667940617,0.005182772874832153,0.004871188662946224,0.0044294558465480804,0.004055206663906574,0.003585459664463997,0.0030692219734191895,0.002943250350654125,0.0026162033900618553,0.00216867309063673,0.0017231861129403114,0.0012989901006221771,0.0009299768134951591,0.00039486028254032135,0.0,0.0,0.0,0.0,0.0,0.0,0.0,0.0,0.0,0.0,0.0,0.0,0.0,0.0,0.0,0.0,0.0,0.0,0.20730997249484062
30,0.012327822856605053,0.013283802196383476,0.011616194620728493,0.011130766943097115,0.01083824411034584,0.010376250371336937,0.010003217495977879,0.009663889184594154,0.008877519518136978,0.009142189286649227,0.00860702432692051,0.00803452916443348,0.007609802298247814,0.007105831056833267,0.006647118367254734,0.006213422864675522,0.005960841663181782,0.00600746925920248,0.005601194687187672,0.00503142923116684,0.004911912605166435,0.004611075855791569,0.004243816249072552,0.003794688731431961,0.0034344131126999855,0.003075062297284603,0.0028253011405467987,0.002251802943646908,0.0017994483932852745,0.0014259815216064453,0.0009566536173224449,0.00038728024810552597,0.0,0.0,0.0,0.0,0.0,0.0,0.0,0.0,0.0,0.0,0.0,0.0,0.0,0.0,0.0,0.0,0.0,0.0,0.20779599621891975
31,0.011985876597464085,0.011644024401903152,0.011432347819209099,0.011283093132078648,0.010926716029644012,0.010482251644134521,0.010044107213616371,0.009649062529206276,0.009090288542211056,0.008727435022592545,0.008266772143542767,0.007842428050935268,0.007320461794734001,0.006940055638551712,0.006423229351639748,0.00625829491764307,0.006076909601688385,0.005691004917025566,0.005533862859010696,0.005101809278130531,0.0046367766335606575,0.0043938616290688515,0.0038419989868998528,0.0034528784453868866,0.003050249069929123,0.0026164501905441284,0.002124750055372715,0.00179209653288126,0.0012947628274559975,0.0008661262691020966,0.0004459703341126442,0.0,0.0,0.0,0.0,0.0,0.0,0.0,0.0,0.0,0.0,0.0,0.0,0.0,0.0,0.0,0.0,0.0,0.0,0.0,0.19923595245927572
32,0.012025203555822372,0.011750321835279465,0.011376766487956047,0.01106648426502943,0.010855775326490402,0.010360034182667732,0.010098431259393692,0.00959264487028122,0.009213125333189964,0.008901999332010746,0.008523061871528625,0.008250562474131584,0.007750974968075752,0.007276128977537155,0.006718745455145836,0.006375684402883053,0.005846599116921425,0.0055793290957808495,0.005054749548435211,0.004579673521220684,0.0040218159556388855,0.003798212856054306,0.003626229241490364,0.003430042415857315,0.003216966986656189,0.003060773015022278,0.0027386927977204323,0.002270670607686043,0.0019460497424006462,0.0015461305156350136,0.0011551398783922195,0.0006675571203231812,0.0,0.0,0.0,0.0,0.0,0.0,0.0,0.0,0.0,0.0,0.0,0.0,0.0,0.0,0.0,0.0,0.0,0.0,0.20267457701265812
33,0.012007633224129677,0.011632676236331463,0.01137745101004839,0.011103728786110878,0.010696589015424252,0.010445930995047092,0.00991432648152113,0.009635962545871735,0.009037855081260204,0.008784855715930462,0.008200046606361866,0.007798418402671814,0.007281686179339886,0.0068028029054403305,0.00682744849473238,0.006420616060495377,0.005902557633817196,0.005386712029576302,0.005254246294498444,0.005052634514868259,0.00495208241045475,0.004782748408615589,0.004698628559708595,0.004332922399044037,0.00409155897796154,0.0035956967622041702,0.0028741061687469482,0.0026634158566594124,0.0021642670035362244,0.0017953701317310333,0.001375102438032627,0.0009089363738894463,0.0,0.0,0.0,0.0,0.0,0.0,0.0,0.0,0.0,0.0,0.0,0.0,0.0,0.0,0.0,0.0,0.0,0.0,0.2077990137040615
34,0.011520905420184135,0.011666064150631428,0.011382777243852615,0.011011934839189053,0.01066450122743845,0.010422141291201115,0.009953745640814304,0.009545397944748402,0.009260854683816433,0.008825876750051975,0.008659054525196552,0.008095401339232922,0.007536532357335091,0.007225332781672478,0.006810646504163742,0.0061135077849030495,0.005638142116367817,0.005353949964046478,0.0053109219297766685,0.005156649276614189,0.004879196174442768,0.004446439445018768,0.004008482210338116,0.0035949023440480232,0.003146146424114704,0.0026670824736356735,0.002513522282242775,0.00222653616219759,0.0017622606828808784,0.001394280232489109,0.0009230663999915123,0.00036276690661907196,0.0,0.0,0.0,0.0,0.0,0.0,0.0,0.0,0.0,0.0,0.0,0.0,0.0,0.0,0.0,0.0,0.0,0.0,0.20207901950925589
35,0.010469963774085045,0.011671238578855991,0.011461861431598663,0.011011486873030663,0.010757838375866413,0.010317391715943813,0.009875744581222534,0.009384877979755402,0.008850662037730217,0.008465178310871124,0.00818653218448162,0.007948119193315506,0.007492684759199619,0.007089829072356224,0.006665144115686417,0.0062267109751701355,0.005961183458566666,0.008000881411135197,0.005161428824067116,0.004642356187105179,0.004178635776042938,0.003790046088397503,0.0033630896359682083,0.0029735062271356583,0.0026509659364819527,0.0022683460265398026,0.001750679686665535,0.0013937568292021751,0.0,0.0,0.0,0.0,0.0,0.0,0.0,0.0,0.0,0.0,0.0,0.0,0.0,0.0,0.0,0.0,0.0,0.0,0.0,0.0,0.0,0.0,0.19201014004647732
36,0.012358978390693665,0.011919313110411167,0.011527366936206818,0.011249132454395294,0.01109264139086008,0.01029210351407528,0.010311336256563663,0.009753590449690819,0.009279580786824226,0.00907085556536913,0.008775412105023861,0.008369975723326206,0.007862509228289127,0.007278994657099247,0.006759721785783768,0.006189858540892601,0.006009099073708057,0.005812335759401321,0.005631127394735813,0.005470419302582741,0.005430718883872032,0.005076269619166851,0.004495327360928059,0.004318716004490852,0.004133368842303753,0.0037636850029230118,0.003413088619709015,0.002973685972392559,0.002651236020028591,0.00228887889534235,0.0019039260223507881,0.0013871453702449799,0.000874759629368782,0.00043144263327121735,0.0,0.0,0.0,0.0,0.0,0.0,0.0,0.0,0.0,0.0,0.0,0.0,0.0,0.0,0.0,0.0,0.21815660130232573
37,0.012293428182601929,0.01188663113862276,0.011707043275237083,0.011456516571342945,0.010244376957416534,0.0106598986312747,0.010397141799330711,0.010085566900670528,0.009593094699084759,0.009152805432677269,0.008739412762224674,0.008290862664580345,0.007812942378222942,0.007499842904508114,0.007034795358777046,0.0064975060522556305,0.0060668084770441055,0.005462277680635452,0.0051431916654109955,0.004745009355247021,0.004196749068796635,0.004046972841024399,0.003851385787129402,0.0037277862429618835,0.003387119621038437,0.0028625531122088432,0.002390303649008274,0.002267284318804741,0.0018778583034873009,0.001458907499909401,0.0010090461000800133,0.0009086104109883308,0.0004105856642127037,0.0,0.0,0.0,0.0,0.0,0.0,0.0,0.0,0.0,0.0,0.0,0.0,0.0,0.0,0.0,0.0,0.0,0.2071643155068159
38,0.01234022993594408,0.01180864404886961,0.011498839594423771,0.011179166845977306,0.010150711983442307,0.010524756275117397,0.010231958702206612,0.009744779206812382,0.009197914972901344,0.008780580945312977,0.008322841487824917,0.008032397367060184,0.007719118148088455,0.006644846871495247,0.0068405913189053535,0.0062906984239816666,0.005862748250365257,0.005678562447428703,0.0055856853723526,0.005220089107751846,0.004901818931102753,0.00463461596518755,0.0040755681693553925,0.003764515742659569,0.0032537663355469704,0.0028295228257775307,0.00234315637499094,0.0021083857864141464,0.0019388357177376747,0.001847865991294384,0.0013735666871070862,0.0009064385667443275,0.00031544454395771027,0.0,0.0,0.0,0.0,0.0,0.0,0.0,0.0,0.0,0.0,0.0,0.0,0.0,0.0,0.0,0.0,0.0,0.20594866294413805
39,0.012268702499568462,0.011879210360348225,0.011512015014886856,0.011207173578441143,0.010935702361166477,0.01055098231881857,0.010269520804286003,0.009797384031116962,0.009498334489762783,0.009061848744750023,0.0085093779489398,0.00805231835693121,0.007691584527492523,0.007013082504272461,0.007017321884632111,0.006460552103817463,0.0060427431017160416,0.005884101614356041,0.005544699728488922,0.005070165731012821,0.0047583747655153275,0.0043685557320714,0.003592986613512039,0.0034310659393668175,0.0033369017764925957,0.0028811926022171974,0.002876873128116131,0.0025284327566623688,0.0019054505974054337,0.0018199961632490158,0.0014029694721102715,0.0009183855727314949,0.00037214066833257675,0.0,0.0,0.0,0.0,0.0,0.0,0.0,0.0,0.0,0.0,0.0,0.0,0.0,0.0,0.0,0.0,0.0,0.20846014749258757
40,0.012275558896362782,0.011651372537016869,0.011783480644226074,0.011224274523556232,0.011005002073943615,0.010740010067820549,0.010544799268245697,0.010046540759503841,0.009647097438573837,0.009282324463129044,0.008820034563541412,0.008333448320627213,0.008045208640396595,0.007222107611596584,0.007340681739151478,0.006718955002725124,0.0062463488429784775,0.00569003913551569,0.005117372609674931,0.004632885567843914,0.0044774217531085014,0.004033645614981651,0.003552556037902832,0.0033703558146953583,0.003283812664449215,0.002963949926197529,0.0025802915915846825,0.0020893029868602753,0.001735263504087925,0.0013692434877157211,0.0008505498990416527,0.0003457106649875641,0.0,0.0,0.0,0.0,0.0,0.0,0.0,0.0,0.0,0.0,0.0,0.0,0.0,0.0,0.0,0.0,0.0,0.0,0.20701964665204287
41,0.011965169571340084,0.011707044206559658,0.011448513716459274,0.011111159808933735,0.010563725605607033,0.01039734948426485,0.01020955853164196,0.009671404026448727,0.009031308814883232,0.008616426028311253,0.008233653381466866,0.00777048896998167,0.007286358624696732,0.006850404664874077,0.006698928773403168,0.006192632019519806,0.0057484544813632965,0.005338101647794247,0.004924788139760494,0.00458531454205513,0.004171956330537796,0.0037654023617506027,0.0033711958676576614,0.0029253866523504257,0.0027119331061840057,0.002324877306818962,0.0017767027020454407,0.0012522591277956963,0.0011028330773115158,0.0006798030808568001,0.0,0.0,0.0,0.0,0.0,0.0,0.0,0.0,0.0,0.0,0.0,0.0,0.0,0.0,0.0,0.0,0.0,0.0,0.0,0.0,0.1924331346526742
42,0.01208262424916029,0.01166732981801033,0.011352361179888248,0.011096358299255371,0.010726449079811573,0.010473590344190598,0.009989647194743156,0.009676991030573845,0.010434293188154697,0.008832809515297413,0.008356185629963875,0.0077231936156749725,0.007334765046834946,0.007012851536273956,0.006675476208329201,0.00619969516992569,0.005651229061186314,0.005399482324719429,0.00495871901512146,0.004672623239457607,0.004244060255587101,0.0036821961402893066,0.003367743454873562,0.0029422491788864136,0.0025368928909301758,0.002121630124747753,0.001667676493525505,0.0014594532549381256,0.0012412294745445251,0.0010208291932940483,0.0009043402969837189,0.0003690570592880249,0.0,0.0,0.0,0.0,0.0,0.0,0.0,0.0,0.0,0.0,0.0,0.0,0.0,0.0,0.0,0.0,0.0,0.0,0.19587403256446123
43,0.012067358940839767,0.011742450296878815,0.011403490789234638,0.011330517008900642,0.010896486230194569,0.01058169361203909,0.010241282172501087,0.009875294752418995,0.009263452142477036,0.009002762846648693,0.008376173675060272,0.008055148646235466,0.007626321166753769,0.007130990736186504,0.006686605513095856,0.0061419252306222916,0.005751560442149639,0.005193095654249191,0.005023126490414143,0.004812666215002537,0.004588485695421696,0.004483126103878021,0.004347134381532669,0.0036528455093503,0.0038317544385790825,0.003597451373934746,0.0031281933188438416,0.002678089775145054,0.002131545916199684,0.0019414164125919342,0.0018072789534926414,0.0,0.0,0.0,0.0,0.0,0.0,0.0,0.0,0.0,0.0,0.0,0.0,0.0,0.0,0.0,0.0,0.0,0.0,0.0,0.20738972444087267
44,0.012038160115480423,0.01166337076574564,0.011340330354869366,0.01120809093117714,0.01092949602752924,0.010387232527136803,0.009882943704724312,0.009665888734161854,0.008859141729772091,0.0085835549980402,0.008171051740646362,0.007810022681951523,0.0073828743770718575,0.006937768310308456,0.006477167829871178,0.006047596223652363,0.005919496528804302,0.005534639582037926,0.005149495787918568,0.004709308966994286,0.0044782729819417,0.0042938124388456345,0.00416340958327055,0.0037877121940255165,0.0032837633043527603,0.003135749138891697,0.002746855840086937,0.002422272227704525,0.001854793168604374,0.0016980022192001343,0.0016169073060154915,0.0011697802692651749,0.0007401257753372192,0.0,0.0,0.0,0.0,0.0,0.0,0.0,0.0,0.0,0.0,0.0,0.0,0.0,0.0,0.0,0.0,0.0,0.2040890883654356
45,0.012028633616864681,0.01162449736148119,0.011456483975052834,0.011110682971775532,0.01073179766535759,0.010432804003357887,0.009926940314471722,0.009628040716052055,0.008867194876074791,0.008505765348672867,0.00810426939278841,0.007607810199260712,0.007378518581390381,0.007229114882647991,0.0070610446855425835,0.006779732182621956,0.006485816091299057,0.006132400594651699,0.005579459480941296,0.005122778937220573,0.004830625839531422,0.004312839359045029,0.004043039865791798,0.003560963086783886,0.0031357286497950554,0.002702166326344013,0.002224300056695938,0.0021028798073530197,0.0016941335052251816,0.0013052700087428093,0.0009073298424482346,0.00040919985622167587,0.0,0.0,0.0,0.0,0.0,0.0,0.0,0.0,0.0,0.0,0.0,0.0,0.0,0.0,0.0,0.0,0.0,0.0,0.20302226208150387
46,0.012290729209780693,0.011944754049181938,0.01160383690148592,0.011218808591365814,0.010949930176138878,0.010687975212931633,0.010321204550564289,0.009975060820579529,0.009479205124080181,0.009134450927376747,0.008688119240105152,0.008139561861753464,0.007608495652675629,0.007190227508544922,0.006815148517489433,0.006454749032855034,0.005951905623078346,0.0051956018432974815,0.005354791879653931,0.0047888727858662605,0.004309695214033127,0.0039516957476735115,0.0036666281521320343,0.0036374330520629883,0.0031601432710886,0.0027403896674513817,0.002357935532927513,0.001926332712173462,0.0017176205292344093,0.0015564095228910446,0.001427929848432541,0.0008757999166846275,0.0006274599581956863,0.0004240525886416435,0.0,0.0,0.0,0.0,0.0,0.0,0.0,0.0,0.0,0.0,0.0,0.0,0.0,0.0,0.0,0.0,0.20617295522242785
47,0.012371749617159367,0.011831584386527538,0.011497859843075275,0.011219452135264874,0.010883012786507607,0.01064933743327856,0.010253255255520344,0.010012498125433922,0.009510865435004234,0.009228318929672241,0.008674492128193378,0.008320447988808155,0.007972124963998795,0.007686641067266464,0.00720188207924366,0.00680133979767561,0.006246032193303108,0.005727482959628105,0.005299274809658527,0.004762864671647549,0.004439380019903183,0.003947248682379723,0.0034952471032738686,0.003357319161295891,0.003072403371334076,0.0024459436535835266,0.0022489791736006737,0.0021200235933065414,0.001783423125743866,0.001402663066983223,0.0009278897196054459,0.00043100398033857346,0.0,0.0,0.0,0.0,0.0,0.0,0.0,0.0,0.0,0.0,0.0,0.0,0.0,0.0,0.0,0.0,0.0,0.0,0.2058220412582159
48,0.012441624887287617,0.01186765730381012,0.011535659432411194,0.011167108081281185,0.010912671685218811,0.010266674682497978,0.009314797818660736,0.009348390623927116,0.009002483449876308,0.008797628805041313,0.008402702398598194,0.008016224950551987,0.007611221633851528,0.007133964449167252,0.006860008463263512,0.006503681652247906,0.0059395357966423035,0.005471798591315746,0.005052646622061729,0.004835288040339947,0.004677616059780121,0.004614019766449928,0.004109598696231842,0.003963438794016838,0.0034846868366003036,0.003272218629717827,0.0031869029626250267,0.0027403095737099648,0.0026596160605549812,0.002202685922384262,0.001643952913582325,0.0014121877029538155,0.0012350128963589668,0.0008777659386396408,0.00033651571720838547,0.0,0.0,0.0,0.0,0.0,0.0,0.0,0.0,0.0,0.0,0.0,0.0,0.0,0.0,0.0,0.2108982978388667
49,0.012323679402470589,0.011901783756911755,0.011873487383127213,0.011476137675344944,0.011094038374722004,0.010762612335383892,0.010143276304006577,0.01001056656241417,0.009519245475530624,0.009158014319837093,0.008778542280197144,0.00823465920984745,0.00773768313229084,0.007267232984304428,0.006614845246076584,0.0064174216240644455,0.00623452290892601,0.006171252578496933,0.005763901397585869,0.005304303020238876,0.005040946416556835,0.004886182025074959,0.004735215567052364,0.0045627448707818985,0.004329139366745949,0.003994503058493137,0.0035222526639699936,0.00303514301776886,0.002652779221534729,0.0023017143830657005,0.001843373291194439,0.0013162251561880112,0.0008057095110416412,0.0006612362340092659,0.0,0.0,0.0,0.0,0.0,0.0,0.0,0.0,0.0,0.0,0.0,0.0,0.0,0.0,0.0,0.0,0.22047437075525522
50,0.012209897860884666,0.011801104992628098,0.011571518145501614,0.011051059700548649,0.010835865512490273,0.010575011372566223,0.010369841009378433,0.009878471493721008,0.009361708536744118,0.008925028145313263,0.008353588171303272,0.008028822019696236,0.007668288424611092,0.007111905142664909,0.006577975116670132,0.006280254572629929,0.005828858353197575,0.005490572191774845,0.00499576423317194,0.004524483345448971,0.00473424606025219,0.004406309686601162,0.003923268988728523,0.00349297933280468,0.003026575781404972,0.002941465936601162,0.002500896342098713,0.0020336825400590897,0.0018410831689834595,0.0015708301216363907,0.0011845855042338371,0.0011331504210829735,0.0006337771192193031,0.0,0.0,0.0,0.0,0.0,0.0,0.0,0.0,0.0,0.0,0.0,0.0,0.0,0.0,0.0,0.0,0.0,0.2048628693446517
51,0.01205225009471178,0.011567356996238232,0.011357985436916351,0.011263969354331493,0.010656904429197311,0.010316717438399792,0.010032451711595058,0.00961120892316103,0.009104060009121895,0.0081996014341712,0.008198143914341927,0.007734882645308971,0.007245439104735851,0.006690225563943386,0.006573475897312164,0.0063909972086548805,0.006322706118226051,0.005985408090054989,0.0055310046300292015,0.005002428777515888,0.0049993861466646194,0.004522763192653656,0.004017115570604801,0.003851105459034443,0.0037144822999835014,0.003516020253300667,0.003397485241293907,0.0032550888136029243,0.002722185105085373,0.0025882693007588387,0.0,0.0,0.0,0.0,0.0,0.0,0.0,0.0,0.0,0.0,0.0,0.0,0.0,0.0,0.0,0.0,0.0,0.0,0.0,0.0,0.20642111916095018
52,0.011993740685284138,0.011739276349544525,0.011452303268015385,0.011108257807791233,0.010807155631482601,0.01058450061827898,0.010236154310405254,0.009740622714161873,0.009520992636680603,0.009014809504151344,0.008713399060070515,0.008105462417006493,0.007600951939821243,0.007075578905642033,0.006531737744808197,0.006062265485525131,0.005839021876454353,0.005686311982572079,0.0056279925629496574,0.005236249417066574,0.004845206625759602,0.004286105744540691,0.004087192006409168,0.003912941552698612,0.0037619518116116524,0.0035962332040071487,0.0034406734630465508,0.0033165765926241875,0.002895866520702839,0.0025564003735780716,0.0021536294370889664,0.0016304189339280128,0.0010168636217713356,0.000660507008433342,0.0,0.0,0.0,0.0,0.0,0.0,0.0,0.0,0.0,0.0,0.0,0.0,0.0,0.0,0.0,0.0,0.2148373518139124
53,0.011949815787374973,0.011563449166715145,0.011289983987808228,0.010995197109878063,0.010712259449064732,0.010431499220430851,0.009944935329258442,0.009431496262550354,0.009148985147476196,0.00861215591430664,0.007090224884450436,0.007674232125282288,0.007477755658328533,0.007040859200060368,0.006539474241435528,0.006012358702719212,0.005764331668615341,0.005218295380473137,0.004836805164813995,0.0046256715431809425,0.004469306208193302,0.004335355944931507,0.004136792384088039,0.003981522284448147,0.0038573825731873512,0.003321998752653599,0.003132046200335026,0.0028200261294841766,0.0,0.0,0.0,0.0,0.0,0.0,0.0,0.0,0.0,0.0,0.0,0.0,0.0,0.0,0.0,0.0,0.0,0.0,0.0,0.0,0.0,0.0,0.19641421642154455
54,0.01205943338572979,0.011679187417030334,0.011433267034590244,0.011142670176923275,0.010763674974441528,0.01045980118215084,0.010119806975126266,0.009821091778576374,0.009311694651842117,0.008848771452903748,0.008424101397395134,0.008030857890844345,0.007652021944522858,0.007211902178823948,0.006700699217617512,0.00621284544467926,0.005291453562676907,0.0055169835686683655,0.005289268679916859,0.004800580441951752,0.004316565580666065,0.0039779795333743095,0.0034217406064271927,0.003319975920021534,0.002909082919359207,0.0025678230449557304,0.0021434398368000984,0.0017795972526073456,0.0013298997655510902,0.0008348533883690834,0.0006857197731733322,0.0,0.0,0.0,0.0,0.0,0.0,0.0,0.0,0.0,0.0,0.0,0.0,0.0,0.0,0.0,0.0,0.0,0.0,0.0,0.19805679097771645
55,0.012090114876627922,0.011554158292710781,0.011332480236887932,0.010999828577041626,0.010690727271139622,0.009576821699738503,0.009917743504047394,0.009611355140805244,0.00898199062794447,0.008476276881992817,0.008137539029121399,0.007950413972139359,0.007452602498233318,0.006829595193266869,0.006523088552057743,0.006438771262764931,0.006326689384877682,0.005824552848935127,0.0056222593411803246,0.0055143991485238075,0.005391858518123627,0.00489366240799427,0.004790673032402992,0.004601620137691498,0.004514459520578384,0.0,0.0,0.0,0.0,0.0,0.0,0.0,0.0,0.0,0.0,0.0,0.0,0.0,0.0,0.0,0.0,0.0,0.0,0.0,0.0,0.0,0.0,0.0,0.0,0.0,0.19404368195682764
56,0.012248934246599674,0.011738543398678303,0.011419967748224735,0.011127812787890434,0.010148477740585804,0.010250400751829147,0.010107222013175488,0.009758511558175087,0.00902535393834114,0.008836458437144756,0.008298782631754875,0.007854855619370937,0.007607866078615189,0.006480524316430092,0.0,0.0,0.0,0.0,0.0,0.0,0.0,0.0,0.0,0.0,0.0,0.0,0.0,0.0,0.0,0.0,0.0,0.0,0.0,0.0,0.0,0.0,0.0,0.0,0.0,0.0,0.0,0.0,0.0,0.0,0.0,0.0,0.0,0.0,0.0,0.0,0.13490371126681566
57,0.01233612559735775,0.01175797637552023,0.011478539556264877,0.011198192834854126,0.010778700932860374,0.010547025129199028,0.010281464084982872,0.009942854754626751,0.009388124570250511,0.009040238335728645,0.00853620283305645,0.007991797290742397,0.007647356018424034,0.0071636466309428215,0.0068628182634711266,0.00636991485953331,0.005913738161325455,0.005534479394555092,0.005191776901483536,0.004746888764202595,0.0043249791488051414,0.0037938524037599564,0.003720322623848915,0.003394152969121933,0.0028708288446068764,0.002748822793364525,0.002370559610426426,0.0019249329343438148,0.0015863431617617607,0.00116040650755167,0.0006020301952958107,0.000390433706343174,0.0,0.0,0.0,0.0,0.0,0.0,0.0,0.0,0.0,0.0,0.0,0.0,0.0,0.0,0.0,0.0,0.0,0.0,0.20159552618861198
58,0.01228716317564249,0.01180799026042223,0.01163645088672638,0.011308684945106506,0.011035394854843616,0.010782867670059204,0.010270897299051285,0.009781267493963242,0.00936767179518938,0.008928830735385418,0.008353381417691708,0.007898721843957901,0.007502679713070393,0.007022812031209469,0.006366930902004242,0.006524946540594101,0.006280979141592979,0.005826923064887524,0.005746198818087578,0.005202455446124077,0.005092711187899113,0.004919840954244137,0.004766576923429966,0.004587335512042046,0.004492383450269699,0.004322608932852745,0.0,0.0,0.0,0.0,0.0,0.0,0.0,0.0,0.0,0.0,0.0,0.0,0.0,0.0,0.0,0.0,0.0,0.0,0.0,0.0,0.0,0.0,0.0,0.0,0.20211470499634743
59,0.012313802726566792,0.011830604635179043,0.011465917341411114,0.01119564101099968,0.010795492678880692,0.010331740602850914,0.00995474960654974,0.009790061973035336,0.009477990679442883,0.009058762341737747,0.008664313703775406,0.008290418423712254,0.007825043983757496,0.007294472306966782,0.00680819246917963,0.006286224350333214,0.006118117831647396,0.005842238664627075,0.0054584089666605,0.005004149861633778,0.004468980245292187,0.004287979565560818,0.004041709937155247,0.003939411602914333,0.0035717925056815147,0.0031506186351180077,0.0030213631689548492,0.002643408253788948,0.0022592758759856224,0.0018910802900791168,0.0013743797317147255,0.0009136330336332321,0.0005524568259716034,0.0,0.0,0.0,0.0,0.0,0.0,0.0,0.0,0.0,0.0,0.0,0.0,0.0,0.0,0.0,0.0,0.0,0.20992243383079767
60,0.012319939211010933,0.011684790253639221,0.011670769192278385,0.011367442086338997,0.010906570591032505,0.01069420576095581,0.010315650142729282,0.010048018768429756,0.009424049407243729,0.009110051207244396,0.008669111877679825,0.008100450970232487,0.007584406994283199,0.007361175492405891,0.0070200832560658455,0.006480805575847626,0.006002376787364483,0.005561709403991699,0.005041439086198807,0.004895356483757496,0.0046190060675144196,0.004194851964712143,0.00370207242667675,0.003270493820309639,0.0029166294261813164,0.0024675121530890465,0.00210597924888134,0.0017218124121427536,0.0013364646583795547,0.0009524496272206306,0.00036376994103193283,0.0,0.0,0.0,0.0,0.0,0.0,0.0,0.0,0.0,0.0,0.0,0.0,0.0,0.0,0.0,0.0,0.0,0.0,0.0,0.2019094442948699
61,0.012010587379336357,0.011726322583854198,0.011387428268790245,0.011271377094089985,0.010790694504976273,0.010335685685276985,0.01009418349713087,0.009714928455650806,0.009290219284594059,0.008862080983817577,0.008398475125432014,0.007951967418193817,0.00750388577580452,0.007032725028693676,0.006579292006790638,0.0061681270599365234,0.005738738924264908,0.005320953205227852,0.004833849146962166,0.004744250327348709,0.004359228536486626,0.003930163569748402,0.0034637656062841415,0.00331085454672575,0.003059869632124901,0.002795843407511711,0.00236645620316267,0.0018555084243416786,0.0013043694198131561,0.0007972102612257004,0.0006464095786213875,0.0,0.0,0.0,0.0,0.0,0.0,0.0,0.0,0.0,0.0,0.0,0.0,0.0,0.0,0.0,0.0,0.0,0.0,0.0,0.1976454509422183
62,0.01195437740534544,0.011815328150987625,0.011464009061455727,0.011091805063188076,0.010775099508464336,0.01036525797098875,0.009909581393003464,0.009320065379142761,0.00886914785951376,0.008852606639266014,0.008420325815677643,0.008065558038651943,0.007600420154631138,0.007166652008891106,0.0066256094723939896,0.0064748190343379974,0.006268691271543503,0.006324969232082367,0.005737654864788055,0.005624379031360149,0.005102591589093208,0.004960265941917896,0.004912159405648708,0.0046353936195373535,0.003997488878667355,0.003472498618066311,0.003340069204568863,0.0032240357249975204,0.00287831574678421,0.0024738656356930733,0.0020464658737182617,0.0016263928264379501,0.00110687967389822,0.0007326826453208923,0.0,0.0,0.0,0.0,0.0,0.0,0.0,0.0,0.0,0.0,0.0,0.0,0.0,0.0,0.0,0.0,0.21723546274006367
63,0.012020469643175602,0.011676391586661339,0.01135474443435669,0.01122976467013359,0.010914687998592854,0.010415828786790371,0.010092238895595074,0.009532328695058823,0.009061772376298904,0.008663535118103027,0.008215057663619518,0.007858245633542538,0.007277492433786392,0.006989792920649052,0.0070733726024627686,0.00656102504581213,0.006067922338843346,0.005715052597224712,0.005410449579358101,0.004987649619579315,0.004556433297693729,0.004193619824945927,0.003765258938074112,0.0033398689702153206,0.002871958538889885,0.002721439115703106,0.0022710058838129044,0.002221493050456047,0.0016730790957808495,0.0015476569533348083,0.0011538900434970856,0.0007214760407805443,0.0,0.0,0.0,0.0,0.0,0.0,0.0,0.0,0.0,0.0,0.0,0.0,0.0,0.0,0.0,0.0,0.0,0.0,0.20215500239282846
64,0.012048491276800632,0.01171867549419403,0.011527887545526028,0.010157808661460876,0.010723115876317024,0.01003671158105135,0.010012632235884666,0.009703445248305798,0.008953891694545746,0.008669517934322357,0.008279015310108662,0.007322120480239391,0.0073908669874072075,0.006931677460670471,0.006472401320934296,0.00595883559435606,0.005543084815144539,0.005338989198207855,0.0051062582060694695,0.005050333216786385,0.004759648814797401,0.004282618872821331,0.003830665722489357,0.003740753047168255,0.003219062462449074,0.003065692260861397,0.002984043210744858,0.002574460580945015,0.0021295733749866486,0.0018048100173473358,0.0013285167515277863,0.00081675685942173,0.0005895970389246941,0.00035406649112701416,0.0,0.0,0.0,0.0,0.0,0.0,0.0,0.0,0.0,0.0,0.0,0.0,0.0,0.0,0.0,0.0,0.20242602564394474
65,0.01204973179847002,0.011630521155893803,0.011330835521221161,0.011326058767735958,0.010848576202988625,0.01034189760684967,0.010010792873799801,0.009660201147198677,0.00913875363767147,0.008067010901868343,0.008151347748935223,0.007769301533699036,0.00718975905328989,0.00710370484739542,0.0066129425540566444,0.006134381517767906,0.005897112190723419,0.0058289989829063416,0.007472274824976921,0.005382033064961433,0.00500838179141283,0.0044213756918907166,0.004233315587043762,0.004071692004799843,0.00365537591278553,0.0033227624371647835,0.0029381336644291878,0.0025198347866535187,0.0020793387666344643,0.001984349451959133,0.0015266221016645432,0.0012202570214867592,0.0006548436358571053,0.0003114761784672737,0.0,0.0,0.0,0.0,0.0,0.0,0.0,0.0,0.0,0.0,0.0,0.0,0.0,0.0,0.0,0.0,0.20989399496465921
66,0.012377324514091015,0.011898105964064598,0.011450174264609814,0.011137805879116058,0.010900975205004215,0.01061196532100439,0.010304831899702549,0.009872443974018097,0.009419097565114498,0.008801032789051533,0.008279077708721161,0.007854982279241085,0.007414636202156544,0.007195749320089817,0.007144611328840256,0.00670662522315979,0.006376114673912525,0.005899809300899506,0.005457858555018902,0.0052643828094005585,0.005010633729398251,0.0048757027834653854,0.004748371429741383,0.004290645942091942,0.004137033596634865,0.0040206387639045715,0.003630582243204117,0.003118075430393219,0.002979923039674759,0.0026154788210988045,0.0021713534370064735,0.001990693621337414,0.001610306091606617,0.0011438466608524323,0.0,0.0,0.0,0.0,0.0,0.0,0.0,0.0,0.0,0.0,0.0,0.0,0.0,0.0,0.0,0.0,0.22071089036762714
67,0.012288336642086506,0.011770113371312618,0.011486058123409748,0.011099858209490776,0.010821633040904999,0.010560091584920883,0.010159844532608986,0.009770151227712631,0.009293091483414173,0.008826433680951595,0.008255375549197197,0.00784954521805048,0.0076481495052576065,0.007241237908601761,0.007033034227788448,0.006919470615684986,0.0068410784006118774,0.006487254984676838,0.00605821143835783,0.005493959411978722,0.005445168353617191,0.005065602250397205,0.004768159240484238,0.004293146543204784,0.0038327565416693687,0.0034942999482154846,0.002998615615069866,0.0025381091982126236,0.0020433999598026276,0.001948213204741478,0.0015665162354707718,0.0010999301448464394,0.0006475262343883514,0.0,0.0,0.0,0.0,0.0,0.0,0.0,0.0,0.0,0.0,0.0,0.0,0.0,0.0,0.0,0.0,0.0,0.2156443726271391
68,0.01228539552539587,0.011800823733210564,0.011410052888095379,0.011141331866383553,0.010791618376970291,0.010454516857862473,0.010167991742491722,0.009854929521679878,0.009396670386195183,0.008765625767409801,0.008420798927545547,0.008108186535537243,0.007480192929506302,0.007062220945954323,0.0067276544868946075,0.006220806390047073,0.005993146449327469,0.0059229712933301926,0.005493135191500187,0.005149679258465767,0.004784733057022095,0.004430068656802177,0.003854379989206791,0.003489091992378235,0.0033904369920492172,0.002974879927933216,0.002637850120663643,0.0021921293810009956,0.001825130544602871,0.0013215476647019386,0.0009201057255268097,0.000303119421005249,0.0,0.0,0.0,0.0,0.0,0.0,0.0,0.0,0.0,0.0,0.0,0.0,0.0,0.0,0.0,0.0,0.0,0.0,0.20477122254669666
69,0.012379826046526432,0.01182912103831768,0.011554490774869919,0.011178484186530113,0.010886657983064651,0.010603351518511772,0.010199932381510735,0.009744955226778984,0.009368118830025196,0.009050545282661915,0.007958474569022655,0.007871325127780437,0.007416125386953354,0.007166458293795586,0.006901032291352749,0.006837042048573494,0.006798728369176388,0.006254648789763451,0.00579160638153553,0.005639092996716499,0.005475439131259918,0.005298899486660957,0.004972086288034916,0.00459972582757473,0.0043229032307863235,0.0039041992276906967,0.00319825392216444,0.003041539341211319,0.0025871843099594116,0.002075077034533024,0.0018704570829868317,0.001675136387348175,0.0015610968694090843,0.0010301899164915085,0.0008923634886741638,0.0005430830642580986,0.0,0.0,0.0,0.0,0.0,0.0,0.0,0.0,0.0,0.0,0.0,0.0,0.0,0.0,0.22247765213251114
70,0.011449850164353848,0.011881476268172264,0.01153329387307167,0.011281797662377357,0.010920464061200619,0.010618137195706367,0.01023157685995102,0.009796827100217342,0.009336485527455807,0.008902558125555515,0.008468392305076122,0.008041528053581715,0.007598081603646278,0.00711267814040184,0.006582397967576981,0.006431451998651028,0.006329521536827087,0.005830684676766396,0.005750082433223724,0.00530644878745079,0.005176542326807976,0.005003019236028194,0.004595968872308731,0.0041528185829520226,0.0037350887432694435,0.0036171674728393555,0.0031500430777668953,0.002822316251695156,0.002320566214621067,0.0019287671893835068,0.0015539489686489105,0.0009987568482756615,0.0008473936468362808,0.0004220400005578995,0.0,0.0,0.0,0.0,0.0,0.0,0.0,0.0,0.0,0.0,0.0,0.0,0.0,0.0,0.0,0.0,0.21372817177325487
71,0.012059831991791725,0.011729186400771141,0.011515212245285511,0.011081297881901264,0.01073247566819191,0.010367549024522305,0.010150020942091942,0.00972670130431652,0.009243478067219257,0.008966554887592793,0.008733942173421383,0.00832645408809185,0.007920611649751663,0.006523715332150459,0.006599858403205872,0.006149718537926674,0.005655292421579361,0.005489746108651161,0.005172276869416237,0.00524936243891716,0.004753914661705494,0.0043081361800432205,0.003840189427137375,0.0033620232716202736,0.003529856912791729,0.003036556765437126,0.0028466423973441124,0.0027052825316786766,0.002376972697675228,0.001895267516374588,0.0016442695632576942,0.0011496031656861305,0.0006433902308344841,0.0,0.0,0.0,0.0,0.0,0.0,0.0,0.0,0.0,0.0,0.0,0.0,0.0,0.0,0.0,0.0,0.0,0.20748539175838232
72,0.012038803659379482,0.011640070006251335,0.011519595980644226,0.01115410029888153,0.010824070312082767,0.010417691431939602,0.009964602068066597,0.009595924988389015,0.009256032295525074,0.00855986401438713,0.008163184858858585,0.0076887281611561775,0.007098842412233353,0.007236344739794731,0.006888767704367638,0.006457831710577011,0.006046336144208908,0.005453929305076599,0.0052608223631978035,0.005283275619149208,0.004847966134548187,0.004256555810570717,0.004057822749018669,0.003875444643199444,0.00386012252420187,0.003343540243804455,0.0032509732991456985,0.002728322520852089,0.0025816094130277634,0.002419969066977501,0.002186562865972519,0.001986229792237282,0.0018280800431966782,0.0,0.0,0.0,0.0,0.0,0.0,0.0,0.0,0.0,0.0,0.0,0.0,0.0,0.0,0.0,0.0,0.0,0.21177201718091965
73,0.012064489535987377,0.011698918417096138,0.011259385384619236,0.011192400008440018,0.01081868540495634,0.010501467622816563,0.010214265435934067,0.009646470658481121,0.009141383692622185,0.008671998977661133,0.00818409863859415,0.007754212245345116,0.007235792465507984,0.007088148966431618,0.006941351108253002,0.006829309277236462,0.006376261822879314,0.005858095362782478,0.005733376368880272,0.00554933026432991,0.005453416146337986,0.004967676475644112,0.004801405593752861,0.0046041738241910934,0.004433019086718559,0.004299629479646683,0.0,0.0,0.0,0.0,0.0,0.0,0.0,0.0,0.0,0.0,0.0,0.0,0.0,0.0,0.0,0.0,0.0,0.0,0.0,0.0,0.0,0.0,0.0,0.0,0.20131876226514578
74,0.011988576501607895,0.01167341973632574,0.011324921622872353,0.011051161214709282,0.010670545510947704,0.010148492641746998,0.009800175204873085,0.00941198505461216,0.007807784713804722,0.008858240209519863,0.008516188710927963,0.008020391687750816,0.007669367827475071,0.0071645574644207954,0.006719938479363918,0.006305616348981857,0.005820225924253464,0.005496145226061344,0.004856225103139877,0.00486142560839653,0.004381462000310421,0.003900601528584957,0.003527732565999031,0.003099186345934868,0.0028471918776631355,0.002287193201482296,0.0019251573830842972,0.0014736270532011986,0.0013709627091884613,0.0010368525981903076,0.0004367996007204056,0.0,0.0,0.0,0.0,0.0,0.0,0.0,0.0,0.0,0.0,0.0,0.0,0.0,0.0,0.0,0.0,0.0,0.0,0.0,0.19445215165615082
75,0.011980022303760052,0.01161376852542162,0.01145105343312025,0.011103088036179543,0.010887331329286098,0.01038101501762867,0.009953930042684078,0.009633797220885754,0.008304286748170853,0.00872423592954874,0.008408894762396812,0.00786406546831131,0.007412988692522049,0.006901332177221775,0.006379025988280773,0.006246006116271019,0.005999009124934673,0.005840049125254154,0.005834728479385376,0.005337022244930267,0.004900667816400528,0.004746141843497753,0.004343586042523384,0.003929002210497856,0.003550552763044834,0.0032074982300400734,0.0027474295347929,0.002333027310669422,0.002147722989320755,0.0020779669284820557,0.0016249138861894608,0.0010872073471546173,0.0008809203281998634,0.0,0.0,0.0,0.0,0.0,0.0,0.0,0.0,0.0,0.0,0.0,0.0,0.0,0.0,0.0,0.0,0.0,0.20783228799700737
76,0.012446126900613308,0.01183228474110365,0.011616623029112816,0.011237514205276966,0.010905486531555653,0.010579406283795834,0.010189811699092388,0.009815903380513191,0.008738851174712181,0.009091606363654137,0.00858642254024744,0.007169416174292564,0.007771484553813934,0.0073587121441960335,0.0070578558370471,0.006525524891912937,0.006141661666333675,0.0056131696328520775,0.005108256824314594,0.004681132733821869,0.004448840394616127,0.004355788230895996,0.004060619510710239,0.0036405296996235847,0.003231632523238659,0.0026778457686305046,0.0024410532787442207,0.002306278795003891,0.0019872859120368958,0.0014551393687725067,0.0012702634558081627,0.0011846227571368217,0.0006293961778283119,0.00039667636156082153,0.0,0.0,0.0,0.0,0.0,0.0,0.0,0.0,0.0,0.0,0.0,0.0,0.0,0.0,0.0,0.0,0.2065532235428691
77,0.012370790354907513,0.011875501833856106,0.011584061197936535,0.011236343532800674,0.01084918063133955,0.010544303804636002,0.010249285958707333,0.009839244186878204,0.009364201687276363,0.00899648480117321,0.008532319217920303,0.007939987815916538,0.007512187585234642,0.006989874877035618,0.006853095255792141,0.006626305170357227,0.006452903151512146,0.006440912373363972,0.008423548191785812,0.0055560460314154625,0.005009188316762447,0.004832910373806953,0.004752110689878464,0.004429459571838379,0.003921591676771641,0.0034816795960068703,0.003330836072564125,0.003168279305100441,0.00304598081856966,0.0025085601955652237,0.0023706695064902306,0.0,0.0,0.0,0.0,0.0,0.0,0.0,0.0,0.0,0.0,0.0,0.0,0.0,0.0,0.0,0.0,0.0,0.0,0.0,0.2190878437831998
78,0.012281586416065693,0.01189455296844244,0.01159609854221344,0.01121637411415577,0.010960668325424194,0.010613594204187393,0.010119781829416752,0.00967802107334137,0.009140070527791977,0.007550903595983982,0.0,0.0,0.0,0.0,0.0,0.0,0.0,0.0,0.0,0.0,0.0,0.0,0.0,0.0,0.0,0.0,0.0,0.0,0.0,0.0,0.0,0.0,0.0,0.0,0.0,0.0,0.0,0.0,0.0,0.0,0.0,0.0,0.0,0.0,0.0,0.0,0.0,0.0,0.0,0.0,0.10505165159702301
79,0.012157518416643143,0.011920355260372162,0.011575046926736832,0.011397339403629303,0.010843598283827305,0.010704350657761097,0.0100775808095932,0.00818535778671503,0.0,0.0,0.0,0.0,0.0,0.0,0.0,0.0,0.0,0.0,0.0,0.0,0.0,0.0,0.0,0.0,0.0,0.0,0.0,0.0,0.0,0.0,0.0,0.0,0.0,0.0,0.0,0.0,0.0,0.0,0.0,0.0,0.0,0.0,0.0,0.0,0.0,0.0,0.0,0.0,0.0,0.0,0.08686114754527807
80,0.01233859732747078,0.011921231634914875,0.011529684998095036,0.011209159158170223,0.010924223810434341,0.010579230263829231,0.009539672173559666,0.009908488020300865,0.0095984423533082,0.00914868526160717,0.008676734752953053,0.008381789550185204,0.007611893117427826,0.007337778806686401,0.006915555335581303,0.006411951966583729,0.005922796204686165,0.005406110547482967,0.005146658979356289,0.004716942086815834,0.004292023368179798,0.0038126129657030106,0.0038494328036904335,0.003392850048840046,0.0030102236196398735,0.0024518566206097603,0.002047630026936531,0.001824626699090004,0.0013535330072045326,0.0007786070927977562,0.00034911278635263443,0.0,0.0,0.0,0.0,0.0,0.0,0.0,0.0,0.0,0.0,0.0,0.0,0.0,0.0,0.0,0.0,0.0,0.0,0.0,0.20038813538849354
81,0.011980585753917694,0.011708483099937439,0.011447296477854252,0.011171063408255577,0.010711408220231533,0.010390191338956356,0.009222017601132393,0.009526664391160011,0.009103132411837578,0.008625195361673832,0.008107857778668404,0.007769064046442509,0.00729361642152071,0.007088354788720608,0.006770719774067402,0.006292164325714111,0.005959932692348957,0.005650019273161888,0.0048595694825053215,0.004762459546327591,0.004391008988022804,0.00398983433842659,0.0035616494715213776,0.003132680431008339,0.002816762775182724,0.002448699437081814,0.0018554925918579102,0.00174711924046278,0.0013712551444768906,0.000800703652203083,0.0006640162318944931,0.0,0.0,0.0,0.0,0.0,0.0,0.0,0.0,0.0,0.0,0.0,0.0,0.0,0.0,0.0,0.0,0.0,0.0,0.0,0.19521901849657297
82,0.013496162369847298,0.011571650393307209,0.011359196156263351,0.010910073295235634,0.01068849302828312,0.010528572835028172,0.009992922656238079,0.009613488800823689,0.009232820942997932,0.008623197674751282,0.008286641910672188,0.007797408849000931,0.007473488338291645,0.007065422832965851,0.006683895364403725,0.006378426216542721,0.006073598749935627,0.005549488589167595,0.005074348300695419,0.00447505246847868,0.004235155880451202,0.004071349278092384,0.0038286056369543076,0.003667036071419716,0.003590659238398075,0.0032173804938793182,0.0029377304017543793,0.002347446046769619,0.002117113210260868,0.0019071297720074654,0.0018819794058799744,0.0012641660869121552,0.0011333832517266273,0.0005907267332077026,0.0003959164023399353,0.0,0.0,0.0,0.0,0.0,0.0,0.0,0.0,0.0,0.0,0.0,0.0,0.0,0.0,0.0,0.20806012768298388
83,0.012037007138133049,0.011604158207774162,0.011513189412653446,0.011334073729813099,0.010947712697088718,0.010461128316819668,0.01004856452345848,0.009601143188774586,0.009302042424678802,0.008816070854663849,0.0085018714889884,0.007977748289704323,0.007371497340500355,0.007276918739080429,0.006917362101376057,0.006552224978804588,0.006225099787116051,0.00564318522810936,0.00521865114569664,0.004726138897240162,0.004247378557920456,0.003760932944715023,0.0033241771161556244,0.0029254797846078873,0.002518376335501671,0.0020801732316613197,0.002025200054049492,0.0015672817826271057,0.001119113527238369,0.0007338430732488632,0.0,0.0,0.0,0.0,0.0,0.0,0.0,0.0,0.0,0.0,0.0,0.0,0.0,0.0,0.0,0.0,0.0,0.0,0.0,0.0,0.19637774489820004
84,0.012029825709760189,0.01170346699655056,0.011319388635456562,0.01095853466540575,0.01061192899942398,0.010334515012800694,0.010050172917544842,0.009634345769882202,0.009132148697972298,0.008778106421232224,0.008385068736970425,0.00788379181176424,0.007397986948490143,0.0068857623264193535,0.0066671716049313545,0.006490112282335758,0.00624585896730423,0.006197209469974041,0.005704522132873535,0.005279635079205036,0.005242139101028442,0.004757494665682316,0.004697488620877266,0.004371119663119316,0.004006869159638882,0.0035173986107110977,0.0030677523463964462,0.002655346877872944,0.002240709960460663,0.0016414904966950417,0.0015100371092557907,0.001319163478910923,0.0,0.0,0.0,0.0,0.0,0.0,0.0,0.0,0.0,0.0,0.0,0.0,0.0,0.0,0.0,0.0,0.0,0.0,0.21071656327694654
85,0.011917068623006344,0.011618110351264477,0.01138562522828579,0.011122754774987698,0.010827958583831787,0.01058654673397541,0.010186311788856983,0.009808671660721302,0.009287549182772636,0.008837774395942688,0.008424118161201477,0.007870348170399666,0.007571111433207989,0.007080212235450745,0.006550228223204613,0.006146768108010292,0.005761147476732731,0.00534173846244812,0.004885745234787464,0.004667256958782673,0.0044042691588401794,0.0039238883182406425,0.003620654344558716,0.003086966462433338,0.002945295535027981,0.0025011692196130753,0.0022974228486418724,0.002094338648021221,0.0020777322351932526,0.0016237888485193253,0.0011637760326266289,0.0007051499560475349,0.0,0.0,0.0,0.0,0.0,0.0,0.0,0.0,0.0,0.0,0.0,0.0,0.0,0.0,0.0,0.0,0.0,0.0,0.20032149739563465
86,0.012308490462601185,0.011832605116069317,0.011563502252101898,0.011337041854858398,0.010940308682620525,0.010803604498505592,0.009688076563179493,0.0099361976608634,0.009329155087471008,0.008732733316719532,0.00838527549058199,0.00795972440391779,0.007539952173829079,0.006958611309528351,0.006847072392702103,0.006628694944083691,0.006650988943874836,0.006168371997773647,0.005768260918557644,0.005340266041457653,0.00483798049390316,0.004728465341031551,0.004302150569856167,0.0041096266359090805,0.004149212501943111,0.0037319082766771317,0.003255658783018589,0.002829589881002903,0.002413547597825527,0.001998966559767723,0.0015007490292191505,0.0013692500069737434,0.0007641986012458801,0.0005670394748449326,0.00036434736102819443,0.0,0.0,0.0,0.0,0.0,0.0,0.0,0.0,0.0,0.0,0.0,0.0,0.0,0.0,0.0,0.21564162522554398
87,0.012383533641695976,0.011817490682005882,0.01159510388970375,0.011340132914483547,0.011048141866922379,0.01066306047141552,0.010196495801210403,0.00989584531635046,0.009532074443995953,0.009027432650327682,0.008429528214037418,0.007957948371767998,0.007452421821653843,0.00720375869423151,0.006632818840444088,0.006131327711045742,0.006111103110015392,0.005730990320444107,0.005210810340940952,0.005126025527715683,0.0048069702461361885,0.0043548597022891045,0.00401559192687273,0.00358422938734293,0.0031076595187187195,0.002908935770392418,0.0027157068252563477,0.0026603061705827713,0.002235869877040386,0.0016711177304387093,0.001542573794722557,0.0011173756793141365,0.0005997596308588982,0.0003568064421415329,0.0,0.0,0.0,0.0,0.0,0.0,0.0,0.0,0.0,0.0,0.0,0.0,0.0,0.0,0.0,0.0,0.20916380733251572
88,0.012956523336470127,0.011889548972249031,0.0118445735424757,0.011466595344245434,0.01024753786623478,0.010700395330786705,0.010278236120939255,0.009835292585194111,0.009413630701601505,0.00908542051911354,0.008879485540091991,0.008498099632561207,0.00801661517471075,0.007536355406045914,0.00705686304718256,0.006305769085884094,0.005964774638414383,0.00549390260130167,0.005086522549390793,0.004823318682610989,0.004398295655846596,0.004038645885884762,0.0036970218643546104,0.003328358754515648,0.0028948290273547173,0.002407800406217575,0.0018522199243307114,0.0016128169372677803,0.0014081457629799843,0.001326260156929493,0.0008908743038773537,0.0003660973161458969,0.0,0.0,0.0,0.0,0.0,0.0,0.0,0.0,0.0,0.0,0.0,0.0,0.0,0.0,0.0,0.0,0.0,0.0,0.20360082667320967
89,0.01240512728691101,0.011990313418209553,0.01158866100013256,0.011304749175906181,0.01097923144698143,0.010512215085327625,0.010159135796129704,0.009801908396184444,0.009400608018040657,0.009038080461323261,0.008442310616374016,0.008174208924174309,0.007973624393343925,0.007441188208758831,0.006983675993978977,0.006424920633435249,0.006126041524112225,0.005726325325667858,0.005281135439872742,0.004838795401155949,0.004368102177977562,0.0038988757878541946,0.0034743333235383034,0.0030650896951556206,0.0026841899380087852,0.0022643031552433968,0.0018673203885555267,0.0015048133209347725,0.0010989131405949593,0.0006629694253206253,0.0,0.0,0.0,0.0,0.0,0.0,0.0,0.0,0.0,0.0,0.0,0.0,0.0,0.0,0.0,0.0,0.0,0.0,0.0,0.0,0.19948116689920425
90,0.012323778122663498,0.011782045476138592,0.011477463878691196,0.011169268749654293,0.010929364711046219,0.010598908178508282,0.01025145873427391,0.009085901081562042,0.009404491633176804,0.009042128920555115,0.008589872159063816,0.008148294873535633,0.007562936283648014,0.007120361551642418,0.0067586274817585945,0.006287365220487118,0.005923834629356861,0.005538875237107277,0.005148736760020256,0.004728174768388271,0.004219915717840195,0.004121763631701469,0.0037962133064866066,0.0033062659204006195,0.002979569137096405,0.0025740433484315872,0.002314019948244095,0.0018350658938288689,0.0014323890209197998,0.0010356958955526352,0.0006096065044403076,0.00032321643084287643,0.0,0.0,0.0,0.0,0.0,0.0,0.0,0.0,0.0,0.0,0.0,0.0,0.0,0.0,0.0,0.0,0.0,0.0,0.20041965320706367
91,0.012077892199158669,0.011751708574593067,0.011371717788279057,0.011244632303714752,0.01096579059958458,0.009623180143535137,0.010112734511494637,0.009858416393399239,0.009251080453395844,0.00883987732231617,0.008236818946897984,0.007768481038510799,0.007353621535003185,0.007028855383396149,0.0065376050770282745,0.006046038120985031,0.00584265124052763,0.005714092403650284,0.005596592091023922,0.005155835300683975,0.004847501404583454,0.004485819488763809,0.004122999496757984,0.0037627005949616432,0.0033391760662198067,0.0030659260228276253,0.002664772793650627,0.002115149050951004,0.001627088524401188,0.0012443531304597855,0.0006811404600739479,0.00031298305839300156,0.0,0.0,0.0,0.0,0.0,0.0,0.0,0.0,0.0,0.0,0.0,0.0,0.0,0.0,0.0,0.0,0.0,0.0,0.20264723151922226
92,0.012051388621330261,0.011746585369110107,0.011359993368387222,0.011118108406662941,0.010721738450229168,0.01061010267585516,0.010208388790488243,0.009764783084392548,0.009493907913565636,0.008332312107086182,0.008532628417015076,0.008204679004848003,0.007801089435815811,0.007358549162745476,0.00680782925337553,0.006305566057562828,0.005854194983839989,0.005442229099571705,0.0051185982301831245,0.0046429624781012535,0.00407882034778595,0.0038381926715373993,0.0038810502737760544,0.0035400129854679108,0.003061373718082905,0.0025808485224843025,0.002088586799800396,0.0016402462497353554,0.0014955457299947739,0.001130586490035057,0.0006693201139569283,0.0,0.0,0.0,0.0,0.0,0.0,0.0,0.0,0.0,0.0,0.0,0.0,0.0,0.0,0.0,0.0,0.0,0.0,0.0,0.1994802188128233
93,0.012125841341912746,0.011647571809589863,0.011450160294771194,0.011089215986430645,0.010644776746630669,0.010424695909023285,0.010118212550878525,0.009894912131130695,0.009444481693208218,0.008997458033263683,0.00863103847950697,0.00818523857742548,0.007653817534446716,0.007223621942102909,0.006638072431087494,0.006123683415353298,0.005770755931735039,0.005376611836254597,0.004929635673761368,0.004422444850206375,0.004331689327955246,0.003988233394920826,0.0034348461776971817,0.003313746303319931,0.003041689284145832,0.002617272548377514,0.002236548811197281,0.001681172288954258,0.0011957166716456413,0.0010551940649747849,0.0005408860743045807,0.0003881733864545822,0.0,0.0,0.0,0.0,0.0,0.0,0.0,0.0,0.0,0.0,0.0,0.0,0.0,0.0,0.0,0.0,0.0,0.0,0.19861741550266743
94,0.012075009755790234,0.011678820475935936,0.011291544884443283,0.011021582409739494,0.010811162181198597,0.010215518064796925,0.01003795675933361,0.009617462754249573,0.009202904999256134,0.00858374498784542,0.008041479624807835,0.007710371166467667,0.007299958728253841,0.006844901479780674,0.006734238006174564,0.006454462185502052,0.006050322204828262,0.005679658614099026,0.005280694924294949,0.004876825027167797,0.004529588855803013,0.004033149220049381,0.003524772822856903,0.0033434564247727394,0.002884923480451107,0.0022807829082012177,0.0022222157567739487,0.001885375939309597,0.001408252865076065,0.0008405260741710663,0.000662829726934433,0.0,0.0,0.0,0.0,0.0,0.0,0.0,0.0,0.0,0.0,0.0,0.0,0.0,0.0,0.0,0.0,0.0,0.0,0.0,0.19712449330836535
95,0.01198884379118681,0.011657477356493473,0.01139144692569971,0.01111150998622179,0.01081748679280281,0.010552531108260155,0.010232175700366497,0.009690475650131702,0.009214901365339756,0.008715370669960976,0.008278981782495975,0.0076949624344706535,0.00727667473256588,0.006997278891503811,0.00654399860650301,0.006243172101676464,0.005756947211921215,0.005349553190171719,0.004913591779768467,0.004395065829157829,0.004244684241712093,0.004096276126801968,0.0037300800904631615,0.0032569458708167076,0.003232858143746853,0.0028092190623283386,0.0023712804540991783,0.0019969800487160683,0.0015880465507507324,0.0010209884494543076,0.0006326353177428246,0.00045687612146139145,0.0,0.0,0.0,0.0,0.0,0.0,0.0,0.0,0.0,0.0,0.0,0.0,0.0,0.0,0.0,0.0,0.0,0.0,0.19825931638479233
96,0.012478130869567394,0.011851388029754162,0.011559003964066505,0.011307122185826302,0.010833709500730038,0.010216938331723213,0.010121352970600128,0.009701310656964779,0.009161263704299927,0.0085051991045475,0.008276468142867088,0.008131169714033604,0.008024011738598347,0.007963104173541069,0.007521005347371101,0.007083360105752945,0.006582183763384819,0.006395865231752396,0.006327448412775993,0.005996490828692913,0.005526365712285042,0.005082982592284679,0.004769008606672287,0.004651186056435108,0.004472251981496811,0.004330825991928577,0.00423941295593977,0.0,0.0,0.0,0.0,0.0,0.0,0.0,0.0,0.0,0.0,0.0,0.0,0.0,0.0,0.0,0.0,0.0,0.0,0.0,0.0,0.0,0.0,0.0,0.2111085606738925
97,0.012421553023159504,0.011794162914156914,0.011380882002413273,0.01109328493475914,0.010840823873877525,0.010552535764873028,0.010115085169672966,0.009971321560442448,0.009389354847371578,0.009024008177220821,0.008495992049574852,0.007936462759971619,0.009463122114539146,0.007223202846944332,0.006717733107507229,0.0062997350469231606,0.0058749159798026085,0.005598666146397591,0.005196750164031982,0.004892146214842796,0.004396071657538414,0.003954279236495495,0.003413998521864414,0.003199535422027111,0.003072420135140419,0.0030924398452043533,0.002728446386754513,0.0021865200251340866,0.001698051579296589,0.0012366566807031631,0.0011408599093556404,0.0005796561017632484,0.00030195992439985275,0.0,0.0,0.0,0.0,0.0,0.0,0.0,0.0,0.0,0.0,0.0,0.0,0.0,0.0,0.0,0.0,0.0,0.2052826341241598
98,0.0122718820348382,0.01181237306445837,0.011500525288283825,0.011179909110069275,0.01078885793685913,0.010620242916047573,0.010281558148562908,0.009935787878930569,0.009467339143157005,0.009015834890305996,0.008530182763934135,0.008057715371251106,0.0075239213183522224,0.007103584706783295,0.0066446783021092415,0.006194389425218105,0.006285432726144791,0.005768808536231518,0.005303886719048023,0.004962417297065258,0.004432526417076588,0.004248328506946564,0.004179014824330807,0.0037256628274917603,0.0032622022554278374,0.0031101563945412636,0.0027416422963142395,0.0027992893010377884,0.002479829825460911,0.002017590217292309,0.0014993902295827866,0.0014322660863399506,0.0009176330640912056,0.0004383530467748642,0.0,0.0,0.0,0.0,0.0,0.0,0.0,0.0,0.0,0.0,0.0,0.0,0.0,0.0,0.0,0.0,0.21053321287035942
99,0.01225719042122364,0.011778652667999268,0.011532229371368885,0.011117548681795597,0.010785668157041073,0.010576972737908363,0.010281902737915516,0.009947290644049644,0.009424213320016861,0.00904278177767992,0.00851388555020094,0.007994040846824646,0.007654748857021332,0.007139935158193111,0.006787319667637348,0.0064774928614497185,0.005716467276215553,0.005534632131457329,0.005013265646994114,0.004849541932344437,0.00476747564971447,0.0044044554233551025,0.004099893383681774,0.0036328881978988647,0.003112783655524254,0.0027330834418535233,0.0022013727575540543,0.0020331162959337234,0.0018670223653316498,0.0018080007284879684,0.0013171248137950897,0.0011240821331739426,0.0008235843852162361,0.0005710097029805183,0.00027561653405427933,0.0,0.0,0.0,0.0,0.0,0.0,0.0,0.0,0.0,0.0,0.0,0.0,0.0,0.0,0.0,0.20719728991389275
100,0.012350520119071007,0.011849713511765003,0.01149827428162098,0.011222761124372482,0.011062612757086754,0.01045615877956152,0.010019627399742603,0.009938071481883526,0.009266804903745651,0.008796107955276966,0.008497183211147785,0.007991746068000793,0.007580982521176338,0.007256768643856049,0.006757128052413464,0.006296074949204922,0.005840721540153027,0.005590462125837803,0.005401415750384331,0.005242559127509594,0.00512577872723341,0.004953189752995968,0.0045188358053565025,0.003875543363392353,0.0037483125925064087,0.0036366526037454605,0.003274972550570965,0.002834014594554901,0.002447720617055893,0.0019452236592769623,0.0015277629718184471,0.0011322498321533203,0.0006914101541042328,0.0,0.0,0.0,0.0,0.0,0.0,0.0,0.0,0.0,0.0,0.0,0.0,0.0,0.0,0.0,0.0,0.0,0.21262736152857542

total time per move x,1.2050089742988348,1.1660016914829612,1.1390316626057029,1.11114108748734,1.082669579423964,1.0479530449956656,1.0090261157602072,0.9672991214320064,0.9096450312063098,0.8588042296469212,0.8041045824065804,0.7684661392122507,0.7326187333092093,0.6922529330477118,0.647725073620677,0.6073054438456893,0.5755547238513827,0.5413896394893527,0.5063570216298103,0.47494237311184406,0.4470139676705003,0.41283220518380404,0.3813682394102216,0.35000758059322834,0.3204233134165406,0.28802039194852114,0.24184871930629015,0.20492730475962162,0.16700638178735971,0.13693752884864807,0.10057164914906025,0.06079539656639099,0.03216089028865099,0.014010392129421234,0.0035049589350819588,0.001282443292438984,0,0,0,0,0,0,0,0,0,0,0,0,0,0,20.0100085651502
average time per move x,0.012050089742988348,0.011660016914829612,0.011390316626057028,0.0111114108748734,0.01082669579423964,0.010479530449956656,0.010090261157602072,0.009672991214320064,0.009188333648548585,0.00867479019845375,0.008289737962954437,0.007922331332085059,0.007552770446486694,0.007136628175749607,0.006747136183548719,0.006326098373392597,0.0059953617067852365,0.005639475411347424,0.005274552308643858,0.004947316386581709,0.004656395496567711,0.004300335470664625,0.003972585827189808,0.0036459122978461287,0.003337742848088965,0.0030317935994581173,0.002600523863508496,0.0022274707039089308,0.001855626464303997,0.001521528098318312,0.001211706616253738,0.0009499280713498592,0.0008040222572162747,0.0006091474838878797,0.0005007084192974227,0.000641221646219492,nan,nan,nan,nan,nan,nan,nan,nan,nan,nan,nan,nan,nan,nan,0.200100085651502
std of time per move x,0.0008109640498632704,0.0007753167197002382,0.0007656168506165223,0.0005255693263626905,0.00020254344402074936,0.00019428338653330288,0.00021440359971734282,0.0004811182284104595,0.0006223824520054166,0.0007502395044898806,0.0006937184832439076,0.0006197302473971678,0.00046034320720401934,0.00022046238870847295,0.00020768862387908588,0.00028470270069986614,0.0003415042608157696,0.0005031929157198657,0.0006525514737668305,0.0004892383454721804,0.0004991454048883175,0.0004480248311838463,0.0004889311128985779,0.00047223809620618824,0.0005068035872290286,0.0006378750497732217,0.0005567380502198005,0.0005536441560163311,0.0005537603334894943,0.0005660916896651121,0.0005269882996516887,0.00045787600617285315,0.00037097986360147697,0.0002881601067292456,0.0002556437407321832,0.00013878891360186608,nan,nan,nan,nan,nan,nan,nan,nan,nan,nan,nan,nan,nan,nan,0.021755068168705295
err of average time,8.109640498632704e-05,7.75316719700238e-05,7.656168506165224e-05,5.255693263626905e-05,2.0254344402074936e-05,1.9428338653330287e-05,2.1440359971734283e-05,4.811182284104595e-05,6.255178998191953e-05,7.540190725136634e-05,7.043644016440124e-05,6.292407301120235e-05,4.6740771007991206e-05,2.238456409313453e-05,2.1197131411857264e-05,2.9057347712791306e-05,3.485463266604079e-05,5.135691190404047e-05,6.660075590124572e-05,4.993267954209662e-05,5.0943814559637084e-05,4.5726342854041526e-05,4.9901322748859616e-05,4.819759886702141e-05,5.172542452180106e-05,6.544459924025657e-05,5.773104646963348e-05,5.7721393393934485e-05,5.837146438937398e-05,5.967130346116517e-05,5.78444807344928e-05,5.7234500771606644e-05,5.865706675196315e-05,6.0085535809272776e-05,9.662425174394714e-05,9.813858196139336e-05,nan,nan,nan,nan,nan,nan,nan,nan,nan,nan,nan,nan,nan,nan,0.0021755068168705293
