Contains move time for player MCTSMaxIter2; opponent is Edax5
Colums refer to move number, rows to game number
game,1,2,3,4,5,6,7,8,9,10,11,12,13,14,15,16,17,18,19,20,21,22,23,24,25,26,27,28,29,30,31,32,33,34,35,36,37,38,39,40,41,42,43,44,45,46,47,48,49,50,total
1,29.490603644400835,27.463063238188624,26.48553374223411,24.29384891781956,22.77264340687543,21.34192685596645,19.676297150552273,18.108296333812177,16.571911902166903,15.200428834185004,13.835318688303232,12.445246683433652,11.158692338503897,9.500043647363782,8.67817252036184,7.4049959145486355,6.126827328465879,4.926371914334595,0.0033005839213728905,0.0046090856194496155,0.004622911103069782,0.004309568554162979,0.00389246828854084,0.0035478584468364716,0.0030996017158031464,0.0027188826352357864,0.002002626657485962,0.002119561657309532,0.0014219842851161957,0.001481565646827221,0.0010224636644124985,0.0003722039982676506,0.0,0.0,0.0,0.0,0.0,0.0,0.0,0.0,0.0,0.0,0.0,0.0,0.0,0.0,0.0,0.0,0.0,0.0,295.51874442771077
2,30.349867640063167,28.492309563793242,27.00916606094688,25.42138650547713,24.099612317979336,22.676769828423858,20.66664711665362,18.95686903502792,17.75432430393994,15.933244033716619,14.409873535856605,13.16914792638272,12.042192870751023,10.827218220569193,9.728868363425136,8.51027037203312,7.36297120153904,6.265739441849291,4.637383121997118,0.0037858104333281517,0.00439960602670908,0.004200166091322899,0.0040162065997719765,0.004078416153788567,0.003674701787531376,1.5595705062150955,0.0028942758217453957,0.002481815405189991,0.453098869882524,0.0014309138059616089,0.0014867130666971207,0.0010636989027261734,0.0006328802555799484,0.0,0.0,0.0,0.0,0.0,0.0,0.0,0.0,0.0,0.0,0.0,0.0,0.0,0.0,0.0,0.0,0.0,320.36067604087293

total time per move x,59.840471284464,55.955372801981866,53.49469980318099,49.71523542329669,46.87225572485477,44.01869668439031,40.342944267205894,37.0651653688401,34.32623620610684,31.133672867901623,28.245192224159837,25.614394609816372,23.20088520925492,20.327261867932975,18.407040883786976,15.915266286581755,13.489798530004919,11.192111356183887,4.640683705918491,0.008394896052777767,0.009022517129778862,0.008509734645485878,0.007908674888312817,0.007626274600625038,0.006774303503334522,1.5622893888503313,0.004896902479231358,0.004601377062499523,0.4545208541676402,0.00291247945278883,0.002509176731109619,0.001435902900993824,0.0006328802555799484,0,0,0,0,0,0,0,0,0,0,0,0,0,0,0,0,0,615.8794204685837
average time per move x,29.920235642232,27.977686400990933,26.747349901590496,24.857617711648345,23.436127862427384,22.009348342195153,20.171472133602947,18.53258268442005,17.16311810305342,15.566836433950812,14.122596112079918,12.807197304908186,11.60044260462746,10.163630933966488,9.203520441893488,7.957633143290877,6.744899265002459,5.596055678091943,2.3203418529592454,0.004197448026388884,0.004511258564889431,0.004254867322742939,0.003954337444156408,0.003813137300312519,0.003387151751667261,0.7811446944251657,0.002448451239615679,0.0023006885312497616,0.2272604270838201,0.001456239726394415,0.0012545883655548096,0.000717951450496912,0.0006328802555799484,nan,nan,nan,nan,nan,nan,nan,nan,nan,nan,nan,nan,nan,nan,nan,nan,nan,307.93971023429185
std of time per move x,0.6075913981622828,0.7277870563463624,0.3702639634102358,0.7972894742753897,0.9383087154652997,0.9438765176438417,0.7002831767781309,0.6000315113594387,0.836091827452786,0.5181785969453777,0.40627162886859264,0.5118754777986568,0.6247292175338669,0.9384541405319085,0.7429541555945723,0.7815470639595609,0.8740857151722348,0.9470758612067014,3.2767911872515265,0.0005821434668891041,0.00015790053376803256,7.735922335273003e-05,8.749619896410802e-05,0.0003751609523966115,0.000406657160579901,1.1008603403346051,0.0006304911704871634,0.00025615208163651433,0.31938378871114753,3.581626015565615e-05,0.00032827390051725784,0.0004889607360985652,nan,nan,nan,nan,nan,nan,nan,nan,nan,nan,nan,nan,nan,nan,nan,nan,nan,nan,17.565898301439432
err of average time,0.42963199783116574,0.5146231628023088,0.2618161593563854,0.5637687938287854,0.6634844555519521,0.6674214862287045,0.49517498305067414,0.42428635060787195,0.5912062008865178,0.3664075997658074,0.28727742377668614,0.3619506214745343,0.44175026612356305,0.6635872866027057,0.5253479215316474,0.5526372287422419,0.6180719365365803,0.6696837637573481,2.317041269037872,0.0004116375930607319,0.00011165253818035124,5.470123142004013e-05,6.186915561556816e-05,0.0002652788534760475,0.00028755003586411476,0.7784258117899298,0.0004458245821297169,0.0001811268739402294,0.2258384427987039,2.532592043280601e-05,0.0002321247011423111,0.00034574745222926134,nan,nan,nan,nan,nan,nan,nan,nan,nan,nan,nan,nan,nan,nan,nan,nan,nan,nan,12.420965806581078
