Contains move time for player Edax3; opponent is MCTSRemMaxIter4
Colums refer to move number, rows to game number
game,1,2,3,4,5,6,7,8,9,10,11,12,13,14,15,16,17,18,19,20,21,22,23,24,25,26,27,28,29,30,31,32,33,34,35,36,37,38,39,40,41,42,43,44,45,46,47,48,49,50,total
1,0.41165477503091097,0.1187623804435134,0.11891796067357063,0.1192940017208457,0.118406324647367,0.11929076351225376,0.11930958740413189,0.11869162879884243,0.11809694394469261,0.11863876413553953,0.11932211369276047,0.11835376359522343,0.11705978866666555,0.11775529012084007,0.11755676101893187,0.11813456006348133,0.1177644282579422,0.10452372394502163,0.1045310664921999,0.11652227025479078,0.1038607656955719,0.10341636277735233,0.10314958356320858,0.10310587286949158,0.11482247058302164,0.10448212921619415,0.10412610601633787,0.10394601803272963,0.1036394527181983,0.10222914163023233,0.10258068796247244,0.1021240521222353,0.00035338010638952255,0.0,0.0,0.0,0.0,0.0,0.0,0.0,0.0,0.0,0.0,0.0,0.0,0.0,0.0,0.0,0.0,0.0,3.8844229197129607
2,0.11918372940272093,0.11881183739751577,0.11897948570549488,0.11862770654261112,0.11849088221788406,0.11829533148556948,0.11819364316761494,0.11844746209681034,0.11791942920535803,0.11758120730519295,0.11751097161322832,0.11744245421141386,0.11788445338606834,0.10894681885838509,0.1158724557608366,0.10461391601711512,0.11706761550158262,0.10670311190187931,0.10369649063795805,0.10391012951731682,0.10332515276968479,0.1152825215831399,0.10292365029454231,0.10287103429436684,0.10265690460801125,0.10249842330813408,0.10211696568876505,0.1019801227375865,0.000578559935092926,0.00019214022904634476,0.0,0.0,0.0,0.0,0.0,0.0,0.0,0.0,0.0,0.0,0.0,0.0,0.0,0.0,0.0,0.0,0.0,0.0,0.0,0.0,3.1326046073809266

total time per move x,0.5308385044336319,0.23757421784102917,0.2378974463790655,0.23792170826345682,0.23689720686525106,0.23758609499782324,0.23750323057174683,0.23713909089565277,0.23601637315005064,0.23621997144073248,0.2368330853059888,0.2357962178066373,0.2349442420527339,0.22670210897922516,0.23342921677976847,0.22274847608059645,0.23483204375952482,0.21122683584690094,0.20822755713015795,0.2204323997721076,0.2071859184652567,0.21869888436049223,0.2060732338577509,0.2059769071638584,0.2174793751910329,0.20698055252432823,0.20624307170510292,0.20592614077031612,0.10421801265329123,0.10242128185927868,0.10258068796247244,0.1021240521222353,0.00035338010638952255,0,0,0,0,0,0,0,0,0,0,0,0,0,0,0,0,0,7.017027527093887
average time per move x,0.26541925221681595,0.11878710892051458,0.11894872318953276,0.11896085413172841,0.11844860343262553,0.11879304749891162,0.11875161528587341,0.11856954544782639,0.11800818657502532,0.11810998572036624,0.1184165426529944,0.11789810890331864,0.11747212102636695,0.11335105448961258,0.11671460838988423,0.11137423804029822,0.11741602187976241,0.10561341792345047,0.10411377856507897,0.1102161998860538,0.10359295923262835,0.10934944218024611,0.10303661692887545,0.1029884535819292,0.10873968759551644,0.10349027626216412,0.10312153585255146,0.10296307038515806,0.05210900632664561,0.05121064092963934,0.10258068796247244,0.1021240521222353,0.00035338010638952255,nan,nan,nan,nan,nan,nan,nan,nan,nan,nan,nan,nan,nan,nan,nan,nan,nan,3.5085137635469437
std of time per move x,0.20680825966441332,3.4971347551914326e-05,4.3504767286354396e-05,0.00047114183880156885,5.9791231513275026e-05,0.0007038767362787257,0.0007890917370671816,0.00017265193074684546,0.0001255218759440462,0.000747805606228221,0.0012806708461294862,0.0006443930450506786,0.0005831260152950143,0.00622852976156875,0.0011909836695873197,0.009560539091195072,0.0004927210252391466,0.0015410600031303613,0.0005901342459489664,0.008918130240746945,0.0003787355319859417,0.00839064135820885,0.00015975894636955978,0.00016605594895489055,0.008602354197902184,0.0014026918994690962,0.0014206767499821043,0.0013900978942984346,0.07287505616207353,0.07215105562271987,nan,nan,nan,nan,nan,nan,nan,nan,nan,nan,nan,nan,nan,nan,nan,nan,nan,nan,nan,nan,0.5316158268702071
err of average time,0.146235522814095,2.4728477001190186e-05,3.0762515962123864e-05,0.0003331475891172886,4.2278785258531564e-05,0.0004977160133421421,0.0005579721182584763,0.00012208335101604462,8.875736966729164e-05,0.0005287784151732922,0.0009055710397660732,0.00045565469190478325,0.000412332359701395,0.004404235631227492,0.0008421526290476322,0.006760322023183107,0.0003484063781797886,0.0010896939784288406,0.00041728792712092394,0.0063060703687369815,0.0002678064629435539,0.005933079402893781,0.00011296663433313368,0.00011741928756237029,0.0060827829875051975,0.000991852954030037,0.0010045701637864113,0.0009829476475715637,0.05153044639155269,0.051018500700592995,nan,nan,nan,nan,nan,nan,nan,nan,nan,nan,nan,nan,nan,nan,nan,nan,nan,nan,nan,nan,0.37590915616601706
