Contains move time for player Edax2; opponent is MCTSMaxIter1
Colums refer to move number, rows to game number
game,1,2,3,4,5,6,7,8,9,10,11,12,13,14,15,16,17,18,19,20,21,22,23,24,25,26,27,28,29,30,31,32,33,34,35,36,37,38,39,40,41,42,43,44,45,46,47,48,49,50,total
1,0.4369794614613056,0.11970149725675583,0.11954544484615326,0.11665640026330948,0.11914533376693726,0.11986416578292847,0.11494039744138718,0.11884017661213875,0.11993284150958061,0.1190449632704258,0.11823227256536484,0.11792059242725372,0.10592872649431229,0.11754631623625755,0.1064295619726181,0.10689212754368782,0.10506236925721169,0.10523738339543343,0.10504703968763351,0.10571674630045891,0.1059950403869152,0.10445268452167511,0.10411328449845314,0.1126917116343975,0.10955291986465454,0.11676280945539474,0.10823851451277733,0.003027360886335373,0.0,0.0,0.0,0.0,0.0,0.0,0.0,0.0,0.0,0.0,0.0,0.0,0.0,0.0,0.0,0.0,0.0,0.0,0.0,0.0,0.0,0.0,3.363498143851757
2,0.3416368402540684,0.12022321671247482,0.12051308155059814,0.11986001208424568,0.11928249523043633,0.11945752799510956,0.1155763491988182,0.11311320215463638,0.1188824214041233,0.11886894702911377,0.1122763343155384,0.118533194065094,0.11816293746232986,0.11817234009504318,0.11761098355054855,0.11842381954193115,0.1183730885386467,0.1177777536213398,0.10881664603948593,0.11764392629265785,0.11686067655682564,0.11731447279453278,0.10538515821099281,0.11617226153612137,0.10474294051527977,0.10395606979727745,0.11516737937927246,0.10354888066649437,0.10334040969610214,0.10246200487017632,0.10242165625095367,0.0,0.0,0.0,0.0,0.0,0.0,0.0,0.0,0.0,0.0,0.0,0.0,0.0,0.0,0.0,0.0,0.0,0.0,0.0,3.764577027410269
3,0.33364764228463173,0.12047434225678444,0.11981087923049927,0.10727507621049881,0.11985541880130768,0.11945125460624695,0.11861438304185867,0.11901009827852249,0.10706108435988426,0.1188325509428978,0.11851253733038902,0.11874129250645638,0.11673393100500107,0.10939343273639679,0.10706791654229164,0.10870920866727829,0.11804172396659851,0.11758382990956306,0.11718642339110374,0.11726748570799828,0.11593090370297432,0.11642361432313919,0.11588959395885468,0.11611545085906982,0.11570703610777855,0.10525940731167793,0.10664299130439758,0.10343973711133003,0.10276267677545547,0.10283003002405167,0.10426065325737,0.10228510573506355,0.0001395493745803833,0.0,0.0,0.0,0.0,0.0,0.0,0.0,0.0,0.0,0.0,0.0,0.0,0.0,0.0,0.0,0.0,0.0,3.840957261621952
4,0.41606932133436203,0.11571938917040825,0.12039701640605927,0.11914902180433273,0.11895788088440895,0.11972465366125107,0.12070513889193535,0.11903678253293037,0.11860325187444687,0.11826943978667259,0.11848097294569016,0.11834903806447983,0.12045744433999062,0.11347867920994759,0.12043784558773041,0.1145617924630642,0.11331450194120407,0.117027897387743,0.11706846952438354,0.10794063284993172,0.1060016080737114,0.10671508684754372,0.1190582886338234,0.10674717649817467,0.1102798841893673,0.11611558869481087,0.10371141135692596,0.10810074210166931,0.11650354042649269,0.10352551564574242,0.10354788601398468,0.11546823009848595,0.10233693197369576,0.10211355984210968,0.0002845153212547302,0.0,0.0,0.0,0.0,0.0,0.0,0.0,0.0,0.0,0.0,0.0,0.0,0.0,0.0,0.0,4.168259136378765
5,0.4349829778075218,0.11217416450381279,0.10764031112194061,0.11945881694555283,0.11673497781157494,0.11910028010606766,0.12000315263867378,0.11942629143595695,0.11971255391836166,0.11895642802119255,0.11849240586161613,0.11828218773007393,0.11288029700517654,0.11827286332845688,0.11816389486193657,0.10808451101183891,0.1092170886695385,0.11711632832884789,0.11643005535006523,0.11666737124323845,0.11686620861291885,0.10385242477059364,0.11612775549292564,0.10546144470572472,0.10507487878203392,0.1047292985022068,0.11382543295621872,0.11586613580584526,0.10325203090906143,0.11519569158554077,0.10305071622133255,0.10250326246023178,0.00034507736563682556,0.0,0.0,0.0,0.0,0.0,0.0,0.0,0.0,0.0,0.0,0.0,0.0,0.0,0.0,0.0,0.0,0.0,3.9479473158717155
6,0.1199832409620285,0.11779206618666649,0.11911511421203613,0.11958661675453186,0.12005364894866943,0.10664057359099388,0.11916949972510338,0.11312972754240036,0.11868827790021896,0.11902802065014839,0.11795184761285782,0.11889432743191719,0.11735935881733894,0.11794768273830414,0.1060592569410801,0.10612579062581062,0.11719699576497078,0.11298701912164688,0.13332317396998405,0.12769080325961113,0.11257264390587807,0.1162705346941948,0.11198747530579567,0.10343971475958824,0.10948854684829712,0.10624495521187782,0.10280442610383034,0.11306227743625641,0.10196223109960556,0.10316427424550056,0.0002507120370864868,0.0,0.0,0.0,0.0,0.0,0.0,0.0,0.0,0.0,0.0,0.0,0.0,0.0,0.0,0.0,0.0,0.0,0.0,0.0,3.42997083440423
7,0.11733182147145271,0.11944121867418289,0.11685885116457939,0.11418983712792397,0.11974871903657913,0.11985306069254875,0.11663476005196571,0.11922849342226982,0.11829826235771179,0.11844517290592194,0.11829163134098053,0.1182183288037777,0.11780773848295212,0.13188200443983078,0.10538648813962936,0.10594823956489563,0.10907373204827309,0.10755915194749832,0.10421688854694366,0.10445023700594902,0.10450002551078796,0.11659577116370201,0.10461625456809998,0.1033574678003788,0.0017750933766365051,0.0,0.0,0.0,0.0,0.0,0.0,0.0,0.0,0.0,0.0,0.0,0.0,0.0,0.0,0.0,0.0,0.0,0.0,0.0,0.0,0.0,0.0,0.0,0.0,0.0,2.7337092496454716
8,0.11975323408842087,0.11018867045640945,0.10687374323606491,0.11903619393706322,0.11974326893687248,0.11920816078782082,0.11922933533787727,0.13290610536932945,0.11928673461079597,0.11858846992254257,0.1194942407310009,0.11886674910783768,0.11304958164691925,0.10527990758419037,0.11753413826227188,0.11889157444238663,0.11599363014101982,0.11452992260456085,0.10635775327682495,0.11616234108805656,0.1121382974088192,0.11625296249985695,0.10932306945323944,0.11121933907270432,0.10826759412884712,0.10271227359771729,0.10283230245113373,0.11091114208102226,0.10508890077471733,0.10208025574684143,0.1014953963458538,0.0001888275146484375,0.0,0.0,0.0,0.0,0.0,0.0,0.0,0.0,0.0,0.0,0.0,0.0,0.0,0.0,0.0,0.0,0.0,0.0,3.513484116643667
9,0.11994091793894768,0.12008873745799065,0.11948220431804657,0.11956649646162987,0.11487822979688644,0.126632172614336,0.11864923313260078,0.11935297399759293,0.11858057603240013,0.11827428266406059,0.11868669092655182,0.11803540214896202,0.11823863536119461,0.10587385296821594,0.11115012690424919,0.11858890950679779,0.11799583211541176,0.11995361745357513,0.11733899265527725,0.11694536730647087,0.11673544719815254,0.11694850400090218,0.11611885204911232,0.11559610068798065,0.11561673879623413,0.10386619716882706,0.10313690081238747,0.1146286390721798,0.10329186916351318,0.10264459624886513,0.00022612512111663818,0.0,0.0,0.0,0.0,0.0,0.0,0.0,0.0,0.0,0.0,0.0,0.0,0.0,0.0,0.0,0.0,0.0,0.0,0.0,3.467063222080469
10,0.1200968511402607,0.11970910802483559,0.11927161365747452,0.1191987544298172,0.11203138902783394,0.11120758205652237,0.10773929953575134,0.11918705701828003,0.11485829576849937,0.11936996132135391,0.11824818328022957,0.10783237963914871,0.11288266256451607,0.10605287551879883,0.11182104423642159,0.11073677614331245,0.10832982137799263,0.108445193618536,0.10654165223240852,0.10778217390179634,0.10758592560887337,0.10676345229148865,0.10963955894112587,0.10624100640416145,0.10633482784032822,0.10634751245379448,0.10560261830687523,0.10643138363957405,0.10498063638806343,0.10595981776714325,0.0026838891208171844,0.0,0.0,0.0,0.0,0.0,0.0,0.0,0.0,0.0,0.0,0.0,0.0,0.0,0.0,0.0,0.0,0.0,0.0,0.0,3.329913303256035
11,0.35365599021315575,0.11980577185750008,0.11395793408155441,0.11899828165769577,0.12031236663460732,0.1064375601708889,0.1243026927113533,0.11943558603525162,0.11893991753458977,0.11808749660849571,0.10599171370267868,0.11845676600933075,0.11816797405481339,0.11793021485209465,0.11746721714735031,0.11667624115943909,0.11705418676137924,0.11677617207169533,0.11760498955845833,0.11691189929842949,0.11525434628129005,0.1068359836935997,0.10951494425535202,0.10630869120359421,0.10506903380155563,0.11559833213686943,0.10484985634684563,0.10416129603981972,0.10250295698642731,0.10377736389636993,0.11697546765208244,0.10313966870307922,0.10288921371102333,0.10240136086940765,0.0004675351083278656,0.0,0.0,0.0,0.0,0.0,0.0,0.0,0.0,0.0,0.0,0.0,0.0,0.0,0.0,0.0,4.076717022806406
12,0.3571663722395897,0.12029395997524261,0.11968513578176498,0.11967909708619118,0.1198076494038105,0.1193566657602787,0.11940653622150421,0.11944787204265594,0.11924819648265839,0.11859732866287231,0.11809593066573143,0.11795751005411148,0.11864141374826431,0.1050708256661892,0.11645419150590897,0.12727418169379234,0.11708872020244598,0.10555104911327362,0.11699953302741051,0.11754889041185379,0.11874688789248466,0.11616460233926773,0.11618348211050034,0.11566373705863953,0.10491127148270607,0.10318280756473541,0.10425957292318344,0.10396396741271019,0.10339129716157913,0.10310418531298637,0.10230492800474167,0.1020672395825386,0.00023438408970832825,0.0,0.0,0.0,0.0,0.0,0.0,0.0,0.0,0.0,0.0,0.0,0.0,0.0,0.0,0.0,0.0,0.0,3.8875494226813316
13,0.38938721641898155,0.1197243332862854,0.1193690337240696,0.11954643204808235,0.1188906580209732,0.11929334327578545,0.11946504563093185,0.1192692257463932,0.11897872015833855,0.11539062857627869,0.11786122247576714,0.11901992186903954,0.11253388226032257,0.11880619823932648,0.1173192486166954,0.11777644976973534,0.11849094927310944,0.11803968623280525,0.11799175292253494,0.1075168140232563,0.1070249080657959,0.1196325421333313,0.1167481392621994,0.10513941571116447,0.10544168949127197,0.10492481663823128,0.10541554167866707,0.11715827509760857,0.10502548143267632,0.10344148054718971,0.10320316255092621,0.10219710692763329,0.10225553810596466,0.00021501630544662476,0.0,0.0,0.0,0.0,0.0,0.0,0.0,0.0,0.0,0.0,0.0,0.0,0.0,0.0,0.0,0.0,4.022493876516819
14,0.34356293454766273,0.11975680664181709,0.12002461403608322,0.11992959305644035,0.11996853724122047,0.11957304552197456,0.11905981600284576,0.11911316215991974,0.11867840588092804,0.11857182532548904,0.1186169944703579,0.11816927790641785,0.11746745184063911,0.10932246223092079,0.1089164949953556,0.11820069327950478,0.11729465052485466,0.1168852411210537,0.10798289626836777,0.10767612233757973,0.107500359416008,0.10717013850808144,0.10687631741166115,0.11617035791277885,0.10401516407728195,0.10503287985920906,0.11576320603489876,0.10315612703561783,0.10234182700514793,0.10240336507558823,0.10291136428713799,0.10238504782319069,0.00031994283199310303,0.0,0.0,0.0,0.0,0.0,0.0,0.0,0.0,0.0,0.0,0.0,0.0,0.0,0.0,0.0,0.0,0.0,3.834817122668028
15,0.3101312182843685,0.11984684690833092,0.12004387751221657,0.11942547932267189,0.11912375316023827,0.11907370761036873,0.11852694675326347,0.11853830143809319,0.11911062151193619,0.11889339983463287,0.11811979860067368,0.11780767515301704,0.11776132136583328,0.10939766839146614,0.1091654822230339,0.1178721971809864,0.11743264645338058,0.11679492890834808,0.10782399028539658,0.11653539910912514,0.11694957688450813,0.11640028282999992,0.10587160289287567,0.11574086919426918,0.10475550964474678,0.10444330796599388,0.10429190471768379,0.10300080105662346,0.102852713316679,0.10263237357139587,0.10203913599252701,0.0003378167748451233,0.0,0.0,0.0,0.0,0.0,0.0,0.0,0.0,0.0,0.0,0.0,0.0,0.0,0.0,0.0,0.0,0.0,0.0,3.7107411548495293
16,0.11991380155086517,0.1196308471262455,0.11938710138201714,0.11928074434399605,0.11935828626155853,0.11909676715731621,0.1193099319934845,0.11853154376149178,0.11848577857017517,0.11824620142579079,0.11807804182171822,0.11811917647719383,0.1180395670235157,0.10898366943001747,0.11803996562957764,0.10790756717324257,0.10745406895875931,0.10793158411979675,0.10679325088858604,0.10572881624102592,0.11627297848463058,0.10650702565908432,0.10633048787713051,0.11580006033182144,0.10521794110536575,0.11581102013587952,0.10444602370262146,0.10380977392196655,0.10340853780508041,0.11530769243836403,0.10297637805342674,0.00031745806336402893,0.0,0.0,0.0,0.0,0.0,0.0,0.0,0.0,0.0,0.0,0.0,0.0,0.0,0.0,0.0,0.0,0.0,0.0,3.5045220889151096
17,0.11965877935290337,0.11563223972916603,0.11969756707549095,0.11883361637592316,0.11990594863891602,0.11870076134800911,0.11934082582592964,0.11930152028799057,0.11849115416407585,0.11918215826153755,0.1185849979519844,0.11797955632209778,0.1173410452902317,0.11734862998127937,0.11768124625086784,0.11760415881872177,0.11743716523051262,0.11675725877285004,0.11715465039014816,0.10443169251084328,0.10678147152066231,0.10604661330580711,0.10606246441602707,0.10587404295802116,0.105598583817482,0.11598753184080124,0.10478109493851662,0.1028350219130516,0.10381526872515678,0.10330390557646751,0.10284268483519554,0.10278349742293358,0.10259077697992325,0.00032376497983932495,0.0,0.0,0.0,0.0,0.0,0.0,0.0,0.0,0.0,0.0,0.0,0.0,0.0,0.0,0.0,0.0,3.7206916958093643
18,0.11558713763952255,0.11913774907588959,0.10731486231088638,0.11940084397792816,0.11905833333730698,0.11922074854373932,0.11909742280840874,0.11993416398763657,0.11889061331748962,0.11503547430038452,0.11486341431736946,0.11076942086219788,0.11997808888554573,0.10520196706056595,0.11768781393766403,0.11783601343631744,0.1178424060344696,0.10845354571938515,0.11849743127822876,0.11729048937559128,0.10686705261468887,0.10724443197250366,0.10779602453112602,0.10652036964893341,0.10408436134457588,0.1101825013756752,0.10677621886134148,0.10600275546312332,0.10355646908283234,0.10307701304554939,0.10283703729510307,0.10255319625139236,0.0005320385098457336,0.0,0.0,0.0,0.0,0.0,0.0,0.0,0.0,0.0,0.0,0.0,0.0,0.0,0.0,0.0,0.0,0.0,3.5891274102032185
19,0.12013215199112892,0.11980307102203369,0.11262516677379608,0.11951344087719917,0.11984053254127502,0.11892136186361313,0.11909985914826393,0.11845338717103004,0.11855108290910721,0.11861732602119446,0.11933603882789612,0.11824770271778107,0.11760351806879044,0.11710692569613457,0.11824208125472069,0.11689850687980652,0.11681254953145981,0.11682165414094925,0.10724461823701859,0.11901542544364929,0.106564000248909,0.11640749499201775,0.10581676289439201,0.11744100973010063,0.10297631099820137,0.10279974713921547,0.10426594316959381,0.11502585932612419,0.10220526903867722,0.10221542790532112,0.10250351577997208,0.10205038264393806,0.00029967352747917175,0.0,0.0,0.0,0.0,0.0,0.0,0.0,0.0,0.0,0.0,0.0,0.0,0.0,0.0,0.0,0.0,0.0,3.63345779851079
20,0.12000441178679466,0.11993607133626938,0.11936113610863686,0.11938756331801414,0.11969539895653725,0.11954409629106522,0.11926670745015144,0.11846676841378212,0.11905242502689362,0.11834906041622162,0.11825336143374443,0.11804203316569328,0.11789990961551666,0.11795450374484062,0.11828960850834846,0.11758825927972794,0.1179073341190815,0.11761898547410965,0.10462233796715736,0.11672065779566765,0.10373838990926743,0.10391481593251228,0.10552911460399628,0.11588310450315475,0.10434691607952118,0.10521286725997925,0.10345335304737091,0.10310494154691696,0.10242576897144318,0.11451062560081482,0.0,0.0,0.0,0.0,0.0,0.0,0.0,0.0,0.0,0.0,0.0,0.0,0.0,0.0,0.0,0.0,0.0,0.0,0.0,0.0,3.420080527663231
21,0.3210896924138069,0.11943656206130981,0.10627812519669533,0.10625650733709335,0.12070069834589958,0.11888030171394348,0.11910335347056389,0.1193629577755928,0.11983821541070938,0.11383737251162529,0.11598378047347069,0.11637501418590546,0.10696392878890038,0.10585084930062294,0.11452607065439224,0.11662715300917625,0.10645392909646034,0.11349324882030487,0.11322284117341042,0.10471661016345024,0.10423437505960464,0.11231338605284691,0.10531173273921013,0.10670008882880211,0.10893997922539711,0.11612911894917488,0.10977952182292938,0.10398225858807564,0.10415279120206833,0.0029088929295539856,0.0,0.0,0.0,0.0,0.0,0.0,0.0,0.0,0.0,0.0,0.0,0.0,0.0,0.0,0.0,0.0,0.0,0.0,0.0,0.0,3.453449357300997
22,0.3938373401761055,0.11969515681266785,0.11948877200484276,0.12016379460692406,0.11926549300551414,0.11893322318792343,0.11903008073568344,0.11844300851225853,0.11892245337367058,0.11862574517726898,0.1184391938149929,0.11911023780703545,0.1187736913561821,0.11863339692354202,0.11840294674038887,0.11771413683891296,0.12076658010482788,0.1075826995074749,0.10778836905956268,0.10744306072592735,0.11676795780658722,0.11703700199723244,0.11629771441221237,0.115656528621912,0.11589796468615532,0.10468187183141708,0.1041654609143734,0.1033654734492302,0.10322487726807594,0.1023973599076271,0.11465248838067055,0.0,0.0,0.0,0.0,0.0,0.0,0.0,0.0,0.0,0.0,0.0,0.0,0.0,0.0,0.0,0.0,0.0,0.0,0.0,3.8352040797472
23,0.4149872660636902,0.11965746060013771,0.12001585215330124,0.11999908834695816,0.11974737793207169,0.11921045184135437,0.11974144726991653,0.11910375207662582,0.1187552809715271,0.11857996881008148,0.12633245438337326,0.11433099582791328,0.11835034564137459,0.10803622752428055,0.11328855156898499,0.11772142723202705,0.1085854135453701,0.10802112519741058,0.11777610704302788,0.10734973102807999,0.11636900156736374,0.11612852662801743,0.11652050167322159,0.11648451536893845,0.1045982800424099,0.10357243567705154,0.11101510375738144,0.11520363390445709,0.1246768906712532,0.10207671672105789,0.00016716867685317993,0.0,0.0,0.0,0.0,0.0,0.0,0.0,0.0,0.0,0.0,0.0,0.0,0.0,0.0,0.0,0.0,0.0,0.0,0.0,3.756403099745512
24,0.513597909361124,0.1194419227540493,0.11947141587734222,0.11953996866941452,0.118869349360466,0.11915488913655281,0.11935848742723465,0.11885805428028107,0.11858175694942474,0.11858555674552917,0.11027936264872551,0.1106451265513897,0.10955444350838661,0.1184939332306385,0.11836941167712212,0.11760607734322548,0.10825366154313087,0.1169886477291584,0.11716220155358315,0.10741867497563362,0.10775220021605492,0.11902431026101112,0.10566186159849167,0.11581598967313766,0.1056240051984787,0.1043531596660614,0.10420754551887512,0.10366425290703773,0.10321176052093506,0.10288842394948006,0.102655790746212,0.10229698568582535,0.0001506619155406952,0.0,0.0,0.0,0.0,0.0,0.0,0.0,0.0,0.0,0.0,0.0,0.0,0.0,0.0,0.0,0.0,0.0,3.997537799179554
25,0.4848489426076412,0.12005296722054482,0.12002531811594963,0.11971782520413399,0.11939505115151405,0.1192229837179184,0.11922970041632652,0.11873458698391914,0.1183711364865303,0.11923985555768013,0.11838844045996666,0.11842429265379906,0.11779479682445526,0.11813943088054657,0.11729037389159203,0.11758476868271828,0.11754603683948517,0.11713172122836113,0.11669059842824936,0.11745570227503777,0.10688364505767822,0.10356251895427704,0.11600055918097496,0.10535421222448349,0.11567481607198715,0.1042679026722908,0.10373905301094055,0.10333772376179695,0.10289085656404495,0.10245373845100403,0.00023615360260009766,0.0,0.0,0.0,0.0,0.0,0.0,0.0,0.0,0.0,0.0,0.0,0.0,0.0,0.0,0.0,0.0,0.0,0.0,0.0,3.7996857091784477
26,0.11971841380000114,0.1194935031235218,0.11968506500124931,0.1192871741950512,0.1190556213259697,0.11977292597293854,0.11876070499420166,0.11866801232099533,0.1191069707274437,0.11866097524762154,0.11844521015882492,0.1183931902050972,0.11764556542038918,0.11855049431324005,0.11730331182479858,0.11797872558236122,0.11695810779929161,0.11700064688920975,0.11670559272170067,0.10723885148763657,0.10679086297750473,0.1063428670167923,0.11666951328516006,0.10309436172246933,0.1047980785369873,0.10434148833155632,0.10378247126936913,0.10331647843122482,0.10281119868159294,0.10257573798298836,0.00030808523297309875,0.0,0.0,0.0,0.0,0.0,0.0,0.0,0.0,0.0,0.0,0.0,0.0,0.0,0.0,0.0,0.0,0.0,0.0,0.0,3.413260206580162
27,0.1193341314792633,0.1198674626648426,0.11934851482510567,0.11957714334130287,0.11905906721949577,0.11959756538271904,0.1191059798002243,0.11876538395881653,0.11876203864812851,0.11863819137215614,0.11899251118302345,0.11760297417640686,0.1324143260717392,0.10968654975295067,0.10878357663750648,0.118708536028862,0.10804589837789536,0.10791154578328133,0.10885137692093849,0.10759126767516136,0.10398225113749504,0.10509864240884781,0.11276379600167274,0.10349715128540993,0.10642595589160919,0.10501443594694138,0.1039634570479393,0.10405272617936134,0.10361457616090775,0.10320929810404778,0.0012617409229278564,0.0,0.0,0.0,0.0,0.0,0.0,0.0,0.0,0.0,0.0,0.0,0.0,0.0,0.0,0.0,0.0,0.0,0.0,0.0,3.38352807238698
28,0.11951186507940292,0.12014728412032127,0.11940963193774223,0.1195736937224865,0.11919163540005684,0.1193309873342514,0.11902023106813431,0.119086604565382,0.11933984234929085,0.11808517202734947,0.11838702112436295,0.11829368397593498,0.11781862750649452,0.11833000555634499,0.11742744967341423,0.10494416207075119,0.10810059309005737,0.10769260302186012,0.11754484102129936,0.107242651283741,0.10687832906842232,0.10672701895236969,0.11627881601452827,0.10635195299983025,0.10317246615886688,0.10327943041920662,0.10492205619812012,0.10442804917693138,0.10323688015341759,0.1034414954483509,0.10277150943875313,0.10236980766057968,0.0002717934548854828,0.0,0.0,0.0,0.0,0.0,0.0,0.0,0.0,0.0,0.0,0.0,0.0,0.0,0.0,0.0,0.0,0.0,3.592608191072941
29,0.12000178545713425,0.1200508177280426,0.11916646733880043,0.11966681852936745,0.1190897710621357,0.11915374919772148,0.1188589297235012,0.11890800297260284,0.11865465342998505,0.1186327412724495,0.11801043525338173,0.11818721517920494,0.11763235181570053,0.10524340346455574,0.10518577322363853,0.1173468679189682,0.11772472411394119,0.10761311650276184,0.10739688947796822,0.10704400762915611,0.10670825839042664,0.10357272997498512,0.10358394682407379,0.10339973494410515,0.1031617820262909,0.11568034440279007,0.10273681581020355,0.10336506739258766,0.10298111662268639,0.10272332280874252,0.10221000760793686,0.00030188262462615967,0.0,0.0,0.0,0.0,0.0,0.0,0.0,0.0,0.0,0.0,0.0,0.0,0.0,0.0,0.0,0.0,0.0,0.0,3.4639935307204723
30,0.11999502032995224,0.11981251090765,0.12097332999110222,0.11991152167320251,0.1192752867937088,0.11974326521158218,0.11838923394680023,0.11863713338971138,0.11892060935497284,0.11822102218866348,0.11817958205938339,0.10983854904770851,0.1181611679494381,0.11770374700427055,0.11702058464288712,0.10666226595640182,0.1166144423186779,0.10516250133514404,0.10686713084578514,0.11608884856104851,0.10507797077298164,0.10524538904428482,0.10529402643442154,0.105099406093359,0.10477446392178535,0.10290510579943657,0.1036975085735321,0.10351864993572235,0.10299785062670708,0.1027139201760292,0.1027434766292572,0.0005353167653083801,0.0,0.0,0.0,0.0,0.0,0.0,0.0,0.0,0.0,0.0,0.0,0.0,0.0,0.0,0.0,0.0,0.0,0.0,3.470780838280916
31,0.3041944056749344,0.11967900767922401,0.10757540911436081,0.11904241517186165,0.11921750009059906,0.11979467421770096,0.11869313195347786,0.11854312941431999,0.11878002062439919,0.11923977360129356,0.11850458011031151,0.11773350834846497,0.11842183768749237,0.1177249327301979,0.11781207472085953,0.10728925839066505,0.1165921613574028,0.10835352912545204,0.10494622960686684,0.10702002793550491,0.10670726746320724,0.10815296322107315,0.104181919246912,0.10561032593250275,0.1051800511777401,0.10511710122227669,0.10302923619747162,0.10422882065176964,0.10364961624145508,0.103505939245224,0.10297001153230667,0.1024869792163372,0.10217936709523201,0.0,0.0,0.0,0.0,0.0,0.0,0.0,0.0,0.0,0.0,0.0,0.0,0.0,0.0,0.0,0.0,0.0,3.8561572059988976
32,0.3257756195962429,0.11944657191634178,0.11986253410577774,0.11972349509596825,0.11979547515511513,0.10685903951525688,0.11853717640042305,0.11882011592388153,0.11844610422849655,0.1187700554728508,0.10565043985843658,0.11795792356133461,0.10581047087907791,0.10549935325980186,0.10512963309884071,0.11736409366130829,0.11728232726454735,0.1172156035900116,0.1045457273721695,0.11685837432742119,0.103755883872509,0.10401413962244987,0.10555044189095497,0.1052926816046238,0.10486196726560593,0.1042032428085804,0.10389954224228859,0.10361510887742043,0.10334458202123642,0.10302121192216873,0.10274703800678253,0.0007409825921058655,0.0004721134901046753,0.0,0.0,0.0,0.0,0.0,0.0,0.0,0.0,0.0,0.0,0.0,0.0,0.0,0.0,0.0,0.0,0.0,3.6448690705001354
33,0.32530639693140984,0.11994882300496101,0.12003865465521812,0.11964615061879158,0.11956798657774925,0.11961357668042183,0.11934031173586845,0.11841436475515366,0.10643619298934937,0.10584897547960281,0.11450880393385887,0.11856285855174065,0.1186782643198967,0.11743346229195595,0.11775407567620277,0.11708687618374825,0.10465080663561821,0.10416455194354057,0.10418988764286041,0.11692606285214424,0.10646743699908257,0.10688342154026031,0.1068667322397232,0.11625539138913155,0.10568888857960701,0.10524978116154671,0.10272042080760002,0.1041763573884964,0.10392918810248375,0.103577371686697,0.10363030433654785,0.1028718613088131,0.10235698893666267,0.00032310187816619873,0.0,0.0,0.0,0.0,0.0,0.0,0.0,0.0,0.0,0.0,0.0,0.0,0.0,0.0,0.0,0.0,3.879114329814911
34,0.3614749163389206,0.11922246590256691,0.11883559823036194,0.11897538229823112,0.12023111805319786,0.11924326047301292,0.11896952614188194,0.11839815974235535,0.11805464699864388,0.11879609525203705,0.11781018599867821,0.11832218617200851,0.11793997511267662,0.1178896613419056,0.11748617142438889,0.10701731592416763,0.116757582873106,0.11695075407624245,0.10652345046401024,0.10651006922125816,0.11640461161732674,0.11650525406002998,0.11581725254654884,0.10324204340577126,0.10477570816874504,0.1041538342833519,0.10354739427566528,0.10337725654244423,0.10286733135581017,0.10267585515975952,0.10238327085971832,0.00034004077315330505,0.0,0.0,0.0,0.0,0.0,0.0,0.0,0.0,0.0,0.0,0.0,0.0,0.0,0.0,0.0,0.0,0.0,0.0,3.7514983750879765
35,0.32285093143582344,0.12011915817856789,0.12001501396298409,0.10636245459318161,0.10624995082616806,0.10696818679571152,0.10576441138982773,0.10545124113559723,0.10538099333643913,0.10525275766849518,0.11717971041798592,0.10477029532194138,0.10447791963815689,0.10456598550081253,0.10434609279036522,0.11736319959163666,0.10403407737612724,0.10395075753331184,0.10352906957268715,0.10365122184157372,0.10340780019760132,0.10331776738166809,0.10295874252915382,0.10290371626615524,0.10471003875136375,0.1025005541741848,0.10388457402586937,0.10351444780826569,0.10299121960997581,0.10270306840538979,0.10242902114987373,0.0003280714154243469,0.0,0.0,0.0,0.0,0.0,0.0,0.0,0.0,0.0,0.0,0.0,0.0,0.0,0.0,0.0,0.0,0.0,0.0,3.50793245062232
36,0.11881881579756737,0.1190272681415081,0.10621965676546097,0.11859504133462906,0.10591702908277512,0.11779843270778656,0.10577857121825218,0.11866158246994019,0.1183631494641304,0.10556132718920708,0.1177498921751976,0.10975179821252823,0.109664186835289,0.10481971129775047,0.10503967106342316,0.10435932129621506,0.11618880555033684,0.1076701283454895,0.10740208253264427,0.10348217189311981,0.10321970283985138,0.10619492083787918,0.10555999726057053,0.105315200984478,0.10449054464697838,0.10402768850326538,0.10337189212441444,0.10311480239033699,0.10271212086081505,0.10222531855106354,0.0002968013286590576,0.0,0.0,0.0,0.0,0.0,0.0,0.0,0.0,0.0,0.0,0.0,0.0,0.0,0.0,0.0,0.0,0.0,0.0,0.0,3.261397633701563
37,0.11946609988808632,0.11855452880263329,0.11831088364124298,0.11817922815680504,0.11797968298196793,0.10993541032075882,0.11770883947610855,0.11826136335730553,0.11781833693385124,0.10543616488575935,0.11809317395091057,0.1180991679430008,0.11756935343146324,0.10454617813229561,0.11693058162927628,0.10436755046248436,0.11619312316179276,0.11617141589522362,0.10393621772527695,0.10349692031741142,0.11610739678144455,0.1047755666077137,0.10543347150087357,0.1050422452390194,0.10494004189968109,0.10427582263946533,0.10395651683211327,0.10374045372009277,0.10321581736207008,0.10269895941019058,0.10265910997986794,0.10195117443799973,0.00030242279171943665,0.0,0.0,0.0,0.0,0.0,0.0,0.0,0.0,0.0,0.0,0.0,0.0,0.0,0.0,0.0,0.0,0.0,3.540153220295906
38,0.1185775175690651,0.11831080541014671,0.11821386590600014,0.10630461201071739,0.10607745125889778,0.10553497448563576,0.10553872957825661,0.10547827929258347,0.10539402440190315,0.10515094175934792,0.10533718019723892,0.10474256798624992,0.11723208799958229,0.10455626621842384,0.10840237885713577,0.10812730714678764,0.10775910317897797,0.10385844856500626,0.1037120595574379,0.10656815394759178,0.10642865300178528,0.10588710010051727,0.10571779310703278,0.10522550716996193,0.104815773665905,0.10463057830929756,0.1040857769548893,0.10236575454473495,0.0008501298725605011,0.0005868487060070038,0.10171180218458176,0.00047123804688453674,0.0,0.0,0.0,0.0,0.0,0.0,0.0,0.0,0.0,0.0,0.0,0.0,0.0,0.0,0.0,0.0,0.0,0.0,3.107653710991144
39,0.11546697467565536,0.11842697858810425,0.11905637755990028,0.11896806210279465,0.11927856877446175,0.10569183900952339,0.11738762259483337,0.11851973459124565,0.10548599809408188,0.11700188368558884,0.10493467375636101,0.1174834668636322,0.10485107079148293,0.11757786199450493,0.10474200546741486,0.10450742393732071,0.10405797883868217,0.1042461097240448,0.1072075180709362,0.10428998991847038,0.10360704734921455,0.10590371116995811,0.10276957601308823,0.10485092923045158,0.10435904562473297,0.1022334024310112,0.10359042510390282,0.10334691032767296,0.1030937060713768,0.10253362357616425,0.10218679904937744,0.0,0.0,0.0,0.0,0.0,0.0,0.0,0.0,0.0,0.0,0.0,0.0,0.0,0.0,0.0,0.0,0.0,0.0,0.0,3.3676573149859905
40,0.11892210319638252,0.11880375072360039,0.11804891750216484,0.11801057308912277,0.10638044774532318,0.10559597238898277,0.10538813844323158,0.10580399632453918,0.10539961978793144,0.11737171187996864,0.10531045868992805,0.10515686124563217,0.10475882887840271,0.10448968037962914,0.10436437278985977,0.10417517647147179,0.10405227169394493,0.10361400246620178,0.10366453602910042,0.10351460799574852,0.10317813977599144,0.10302558913826942,0.10545290261507034,0.10500548407435417,0.10264170169830322,0.10230286791920662,0.1034279353916645,0.10300160199403763,0.1027776189148426,0.10223020240664482,0.00030421093106269836,0.0,0.0,0.0,0.0,0.0,0.0,0.0,0.0,0.0,0.0,0.0,0.0,0.0,0.0,0.0,0.0,0.0,0.0,0.0,3.196174282580614
41,0.2994803227484226,0.10644159093499184,0.11845505982637405,0.11835748329758644,0.11900182068347931,0.10606508702039719,0.11796331405639648,0.11788256093859673,0.10530956462025642,0.10528888180851936,0.10515877977013588,0.10474230349063873,0.10479267314076424,0.10888799279928207,0.10446755588054657,0.10432662069797516,0.10786744579672813,0.10776588693261147,0.10745079070329666,0.10707299783825874,0.10694802179932594,0.10674100741744041,0.10617255046963692,0.004207100719213486,0.0,0.0,0.0,0.0,0.0,0.0,0.0,0.0,0.0,0.0,0.0,0.0,0.0,0.0,0.0,0.0,0.0,0.0,0.0,0.0,0.0,0.0,0.0,0.0,0.0,0.0,2.700847413390875
42,0.3015320338308811,0.10674868151545525,0.11854905262589455,0.10634654760360718,0.10657232254743576,0.10605563968420029,0.10634442418813705,0.10583057254552841,0.11826634407043457,0.10532542690634727,0.10503816604614258,0.10504067316651344,0.1096939705312252,0.10910311341285706,0.10903916135430336,0.10860002785921097,0.10819560661911964,0.11640208959579468,0.10375584661960602,0.10350938886404037,0.10355474427342415,0.10334688052535057,0.10306539013981819,0.10553992912173271,0.1052611656486988,0.10480327531695366,0.10424861684441566,0.10388201847672462,0.1036478579044342,0.10334578901529312,0.10294406488537788,0.102328360080719,0.0003252886235713959,0.0,0.0,0.0,0.0,0.0,0.0,0.0,0.0,0.0,0.0,0.0,0.0,0.0,0.0,0.0,0.0,0.0,3.6062424704432487
43,0.2813265807926655,0.10616409033536911,0.10638583824038506,0.11788772791624069,0.10576567053794861,0.1059521771967411,0.10572787746787071,0.10538460686802864,0.10525143146514893,0.11012411117553711,0.10552579164505005,0.10484975948929787,0.11665460094809532,0.10471310093998909,0.10463262721896172,0.10436251387000084,0.10468866676092148,0.10390571877360344,0.10431715846061707,0.11633456125855446,0.10376594588160515,0.10351233929395676,0.10314124077558517,0.10283730924129486,0.10260230302810669,0.104482751339674,0.10422247648239136,0.10392007604241371,0.10334843769669533,0.10282081365585327,0.10202852636575699,0.0003061145544052124,0.0,0.0,0.0,0.0,0.0,0.0,0.0,0.0,0.0,0.0,0.0,0.0,0.0,0.0,0.0,0.0,0.0,0.0,3.4569429457187653
44,0.28105155378580093,0.10643640905618668,0.1193319745361805,0.11829790100455284,0.1179737038910389,0.11783239617943764,0.11807931587100029,0.10619411244988441,0.11790729686617851,0.11750257387757301,0.10500632971525192,0.11691134795546532,0.11698239669203758,0.10882649198174477,0.10862885788083076,0.1083303652703762,0.10404195636510849,0.11628450080752373,0.10731219872832298,0.11918597668409348,0.10691702365875244,0.1032847911119461,0.10603014379739761,0.10551410540938377,0.10508993268013,0.10455094650387764,0.10406060144305229,0.10366639494895935,0.10317773371934891,0.10282966122031212,0.10260709375143051,0.10233942791819572,0.00032375380396842957,0.0,0.0,0.0,0.0,0.0,0.0,0.0,0.0,0.0,0.0,0.0,0.0,0.0,0.0,0.0,0.0,0.0,3.682509269565344
45,0.28310559689998627,0.11927986890077591,0.11830474063754082,0.11903086304664612,0.11829183623194695,0.11882966756820679,0.11776768416166306,0.11732445657253265,0.11745645850896835,0.11761065572500229,0.11731844767928123,0.11786837875843048,0.11692433431744576,0.11756941676139832,0.11699158325791359,0.10434731096029282,0.11660511419177055,0.10380646958947182,0.1070764921605587,0.10697342827916145,0.11545079201459885,0.1060175746679306,0.1028950847685337,0.10292181372642517,0.11475091055035591,0.10240454599261284,0.10210392624139786,0.10332375764846802,0.10283012688159943,0.10271220281720161,0.10225090757012367,0.0003334023058414459,0.0,0.0,0.0,0.0,0.0,0.0,0.0,0.0,0.0,0.0,0.0,0.0,0.0,0.0,0.0,0.0,0.0,0.0,3.630477849394083
46,0.11840766295790672,0.11824478954076767,0.1182570829987526,0.11803748458623886,0.11805430054664612,0.11811653152108192,0.1175759956240654,0.11836444213986397,0.11815611645579338,0.11731158569455147,0.11761972680687904,0.1139073520898819,0.11727333813905716,0.10470661893486977,0.11643677577376366,0.11698682978749275,0.1165035255253315,0.10773466899991035,0.1074862889945507,0.10355117172002792,0.10343969240784645,0.10310656949877739,0.11558626219630241,0.10279296711087227,0.10468408092856407,0.10438041388988495,0.10218363255262375,0.10371758043766022,0.10345106571912766,0.10298451408743858,0.10253914445638657,0.10199284180998802,0.0003072880208492279,0.0,0.0,0.0,0.0,0.0,0.0,0.0,0.0,0.0,0.0,0.0,0.0,0.0,0.0,0.0,0.0,0.0,3.5538983419537544
47,0.1192314550280571,0.11825883761048317,0.11864569783210754,0.11886388808488846,0.11796459555625916,0.11778676509857178,0.11797439306974411,0.11770574748516083,0.10596996173262596,0.10529017448425293,0.10509645938873291,0.10495902225375175,0.10480912029743195,0.12640388309955597,0.10815001651644707,0.10803836211562157,0.1077163890004158,0.10512181371450424,0.10745863988995552,0.10400694236159325,0.10363318771123886,0.10355256497859955,0.10345368459820747,0.10299375280737877,0.10302303358912468,0.10247860848903656,0.10348380729556084,0.1034548468887806,0.10278712213039398,0.1026330292224884,0.10199054703116417,0.0,0.0,0.0,0.0,0.0,0.0,0.0,0.0,0.0,0.0,0.0,0.0,0.0,0.0,0.0,0.0,0.0,0.0,0.0,3.372936349362135
48,0.10663732141256332,0.10627399757504463,0.11848689615726471,0.11847497150301933,0.10602007806301117,0.11786925792694092,0.11797421425580978,0.11775654181838036,0.10573304072022438,0.1178773045539856,0.10525063425302505,0.1180584542453289,0.10539830103516579,0.11773107945919037,0.11744868755340576,0.10436037555336952,0.11613759398460388,0.10743071138858795,0.1038001999258995,0.10651551187038422,0.10335111245512962,0.10322360321879387,0.1054050475358963,0.10516531392931938,0.10466941446065903,0.1043933667242527,0.10266481712460518,0.10205769911408424,0.10301106423139572,0.102756317704916,0.10262966901063919,0.0005058795213699341,0.0,0.0,0.0,0.0,0.0,0.0,0.0,0.0,0.0,0.0,0.0,0.0,0.0,0.0,0.0,0.0,0.0,0.0,3.3750684782862663
49,0.10702143609523773,0.10663164034485817,0.10673840343952179,0.10653258115053177,0.10657060518860817,0.1064336746931076,0.10616583004593849,0.10641494393348694,0.10600058734416962,0.10559136047959328,0.10498248785734177,0.10504752025008202,0.10496562346816063,0.10486476868391037,0.10866996645927429,0.10836341977119446,0.10810381546616554,0.1039976067841053,0.1039297953248024,0.10708687081933022,0.10665520280599594,0.10646995902061462,0.10310383886098862,0.10283579304814339,0.10263077914714813,0.10442503914237022,0.10384605824947357,0.10331179201602936,0.10325498133897781,0.10302399471402168,0.10270076617598534,0.10218680649995804,0.10348398610949516,0.0003054700791835785,0.0,0.0,0.0,0.0,0.0,0.0,0.0,0.0,0.0,0.0,0.0,0.0,0.0,0.0,0.0,0.0,3.472347404807806
50,0.10640260577201843,0.10623608529567719,0.10603109747171402,0.10676420107483864,0.11868283152580261,0.10637378692626953,0.10632321238517761,0.10577275604009628,0.10581498220562935,0.10543826222419739,0.10532432422041893,0.10507522150874138,0.1048954501748085,0.10467725247144699,0.10470646247267723,0.10452523827552795,0.10460978373885155,0.10422290489077568,0.1039552316069603,0.10684428364038467,0.10646938905119896,0.10618364810943604,0.1032954715192318,0.10562796145677567,0.1051422655582428,0.10451507940888405,0.10295122861862183,0.10248357802629471,0.10208671540021896,0.10250828042626381,0.10222668945789337,0.0,0.0,0.0,0.0,0.0,0.0,0.0,0.0,0.0,0.0,0.0,0.0,0.0,0.0,0.0,0.0,0.0,0.0,0.0,3.266166280955076
51,0.30603542923927307,0.10694239288568497,0.10659188404679298,0.11832761764526367,0.10653039440512657,0.10597265884280205,0.11864503473043442,0.1058504767715931,0.10581139475107193,0.11826696619391441,0.11779379844665527,0.10536424815654755,0.11780055984854698,0.11675089597702026,0.10486011952161789,0.10464722663164139,0.10785199701786041,0.10706598684191704,0.10722136124968529,0.10669247806072235,0.10636007785797119,0.10612639039754868,0.10573730617761612,0.10529304668307304,0.10307569429278374,0.10445132479071617,0.10424245521426201,0.10399003326892853,0.002107284963130951,0.0,0.0,0.0,0.0,0.0,0.0,0.0,0.0,0.0,0.0,0.0,0.0,0.0,0.0,0.0,0.0,0.0,0.0,0.0,0.0,0.0,3.236406534910202
52,0.2995007149875164,0.1192338764667511,0.10663333162665367,0.10636599361896515,0.10627530515193939,0.10608017072081566,0.10598951950669289,0.10595660284161568,0.10573738068342209,0.10559515655040741,0.10545919463038445,0.10510685667395592,0.10510195791721344,0.10484736040234566,0.10878108069300652,0.10853339731693268,0.10830281674861908,0.10768168047070503,0.10401007160544395,0.1072058230638504,0.10704953595995903,0.10679734498262405,0.11638602614402771,0.1061188355088234,0.10563154518604279,0.10530441254377365,0.10492290928959846,0.10458220168948174,0.10433002561330795,0.1038946881890297,0.10355295240879059,0.10327871888875961,0.10304999724030495,0.10268599912524223,0.0008750148117542267,0.0,0.0,0.0,0.0,0.0,0.0,0.0,0.0,0.0,0.0,0.0,0.0,0.0,0.0,0.0,3.8108584992587566
53,0.28255925327539444,0.11851583793759346,0.11916563659906387,0.10647716000676155,0.10610223188996315,0.11909108981490135,0.1178995706140995,0.11778073012828827,0.10550984740257263,0.1177244558930397,0.10532612726092339,0.11777303740382195,0.10496300086379051,0.11713217571377754,0.11666511371731758,0.10434089601039886,0.11670076847076416,0.10412704944610596,0.10406726598739624,0.10363246873021126,0.10633791610598564,0.10593539103865623,0.10570429265499115,0.10540644824504852,0.10504695773124695,0.1047569178044796,0.10249865800142288,0.10381506383419037,0.1035846695303917,0.10329889133572578,0.10279840230941772,0.10248751193284988,0.10200227797031403,0.00034147873520851135,0.0,0.0,0.0,0.0,0.0,0.0,0.0,0.0,0.0,0.0,0.0,0.0,0.0,0.0,0.0,0.0,3.7595685943961143
54,0.2998550683259964,0.10640734061598778,0.10623547807335854,0.10622185468673706,0.10593442246317863,0.1059262864291668,0.10573878884315491,0.10556407272815704,0.10540305450558662,0.10531078651547432,0.10505619645118713,0.10534868016839027,0.10488384962081909,0.10467489808797836,0.10442345216870308,0.10438425093889236,0.104253601282835,0.10756466165184975,0.10760926827788353,0.10369183495640755,0.10668167099356651,0.10345879197120667,0.1031266376376152,0.10536318644881248,0.10501929000020027,0.10424602776765823,0.10233177989721298,0.10329015552997589,0.103087417781353,0.10272553935647011,0.1020028255879879,0.0003078952431678772,0.0,0.0,0.0,0.0,0.0,0.0,0.0,0.0,0.0,0.0,0.0,0.0,0.0,0.0,0.0,0.0,0.0,0.0,3.4461290650069714
55,0.2827928438782692,0.10638565197587013,0.10612757876515388,0.10629752650856972,0.11912353336811066,0.11848907172679901,0.1184171624481678,0.11797723546624184,0.11846969276666641,0.1176554225385189,0.11754705011844635,0.11752224713563919,0.10509148985147476,0.11751335486769676,0.10447197407484055,0.11688477173447609,0.10792198777198792,0.10405029729008675,0.11602406576275826,0.10705198347568512,0.10682843625545502,0.10640300065279007,0.10579915717244148,0.10551588237285614,0.105142492800951,0.10281283780932426,0.10444941371679306,0.10418137907981873,0.10391105338931084,0.10350598394870758,0.10299148038029671,0.10235006362199783,0.10200422257184982,0.00026502087712287903,0.0,0.0,0.0,0.0,0.0,0.0,0.0,0.0,0.0,0.0,0.0,0.0,0.0,0.0,0.0,0.0,3.7819753661751747
56,0.11874965205788612,0.11864438652992249,0.11867284402251244,0.11856530606746674,0.11878730729222298,0.11818167939782143,0.1176595501601696,0.11780703812837601,0.11760059371590614,0.11764779314398766,0.11714823544025421,0.11828966811299324,0.10483119264245033,0.11737595871090889,0.10459975898265839,0.11747361347079277,0.10419529303908348,0.10393515974283218,0.11610684916377068,0.10374298691749573,0.1067696139216423,0.10327506810426712,0.10602277517318726,0.10548028349876404,0.10504580661654472,0.10444656759500504,0.10385934263467789,0.10239769145846367,0.10213995724916458,0.10230978205800056,0.10196225345134735,0.0003298446536064148,0.0,0.0,0.0,0.0,0.0,0.0,0.0,0.0,0.0,0.0,0.0,0.0,0.0,0.0,0.0,0.0,0.0,0.0,3.4340538531541824
57,0.11906461417675018,0.11922615393996239,0.11815537512302399,0.11904758587479591,0.11913344264030457,0.11850171908736229,0.11877354606986046,0.11852536723017693,0.10529696568846703,0.11790510639548302,0.11741285771131516,0.1178772822022438,0.10467755049467087,0.11682997643947601,0.10446683689951897,0.10811362788081169,0.11666243523359299,0.10764406993985176,0.10377679020166397,0.10706911236047745,0.10686907172203064,0.10661818087100983,0.1062409095466137,0.10600155964493752,0.10575035959482193,0.1052841991186142,0.10482324659824371,0.1024160198867321,0.10386620834469795,0.10361684486269951,0.10336625203490257,0.0014712773263454437,0.0,0.0,0.0,0.0,0.0,0.0,0.0,0.0,0.0,0.0,0.0,0.0,0.0,0.0,0.0,0.0,0.0,0.0,3.4344845451414585
58,0.11903385072946548,0.11919692158699036,0.11856106668710709,0.11844898387789726,0.11844604834914207,0.11915646493434906,0.11833591386675835,0.11777986213564873,0.1184898279607296,0.11793142929673195,0.11764566227793694,0.11705761402845383,0.10468831285834312,0.11668585613369942,0.10439569503068924,0.11697518825531006,0.1040886677801609,0.10400734469294548,0.11608493700623512,0.10704274848103523,0.10338588058948517,0.10320208594202995,0.10310951992869377,0.10488524287939072,0.10414811223745346,0.10395493358373642,0.10369298234581947,0.10342850536108017,0.10314064845442772,0.1027301661670208,0.10274126008152962,0.1022057868540287,0.0005278252065181732,0.00025233998894691467,0.0,0.0,0.0,0.0,0.0,0.0,0.0,0.0,0.0,0.0,0.0,0.0,0.0,0.0,0.0,0.0,3.5354576855897903
59,0.11897613108158112,0.11963151767849922,0.1061907559633255,0.10603311657905579,0.10606878623366356,0.10563366115093231,0.10565667226910591,0.10556051135063171,0.10532041266560555,0.10522058233618736,0.10500220581889153,0.10501572862267494,0.10486756265163422,0.10460146516561508,0.10488790646195412,0.1165282130241394,0.10452722385525703,0.10402974113821983,0.10727120563387871,0.10723408684134483,0.10668841749429703,0.10346721112728119,0.10636573284864426,0.10606816783547401,0.10574052482843399,0.10530054569244385,0.10477065667510033,0.10449469462037086,0.10409586876630783,0.10356960818171501,0.10211064293980598,0.10226582363247871,0.00032427534461021423,0.0,0.0,0.0,0.0,0.0,0.0,0.0,0.0,0.0,0.0,0.0,0.0,0.0,0.0,0.0,0.0,0.0,3.403519656509161
60,0.10638412088155746,0.10623317584395409,0.1064642108976841,0.1058390662074089,0.10582535713911057,0.10578983649611473,0.10570205375552177,0.10542647913098335,0.10558104142546654,0.10523255914449692,0.10506691411137581,0.10568934306502342,0.10471071675419807,0.10472885146737099,0.10435612127184868,0.10827302187681198,0.10812512040138245,0.10789039731025696,0.10410616546869278,0.1071268878877163,0.10680494830012321,0.10625405609607697,0.10598016157746315,0.10301786661148071,0.10522859916090965,0.10484651103615761,0.10445059463381767,0.1042141243815422,0.10370583832263947,0.10327454656362534,0.1023019589483738,0.1025690957903862,0.10224879533052444,0.00031003355979919434,0.0,0.0,0.0,0.0,0.0,0.0,0.0,0.0,0.0,0.0,0.0,0.0,0.0,0.0,0.0,0.0,3.4737585708498955
61,0.3006344437599182,0.10652032867074013,0.10634952038526535,0.10608123987913132,0.10586049035191536,0.10672785341739655,0.10594865307211876,0.10560501739382744,0.10542722418904305,0.10513337329030037,0.11728012934327126,0.11735261976718903,0.10477054119110107,0.11751851439476013,0.11763990297913551,0.11697278171777725,0.11621048673987389,0.10787893459200859,0.10764679685235023,0.10745631903409958,0.10693073272705078,0.10643121600151062,0.1061059758067131,0.10582884028553963,0.10554471611976624,0.10526128113269806,0.1049194224178791,0.1148214153945446,0.10400746017694473,0.10357560962438583,0.1034947969019413,0.10324544459581375,0.10275941714644432,0.10275076702237129,0.10196780040860176,0.00031941384077072144,0.0,0.0,0.0,0.0,0.0,0.0,0.0,0.0,0.0,0.0,0.0,0.0,0.0,0.0,3.962979480624199
62,0.28202687203884125,0.11910584196448326,0.11936754360795021,0.11820493638515472,0.11835289001464844,0.11866988614201546,0.11833527311682701,0.11820290237665176,0.1183159090578556,0.10555090755224228,0.11789367347955704,0.11720189824700356,0.10468273982405663,0.10454664006829262,0.10432003065943718,0.10840566083788872,0.10437174141407013,0.10411811247467995,0.10766882821917534,0.10757380351424217,0.10730107128620148,0.10355816036462784,0.10634887963533401,0.1061176285147667,0.10588827356696129,0.10563758760690689,0.10513084009289742,0.10483776032924652,0.1026463732123375,0.10366711020469666,0.10227848216891289,0.10231979191303253,0.10271914675831795,0.10249434038996696,0.0005506835877895355,0.0002483539283275604,0.0,0.0,0.0,0.0,0.0,0.0,0.0,0.0,0.0,0.0,0.0,0.0,0.0,0.0,3.878660574555397
63,0.3010008782148361,0.10628095641732216,0.10632147639989853,0.11867539957165718,0.10602276772260666,0.10582851245999336,0.10599696636199951,0.10562320426106453,0.1054651103913784,0.10530569031834602,0.11735125631093979,0.1177564337849617,0.10966450721025467,0.10951601341366768,0.10899705067276955,0.10868535190820694,0.10834431275725365,0.10803518444299698,0.10766683518886566,0.10745401680469513,0.10703088343143463,0.10684220865368843,0.10659243166446686,0.10611392185091972,0.10588407889008522,0.10568813607096672,0.10532614588737488,0.10506859794259071,0.10470650717616081,0.1042746752500534,0.10386229306459427,0.10389762744307518,0.10332237184047699,0.10303694382309914,0.10260553285479546,0.1025201864540577,0.10194773972034454,0.00032283738255500793,0.0,0.0,0.0,0.0,0.0,0.0,0.0,0.0,0.0,0.0,0.0,0.0,4.149035044014454
64,0.2826131358742714,0.11918137222528458,0.11863316595554352,0.11878993734717369,0.1180468425154686,0.11885794252157211,0.11831263452768326,0.10616927966475487,0.10563540458679199,0.10518673807382584,0.10506581142544746,0.1049606092274189,0.10464797168970108,0.12395340576767921,0.11472850665450096,0.1048862412571907,0.104145847260952,0.10411413013935089,0.10434574261307716,0.10357372462749481,0.10400604829192162,0.10347621142864227,0.10607460513710976,0.10514022409915924,0.1025950163602829,0.1033913679420948,0.10379329323768616,0.10379782319068909,0.10328877344727516,0.10255104303359985,0.10207965224981308,0.0,0.0,0.0,0.0,0.0,0.0,0.0,0.0,0.0,0.0,0.0,0.0,0.0,0.0,0.0,0.0,0.0,0.0,0.0,3.526042502373457
65,0.3010111264884472,0.11832770705223083,0.11943446472287178,0.11803765222430229,0.11886148154735565,0.11848825961351395,0.11881103366613388,0.11825352907180786,0.11819256469607353,0.11735060065984726,0.11737566813826561,0.11751488968729973,0.10488254949450493,0.1169167160987854,0.10439823567867279,0.11747986078262329,0.10788340121507645,0.1075875423848629,0.1070752739906311,0.10679049417376518,0.10638295486569405,0.10603183135390282,0.10574547201395035,0.1054614745080471,0.10507994517683983,0.10454392060637474,0.10423130914568901,0.10390279814600945,0.10336999595165253,0.10301091521978378,0.10278759896755219,0.10242465510964394,0.0007440224289894104,0.00046173855662345886,0.0,0.0,0.0,0.0,0.0,0.0,0.0,0.0,0.0,0.0,0.0,0.0,0.0,0.0,0.0,0.0,3.7288516834378242
66,0.11865323781967163,0.11918121948838234,0.11897635832428932,0.11826089769601822,0.11819890141487122,0.1188945397734642,0.11825456470251083,0.11765645816922188,0.11733128502964973,0.11822565272450447,0.11750200390815735,0.10475005581974983,0.11748342216014862,0.10861814022064209,0.11642991006374359,0.10822760313749313,0.10795611888170242,0.10411117970943451,0.10378510132431984,0.10680840164422989,0.10640106350183487,0.10578121617436409,0.10566267371177673,0.10288962349295616,0.10499207675457001,0.11532451957464218,0.1041247621178627,0.10381413251161575,0.1035052239894867,0.10323461145162582,0.10268687456846237,0.10227517038583755,0.0002958811819553375,0.0,0.0,0.0,0.0,0.0,0.0,0.0,0.0,0.0,0.0,0.0,0.0,0.0,0.0,0.0,0.0,0.0,3.5402928814291954
67,0.1194877065718174,0.11838287487626076,0.11861921474337578,0.11841823533177376,0.11812232807278633,0.10592789202928543,0.10551312565803528,0.10524474456906319,0.1055574081838131,0.10535464435815811,0.10487649962306023,0.10944849625229836,0.1219177134335041,0.11523575708270073,0.10923575982451439,0.10861166194081306,0.10838458687067032,0.10786780342459679,0.10805409401655197,0.10371578857302666,0.10406079888343811,0.10675005614757538,0.10652003809809685,0.10620749741792679,0.10531241446733475,0.10524336993694305,0.10234508663415909,0.10235515609383583,0.10441746190190315,0.10309275612235069,0.10220963135361671,0.10225522890686989,0.1024780124425888,0.00025352463126182556,0.0,0.0,0.0,0.0,0.0,0.0,0.0,0.0,0.0,0.0,0.0,0.0,0.0,0.0,0.0,0.0,3.5714773684740067
68,0.11917303502559662,0.11875195801258087,0.11902261897921562,0.11861421540379524,0.11860549077391624,0.11838435754179955,0.11788858473300934,0.11806462332606316,0.11733000725507736,0.10536712035536766,0.10975159704685211,0.11719327047467232,0.1173572726547718,0.10458971560001373,0.11708751320838928,0.10417104512453079,0.10387292504310608,0.11643742397427559,0.11608945950865746,0.10681870952248573,0.10618183016777039,0.10604699701070786,0.10568355768918991,0.10533810779452324,0.10290129482746124,0.10434863343834877,0.10379109531641006,0.10200029239058495,0.1021222472190857,0.10223879292607307,0.00032228603959083557,0.0,0.0,0.0,0.0,0.0,0.0,0.0,0.0,0.0,0.0,0.0,0.0,0.0,0.0,0.0,0.0,0.0,0.0,0.0,3.3255460783839226
69,0.11966641992330551,0.11915024742484093,0.11873262748122215,0.11840121448040009,0.11873143911361694,0.11881386861205101,0.11793931946158409,0.11815739795565605,0.11790650337934494,0.11796457320451736,0.11747636273503304,0.1174166165292263,0.10501733794808388,0.10947590321302414,0.10875266417860985,0.10847565159201622,0.10812193900346756,0.10794108361005783,0.11699694395065308,0.10378533601760864,0.10354360193014145,0.10336011275649071,0.11564058065414429,0.10563040897250175,0.1052478663623333,0.10493167117238045,0.10460837557911873,0.10405968129634857,0.10382745042443275,0.10360332950949669,0.10309787839651108,0.10287424176931381,0.0010785385966300964,0.0,0.0,0.0,0.0,0.0,0.0,0.0,0.0,0.0,0.0,0.0,0.0,0.0,0.0,0.0,0.0,0.0,3.5504271872341633
70,0.10642526298761368,0.1061105765402317,0.10615796595811844,0.10594217106699944,0.10616102069616318,0.1181284487247467,0.11795356869697571,0.11748650670051575,0.11747045814990997,0.1174032911658287,0.10576466843485832,0.10521356016397476,0.10496744140982628,0.12930601462721825,0.10518985614180565,0.10487216338515282,0.10446542501449585,0.1045781560242176,0.10376781225204468,0.10422508791089058,0.10358946770429611,0.10312753170728683,0.10349301248788834,0.10329649969935417,0.10469156876206398,0.10460379347205162,0.10397595912218094,0.10376273095607758,0.10336749255657196,0.10268546268343925,0.10191599652171135,0.00028802454471588135,0.0,0.0,0.0,0.0,0.0,0.0,0.0,0.0,0.0,0.0,0.0,0.0,0.0,0.0,0.0,0.0,0.0,0.0,3.330386996269226
71,0.283325482159853,0.10650119185447693,0.1062895730137825,0.10630190372467041,0.10603789985179901,0.10594476014375687,0.10565686970949173,0.10551948100328445,0.10557505488395691,0.10542748868465424,0.10518881678581238,0.10495767742395401,0.10959521308541298,0.10928531736135483,0.10878488048911095,0.10876541584730148,0.10435494408011436,0.1077820435166359,0.10743941366672516,0.10715190693736076,0.10680308192968369,0.10615763813257217,0.10320406407117844,0.10307231545448303,0.10483609884977341,0.10468783229589462,0.10440684482455254,0.10413332283496857,0.10389917716383934,0.10349519923329353,0.0016868151724338531,0.0,0.0,0.0,0.0,0.0,0.0,0.0,0.0,0.0,0.0,0.0,0.0,0.0,0.0,0.0,0.0,0.0,0.0,0.0,3.356267724186182
72,0.29932284727692604,0.10668660700321198,0.10637026280164719,0.10610633715987206,0.10589240491390228,0.1059255413711071,0.10579520463943481,0.10551799088716507,0.10549268871545792,0.10552534461021423,0.10631332919001579,0.11734014004468918,0.10503316670656204,0.10467139258980751,0.10461359471082687,0.10430000349879265,0.10417848080396652,0.1038522906601429,0.1073879562318325,0.10688672959804535,0.10353636741638184,0.10354781150817871,0.1030387170612812,0.10494820773601532,0.1027086041867733,0.10250874981284142,0.1037280261516571,0.10202061012387276,0.10273272916674614,0.10235162079334259,0.10189248993992805,0.0,0.0,0.0,0.0,0.0,0.0,0.0,0.0,0.0,0.0,0.0,0.0,0.0,0.0,0.0,0.0,0.0,0.0,0.0,3.4502262473106384
73,0.28429222851991653,0.10625778511166573,0.11890413984656334,0.1061033383011818,0.11831452324986458,0.10586651787161827,0.10591855272650719,0.10555258020758629,0.11794782429933548,0.1176486574113369,0.10993466153740883,0.11754028126597404,0.10976189747452736,0.10929449275135994,0.10890183970332146,0.10842246562242508,0.10817588493227959,0.1080142967402935,0.10397299006581306,0.10711580887436867,0.10704165697097778,0.10697196051478386,0.10646333917975426,0.10601474344730377,0.10315713658928871,0.10504527390003204,0.10433540865778923,0.10445986315608025,0.10387667641043663,0.1026301458477974,0.10337848961353302,0.10281913354992867,0.10278534144163132,0.1026623360812664,0.00026995688676834106,0.0,0.0,0.0,0.0,0.0,0.0,0.0,0.0,0.0,0.0,0.0,0.0,0.0,0.0,0.0,3.8398522287607193
74,0.2865034379065037,0.11902403831481934,0.11973196640610695,0.11822230741381645,0.11860895156860352,0.11848778650164604,0.11842702329158783,0.1179933026432991,0.11796379834413528,0.11769896373152733,0.10498172417283058,0.10505973547697067,0.10494361445307732,0.10475814715027809,0.11714115738868713,0.10826299339532852,0.10799088329076767,0.10408367589116096,0.1069812998175621,0.10612774640321732,0.10628356039524078,0.1032845787703991,0.10312909632921219,0.10501209646463394,0.10474693402647972,0.0028819628059864044,0.0,0.0,0.0,0.0,0.0,0.0,0.0,0.0,0.0,0.0,0.0,0.0,0.0,0.0,0.0,0.0,0.0,0.0,0.0,0.0,0.0,0.0,0.0,0.0,2.948330782353878
75,0.30163415521383286,0.10625926405191422,0.10623468458652496,0.10606379806995392,0.10605114325881004,0.10580459237098694,0.10591176897287369,0.10564359277486801,0.10542924702167511,0.10532538965344429,0.10544338822364807,0.10534286871552467,0.10514890775084496,0.10480996966362,0.1057686135172844,0.10824281722307205,0.10765554755926132,0.1040601059794426,0.1037026047706604,0.1163506843149662,0.10346433892846107,0.10324052721261978,0.10299506038427353,0.10284440964460373,0.10275989398360252,0.10412850603461266,0.10392403975129128,0.10239963605999947,0.10315214097499847,0.1028468944132328,0.10282309725880623,0.10234459862112999,0.10204166546463966,0.0,0.0,0.0,0.0,0.0,0.0,0.0,0.0,0.0,0.0,0.0,0.0,0.0,0.0,0.0,0.0,0.0,3.65984795242548
76,0.10640373826026917,0.11900239437818527,0.11560845002532005,0.11878007277846336,0.10591555759310722,0.1178220584988594,0.10572521388530731,0.11804360896348953,0.11758950725197792,0.1054275706410408,0.10965332388877869,0.11744025349617004,0.10927681624889374,0.1086915135383606,0.1088050864636898,0.10850239545106888,0.10427092388272285,0.10804953426122665,0.1077846959233284,0.10393647849559784,0.10368150472640991,0.1066301241517067,0.10326143354177475,0.10598721727728844,0.10560980066657066,0.10535308346152306,0.10509537905454636,0.10483436286449432,0.10433931276202202,0.10357652604579926,0.10324272885918617,0.001476779580116272,0.0,0.0,0.0,0.0,0.0,0.0,0.0,0.0,0.0,0.0,0.0,0.0,0.0,0.0,0.0,0.0,0.0,0.0,3.3698174469172955
77,0.1190563254058361,0.10619409754872322,0.1066075898706913,0.10600284114480019,0.11889725178480148,0.11834825202822685,0.11771127581596375,0.10556724295020103,0.11771957948803902,0.1051826998591423,0.11695137992501259,0.10953275486826897,0.10477324202656746,0.10944018885493279,0.1175207793712616,0.1171473041176796,0.10436129570007324,0.10801063477993011,0.10762745141983032,0.10725902765989304,0.10672112926840782,0.10649913921952248,0.106160968542099,0.10583940148353577,0.10308368504047394,0.11544769257307053,0.1042163036763668,0.10237373784184456,0.10340923815965652,0.10199209675192833,0.10255518183112144,0.10219959542155266,0.0005280226469039917,0.000246245414018631,0.0,0.0,0.0,0.0,0.0,0.0,0.0,0.0,0.0,0.0,0.0,0.0,0.0,0.0,0.0,0.0,3.4851836524903774
78,0.11908229812979698,0.1185080073773861,0.11903884261846542,0.10614065453410149,0.1185225360095501,0.11818521469831467,0.11796754971146584,0.11787661537528038,0.11774735525250435,0.11851320043206215,0.10534054413437843,0.11680344492197037,0.11730669066309929,0.11733348667621613,0.11674267053604126,0.10496293008327484,0.11634529009461403,0.10422099381685257,0.10417726635932922,0.1070093922317028,0.10649731382727623,0.11571518331766129,0.10585163906216621,0.10310778766870499,0.10291069373488426,0.10429467260837555,0.10395222902297974,0.10232584178447723,0.10328296199440956,0.10253359377384186,0.000589463859796524,0.0002995133399963379,0.0,0.0,0.0,0.0,0.0,0.0,0.0,0.0,0.0,0.0,0.0,0.0,0.0,0.0,0.0,0.0,0.0,0.0,3.333185877650976
79,0.11989760398864746,0.1184060350060463,0.1187392883002758,0.11907550692558289,0.11898912489414215,0.11847745627164841,0.11804445460438728,0.11781758442521095,0.11871953681111336,0.1173059530556202,0.11717097833752632,0.1052032858133316,0.11744499951601028,0.11679835245013237,0.1046532392501831,0.1083364225924015,0.10814208909869194,0.10771003738045692,0.10383348912000656,0.1070907674729824,0.1164364255964756,0.10631304606795311,0.10589977726340294,0.10583047196269035,0.1054210402071476,0.10494671761989594,0.10452212765812874,0.10298138856887817,0.10363570600748062,0.10299946367740631,0.10265376046299934,0.10240669175982475,0.0006687343120574951,0.0,0.0,0.0,0.0,0.0,0.0,0.0,0.0,0.0,0.0,0.0,0.0,0.0,0.0,0.0,0.0,0.0,3.546571556478739
80,0.11911800876259804,0.118963323533535,0.11843528971076012,0.11885841935873032,0.11873224005103111,0.11767344549298286,0.11802241578698158,0.11783519759774208,0.11761854588985443,0.11738317087292671,0.11766296997666359,0.10497724264860153,0.11792643740773201,0.10487521812319756,0.11714079976081848,0.10439375042915344,0.11601017788052559,0.10398287698626518,0.10365535691380501,0.11574656143784523,0.10601336881518364,0.10570575669407845,0.10548846051096916,0.10492430254817009,0.10485751926898956,0.10445468500256538,0.10411468893289566,0.10365485027432442,0.10258304700255394,0.10209474340081215,0.102217897772789,0.0003098137676715851,0.0,0.0,0.0,0.0,0.0,0.0,0.0,0.0,0.0,0.0,0.0,0.0,0.0,0.0,0.0,0.0,0.0,0.0,3.435430582612753
81,0.2825288251042366,0.11851108446717262,0.11837123334407806,0.11824117600917816,0.11848213523626328,0.11818985268473625,0.11801915243268013,0.11771126836538315,0.11763471364974976,0.11813089996576309,0.10524343326687813,0.11735852807760239,0.11735374480485916,0.1050601527094841,0.11752770841121674,0.10469631105661392,0.11733124405145645,0.10581424832344055,0.11725622788071632,0.1070282980799675,0.10692310705780983,0.1063508465886116,0.10577410832047462,0.10554857179522514,0.10293861851096153,0.1030881293118,0.10272170975804329,0.10387355089187622,0.10325915366411209,0.10291225463151932,0.10243372991681099,0.10279961302876472,0.0003116317093372345,0.0,0.0,0.0,0.0,0.0,0.0,0.0,0.0,0.0,0.0,0.0,0.0,0.0,0.0,0.0,0.0,0.0,3.709425263106823
82,0.30135802924633026,0.11889880523085594,0.1190570779144764,0.11937746033072472,0.118778295814991,0.11807043105363846,0.11856459453701973,0.11862171813845634,0.1177537813782692,0.11770716309547424,0.11760842427611351,0.10497907921671867,0.11785811558365822,0.11750900000333786,0.10452119261026382,0.10432218387722969,0.11619499325752258,0.1081521101295948,0.10414672642946243,0.1037537232041359,0.11620356887578964,0.10641956329345703,0.10321984440088272,0.10562422126531601,0.10517441481351852,0.1047530323266983,0.10261046513915062,0.10366728901863098,0.10326157510280609,0.1027575396001339,0.10246969386935234,0.10208206251263618,0.0,0.0,0.0,0.0,0.0,0.0,0.0,0.0,0.0,0.0,0.0,0.0,0.0,0.0,0.0,0.0,0.0,0.0,3.725476175546646
83,0.29933662712574005,0.11950572580099106,0.11812709271907806,0.11842219904065132,0.11834269016981125,0.11845126748085022,0.11881113424897194,0.11809631064534187,0.11807712912559509,0.11786199733614922,0.10515544936060905,0.11758346110582352,0.10943406447768211,0.10905468091368675,0.1169193722307682,0.1045229323208332,0.10421175882220268,0.10758475214242935,0.10740726441144943,0.10730056837201118,0.12040956318378448,0.10686841607093811,0.10655589029192924,0.1061423160135746,0.1057920977473259,0.10539072006940842,0.10514074563980103,0.1031532846391201,0.10433505102992058,0.10383251309394836,0.1034347340464592,0.10317520797252655,0.103156927973032,0.10224365070462227,0.000321313738822937,0.0,0.0,0.0,0.0,0.0,0.0,0.0,0.0,0.0,0.0,0.0,0.0,0.0,0.0,0.0,3.9341589100658894
84,0.29961884766817093,0.1185750961303711,0.11850596219301224,0.11878206580877304,0.11923426017165184,0.11805214732885361,0.11824726685881615,0.1186591349542141,0.11834387853741646,0.1180652529001236,0.11838039010763168,0.10547452419996262,0.11801883205771446,0.11720303073525429,0.1046905554831028,0.10443416610360146,0.11646676063537598,0.1044859066605568,0.11642194539308548,0.10356102138757706,0.10626817494630814,0.10350391641259193,0.10305245220661163,0.10284483805298805,0.10464688763022423,0.10266329348087311,0.10374738648533821,0.10333156958222389,0.10279662162065506,0.10274161398410797,0.000509161502122879,0.0,0.0,0.0,0.0,0.0,0.0,0.0,0.0,0.0,0.0,0.0,0.0,0.0,0.0,0.0,0.0,0.0,0.0,0.0,3.5113269612193108
85,0.30063941329717636,0.11886324360966682,0.11889135837554932,0.118159718811512,0.1185271330177784,0.11856459453701973,0.11812775582075119,0.11853853613138199,0.11798154190182686,0.11839379370212555,0.11734597012400627,0.10500163584947586,0.10951097682118416,0.10913179069757462,0.11693080514669418,0.10453883558511734,0.10792144760489464,0.10775226727128029,0.1070319265127182,0.10682613030076027,0.1159406527876854,0.10323845222592354,0.10310113802552223,0.10279886052012444,0.10454239323735237,0.1043606847524643,0.10243136808276176,0.10233760625123978,0.10228418558835983,0.10265346243977547,0.0005301013588905334,0.00024089962244033813,0.0,0.0,0.0,0.0,0.0,0.0,0.0,0.0,0.0,0.0,0.0,0.0,0.0,0.0,0.0,0.0,0.0,0.0,3.503138680011034
86,0.1193518117070198,0.11815784126520157,0.10633007436990738,0.10569442436099052,0.10615593940019608,0.10582966357469559,0.10562197864055634,0.10565779358148575,0.10549860447645187,0.10524313524365425,0.10522869974374771,0.10960012674331665,0.10948357731103897,0.10910751298069954,0.10865947604179382,0.10830025747418404,0.10815659910440445,0.10419490188360214,0.10730951279401779,0.10710645839571953,0.005204934626817703,0.0,0.0,0.0,0.0,0.0,0.0,0.0,0.0,0.0,0.0,0.0,0.0,0.0,0.0,0.0,0.0,0.0,0.0,0.0,0.0,0.0,0.0,0.0,0.0,0.0,0.0,0.0,0.0,0.0,2.1658933237195015
87,0.10683992877602577,0.10617620497941971,0.10608918592333794,0.10623041912913322,0.10617620497941971,0.10571456328034401,0.10550804436206818,0.10574717074632645,0.10521329566836357,0.10497802123427391,0.10499177128076553,0.10476092249155045,0.1046861857175827,0.10446679964661598,0.1080281138420105,0.10415501520037651,0.10394062846899033,0.10393059626221657,0.10369116812944412,0.10645732656121254,0.10603409260511398,0.10583988949656487,0.10304705053567886,0.10510362312197685,0.1047656424343586,0.10447557643055916,0.10259192064404488,0.10354757308959961,0.10332150384783745,0.10266969725489616,0.10219263285398483,0.0004828721284866333,0.0,0.0,0.0,0.0,0.0,0.0,0.0,0.0,0.0,0.0,0.0,0.0,0.0,0.0,0.0,0.0,0.0,0.0,3.2518536411225796
88,0.10649432986974716,0.10622060298919678,0.10605224221944809,0.11647166311740875,0.10612175241112709,0.10571055486798286,0.10559939965605736,0.10559995472431183,0.10542665794491768,0.10530659183859825,0.10507833585143089,0.10947920754551888,0.10486670956015587,0.1088029146194458,0.10432907193899155,0.10431793704628944,0.10395429655909538,0.10742378234863281,0.10390851274132729,0.1035640612244606,0.1157243438065052,0.10611123219132423,0.10584384575486183,0.10541333258152008,0.10293033346533775,0.10483502224087715,0.10456020757555962,0.10419619828462601,0.1037261113524437,0.1034545935690403,0.10322261974215508,0.10240369662642479,0.10264059528708458,0.10238517448306084,0.1019904725253582,0.0002798140048980713,0.0,0.0,0.0,0.0,0.0,0.0,0.0,0.0,0.0,0.0,0.0,0.0,0.0,0.0,3.694446172565222
89,0.10667291656136513,0.10629230737686157,0.1061013750731945,0.10591503977775574,0.10585015267133713,0.11797187849879265,0.10579385608434677,0.10538416728377342,0.10535068064928055,0.10509353131055832,0.10512328520417213,0.10488675907254219,0.10492825135588646,0.10456446930766106,0.10466629639267921,0.10423043742775917,0.1170828640460968,0.10407517477869987,0.10716495662927628,0.10673393309116364,0.10660221427679062,0.10326115414500237,0.10587169975042343,0.10280553624033928,0.10282900184392929,0.10239382833242416,0.10385292768478394,0.10340983048081398,0.10294002667069435,0.10236009955406189,0.00031094253063201904,0.0,0.0,0.0,0.0,0.0,0.0,0.0,0.0,0.0,0.0,0.0,0.0,0.0,0.0,0.0,0.0,0.0,0.0,0.0,3.170519594103098
90,0.11915160343050957,0.11870698258280754,0.10616953670978546,0.10614423453807831,0.11894513294100761,0.11864561215043068,0.11804194003343582,0.11784900352358818,0.11807102710008621,0.1171397753059864,0.11748617514967918,0.11709882691502571,0.11885697022080421,0.11676695197820663,0.11789089441299438,0.11741522699594498,0.10441669821739197,0.10773398354649544,0.10389824584126472,0.11651425063610077,0.10662166029214859,0.10656144469976425,0.10592083632946014,0.10566025599837303,0.10541915893554688,0.10515931993722916,0.10483020171523094,0.10420370101928711,0.002309981733560562,0.0,0.0,0.0,0.0,0.0,0.0,0.0,0.0,0.0,0.0,0.0,0.0,0.0,0.0,0.0,0.0,0.0,0.0,0.0,0.0,0.0,3.1436296328902245
91,0.28165631741285324,0.10624315217137337,0.1062827855348587,0.10651735961437225,0.11885707452893257,0.11939156427979469,0.11871660128235817,0.11800907552242279,0.10554946213960648,0.11863483116030693,0.11813439801335335,0.10943509265780449,0.10905510932207108,0.10878168046474457,0.10849417001008987,0.10819955170154572,0.10798714682459831,0.10786309093236923,0.10731792449951172,0.10699335113167763,0.10686088725924492,0.10655587911605835,0.10629593208432198,0.10592121630907059,0.10325121134519577,0.10499615594744682,0.10473018139600754,0.10419293493032455,0.10380901396274567,0.10328950732946396,0.10309797152876854,0.10283056274056435,0.10253775864839554,0.10231935232877731,0.1020098626613617,0.0,0.0,0.0,0.0,0.0,0.0,0.0,0.0,0.0,0.0,0.0,0.0,0.0,0.0,0.0,3.9548181667923927
92,0.29906632751226425,0.1193101666867733,0.1194821149110794,0.1185673363506794,0.11826884001493454,0.11801480501890182,0.11753255873918533,0.11808770149946213,0.11810684204101562,0.11710133031010628,0.10950829833745956,0.10972702875733376,0.10948754101991653,0.10458593815565109,0.11637868359684944,0.10837618634104729,0.10819995403289795,0.1076042465865612,0.10750832036137581,0.10732263326644897,0.10714177042245865,0.1067839190363884,0.10640925914049149,0.10596085339784622,0.10572663694620132,0.10542557388544083,0.10512395203113556,0.10475378856062889,0.0028743967413902283,0.0,0.0,0.0,0.0,0.0,0.0,0.0,0.0,0.0,0.0,0.0,0.0,0.0,0.0,0.0,0.0,0.0,0.0,0.0,0.0,0.0,3.3024370037019253
93,0.30138469114899635,0.11877545341849327,0.11872213706374168,0.1061645932495594,0.10603133589029312,0.10583087429404259,0.11810214817523956,0.10556575283408165,0.10552412644028664,0.11817194893956184,0.10547927021980286,0.10508865490555763,0.1049354262650013,0.11723756790161133,0.11679151654243469,0.1171097569167614,0.10436534509062767,0.11634532734751701,0.10780759155750275,0.10741057991981506,0.1069190725684166,0.10673661902546883,0.10611452534794807,0.10557062923908234,0.10502707213163376,0.10278205201029778,0.10415339097380638,0.10230899974703789,0.10338342562317848,0.10283293575048447,0.10253249853849411,0.0003303438425064087,0.0,0.0,0.0,0.0,0.0,0.0,0.0,0.0,0.0,0.0,0.0,0.0,0.0,0.0,0.0,0.0,0.0,0.0,3.555535662919283
94,0.2807788923382759,0.10640694573521614,0.11972945928573608,0.11938424035906792,0.11855415627360344,0.11926936358213425,0.11807005479931831,0.10581611096858978,0.11843840405344963,0.11826692149043083,0.11877483874559402,0.1180315725505352,0.10905344411730766,0.10493183881044388,0.10512306541204453,0.10473554953932762,0.1170993261039257,0.10464246943593025,0.10420175641775131,0.11632367968559265,0.1170450709760189,0.10361475124955177,0.10593067854642868,0.10537886619567871,0.10489156097173691,0.10444148257374763,0.10395682975649834,0.1024734415113926,0.10313847661018372,0.10282908380031586,0.10221313685178757,0.0,0.0,0.0,0.0,0.0,0.0,0.0,0.0,0.0,0.0,0.0,0.0,0.0,0.0,0.0,0.0,0.0,0.0,0.0,3.583545468747616
95,0.3038308285176754,0.10762033984065056,0.11979993432760239,0.11863808333873749,0.11908551305532455,0.10673164203763008,0.11944955587387085,0.11961708217859268,0.11929944530129433,0.11796627193689346,0.11861325055360794,0.11774436756968498,0.11843227595090866,0.10514877364039421,0.1052473671734333,0.10482997819781303,0.10809056460857391,0.10805066674947739,0.10775301232933998,0.10416717454791069,0.10701625049114227,0.10692878812551498,0.10654520615935326,0.10610619932413101,0.10336719080805779,0.10532929748296738,0.10507556051015854,0.10478497669100761,0.10449178144335747,0.10402783378958702,0.0020916759967803955,0.0,0.0,0.0,0.0,0.0,0.0,0.0,0.0,0.0,0.0,0.0,0.0,0.0,0.0,0.0,0.0,0.0,0.0,0.0,3.5058808885514736
96,0.11944536864757538,0.11959011480212212,0.11955545097589493,0.10675403475761414,0.11941171810030937,0.11910009384155273,0.11949789151549339,0.11888280883431435,0.11868366226553917,0.11862695589661598,0.10577106475830078,0.11775115877389908,0.10542670264840126,0.10543198883533478,0.10502038523554802,0.11802409961819649,0.10473794117569923,0.10416094586253166,0.11676472425460815,0.10713330656290054,0.10761890932917595,0.1074378676712513,0.10601706057786942,0.10592146590352058,0.1034829206764698,0.10358436033129692,0.10385331511497498,0.10360173881053925,0.10331933572888374,0.10276614129543304,0.10271932184696198,0.10198575258255005,0.00030292198061943054,0.0,0.0,0.0,0.0,0.0,0.0,0.0,0.0,0.0,0.0,0.0,0.0,0.0,0.0,0.0,0.0,0.0,3.522381529211998
97,0.12024957686662674,0.10672333091497421,0.1190764456987381,0.10715232044458389,0.10662245750427246,0.10662757977843285,0.10667184740304947,0.11948087438941002,0.11879417672753334,0.11815585196018219,0.10583983361721039,0.1188214048743248,0.10616983473300934,0.10859748721122742,0.10857325792312622,0.10838037356734276,0.1079053096473217,0.10803178697824478,0.10778854042291641,0.10730480030179024,0.10665436089038849,0.1066531166434288,0.1036960780620575,0.10596305131912231,0.10565183311700821,0.10523518919944763,0.104815274477005,0.10437260195612907,0.10413333028554916,0.1038723848760128,0.10359629988670349,0.10327330604195595,0.10278033465147018,0.10235216841101646,0.00048436224460601807,0.0,0.0,0.0,0.0,0.0,0.0,0.0,0.0,0.0,0.0,0.0,0.0,0.0,0.0,0.0,3.6805007830262184
98,0.12017949670553207,0.10721005871891975,0.10922996699810028,0.1195041760802269,0.1070406511425972,0.10694067925214767,0.106299739331007,0.10620536655187607,0.1063811257481575,0.10602552071213722,0.10589992627501488,0.1054251603782177,0.10536278784275055,0.12090928480029106,0.11555910855531693,0.11802223324775696,0.11243898794054985,0.10834869369864464,0.10795534402132034,0.1074814647436142,0.11639965698122978,0.10391275212168694,0.10396432131528854,0.10689672455191612,0.10556686297059059,0.10527816414833069,0.10536528378725052,0.10475162044167519,0.10394103080034256,0.10473049432039261,0.10346143692731857,0.10282701253890991,0.1027962863445282,0.10230782628059387,0.0004568956792354584,0.0,0.0,0.0,0.0,0.0,0.0,0.0,0.0,0.0,0.0,0.0,0.0,0.0,0.0,0.0,3.6750761419534683
99,0.11994470283389091,0.12024441361427307,0.11951229721307755,0.1191040650010109,0.11905406415462494,0.11953064799308777,0.11856968700885773,0.11897967383265495,0.11883560568094254,0.11838653683662415,0.11907902359962463,0.10543793812394142,0.12495339661836624,0.10724825039505959,0.10517267137765884,0.1053517758846283,0.10795778036117554,0.10828862711787224,0.10732908174395561,0.11693362146615982,0.10696791484951973,0.10609247535467148,0.10638769716024399,0.1059957705438137,0.10307864099740982,0.10355161130428314,0.1050519235432148,0.10400576144456863,0.10371111333370209,0.10452846437692642,0.10287034139037132,0.10238171741366386,0.00030573830008506775,0.0,0.0,0.0,0.0,0.0,0.0,0.0,0.0,0.0,0.0,0.0,0.0,0.0,0.0,0.0,0.0,0.0,3.554843030869961
100,0.10774919018149376,0.10699760168790817,0.10681603476405144,0.10692991688847542,0.11925503984093666,0.1064198650419712,0.10621891915798187,0.11846795678138733,0.11836553737521172,0.11832115426659584,0.11757086217403412,0.11844004318118095,0.11762945353984833,0.10921447724103928,0.108536746352911,0.10823822021484375,0.10470657050609589,0.10765187442302704,0.10724551230669022,0.11660239472985268,0.1065509282052517,0.10632658004760742,0.10593736544251442,0.10557958483695984,0.10498805344104767,0.10427870601415634,0.10377378761768341,0.10319019481539726,0.10294465348124504,0.10282447189092636,0.10256209969520569,0.1143978200852871,0.10208798944950104,0.11468691378831863,0.0002676844596862793,0.0,0.0,0.0,0.0,0.0,0.0,0.0,0.0,0.0,0.0,0.0,0.0,0.0,0.0,0.0,3.711774203926325

total time per move x,22.110152687877417,11.54523365944624,11.52247490733862,11.50892673432827,11.529581815004349,11.468845687806606,11.50215419381857,11.48430934175849,11.41799396649003,11.417894534766674,11.298056598752737,11.308660812675953,11.209560610353947,11.160808153450489,11.107522018253803,11.049869481474161,11.049539413303137,10.883881613612175,10.877093601971865,10.880517404526472,10.71259055659175,10.609271693974733,10.603345934301615,10.45220846310258,10.222771253436804,10.128674052655697,10.03652237355709,9.938339222222567,9.447652835398912,9.310861259698868,7.636624749749899,4.75087720900774,2.36861552298069,1.34773812815547,0.4125516302883625,0.10336776822805405,0.10194773972034454,0.00032283738255500793,0,0,0,0,0,0,0,0,0,0,0,0,354.51736046746373
average time per move x,0.22110152687877416,0.1154523365944624,0.11522474907338619,0.1150892673432827,0.11529581815004349,0.11468845687806606,0.11502154193818569,0.11484309341758489,0.11417993966490031,0.11417894534766675,0.11298056598752737,0.11308660812675952,0.11209560610353947,0.1116080815345049,0.11107522018253803,0.11049869481474162,0.11049539413303137,0.10883881613612174,0.10877093601971864,0.10880517404526473,0.10712590556591749,0.10716436054519933,0.107104504386885,0.10557786326366242,0.1043139923820082,0.1044193201304711,0.10454710805788636,0.10352436689815174,0.0994489772147254,0.101205013692379,0.0848513861083322,0.06986584130893736,0.05149164180392805,0.05615575533981124,0.0317347407914125,0.02584194205701351,0.10194773972034454,0.00032283738255500793,nan,nan,nan,nan,nan,nan,nan,nan,nan,nan,nan,nan,3.545173604674637
std of time per move x,0.11191765764102846,0.005779886706503112,0.005811608818599541,0.005828200282903343,0.005816670592402237,0.006098712900523368,0.005780999969570833,0.006121917180080674,0.0060725594633767605,0.0059032175521792135,0.006162066841133677,0.005875759787208072,0.006417287507559324,0.006488725982463646,0.005607526811466151,0.005764665564602839,0.00541076159724625,0.004867021404655917,0.005439077962447159,0.005163957226342222,0.011266086242733425,0.004413692610646602,0.004305457486172398,0.011038243411823287,0.010825844847483446,0.010994460474620651,0.0023098925845560624,0.01084989282204773,0.020700851970467532,0.015074519713103201,0.03938454541618241,0.04839865705587374,0.051661140922489975,0.0525423530822907,0.04885628310367748,0.051118837865687404,nan,nan,nan,nan,nan,nan,nan,nan,nan,nan,nan,nan,nan,nan,0.2982140599855522
err of average time,0.011191765764102846,0.0005779886706503112,0.000581160881859954,0.0005828200282903342,0.0005816670592402236,0.0006098712900523368,0.0005780999969570834,0.0006121917180080674,0.0006072559463376761,0.0005903217552179214,0.0006162066841133677,0.0005875759787208072,0.0006417287507559324,0.0006488725982463645,0.0005607526811466151,0.0005764665564602839,0.000541076159724625,0.00048670214046559173,0.0005439077962447159,0.0005163957226342222,0.0011266086242733425,0.0004435927978629989,0.0004327147585594126,0.0011093852042918268,0.0010935754719612843,0.0011163183280619227,0.00023575242470004167,0.0011073625490792811,0.0021238625991418995,0.0015716273225847685,0.0041514956041826855,0.005869199269982733,0.007617019674805729,0.010725162911396932,0.013550294912222621,0.025559418932843702,nan,nan,nan,nan,nan,nan,nan,nan,nan,nan,nan,nan,nan,nan,0.029821405998555223
