Contains move time for player Edax5; opponent is StaticBoard6
Colums refer to move number, rows to game number
game,1,2,3,4,5,6,7,8,9,10,11,12,13,14,15,16,17,18,19,20,21,22,23,24,25,26,27,28,29,30,31,32,33,34,35,36,37,38,39,40,41,42,43,44,45,46,47,48,49,50,total
1,0.41050034761428833,0.11890276055783033,0.10730560962110758,0.11977429501712322,0.1200981242582202,0.12260642554610968,0.12177142314612865,0.12170345615595579,0.10987476259469986,0.1254568686708808,0.12490030378103256,0.10900963749736547,0.12364314682781696,0.10842124745249748,0.11974317859858274,0.10808567143976688,0.10692363232374191,0.10540696047246456,0.10532221756875515,0.1051000077277422,0.10444245208054781,0.10487761627882719,0.10385901760309935,0.10383640136569738,0.10355433542281389,0.10480310767889023,0.10593474004417658,0.10336243454366922,0.1022840915247798,0.10239338874816895,0.10216682963073254,0.0003383103758096695,0.0,0.0,0.0,0.0,0.0,0.0,0.0,0.0,0.0,0.0,0.0,0.0,0.0,0.0,0.0,0.0,0.0,0.0,3.736402802169323
2,0.11894910223782063,0.10638818237930536,0.11937138997018337,0.1200693640857935,0.12078539095818996,0.11896002106368542,0.12108359672129154,0.12035273667424917,0.11997361946851015,0.12227008957415819,0.12393900007009506,0.11972012370824814,0.12005881033837795,0.11957689188420773,0.11951197870075703,0.11869835294783115,0.11871812399476767,0.11824262607842684,0.10423931386321783,0.11716980021446943,0.10445000976324081,0.10330625250935555,0.10621309280395508,0.10405979584902525,0.10531705152243376,0.1031380882486701,0.10609784722328186,0.10369297210127115,0.1026067016646266,0.102364432066679,0.10208478011190891,0.0,0.0,0.0,0.0,0.0,0.0,0.0,0.0,0.0,0.0,0.0,0.0,0.0,0.0,0.0,0.0,0.0,0.0,0.0,3.511409538798034

total time per move x,0.529449449852109,0.2252909429371357,0.22667699959129095,0.23984365910291672,0.24088351521641016,0.2415664466097951,0.2428550198674202,0.24205619283020496,0.22984838206321,0.247726958245039,0.24883930385112762,0.2287297612056136,0.24370195716619492,0.2279981393367052,0.23925515729933977,0.22678402438759804,0.22564175631850958,0.2236495865508914,0.20956153143197298,0.22226980794221163,0.20889246184378862,0.20818386878818274,0.21007211040705442,0.20789619721472263,0.20887138694524765,0.20794119592756033,0.21203258726745844,0.20705540664494038,0.2048907931894064,0.20475782081484795,0.20425160974264145,0.0003383103758096695,0,0,0,0,0,0,0,0,0,0,0,0,0,0,0,0,0,0,7.247812340967357
average time per move x,0.2647247249260545,0.11264547146856785,0.11333849979564548,0.11992182955145836,0.12044175760820508,0.12078322330489755,0.1214275099337101,0.12102809641510248,0.114924191031605,0.1238634791225195,0.12441965192556381,0.1143648806028068,0.12185097858309746,0.1139990696683526,0.11962757864966989,0.11339201219379902,0.11282087815925479,0.1118247932754457,0.10478076571598649,0.11113490397110581,0.10444623092189431,0.10409193439409137,0.10503605520352721,0.10394809860736132,0.10443569347262383,0.10397059796378016,0.10601629363372922,0.10352770332247019,0.1024453965947032,0.10237891040742397,0.10212580487132072,0.0003383103758096695,nan,nan,nan,nan,nan,nan,nan,nan,nan,nan,nan,nan,nan,nan,nan,nan,nan,nan,3.6239061704836786
std of time per move x,0.20615786266908337,0.008849143093724199,0.008531795105138882,0.00020864533937514897,0.00048597094403232373,0.002578397336471217,0.0004863667292816213,0.0009551029049955294,0.007140970177703635,0.0022533931094360932,0.0006797443727836989,0.007573457429520142,0.0025345086377367085,0.007888231826168263,0.00016348301556220207,0.007504299060925321,0.008339965041230564,0.009076186191018862,0.0007657285535574786,0.008534632114879271,5.344088682279767e-06,0.0011111219771042552,0.001664582537948172,0.0001579637540407989,0.0012464285073479086,0.0011773465299160135,0.00011533419240555353,0.00023372534841716285,0.00022811981756521395,2.0475465842198708e-05,5.8017771153277564e-05,nan,nan,nan,nan,nan,nan,nan,nan,nan,nan,nan,nan,nan,nan,nan,nan,nan,nan,nan,0.15909426225112916
err of average time,0.14577562268823382,0.006257289089262485,0.006032890174537896,0.00014753453433513641,0.00034363334998488426,0.0018232022412121296,0.00034391321241855616,0.0006753597408533096,0.005049428436905145,0.0015933895483613014,0.00048065185546874995,0.005355243105441332,0.0017921682447195053,0.005577822215855122,0.00011559994891285896,0.005306340754032135,0.005897245835512876,0.006417832802981138,0.0005414518527686596,0.006034896243363618,3.778841346502304e-06,0.0007856818847358226,0.001177037600427866,0.0001116972416639328,0.0008813580498099326,0.0008325097151100636,8.15535895526409e-05,0.00016526877880096436,0.00016130506992340088,1.4478340744972229e-05,4.102475941181182e-05,nan,nan,nan,nan,nan,nan,nan,nan,nan,nan,nan,nan,nan,nan,nan,nan,nan,nan,nan,0.11249663168564439
