Contains move time for player Edax2; opponent is MCTSMaxIter0
Colums refer to move number, rows to game number
game,1,2,3,4,5,6,7,8,9,10,11,12,13,14,15,16,17,18,19,20,21,22,23,24,25,26,27,28,29,30,31,32,33,34,35,36,37,38,39,40,41,42,43,44,45,46,47,48,49,50,total
1,0.41276016738265753,0.10631867498159409,0.1190096428617835,0.10591830126941204,0.10583933256566525,0.10586503520607948,0.10568935424089432,0.10551183670759201,0.10541698150336742,0.10507094580680132,0.11801040638238192,0.10512712504714727,0.11022687330842018,0.10898863803595304,0.1049510445445776,0.10452923458069563,0.10803788620978594,0.10408496204763651,0.10413073468953371,0.103900914080441,0.10343110468238592,0.10345242358744144,0.10331834107637405,0.10308604221791029,0.1051613874733448,0.1047547496855259,0.10442137997597456,0.10391881037503481,0.1023379173129797,0.1020928518846631,0.10271249432116747,0.10212949011474848,0.0,0.0,0.0,0.0,0.0,0.0,0.0,0.0,0.0,0.0,0.0,0.0,0.0,0.0,0.0,0.0,0.0,0.0,3.6902050841599703
2,0.11948733497411013,0.11941751278936863,0.11866139620542526,0.11854149494320154,0.11914848629385233,0.10591903235763311,0.11790113337337971,0.1178336488083005,0.11786781344562769,0.11804862972348928,0.1174393342807889,0.10506025049835443,0.10575071442872286,0.1169800590723753,0.10460995137691498,0.10841932240873575,0.1080648796632886,0.10747299809008837,0.10400016605854034,0.10352024622261524,0.10682848002761602,0.10650123283267021,0.10593236517161131,0.10286724288016558,0.10308241751044989,0.10456220619380474,0.10257740132510662,0.10373510327190161,0.10344633553177118,0.10293583013117313,0.1026462996378541,0.0006959596648812294,0.0004494134336709976,0.0,0.0,0.0,0.0,0.0,0.0,0.0,0.0,0.0,0.0,0.0,0.0,0.0,0.0,0.0,0.0,0.0,3.4004046926274896

total time per move x,0.5322475023567677,0.22573618777096272,0.23767103906720877,0.22445979621261358,0.22498781885951757,0.2117840675637126,0.22359048761427402,0.2233454855158925,0.2232847949489951,0.2231195755302906,0.23544974066317081,0.2101873755455017,0.21597758773714304,0.22596869710832834,0.20956099592149258,0.21294855698943138,0.21610276587307453,0.21155796013772488,0.20813090074807405,0.20742116030305624,0.21025958471000195,0.20995365642011166,0.20925070624798536,0.20595328509807587,0.2082438049837947,0.20931695587933064,0.20699878130108118,0.20765391364693642,0.20578425284475088,0.20502868201583624,0.20535879395902157,0.10282544977962971,0.0004494134336709976,0,0,0,0,0,0,0,0,0,0,0,0,0,0,0,0,0,7.09060977678746
average time per move x,0.2661237511783838,0.11286809388548136,0.11883551953360438,0.11222989810630679,0.11249390942975879,0.1058920337818563,0.11179524380713701,0.11167274275794625,0.11164239747449756,0.1115597877651453,0.11772487033158541,0.10509368777275085,0.10798879386857152,0.11298434855416417,0.10478049796074629,0.10647427849471569,0.10805138293653727,0.10577898006886244,0.10406545037403703,0.10371058015152812,0.10512979235500097,0.10497682821005583,0.10462535312399268,0.10297664254903793,0.10412190249189734,0.10465847793966532,0.10349939065054059,0.10382695682346821,0.10289212642237544,0.10251434100791812,0.10267939697951078,0.051412724889814854,0.0004494134336709976,nan,nan,nan,nan,nan,nan,nan,nan,nan,nan,nan,nan,nan,nan,nan,nan,nan,3.54530488839373
std of time per move x,0.20737520853386976,0.00926227703954011,0.00024624757223645424,0.008925945846967685,0.009410992853055307,3.818175202833008e-05,0.008635031834932794,0.008712836892917427,0.008804067697786307,0.009176608301585655,0.0004038089555828757,4.728744694020714e-05,0.0031651222975023568,0.005650788006171002,0.00024118929187063898,0.002750707482618419,1.9087254019371135e-05,0.002395703260522143,9.232596438565329e-05,0.00026917282364834867,0.0024023071448481936,0.0021558336918455013,0.0018483941639272927,0.00015471449543841216,0.0014700537586461405,0.00013614880866936335,0.0013038898083919408,0.0001299005383776233,0.0007837700388981732,0.0005960756344999865,4.6806709449379756e-05,0.07172433722079329,nan,nan,nan,nan,nan,nan,nan,nan,nan,nan,nan,nan,nan,nan,nan,nan,nan,nan,0.20491982204313364
err of average time,0.1466364162042737,0.006549418903887271,0.000174123328179121,0.006311596836894751,0.006654576864093541,2.699857577681541e-05,0.006105889566242695,0.0061609060503542415,0.006225415971130133,0.006488841958343983,0.00028553605079650873,3.3437274396419525e-05,0.0022380794398486614,0.003995710518211126,0.00017054658383131025,0.0019450439140200613,1.3496726751327515e-05,0.0016940180212259293,6.528431549668312e-05,0.000190333928912878,0.0016986876726150513,0.0015244046226143837,0.0013070120476186275,0.0001093996688723564,0.001039484981447458,9.627174586057663e-05,0.0009219893254339694,9.18535515666008e-05,0.0005542091093957424,0.00042148912325501437,3.3097341656684875e-05,0.05071676522493362,nan,nan,nan,nan,nan,nan,nan,nan,nan,nan,nan,nan,nan,nan,nan,nan,nan,nan,0.14490019576624036
