Contains move time for player DynamicBoard2; opponent is Edax1
Colums refer to move number, rows to game number
game,1,2,3,4,5,6,7,8,9,10,11,12,13,14,15,16,17,18,19,20,21,22,23,24,25,26,27,28,29,30,31,32,33,34,35,36,37,38,39,40,41,42,43,44,45,46,47,48,49,50,total
1,0.04231143556535244,0.03277960326522589,0.05805001687258482,0.07292070332914591,0.07162837591022253,0.07683508098125458,0.08608342427760363,0.07290594466030598,0.04907459206879139,0.03985434863716364,0.05166391097009182,0.055365536361932755,0.04704280570149422,0.03353800345212221,0.013796827755868435,0.005992906168103218,0.012451935559511185,0.017417410388588905,0.01632736623287201,0.015396269038319588,0.01412593387067318,0.017132671549916267,0.01188735943287611,0.016968918964266777,0.014648087322711945,0.021239494904875755,0.0100876959040761,0.009162228554487228,0.004146822728216648,0.0010584956035017967,0.00027443282306194305,0.0,0.0,0.0,0.0,0.0,0.0,0.0,0.0,0.0,0.0,0.0,0.0,0.0,0.0,0.0,0.0,0.0,0.0,0.0,0.9921686388552189
2,0.05169191025197506,0.050518885254859924,0.08749140985310078,0.08733733464032412,0.07085082121193409,0.08173097111284733,0.07457740418612957,0.06559926923364401,0.043280575424432755,0.04024203587323427,0.005987051874399185,0.0,0.0,0.0,0.0,0.0,0.0,0.0,0.0,0.0,0.0,0.0,0.0,0.0,0.0,0.0,0.0,0.0,0.0,0.0,0.0,0.0,0.0,0.0,0.0,0.0,0.0,0.0,0.0,0.0,0.0,0.0,0.0,0.0,0.0,0.0,0.0,0.0,0.0,0.0,0.6593076689168811

total time per move x,0.0940033458173275,0.08329848852008581,0.1455414267256856,0.16025803796947002,0.14247919712215662,0.1585660520941019,0.1606608284637332,0.13850521389394999,0.09235516749322414,0.08009638451039791,0.057650962844491005,0.055365536361932755,0.04704280570149422,0.03353800345212221,0.013796827755868435,0.005992906168103218,0.012451935559511185,0.017417410388588905,0.01632736623287201,0.015396269038319588,0.01412593387067318,0.017132671549916267,0.01188735943287611,0.016968918964266777,0.014648087322711945,0.021239494904875755,0.0100876959040761,0.009162228554487228,0.004146822728216648,0.0010584956035017967,0.00027443282306194305,0,0,0,0,0,0,0,0,0,0,0,0,0,0,0,0,0,0,0,1.6514763077721
average time per move x,0.04700167290866375,0.041649244260042906,0.0727707133628428,0.08012901898473501,0.07123959856107831,0.07928302604705095,0.0803304142318666,0.06925260694697499,0.04617758374661207,0.040048192255198956,0.028825481422245502,0.055365536361932755,0.04704280570149422,0.03353800345212221,0.013796827755868435,0.005992906168103218,0.012451935559511185,0.017417410388588905,0.01632736623287201,0.015396269038319588,0.01412593387067318,0.017132671549916267,0.01188735943287611,0.016968918964266777,0.014648087322711945,0.021239494904875755,0.0100876959040761,0.009162228554487228,0.004146822728216648,0.0010584956035017967,0.00027443282306194305,nan,nan,nan,nan,nan,nan,nan,nan,nan,nan,nan,nan,nan,nan,nan,nan,nan,nan,nan,0.82573815388605
std of time per move x,0.006632997261659609,0.01254356658825062,0.020818208624100852,0.010194097762000419,0.0005498141999032164,0.0034619171119935326,0.008135984831149965,0.0051665997421217885,0.004096988459533716,0.0002741362736050144,0.0322984168098667,nan,nan,nan,nan,nan,nan,nan,nan,nan,nan,nan,nan,nan,nan,nan,nan,nan,nan,nan,nan,nan,nan,nan,nan,nan,nan,nan,nan,nan,nan,nan,nan,nan,nan,nan,nan,nan,nan,nan,0.2353682490357302
err of average time,0.00469023734331131,0.008869640994817019,0.014720696490257977,0.007208315655589104,0.0003887773491442203,0.0024479450657963753,0.005753010045737028,0.003653337713330984,0.0028970083221793175,0.00019384361803531644,0.022838429547846317,nan,nan,nan,nan,nan,nan,nan,nan,nan,nan,nan,nan,nan,nan,nan,nan,nan,nan,nan,nan,nan,nan,nan,nan,nan,nan,nan,nan,nan,nan,nan,nan,nan,nan,nan,nan,nan,nan,nan,0.16643048496916887
