Contains move time for player Edax4; opponent is AlphaBeta2
Colums refer to move number, rows to game number
game,1,2,3,4,5,6,7,8,9,10,11,12,13,14,15,16,17,18,19,20,21,22,23,24,25,26,27,28,29,30,31,32,33,34,35,36,37,38,39,40,41,42,43,44,45,46,47,48,49,50,total
1,0.40309577994048595,0.10952426493167877,0.10981640592217445,0.10843751113861799,0.10889921430498362,0.10895588248968124,0.10757918376475573,0.10792234912514687,0.10774452425539494,0.10773756913840771,0.10779624618589878,0.12048207689076662,0.1076483828946948,0.10688009764999151,0.10618126299232244,0.10645156819373369,0.10596496146172285,0.10540996119379997,0.10571624152362347,0.10564464889466763,0.10526824370026588,0.10640904307365417,0.11852487921714783,0.1059974804520607,0.10578470397740602,0.10492019075900316,0.10434323735535145,0.10409210622310638,0.10466370638459921,0.10262942593544722,0.10257359500974417,0.0003444645553827286,0.0,0.0,0.0,0.0,0.0,0.0,0.0,0.0,0.0,0.0,0.0,0.0,0.0,0.0,0.0,0.0,0.0,0.0,3.623439209535718
2,0.3382299467921257,0.1088066091760993,0.10766373574733734,0.10823373030871153,0.10804385598748922,0.10826970916241407,0.1084559764713049,0.12082085479050875,0.11145338788628578,0.11082872934639454,0.11078087985515594,0.11089251842349768,0.14197625685483217,0.10881420690566301,0.10763690434396267,0.10661864653229713,0.10856018029153347,0.1080925427377224,0.10951325669884682,0.1058057863265276,0.10764531046152115,0.10471267811954021,0.10468141362071037,0.10592133831232786,0.10450332146137953,0.10681094788014889,0.10447828751057386,0.10333441197872162,0.10267433896660805,0.10245264880359173,0.00033110566437244415,0.0,0.0,0.0,0.0,0.0,0.0,0.0,0.0,0.0,0.0,0.0,0.0,0.0,0.0,0.0,0.0,0.0,0.0,0.0,3.4970435174182057

total time per move x,0.7413257267326117,0.21833087410777807,0.2174801416695118,0.21667124144732952,0.21694307029247284,0.21722559165209532,0.21603516023606062,0.2287432039156556,0.21919791214168072,0.21856629848480225,0.21857712604105473,0.2313745953142643,0.24962463974952698,0.21569430455565453,0.21381816733628511,0.21307021472603083,0.21452514175325632,0.21350250393152237,0.21522949822247028,0.21145043522119522,0.21291355416178703,0.2111217211931944,0.2232062928378582,0.21191881876438856,0.21028802543878555,0.21173113863915205,0.2088215248659253,0.207426518201828,0.20733804535120726,0.20508207473903894,0.10290470067411661,0.0003444645553827286,0,0,0,0,0,0,0,0,0,0,0,0,0,0,0,0,0,0,7.120482726953924
average time per move x,0.37066286336630583,0.10916543705388904,0.1087400708347559,0.10833562072366476,0.10847153514623642,0.10861279582604766,0.10801758011803031,0.1143716019578278,0.10959895607084036,0.10928314924240112,0.10928856302052736,0.11568729765713215,0.12481231987476349,0.10784715227782726,0.10690908366814256,0.10653510736301541,0.10726257087662816,0.10675125196576118,0.10761474911123514,0.10572521761059761,0.10645677708089352,0.1055608605965972,0.1116031464189291,0.10595940938219428,0.10514401271939278,0.10586556931957603,0.10441076243296266,0.103713259100914,0.10366902267560363,0.10254103736951947,0.051452350337058306,0.0003444645553827286,nan,nan,nan,nan,nan,nan,nan,nan,nan,nan,nan,nan,nan,nan,nan,nan,nan,nan,3.560241363476962
std of time per move x,0.045867070486520674,0.0005074592513277999,0.001522167678285353,0.00014409480670268284,0.0006048296666446007,0.000485197812779952,0.000619986068495823,0.009120620823150488,0.002622562623899078,0.0021857803448015072,0.002110454706889428,0.006780841820790745,0.024273472460930236,0.0013676217702409846,0.0010292938707203545,0.00011814222618759184,0.0018350968332221055,0.0018968716007934246,0.002684895178668658,0.00011394137077117009,0.0016808400262167413,0.001199511162421188,0.009788808398363597,5.384062333914318e-05,0.0009060742663762159,0.0013369671819388968,9.549488055806614e-05,0.000535770738270485,0.0014066951915331233,0.00012500030869372388,0.07229635754150568,nan,nan,nan,nan,nan,nan,nan,nan,nan,nan,nan,nan,nan,nan,nan,nan,nan,nan,nan,0.08937525100905995
err of average time,0.032432916574180126,0.0003588278777897358,0.0010763350874185562,0.00010189041495323181,0.00042767915874719614,0.0003430866636335849,0.00043839635327458376,0.006449252832680941,0.0018544318154454231,0.0015455801039934156,0.001492316834628582,0.004794779233634472,0.017163936980068684,0.0009670546278357506,0.0007278206758201121,8.35391692817211e-05,0.0012976094149053095,0.0013412907719612122,0.001898507587611675,8.056871592998505e-05,0.001188533380627632,0.0008481824770569801,0.006921732798218726,3.807106986641884e-05,0.0006406912580132484,0.0009453785605728625,6.752507761120796e-05,0.0003788471221923828,0.0009946837089955807,8.83885659277439e-05,0.051121244672685855,nan,nan,nan,nan,nan,nan,nan,nan,nan,nan,nan,nan,nan,nan,nan,nan,nan,nan,nan,0.06319784605875611
