Contains move time for player Edax2; opponent is Roxanne
Colums refer to move number, rows to game number
game,1,2,3,4,5,6,7,8,9,10,11,12,13,14,15,16,17,18,19,20,21,22,23,24,25,26,27,28,29,30,31,32,33,34,35,36,37,38,39,40,41,42,43,44,45,46,47,48,49,50,total
1,0.4064859487116337,0.11262196581810713,0.11262209806591272,0.11207360401749611,0.11209689825773239,0.11479395907372236,0.1115509383380413,0.1106193121522665,0.11108793318271637,0.11060164496302605,0.11034815851598978,0.10994914919137955,0.10951997339725494,0.10921485163271427,0.10894957557320595,0.10813066363334656,0.12101947329938412,0.10787719208747149,0.10757259093225002,0.1072786245495081,0.10664345417171717,0.10623595397919416,0.10772772412747145,0.10576091706752777,0.10490407329052687,0.10486932378262281,0.10435923561453819,0.10386327374726534,0.10362691711634398,0.10298836603760719,0.10268029291182756,0.00034803710877895355,0.0,0.0,0.0,0.0,0.0,0.0,0.0,0.0,0.0,0.0,0.0,0.0,0.0,0.0,0.0,0.0,0.0,0.0,3.668422124348581
2,0.30545423552393913,0.11243622750043869,0.11256274860352278,0.11183034628629684,0.11205537430942059,0.11182827968150377,0.11152719985693693,0.1111383605748415,0.110346008092165,0.10999806132167578,0.10977741796523333,0.10953284427523613,0.10942345578223467,0.10908367857336998,0.10894138179719448,0.10865083523094654,0.10773534793406725,0.10760122817009687,0.10742929950356483,0.10715012717992067,0.10663003474473953,0.10637977812439203,0.10568578448146582,0.1052961703389883,0.10501403361558914,0.10472521372139454,0.10432446002960205,0.10364594589918852,0.10311971697956324,0.10284740757197142,0.10238553211092949,0.0003572935238480568,0.0,0.0,0.0,0.0,0.0,0.0,0.0,0.0,0.0,0.0,0.0,0.0,0.0,0.0,0.0,0.0,0.0,0.0,3.544913829304278
3,0.3051969949156046,0.11255034990608692,0.11236296314746141,0.11208999343216419,0.11195470951497555,0.1118547497317195,0.11155126243829727,0.11120850592851639,0.11082543153315783,0.11057666223496199,0.11019415501505136,0.1098073236644268,0.10925329849123955,0.10898224171251059,0.10873517207801342,0.1084017613902688,0.10807413514703512,0.10747778415679932,0.10731185227632523,0.10723209660500288,0.10698559693992138,0.10680736415088177,0.10633969400078058,0.1061604069545865,0.10803842451423407,0.1055964669212699,0.10536596924066544,0.10478889010846615,0.10452219005674124,0.10400403197854757,0.10355296079069376,0.1033858172595501,0.10264214873313904,0.000535956583917141,0.000251157209277153,0.0,0.0,0.0,0.0,0.0,0.0,0.0,0.0,0.0,0.0,0.0,0.0,0.0,0.0,0.0,3.7646185187622905
4,0.3042563842609525,0.11256026197224855,0.11196792125701904,0.11206369008868933,0.11169206444174051,0.11150512099266052,0.11126529239118099,0.11104680318385363,0.11066155601292849,0.11059246771037579,0.11031705234199762,0.11043279711157084,0.10966736357659101,0.10940416809171438,0.10893188789486885,0.11029410175979137,0.10827755462378263,0.107931237667799,0.10800708457827568,0.10749621875584126,0.10718043707311153,0.10678844433277845,0.10630911681801081,0.10583186987787485,0.10531837400048971,0.10483842715620995,0.10422703344374895,0.10393602680414915,0.10347031522542238,0.10315601341426373,0.10286432597786188,0.10287731979042292,0.0,0.0,0.0,0.0,0.0,0.0,0.0,0.0,0.0,0.0,0.0,0.0,0.0,0.0,0.0,0.0,0.0,0.0,3.6551687326282263
5,0.30276401713490486,0.11249038018286228,0.11198966298252344,0.11200919840484858,0.1119529353454709,0.11149416584521532,0.11137862224131823,0.11063793115317822,0.11266505066305399,0.11050316412001848,0.11001515667885542,0.11002074182033539,0.10952830128371716,0.10933562181890011,0.10909413173794746,0.10862904228270054,0.10851122066378593,0.10803050082176924,0.10766792483627796,0.10725114401429892,0.10694240871816874,0.10634179413318634,0.10606836061924696,0.10590014327317476,0.10568998008966446,0.10493660997599363,0.10461239702999592,0.10392380971461535,0.10386684257537127,0.10341408383101225,0.10311527457088232,0.10324539802968502,0.10261828266084194,0.10234841983765364,0.0003228308632969856,0.0,0.0,0.0,0.0,0.0,0.0,0.0,0.0,0.0,0.0,0.0,0.0,0.0,0.0,0.0,3.859315549954772
6,0.29019316006451845,0.11227138061076403,0.11232554167509079,0.11205980647355318,0.11186971608549356,0.11163195688277483,0.11138324066996574,0.1107945553958416,0.11081414297223091,0.11055739875882864,0.11027497611939907,0.10981085430830717,0.1097522433847189,0.10948444250971079,0.12144868168979883,0.10839517787098885,0.10816932190209627,0.10794118046760559,0.10728514101356268,0.10692656133323908,0.106488773599267,0.1060193507000804,0.10523627884685993,0.10486183036118746,0.10458383057266474,0.10410428792238235,0.10337664280086756,0.10306139662861824,0.10294525884091854,0.0003386670723557472,0.0,0.0,0.0,0.0,0.0,0.0,0.0,0.0,0.0,0.0,0.0,0.0,0.0,0.0,0.0,0.0,0.0,0.0,0.0,0.0,3.334405797533691
7,0.291334955021739,0.11221300531178713,0.11189127806574106,0.1115736709907651,0.11160701233893633,0.11099583189934492,0.11111931595951319,0.12313824985176325,0.10996457282453775,0.11027648579329252,0.11023835185915232,0.10962784569710493,0.10949592851102352,0.1093124421313405,0.10869491659104824,0.10831793490797281,0.10792755521833897,0.10761559009552002,0.10712885018438101,0.10688902251422405,0.10657807439565659,0.10627780016511679,0.10578060988336802,0.10765140037983656,0.10541653260588646,0.10493987798690796,0.10431936010718346,0.10360178630799055,0.10309236217290163,0.10274281352758408,0.10214551910758018,0.0,0.0,0.0,0.0,0.0,0.0,0.0,0.0,0.0,0.0,0.0,0.0,0.0,0.0,0.0,0.0,0.0,0.0,0.0,3.541908952407539
8,0.29256764706224203,0.11227585095912218,0.11266367044299841,0.10995449777692556,0.11140316259115934,0.11145261581987143,0.11092208046466112,0.11094491928815842,0.1107662720605731,0.11023747082799673,0.11011318303644657,0.10963213816285133,0.10942964442074299,0.10960480850189924,0.10898301843553782,0.10838229674845934,0.10800823848694563,0.10765899810940027,0.10737083852291107,0.10693573579192162,0.1064499206840992,0.10610936023294926,0.10566997434943914,0.10510057024657726,0.10462446697056293,0.10402626730501652,0.10348701290786266,0.10290503222495317,0.10261593293398619,0.00036302395164966583,0.0,0.0,0.0,0.0,0.0,0.0,0.0,0.0,0.0,0.0,0.0,0.0,0.0,0.0,0.0,0.0,0.0,0.0,0.0,0.0,3.32065864931792
9,0.2937251264229417,0.11232816427946091,0.11233548354357481,0.10996413696557283,0.11153589189052582,0.11137465666979551,0.11128387693315744,0.11085118167102337,0.11048253253102303,0.11036311089992523,0.11005245242267847,0.10983466729521751,0.10961472522467375,0.10882268100976944,0.10899394191801548,0.10872106440365314,0.10807580780237913,0.10768110770732164,0.10731996688991785,0.1070321137085557,0.10623811651021242,0.10602474398910999,0.10538993403315544,0.10496923979371786,0.10533961933106184,0.10406313370913267,0.1036309627816081,0.10297811031341553,0.10260498896241188,0.00032792333513498306,0.0,0.0,0.0,0.0,0.0,0.0,0.0,0.0,0.0,0.0,0.0,0.0,0.0,0.0,0.0,0.0,0.0,0.0,0.0,0.0,3.3219594629481435
10,0.29298199992626905,0.11209399718791246,0.11218496691435575,0.1116870203986764,0.11173838749527931,0.11122252978384495,0.11095849238336086,0.11071181949228048,0.11050069238990545,0.11017126869410276,0.1100319093093276,0.10957418289035559,0.10937943030148745,0.11094577144831419,0.10880394373089075,0.10852052178233862,0.10810440871864557,0.10768211632966995,0.10718213673681021,0.10686498787254095,0.10638205148279667,0.10627510957419872,0.10590664390474558,0.10539327375590801,0.10468252003192902,0.10429549682885408,0.10392480343580246,0.1032618572935462,0.1028842693194747,0.1026324462145567,0.00034027639776468277,0.0,0.0,0.0,0.0,0.0,0.0,0.0,0.0,0.0,0.0,0.0,0.0,0.0,0.0,0.0,0.0,0.0,0.0,0.0,3.427319332025945
11,0.3055735742673278,0.11257622111588717,0.11236888635903597,0.11193223297595978,0.11174939852207899,0.12428951915353537,0.11123128607869148,0.1110775824636221,0.11072112154215574,0.11016831267625093,0.11007205490022898,0.10974160023033619,0.10950380098074675,0.10914411209523678,0.10908269323408604,0.10801187623292208,0.10812920518219471,0.10785030107945204,0.10738730803132057,0.10699296556413174,0.1067557642236352,0.10642128251492977,0.10616181790828705,0.10551133286207914,0.11924127489328384,0.10460642818361521,0.10423534363508224,0.10357321985065937,0.10330540034919977,0.1027916893362999,0.10240962728857994,0.0,0.0,0.0,0.0,0.0,0.0,0.0,0.0,0.0,0.0,0.0,0.0,0.0,0.0,0.0,0.0,0.0,0.0,0.0,3.5726172337308526
12,0.29290540609508753,0.11242189537733793,0.11219148244708776,0.11235805321484804,0.11196092143654823,0.11148335970938206,0.11132647935301065,0.1111443368718028,0.11094452440738678,0.11037875339388847,0.10991493333131075,0.1100159753113985,0.1097664637491107,0.1114973109215498,0.10907419584691525,0.10881092865020037,0.1083467248827219,0.10789314936846495,0.10754938516765833,0.10692454874515533,0.10668822377920151,0.10638117045164108,0.10600823070853949,0.10582044068723917,0.10525356139987707,0.105080452747643,0.10442259348928928,0.10384295415133238,0.1035553626716137,0.10308071505278349,0.10255739279091358,0.10322182346135378,0.0,0.0,0.0,0.0,0.0,0.0,0.0,0.0,0.0,0.0,0.0,0.0,0.0,0.0,0.0,0.0,0.0,0.0,3.6428217496722937
13,0.3041369803249836,0.11246716789901257,0.11257017683237791,0.11194743681699038,0.11166161950677633,0.1113240234553814,0.11155022867023945,0.1108320290222764,0.11095021199434996,0.11021419987082481,0.11027797497808933,0.11009850818663836,0.10969976428896189,0.11017363145947456,0.1089797392487526,0.10885524470359087,0.10831808112561703,0.10802436526864767,0.10763413179665804,0.10715600103139877,0.1067833136767149,0.10621082503348589,0.1057076146826148,0.10532854124903679,0.10493065696209669,0.10436358768492937,0.10390904359519482,0.10365802701562643,0.10322548728436232,0.1031221728771925,0.10291882697492838,0.10353130754083395,0.10213683638721704,0.0003409944474697113,0.0,0.0,0.0,0.0,0.0,0.0,0.0,0.0,0.0,0.0,0.0,0.0,0.0,0.0,0.0,0.0,3.7530387518927455
14,0.3033065553754568,0.11262150947004557,0.112247034907341,0.11223298776894808,0.11170311644673347,0.11160668637603521,0.1240620044991374,0.11112582217901945,0.11304447427392006,0.11062553524971008,0.11013889592140913,0.10974240489304066,0.10952738113701344,0.11000564321875572,0.10902996733784676,0.10875850543379784,0.10812290385365486,0.10779923852533102,0.10745713487267494,0.10703525505959988,0.10631504096090794,0.10595632717013359,0.10577529855072498,0.10535906348377466,0.10492600686848164,0.10465644765645266,0.10447822045534849,0.10376779641956091,0.10314674023538828,0.1028581140562892,0.0005197999998927116,0.00033451616764068604,0.0,0.0,0.0,0.0,0.0,0.0,0.0,0.0,0.0,0.0,0.0,0.0,0.0,0.0,0.0,0.0,0.0,0.0,3.458286428824067
15,0.30464470386505127,0.11254585348069668,0.11244912631809711,0.11215851362794638,0.11176237091422081,0.11147593054920435,0.11122887209057808,0.11112260539084673,0.11069302167743444,0.11023071501404047,0.10996554791927338,0.1097371419891715,0.10932495165616274,0.10908284690231085,0.10896929819136858,0.10870895627886057,0.1084495922550559,0.1082012252882123,0.10761699546128511,0.10724622756242752,0.10698611289262772,0.10674699023365974,0.1064971312880516,0.10597275570034981,0.10579642094671726,0.1052707051858306,0.10484807007014751,0.10454856976866722,0.10819453559815884,0.10798587556928396,0.10859910491853952,0.10463825799524784,0.0007636761292815208,0.00031040050089359283,0.0,0.0,0.0,0.0,0.0,0.0,0.0,0.0,0.0,0.0,0.0,0.0,0.0,0.0,0.0,0.0,3.6727731032297015
16,0.29106572829186916,0.11234103050082922,0.11214117147028446,0.11191435437649488,0.11156820598989725,0.1115431496873498,0.11100426409393549,0.11080524325370789,0.11051998846232891,0.110391391441226,0.11268260236829519,0.1098335050046444,0.10952933970838785,0.10911859478801489,0.10863427817821503,0.1084310756996274,0.10820940136909485,0.10785381495952606,0.10751752834767103,0.10690943710505962,0.1065214341506362,0.10605427902191877,0.10546919703483582,0.10507157165557146,0.10470026638358831,0.1166530940681696,0.10365406796336174,0.10320263542234898,0.10273664072155952,0.10217764973640442,0.0,0.0,0.0,0.0,0.0,0.0,0.0,0.0,0.0,0.0,0.0,0.0,0.0,0.0,0.0,0.0,0.0,0.0,0.0,0.0,3.438254941254854
17,0.28988021425902843,0.11238482967019081,0.11220385413616896,0.11186071671545506,0.11150776129215956,0.11113952659070492,0.11088589671999216,0.1108805788680911,0.1104204012081027,0.10962461028248072,0.10997499898076057,0.10940367542207241,0.10922655835747719,0.10886758472770452,0.1087507214397192,0.1081517655402422,0.10777879785746336,0.10772276390343904,0.1074105016887188,0.10688820481300354,0.10642606765031815,0.1058772811666131,0.10544762387871742,0.10487355291843414,0.10440955869853497,0.1039911825209856,0.10345850698649883,0.10297249723225832,0.10287970304489136,0.000528714619576931,0.0,0.0,0.0,0.0,0.0,0.0,0.0,0.0,0.0,0.0,0.0,0.0,0.0,0.0,0.0,0.0,0.0,0.0,0.0,0.0,3.315828651189804
18,0.2897261865437031,0.11227422393858433,0.11201622243970633,0.11191316973417997,0.11220367718487978,0.11177431419491768,0.11169176269322634,0.11180413421243429,0.11043300293385983,0.11071865446865559,0.11049063317477703,0.11000200919806957,0.1095434082672,0.10934653598815203,0.10885792132467031,0.11065624002367258,0.10806929133832455,0.10757821798324585,0.10727085173130035,0.10699502844363451,0.10633036773651838,0.11844483204185963,0.10555060673505068,0.10497763101011515,0.1045184712857008,0.10401663836091757,0.10347330197691917,0.1032278435304761,0.10292869247496128,0.1024746336042881,0.00034139957278966904,0.0,0.0,0.0,0.0,0.0,0.0,0.0,0.0,0.0,0.0,0.0,0.0,0.0,0.0,0.0,0.0,0.0,0.0,0.0,3.4396499041467905
19,0.2933049760758877,0.11229716707020998,0.11209816299378872,0.11178648564964533,0.11160282045602798,0.11138077080249786,0.11103760544210672,0.11115124356001616,0.11048851534724236,0.11017203237861395,0.11002011317759752,0.10993329621851444,0.10983547661453485,0.10902035050094128,0.1076738415285945,0.10825345851480961,0.1079303938895464,0.10756697878241539,0.10722105018794537,0.10681864153593779,0.10641201119869947,0.10587908234447241,0.10549158789217472,0.10517217498272657,0.10489231441169977,0.10432777460664511,0.10402973741292953,0.10377281438559294,0.1033630259335041,0.10286684334278107,0.1028553731739521,0.1039297403767705,0.00026873406022787094,0.0,0.0,0.0,0.0,0.0,0.0,0.0,0.0,0.0,0.0,0.0,0.0,0.0,0.0,0.0,0.0,0.0,3.63285459484905
20,0.29384166188538074,0.1121517252177,0.11205650959163904,0.11189205665141344,0.11236707400530577,0.11151104606688023,0.11125463899224997,0.11070425622165203,0.1106916107237339,0.11055878549814224,0.10984314233064651,0.10965813603252172,0.10973311495035887,0.1086180591955781,0.10896313935518265,0.1085414020344615,0.1081784050911665,0.10799675155431032,0.10774384718388319,0.10765586793422699,0.1072972770780325,0.10703438613563776,0.1066481601446867,0.10614440962672234,0.10559511464089155,0.10534482356160879,0.1048840032890439,0.10423763003200293,0.10407505370676517,0.1035879710689187,0.10330269392579794,0.1039753733202815,0.10266669932752848,0.10215023625642061,0.00031964387744665146,0.0,0.0,0.0,0.0,0.0,0.0,0.0,0.0,0.0,0.0,0.0,0.0,0.0,0.0,0.0,3.8512247065082192
21,0.3039394998922944,0.11265610996633768,0.12471892777830362,0.11189142242074013,0.11210521496832371,0.11179724801331758,0.11171300895512104,0.11113927979022264,0.11096922308206558,0.11054685153067112,0.11024201475083828,0.10976180527359247,0.109354461543262,0.10956565197557211,0.10843706503510475,0.10847380384802818,0.10820827912539244,0.10806888621300459,0.10797285754233599,0.10747055523097515,0.10708867106586695,0.10681903176009655,0.1062880577519536,0.10602147504687309,0.10559030342847109,0.10533391032367945,0.10492502525448799,0.10456034634262323,0.10418576002120972,0.11720441374927759,0.10350905079394579,0.1035356568172574,0.10285617038607597,0.0007432624697685242,0.00026575755327939987,0.0,0.0,0.0,0.0,0.0,0.0,0.0,0.0,0.0,0.0,0.0,0.0,0.0,0.0,0.0,3.78795905970037
22,0.30563589464873075,0.11253039818257093,0.1123399268835783,0.11206824891269207,0.11188094783574343,0.11170092783868313,0.11130456440150738,0.11087626405060291,0.11073197331279516,0.11056489497423172,0.11013028584420681,0.10975665599107742,0.1095839086920023,0.1097773527726531,0.10874923877418041,0.10861793532967567,0.10804291442036629,0.12078180350363255,0.10696349944919348,0.10691636987030506,0.10673539247363806,0.10643730778247118,0.10570202767848969,0.10520985163748264,0.10463019460439682,0.10424515511840582,0.10412890370935202,0.10339993983507156,0.10309141036123037,0.10295045375823975,0.10250209737569094,0.0002785502001643181,0.0,0.0,0.0,0.0,0.0,0.0,0.0,0.0,0.0,0.0,0.0,0.0,0.0,0.0,0.0,0.0,0.0,0.0,3.558265290223062
23,0.3045222843065858,0.11251082923263311,0.11181821394711733,0.11205863766372204,0.11179126240313053,0.11160859372466803,0.11128987185657024,0.11098867654800415,0.11074633244425058,0.11027740687131882,0.11005332227796316,0.10968227218836546,0.10923466179519892,0.11088230926543474,0.10868353489786386,0.10849145147949457,0.10817328840494156,0.10805029794573784,0.10758579429239035,0.10726151522248983,0.10685425158590078,0.10620795097202063,0.10590783413499594,0.10543379373848438,0.10512926336377859,0.10487243719398975,0.10439561028033495,0.10404055938124657,0.10316879581660032,0.10279700346291065,0.10252134315669537,0.0003278041258454323,0.0,0.0,0.0,0.0,0.0,0.0,0.0,0.0,0.0,0.0,0.0,0.0,0.0,0.0,0.0,0.0,0.0,0.0,3.5473672039806843
24,0.3058441886678338,0.1125170486047864,0.11205476336181164,0.11210552789270878,0.11173320654779673,0.1116795688867569,0.11127983964979649,0.1110863396897912,0.11073827557265759,0.11028664838522673,0.11026463843882084,0.12173695955425501,0.10968575347214937,0.10947274975478649,0.10906520672142506,0.10868830233812332,0.10824342165142298,0.10788281820714474,0.10747802443802357,0.10695636086165905,0.10659213084727526,0.10640649031847715,0.10573635157197714,0.10542223695665598,0.10494717676192522,0.10465862695127726,0.10426741000264883,0.1037345314398408,0.10309818014502525,0.10304358135908842,0.10262315906584263,0.00033850036561489105,0.0,0.0,0.0,0.0,0.0,0.0,0.0,0.0,0.0,0.0,0.0,0.0,0.0,0.0,0.0,0.0,0.0,0.0,3.5596680184826255
25,0.30162165220826864,0.11242136266082525,0.11231869272887707,0.11165973171591759,0.11187558248639107,0.11159005202353,0.11131579242646694,0.1108551174402237,0.11070612166076899,0.11034386977553368,0.11018133722245693,0.10998109448701143,0.10959784220904112,0.10980995744466782,0.10907375812530518,0.1084437221288681,0.10801040101796389,0.10769686847925186,0.10747607238590717,0.10706516169011593,0.10675005335360765,0.10658321902155876,0.1062969071790576,0.10559948161244392,0.10536529123783112,0.10477770958095789,0.10419923532754183,0.10371498391032219,0.10314201004803181,0.10364692378789186,0.10214170720428228,0.0003382330760359764,0.0,0.0,0.0,0.0,0.0,0.0,0.0,0.0,0.0,0.0,0.0,0.0,0.0,0.0,0.0,0.0,0.0,0.0,3.5445999456569552
26,0.2909653363749385,0.1120343916118145,0.11213579587638378,0.11189929023385048,0.11190295871347189,0.11156336218118668,0.1112053981050849,0.11106831952929497,0.11070924531668425,0.11026007402688265,0.1098067183047533,0.10963845532387495,0.10923358239233494,0.1091495007276535,0.1084693493321538,0.10820234380662441,0.10807213187217712,0.10762311797589064,0.1072531333193183,0.1067510461434722,0.10636783484369516,0.10601963847875595,0.1055023716762662,0.10497278161346912,0.10443090926855803,0.10408216062933207,0.10381584148854017,0.10331937205046415,0.10282373335212469,0.10285359248518944,0.10242262948304415,0.0004974519833922386,0.00023575406521558762,0.0,0.0,0.0,0.0,0.0,0.0,0.0,0.0,0.0,0.0,0.0,0.0,0.0,0.0,0.0,0.0,0.0,3.5252876225858927
27,0.28087662626057863,0.11218052264302969,0.11213999707251787,0.11194951459765434,0.1119104316458106,0.11156675033271313,0.11134382896125317,0.11103429645299911,0.11044594645500183,0.11029534414410591,0.11006852798163891,0.10991715174168348,0.10937694180756807,0.11056440137326717,0.10866699647158384,0.10835195053368807,0.10816118400543928,0.1077049057930708,0.1071716770529747,0.10678418539464474,0.10820632055401802,0.10595477372407913,0.10569013748317957,0.1051992867141962,0.10475229751318693,0.10414180718362331,0.10364542342722416,0.10333287715911865,0.10279357060790062,0.10230411123484373,0.0,0.0,0.0,0.0,0.0,0.0,0.0,0.0,0.0,0.0,0.0,0.0,0.0,0.0,0.0,0.0,0.0,0.0,0.0,0.0,3.4165317863225937
28,0.29146724939346313,0.11193008720874786,0.1119733527302742,0.11175571847707033,0.11192294768989086,0.11161033995449543,0.11131399776786566,0.11098089348524809,0.11060605105012655,0.11034613195806742,0.10993190202862024,0.10978615935891867,0.10939119476824999,0.10932204499840736,0.10843085125088692,0.10828558914363384,0.1079248245805502,0.10721736028790474,0.10736838728189468,0.1068343361839652,0.10671545285731554,0.10648471675813198,0.10590850841253996,0.10568463429808617,0.10490294080227613,0.10514865256845951,0.10450556688010693,0.10419932380318642,0.10355496685951948,0.10307144746184349,0.1028578719124198,0.10345258098095655,0.10231428314000368,0.0004875846207141876,0.0,0.0,0.0,0.0,0.0,0.0,0.0,0.0,0.0,0.0,0.0,0.0,0.0,0.0,0.0,0.0,3.737687950953841
29,0.2904896279796958,0.11197991203516722,0.11196272261440754,0.11160752549767494,0.11157149635255337,0.11185655370354652,0.1110165761783719,0.11054559238255024,0.11065228469669819,0.11027686856687069,0.11004922538995743,0.10950609482824802,0.10955129936337471,0.10913166962563992,0.1086422810330987,0.1077118692919612,0.10802124720066786,0.10776492301374674,0.10738764051347971,0.10706010181456804,0.10684122052043676,0.10652140434831381,0.10641319118440151,0.10583492834120989,0.10563857946544886,0.10504267457872629,0.10448897257447243,0.1041423762217164,0.10336355026811361,0.10284898150712252,0.10248440131545067,0.0005135266110301018,0.00024040602147579193,0.0,0.0,0.0,0.0,0.0,0.0,0.0,0.0,0.0,0.0,0.0,0.0,0.0,0.0,0.0,0.0,0.0,3.5311597250401974
30,0.29060997907072306,0.11229098960757256,0.11210240796208382,0.11205440107733011,0.1116626812145114,0.11161538120359182,0.11129932571202517,0.11111419182270765,0.11072592530399561,0.11066860891878605,0.11012849025428295,0.10988726653158665,0.11059436202049255,0.10924849193543196,0.10870136506855488,0.10839565843343735,0.1080440916121006,0.10765515174716711,0.10736753046512604,0.10731055308133364,0.10669467318803072,0.10645360127091408,0.10794652067124844,0.10579017642885447,0.10522258467972279,0.10499326325953007,0.10451347660273314,0.10436412040144205,0.10406641755253077,0.10331173799932003,0.10304634924978018,0.1036361139267683,0.0003400435671210289,0.0,0.0,0.0,0.0,0.0,0.0,0.0,0.0,0.0,0.0,0.0,0.0,0.0,0.0,0.0,0.0,0.0,3.641855931840837
31,0.30537413991987705,0.11243323888629675,0.1115616038441658,0.11185263097286224,0.11187450122088194,0.1115161906927824,0.11145820841193199,0.111146604642272,0.11077830754220486,0.11064344830811024,0.11015057191252708,0.10982412379235029,0.10955597087740898,0.10970111656934023,0.10888614412397146,0.10868815425783396,0.10853694565594196,0.10792266763746738,0.10770804807543755,0.1073997700586915,0.10663075279444456,0.1067107804119587,0.10641724150627851,0.10592459701001644,0.10580889414995909,0.10550993122160435,0.1047961413860321,0.10460675973445177,0.10403151158243418,0.10393872298300266,0.10358156729489565,0.105689094401896,0.10286363307386637,0.11523780971765518,0.00045163650065660477,0.0,0.0,0.0,0.0,0.0,0.0,0.0,0.0,0.0,0.0,0.0,0.0,0.0,0.0,0.0,3.879211461171508
32,0.30546677857637405,0.11250340845435858,0.11212828289717436,0.11200019810348749,0.11161339189857244,0.11034647934138775,0.11123514547944069,0.11093727871775627,0.11065525189042091,0.11061286926269531,0.10997190419584513,0.10952660348266363,0.10920287761837244,0.10848399624228477,0.10863734409213066,0.10805782489478588,0.10783082339912653,0.10762061923742294,0.10721349064260721,0.10696618817746639,0.10649660788476467,0.10613684635609388,0.10553467366844416,0.10514997690916061,0.10468649677932262,0.10426046326756477,0.10370169021189213,0.10324638802558184,0.1027191448956728,0.1022297190502286,0.0003357846289873123,0.0,0.0,0.0,0.0,0.0,0.0,0.0,0.0,0.0,0.0,0.0,0.0,0.0,0.0,0.0,0.0,0.0,0.0,0.0,3.435508548282087
33,0.3023378774523735,0.11262804642319679,0.11227443907409906,0.11205212771892548,0.1118885288015008,0.11156329046934843,0.11010698322206736,0.11103345360606909,0.11077912617474794,0.11032220162451267,0.10999958030879498,0.10969867184758186,0.10965672228485346,0.10963284876197577,0.10872779227793217,0.10826370492577553,0.10823003947734833,0.10774377454072237,0.10735680907964706,0.10702428314834833,0.10656535625457764,0.10612224973738194,0.10582057759165764,0.10540721006691456,0.10495940688997507,0.10443664062768221,0.1039701234549284,0.10370189882814884,0.1034535514190793,0.10286692623049021,0.10272735450416803,0.10313566960394382,0.0,0.0,0.0,0.0,0.0,0.0,0.0,0.0,0.0,0.0,0.0,0.0,0.0,0.0,0.0,0.0,0.0,0.0,3.6444872664287686
34,0.3032739842310548,0.11256859079003334,0.11223026923835278,0.11197421327233315,0.1116379639133811,0.11175516620278358,0.11138408910483122,0.11121105402708054,0.11065931990742683,0.1108207730576396,0.11037977784872055,0.11014181934297085,0.10990994237363338,0.10911090951412916,0.10882488545030355,0.10881267115473747,0.1081622252240777,0.10801075119525194,0.10756113473325968,0.10710909869521856,0.10666079446673393,0.10642459336668253,0.10591454152017832,0.10544120334088802,0.1050949627533555,0.10470660496503115,0.1043617743998766,0.10396554693579674,0.10347403399646282,0.10293141659349203,0.10245535429567099,0.10286765079945326,0.00033608730882406235,0.0,0.0,0.0,0.0,0.0,0.0,0.0,0.0,0.0,0.0,0.0,0.0,0.0,0.0,0.0,0.0,0.0,3.6501732040196657
35,0.3038979070261121,0.11237683426588774,0.11234471946954727,0.11206450127065182,0.11172690521925688,0.11149219982326031,0.11053180228918791,0.11111137829720974,0.11062465980648994,0.11046873964369297,0.11019634269177914,0.10984400194138288,0.10969067737460136,0.1097053149715066,0.1088772276416421,0.10876672621816397,0.10826448444277048,0.10789858736097813,0.10743245761841536,0.10705050826072693,0.10652395524084568,0.10602596215903759,0.10552625637501478,0.10512919444590807,0.10472062416374683,0.10426654387265444,0.10370605811476707,0.1032591862604022,0.10300000384449959,0.10222479980438948,0.0,0.0,0.0,0.0,0.0,0.0,0.0,0.0,0.0,0.0,0.0,0.0,0.0,0.0,0.0,0.0,0.0,0.0,0.0,0.0,3.4387485599145293
36,0.29263248946517706,0.11237979121506214,0.11206670571118593,0.1117869270965457,0.11145486496388912,0.11125880666077137,0.11106881685554981,0.12249826174229383,0.11079394444823265,0.11033016815781593,0.11001963820308447,0.1097484789788723,0.10948566161096096,0.10941439773887396,0.10863452777266502,0.10826562158763409,0.10796728264540434,0.1076350025832653,0.10732115432620049,0.10681803617626429,0.10628574807196856,0.10592316277325153,0.10637608263641596,0.10509608313441277,0.10551053006201982,0.1042929794639349,0.10392554011195898,0.1034726370126009,0.10293545387685299,0.10228232201188803,0.0003244355320930481,0.0,0.0,0.0,0.0,0.0,0.0,0.0,0.0,0.0,0.0,0.0,0.0,0.0,0.0,0.0,0.0,0.0,0.0,0.0,3.4380055526271462
37,0.29044703487306833,0.12434383388608694,0.11204339656978846,0.11178094055503607,0.1117843659594655,0.11158252321183681,0.11142278835177422,0.11125417798757553,0.11089774873107672,0.11045272927731276,0.11018900852650404,0.10978707671165466,0.10960391815751791,0.10976567491889,0.10873758234083652,0.10800585523247719,0.10825468599796295,0.10787643026560545,0.10770044382661581,0.10740172863006592,0.10684003587812185,0.10648156329989433,0.10605794098228216,0.10560908261686563,0.10514788515865803,0.10461795516312122,0.11722789611667395,0.10337490681558847,0.1029167827218771,0.10260680969804525,0.00034236256033182144,0.0,0.0,0.0,0.0,0.0,0.0,0.0,0.0,0.0,0.0,0.0,0.0,0.0,0.0,0.0,0.0,0.0,0.0,0.0,3.4545551650226116
38,0.29147430788725615,0.11215343233197927,0.1112962244078517,0.11180997639894485,0.11180381663143635,0.11156340315937996,0.11127143539488316,0.11097591184079647,0.11059230659157038,0.11030859965831041,0.10995828732848167,0.10980281792581081,0.10936594847589731,0.1088115619495511,0.10898073576390743,0.10835466161370277,0.10818858351558447,0.10763127356767654,0.10755467507988214,0.10692455898970366,0.10661161504685879,0.10622366145253181,0.10571065824478865,0.10519982408732176,0.10471192095428705,0.10432623792439699,0.10392917320132256,0.10357575677335262,0.10307466611266136,0.10279551986604929,0.10231814719736576,0.000318136066198349,0.0,0.0,0.0,0.0,0.0,0.0,0.0,0.0,0.0,0.0,0.0,0.0,0.0,0.0,0.0,0.0,0.0,0.0,3.5276178354397416
39,0.2917169723659754,0.11201244778931141,0.1121094198897481,0.11156858876347542,0.1113967364653945,0.11113886535167694,0.11109338887035847,0.11072081048041582,0.11053063347935677,0.11030037794262171,0.10999682825058699,0.1091863252222538,0.10931508895009756,0.10962577164173126,0.10852406360208988,0.10828249342739582,0.10819682013243437,0.1075511435046792,0.10723038855940104,0.10691377148032188,0.11931949481368065,0.1064898706972599,0.10591322369873524,0.10550345107913017,0.10492811072617769,0.1045064004138112,0.10454496089369059,0.10400993376970291,0.10592546407133341,0.10337767656892538,0.10300535056740046,0.10345665458589792,0.000315212644636631,0.0,0.0,0.0,0.0,0.0,0.0,0.0,0.0,0.0,0.0,0.0,0.0,0.0,0.0,0.0,0.0,0.0,3.6487067406997085
40,0.27862607315182686,0.11227870266884565,0.11208428163081408,0.11201388668268919,0.11180437728762627,0.11163592245429754,0.11121223587542772,0.11108914855867624,0.11054806597530842,0.11027332954108715,0.11014578957110643,0.10942727513611317,0.10936776455491781,0.11041165888309479,0.10861321166157722,0.10803228057920933,0.10788965597748756,0.10769980680197477,0.10743603762239218,0.10707337316125631,0.10660590417683125,0.10635692160576582,0.10591750405728817,0.10538985021412373,0.10482845827937126,0.10469388589262962,0.10396240372210741,0.10349954385310411,0.10300390608608723,0.10252511315047741,0.10219135321676731,0.00031146593391895294,0.0,0.0,0.0,0.0,0.0,0.0,0.0,0.0,0.0,0.0,0.0,0.0,0.0,0.0,0.0,0.0,0.0,0.0,3.516949187964201
41,0.30338395666331053,0.112483742646873,0.11195814330130816,0.11196446605026722,0.1117725670337677,0.11154546774923801,0.1111975098028779,0.1110591720789671,0.11070432979613543,0.11038579605519772,0.11008808854967356,0.10978792142122984,0.10949042346328497,0.10951258335262537,0.10854667145758867,0.10829206369817257,0.10787475015968084,0.10757158882915974,0.10719448234885931,0.10694155842065811,0.10668449103832245,0.10606000386178493,0.10584478173404932,0.10542477760463953,0.10515801049768925,0.10505594406276941,0.10469985660165548,0.1040973337367177,0.10349068604409695,0.10313277970999479,0.1028188206255436,0.10362877696752548,0.10214931052178144,0.00033946987241506577,0.0,0.0,0.0,0.0,0.0,0.0,0.0,0.0,0.0,0.0,0.0,0.0,0.0,0.0,0.0,0.0,3.750340325757861
42,0.30503135174512863,0.11249067634344101,0.11213688086718321,0.11123393476009369,0.11173382215201855,0.11164068523794413,0.11120434571057558,0.11103267315775156,0.11091511882841587,0.11053500883281231,0.11032913252711296,0.10995573922991753,0.10959441028535366,0.1097761383280158,0.1087459223344922,0.10850306320935488,0.10826092306524515,0.10762042179703712,0.10745036136358976,0.10672220960259438,0.10666519496589899,0.1062297597527504,0.10591255687177181,0.10530266165733337,0.10476500447839499,0.10431176517158747,0.10384182259440422,0.10329411923885345,0.10275095980614424,0.0005822228267788887,0.0,0.0,0.0,0.0,0.0,0.0,0.0,0.0,0.0,0.0,0.0,0.0,0.0,0.0,0.0,0.0,0.0,0.0,0.0,0.0,3.338568886741996
43,0.30285732448101044,0.11240302957594395,0.1125115854665637,0.11190505791455507,0.11196421086788177,0.11176437698304653,0.11174963880330324,0.11124896816909313,0.11085068807005882,0.11066197231411934,0.11039711348712444,0.10983803495764732,0.10955843050032854,0.10918441135436296,0.10901636071503162,0.10857103765010834,0.10828823130577803,0.10783800203353167,0.10736236814409494,0.10714619792997837,0.10668580792844296,0.10629941057413816,0.10575615055859089,0.10574769414961338,0.10503536462783813,0.10451598837971687,0.10415448993444443,0.10389033518731594,0.1032245522364974,0.1029156818985939,0.10241059865802526,0.0003444366157054901,0.0,0.0,0.0,0.0,0.0,0.0,0.0,0.0,0.0,0.0,0.0,0.0,0.0,0.0,0.0,0.0,0.0,0.0,3.546097551472485
44,0.30406163074076176,0.11259318888187408,0.11224889848381281,0.11215031147003174,0.11176723521202803,0.11156568489968777,0.11120221205055714,0.11110188998281956,0.11075389664620161,0.11054451670497656,0.11038771737366915,0.11003471538424492,0.10978768207132816,0.10938503872603178,0.10854636877775192,0.10867387242615223,0.10823258478194475,0.10804793704301119,0.10738132521510124,0.10699332132935524,0.1065731504932046,0.10613582842051983,0.1057247593998909,0.11754413601011038,0.10487882513552904,0.1047085840255022,0.10408974997699261,0.10351481009274721,0.10304522048681974,0.1028327802196145,0.10253906063735485,0.10267296992242336,0.0003264332190155983,0.0,0.0,0.0,0.0,0.0,0.0,0.0,0.0,0.0,0.0,0.0,0.0,0.0,0.0,0.0,0.0,0.0,3.6600463362410665
45,0.30311448499560356,0.112438153475523,0.11248504277318716,0.11200886499136686,0.11167523264884949,0.11186066642403603,0.11142424307763577,0.11115186288952827,0.11087402142584324,0.1104827718809247,0.1101543577387929,0.10976188257336617,0.10948963183909655,0.10981484316289425,0.10885570384562016,0.10830475110560656,0.1079846378415823,0.10779459029436111,0.10748209152370691,0.1070482125505805,0.10694705788046122,0.10674334038048983,0.1066399710252881,0.10602089297026396,0.10562392976135015,0.10533231869339943,0.10485183354467154,0.10465824324637651,0.10435670055449009,0.10411504097282887,0.10373133700340986,0.10361516755074263,0.104632499627769,0.10269351582974195,0.00035144295543432236,0.0,0.0,0.0,0.0,0.0,0.0,0.0,0.0,0.0,0.0,0.0,0.0,0.0,0.0,0.0,3.864519339054823
46,0.2901890780776739,0.11211517173796892,0.11196651682257652,0.12096329871565104,0.11163954436779022,0.11165584437549114,0.1109206024557352,0.1115802088752389,0.11060121189802885,0.11021122802048922,0.10995153430849314,0.10984503850340843,0.1095389137044549,0.10946984123438597,0.10869405791163445,0.108479218557477,0.1079712025821209,0.10770580265671015,0.1071661813184619,0.10672599449753761,0.10632445383816957,0.10582002438604832,0.10540950112044811,0.10497172642499208,0.10438241716474295,0.10378237999975681,0.10361121315509081,0.10302769299596548,0.10281785577535629,0.10207443032413721,0.00033188052475452423,0.0,0.0,0.0,0.0,0.0,0.0,0.0,0.0,0.0,0.0,0.0,0.0,0.0,0.0,0.0,0.0,0.0,0.0,0.0,3.4299440663307905
47,0.29194284323602915,0.11208747420459986,0.11199940741062164,0.11181903071701527,0.11174874752759933,0.11185653414577246,0.1109934663400054,0.11081315483897924,0.11060698889195919,0.11038753110915422,0.10995293781161308,0.10982338897883892,0.10940716322511435,0.10908961296081543,0.10878044832497835,0.10846425220370293,0.10810062196105719,0.10777162481099367,0.10733141750097275,0.10697432700544596,0.10657382477074862,0.10612715035676956,0.10588668752461672,0.10536117665469646,0.10492744110524654,0.10462927725166082,0.1041182205080986,0.10363026056438684,0.10330517403781414,0.10304331127554178,0.10277020279318094,0.10344780422747135,0.0002685999497771263,0.0,0.0,0.0,0.0,0.0,0.0,0.0,0.0,0.0,0.0,0.0,0.0,0.0,0.0,0.0,0.0,0.0,3.634040104225278
48,0.2931719124317169,0.11227491497993469,0.1119911465793848,0.11196548119187355,0.11173533834517002,0.11161249410361052,0.1113029858097434,0.11099239811301231,0.1107464823871851,0.11039206199347973,0.10999403893947601,0.10985577572137117,0.10947347432374954,0.1091896602883935,0.10925450455397367,0.10873015131801367,0.10856145527213812,0.10800060536712408,0.10757271759212017,0.10717403050512075,0.10674975533038378,0.10610688757151365,0.1057655131444335,0.1054605757817626,0.10502464231103659,0.10448456928133965,0.10407897736877203,0.10353819001466036,0.10301399417221546,0.102728471159935,0.10245543345808983,0.0003285929560661316,0.0,0.0,0.0,0.0,0.0,0.0,0.0,0.0,0.0,0.0,0.0,0.0,0.0,0.0,0.0,0.0,0.0,0.0,3.5337272323668003
49,0.2912496030330658,0.11216957308351994,0.11220838781446218,0.11199283692985773,0.11183911841362715,0.11144962813705206,0.12349227536469698,0.11078012455254793,0.11054252181202173,0.11016621440649033,0.1097813118249178,0.10955267399549484,0.10924857202917337,0.10881144646555185,0.10822274815291166,0.10833284631371498,0.10792522691190243,0.10793446470052004,0.10735202115029097,0.10698362067341805,0.10653196461498737,0.10633176658302546,0.1058351518586278,0.11801334470510483,0.10478888265788555,0.10437950678169727,0.10365979373455048,0.10340720601379871,0.10298202931880951,0.10253474954515696,0.00031909532845020294,0.0,0.0,0.0,0.0,0.0,0.0,0.0,0.0,0.0,0.0,0.0,0.0,0.0,0.0,0.0,0.0,0.0,0.0,0.0,3.448818706907332
50,0.2936071502044797,0.11213712394237518,0.11193387862294912,0.1118914419785142,0.11176388897001743,0.11134459543973207,0.11114954296499491,0.11070125456899405,0.110596121288836,0.11012147925794125,0.11021098215132952,0.1096453433856368,0.11032773181796074,0.10902207437902689,0.10865659359842539,0.10850456450134516,0.10971557069569826,0.10757649969309568,0.10726876836270094,0.10683758556842804,0.10658791661262512,0.10599012393504381,0.1054307771846652,0.10495049227029085,0.10465658828616142,0.10451436042785645,0.10402102023363113,0.1034848503768444,0.10302118770778179,0.1027089674025774,0.1022411361336708,0.0,0.0,0.0,0.0,0.0,0.0,0.0,0.0,0.0,0.0,0.0,0.0,0.0,0.0,0.0,0.0,0.0,0.0,0.0,3.5306196119636297
51,0.3026135144755244,0.11245179269462824,0.11259449273347855,0.11188536323606968,0.11189348436892033,0.11181989312171936,0.11146940942853689,0.11122737731784582,0.1103515774011612,0.11063879821449518,0.11025284230709076,0.10997021477669477,0.10942783206701279,0.10905309859663248,0.10875651333481073,0.10841563623398542,0.10820980463176966,0.10775707755237818,0.10760229267179966,0.10704778134822845,0.1067505581304431,0.10613902565091848,0.1058666231110692,0.10532931052148342,0.104673664085567,0.10430671274662018,0.10384162701666355,0.10344083234667778,0.10302813164889812,0.10279325302690268,0.10233311727643013,0.0,0.0,0.0,0.0,0.0,0.0,0.0,0.0,0.0,0.0,0.0,0.0,0.0,0.0,0.0,0.0,0.0,0.0,0.0,3.541941652074456
52,0.30485773365944624,0.11325486935675144,0.11200614087283611,0.11187462415546179,0.11150114517658949,0.11136561445891857,0.11131387576460838,0.11110311467200518,0.11076901573687792,0.12348680663853884,0.11000242177397013,0.10971358977258205,0.10940241254866123,0.10928892809897661,0.10864541772753,0.10832777433097363,0.1080472283065319,0.10756166465580463,0.10730759426951408,0.10685463808476925,0.1064678430557251,0.10617345850914717,0.10582083091139793,0.10534766409546137,0.10507649276405573,0.10459278896450996,0.10386484023183584,0.10339472815394402,0.1028400082141161,0.10259844362735748,0.0003500208258628845,0.0,0.0,0.0,0.0,0.0,0.0,0.0,0.0,0.0,0.0,0.0,0.0,0.0,0.0,0.0,0.0,0.0,0.0,0.0,3.453211729414761
53,0.3037828663364053,0.1125194625928998,0.12476754002273083,0.11195488832890987,0.11172488424926996,0.11139896791428328,0.11129078455269337,0.11118238233029842,0.11088985484093428,0.11039269715547562,0.11037211213260889,0.11001214105635881,0.10965330619364977,0.10972126387059689,0.10897998884320259,0.1085444213822484,0.10813721176236868,0.10820375382900238,0.10766368452459574,0.10731514170765877,0.10688220523297787,0.10637963842600584,0.10592562425881624,0.10549725964665413,0.10524276737123728,0.1048509432002902,0.10437297448515892,0.103982406668365,0.10341901518404484,0.10299941897392273,0.10262873955070972,0.00035072024911642075,0.0,0.0,0.0,0.0,0.0,0.0,0.0,0.0,0.0,0.0,0.0,0.0,0.0,0.0,0.0,0.0,0.0,0.0,3.561039066873491
54,0.30398650374263525,0.11251627653837204,0.11241449788212776,0.1252336921170354,0.11183011624962091,0.1117943162098527,0.11148473713546991,0.11123152170330286,0.11082880478352308,0.11059930361807346,0.11028638202697039,0.10997844487428665,0.10983023140579462,0.10928627196699381,0.10904338769614697,0.10864879097789526,0.1083050724118948,0.10815627127885818,0.10765839461237192,0.1074038278311491,0.1070103570818901,0.11907447688281536,0.10603657457977533,0.10584945417940617,0.10567231383174658,0.10510832443833351,0.10451281722635031,0.10405444074422121,0.10385303944349289,0.1034850412979722,0.11500136647373438,0.10290235094726086,0.10216065496206284,0.0002886177971959114,0.0,0.0,0.0,0.0,0.0,0.0,0.0,0.0,0.0,0.0,0.0,0.0,0.0,0.0,0.0,0.0,3.7955266749486327
55,0.3043530061841011,0.11255981028079987,0.11448442284017801,0.11219472717493773,0.11198255699127913,0.11155765037983656,0.11116377636790276,0.11111728195101023,0.11074447818100452,0.11050170194357634,0.1100189508870244,0.10978900641202927,0.10934471804648638,0.10926502104848623,0.10897303093224764,0.10845131427049637,0.10817623790353537,0.10775294899940491,0.10708893463015556,0.10721640847623348,0.106761340983212,0.1063539432361722,0.10580059047788382,0.10567198041826487,0.10519547387957573,0.10467152018100023,0.10418889671564102,0.10375487618148327,0.10312972031533718,0.10291426721960306,0.10216649901121855,0.0,0.0,0.0,0.0,0.0,0.0,0.0,0.0,0.0,0.0,0.0,0.0,0.0,0.0,0.0,0.0,0.0,0.0,0.0,3.5473450925201178
56,0.29229721892625093,0.1120663434267044,0.11142710596323013,0.11182036995887756,0.11184510588645935,0.11140880733728409,0.11108363512903452,0.11084925569593906,0.11074772663414478,0.11006428208202124,0.11011579819023609,0.10984245222061872,0.10933500062674284,0.10886600613594055,0.10876961518079042,0.10822762362658978,0.10793291125446558,0.10755191463977098,0.10715240519493818,0.10634574759751558,0.10635583382099867,0.1058505941182375,0.10561979003250599,0.10520901437848806,0.10482955258339643,0.1046886034309864,0.10417274665087461,0.10373247694224119,0.10292643960565329,0.10258844960480928,0.0005714129656553268,0.0002651866525411606,0.0,0.0,0.0,0.0,0.0,0.0,0.0,0.0,0.0,0.0,0.0,0.0,0.0,0.0,0.0,0.0,0.0,0.0,3.4245594264939427
57,0.2926762765273452,0.1122398255392909,0.1119605889543891,0.11218624748289585,0.11204994563013315,0.11161610949784517,0.11133626010268927,0.1107764383777976,0.10999589692801237,0.11053100787103176,0.11001129448413849,0.10981632955372334,0.12136398442089558,0.10901567060500383,0.10890203807502985,0.10837182682007551,0.1081365430727601,0.1078862538561225,0.10761135444045067,0.10707372799515724,0.10685724671930075,0.10638056136667728,0.10582678951323032,0.10564064979553223,0.10509246401488781,0.10447444953024387,0.10441808681935072,0.10413312818855047,0.10377047210931778,0.10336344875395298,0.10304578673094511,0.10317395813763142,0.1020974013954401,0.0,0.0,0.0,0.0,0.0,0.0,0.0,0.0,0.0,0.0,0.0,0.0,0.0,0.0,0.0,0.0,0.0,3.7518320633098483
58,0.2894584806635976,0.11217639781534672,0.11239884048700333,0.11128070764243603,0.11373704019933939,0.11127343494445086,0.11104072723537683,0.11085378658026457,0.11055030766874552,0.1099840346723795,0.1097381915897131,0.10946119856089354,0.10904706455767155,0.10916951857507229,0.10857456736266613,0.10819576773792505,0.10785383079200983,0.10845331475138664,0.10741661861538887,0.10698914062231779,0.10655271075665951,0.10594530683010817,0.10565281007438898,0.10514383856207132,0.10426447447389364,0.10392205696552992,0.10364717245101929,0.10314446035772562,0.10275675263255835,0.10217734891921282,0.0,0.0,0.0,0.0,0.0,0.0,0.0,0.0,0.0,0.0,0.0,0.0,0.0,0.0,0.0,0.0,0.0,0.0,0.0,0.0,3.4208599030971527
59,0.2928652735427022,0.11226191930472851,0.11231958959251642,0.11197363678365946,0.11194067262113094,0.1112968297675252,0.11143264919519424,0.11101167183369398,0.11084993183612823,0.11049600504338741,0.11033384408801794,0.10993995983153582,0.10961118247359991,0.10952129773795605,0.1086048437282443,0.10836178343743086,0.10810095071792603,0.1077166497707367,0.10711845010519028,0.10680374130606651,0.10629078559577465,0.10580073110759258,0.1052254419773817,0.1049988055601716,0.10454424656927586,0.10385070275515318,0.10359346307814121,0.10316228959709406,0.10285056754946709,0.10232956614345312,0.0,0.0,0.0,0.0,0.0,0.0,0.0,0.0,0.0,0.0,0.0,0.0,0.0,0.0,0.0,0.0,0.0,0.0,0.0,0.0,3.425207482650876
60,0.2919463412836194,0.11220941599458456,0.112257138825953,0.112870704382658,0.11146264802664518,0.11106196418404579,0.11040471028536558,0.11079077236354351,0.11049523390829563,0.10999395791441202,0.10963569488376379,0.10964236594736576,0.1094511104747653,0.10919027216732502,0.10865084733814001,0.10840064194053411,0.10819983016699553,0.10773438680917025,0.10757818259298801,0.10716193076223135,0.10681638401001692,0.10639641154557467,0.10582027770578861,0.1050892909988761,0.11700486298650503,0.10432817693799734,0.1039479598402977,0.10360124334692955,0.10293550416827202,0.10261091962456703,0.0003462899476289749,0.0,0.0,0.0,0.0,0.0,0.0,0.0,0.0,0.0,0.0,0.0,0.0,0.0,0.0,0.0,0.0,0.0,0.0,0.0,3.4380354713648558
61,0.30355352349579334,0.1124377315863967,0.11238669790327549,0.11223795358091593,0.11197863146662712,0.11168314889073372,0.11131559498608112,0.11098746210336685,0.11095522064715624,0.1119584422558546,0.11013902816921473,0.10972357541322708,0.10956334788352251,0.1096937395632267,0.10888792388141155,0.10842081531882286,0.1081509105861187,0.10775600746273994,0.10727304965257645,0.10699048824608326,0.1065846374258399,0.10596904624253511,0.1056686406955123,0.10499643720686436,0.1048242561519146,0.10433691460639238,0.10354277305305004,0.10312505252659321,0.10279140900820494,0.10210953652858734,0.0,0.0,0.0,0.0,0.0,0.0,0.0,0.0,0.0,0.0,0.0,0.0,0.0,0.0,0.0,0.0,0.0,0.0,0.0,0.0,3.440041996538639
62,0.3039090624079108,0.11251641064882278,0.11221424117684364,0.1121354578062892,0.11171973217278719,0.11171513143926859,0.11139028146862984,0.11111330799758434,0.11089733429253101,0.11039390321820974,0.11025901790708303,0.10985975246876478,0.10944297350943089,0.10987257491797209,0.10870821867138147,0.1085688378661871,0.1082905475050211,0.1078046839684248,0.12063969857990742,0.10715851280838251,0.10691835079342127,0.10650069452822208,0.10595284774899483,0.10597026441246271,0.10553260985761881,0.10505953989923,0.1043483316898346,0.10390754695981741,0.10341171734035015,0.10310118924826384,0.10308409761637449,0.1036287471652031,0.0004966799169778824,0.0,0.0,0.0,0.0,0.0,0.0,0.0,0.0,0.0,0.0,0.0,0.0,0.0,0.0,0.0,0.0,0.0,3.6665222980082035
63,0.30401770770549774,0.1124420203268528,0.11244427692145109,0.11223290301859379,0.11201829183846712,0.11164389364421368,0.11127455346286297,0.1110141184180975,0.11074274312704802,0.11049308348447084,0.11010365840047598,0.1097515057772398,0.10941026452928782,0.10890026111155748,0.10872511100023985,0.10844994056969881,0.10815030336380005,0.10790383350104094,0.10733756888657808,0.10704300459474325,0.1067005842924118,0.10607551597058773,0.10558869503438473,0.10514598712325096,0.10447299759835005,0.10404266230762005,0.10364735126495361,0.10328662674874067,0.10295847989618778,0.10224701557308435,0.0,0.0,0.0,0.0,0.0,0.0,0.0,0.0,0.0,0.0,0.0,0.0,0.0,0.0,0.0,0.0,0.0,0.0,0.0,0.0,3.4382649594917893
64,0.30610450729727745,0.11257355287671089,0.11244980338960886,0.11217237915843725,0.1118913134559989,0.11153613869100809,0.11141401622444391,0.11117896158248186,0.11089067440479994,0.11053247284144163,0.11027365922927856,0.10988272912800312,0.10949066188186407,0.10934396460652351,0.10887846816331148,0.10881450865417719,0.1085300650447607,0.10819431021809578,0.10778850968927145,0.10730456653982401,0.11969383805990219,0.10655914712697268,0.10622578673064709,0.10584503971040249,0.10512184724211693,0.10482321679592133,0.10422741435468197,0.10398709308356047,0.10358934942632914,0.10288362577557564,0.10264367889612913,0.00035877060145139694,0.0,0.0,0.0,0.0,0.0,0.0,0.0,0.0,0.0,0.0,0.0,0.0,0.0,0.0,0.0,0.0,0.0,0.0,3.565204070881009
65,0.3043571561574936,0.11261087376624346,0.11231901962310076,0.1253288807347417,0.11188401281833649,0.11161948461085558,0.11136321164667606,0.11100735329091549,0.11077399738132954,0.11036741454154253,0.11007549054920673,0.1097448579967022,0.10947023145854473,0.10947495326399803,0.10902460478246212,0.10863453336060047,0.1084033278748393,0.10793904960155487,0.10747611429542303,0.10716679506003857,0.10638689994812012,0.1064045038074255,0.1060281042009592,0.10577394627034664,0.10492741875350475,0.10465373937040567,0.10439686942845583,0.10399185959249735,0.10365481954067945,0.1030937023460865,0.10281115584075451,0.10524489730596542,0.000324212945997715,0.0,0.0,0.0,0.0,0.0,0.0,0.0,0.0,0.0,0.0,0.0,0.0,0.0,0.0,0.0,0.0,0.0,3.666733492165804
66,0.2830978138372302,0.11232456378638744,0.11232541780918837,0.11202917341142893,0.1117642093449831,0.1114947497844696,0.111392124556005,0.11092264205217361,0.11038127169013023,0.11004083510488272,0.1099258977919817,0.10964209493249655,0.10946667846292257,0.10887678805738688,0.10851122811436653,0.1083382610231638,0.10799165070056915,0.10773954354226589,0.10737989470362663,0.10696300026029348,0.1062918771058321,0.10631584376096725,0.10582041926681995,0.10521402023732662,0.1049804799258709,0.10453333519399166,0.10411513689905405,0.1033913865685463,0.10310687031596899,0.10283650364726782,0.1020900821313262,0.0003325939178466797,0.0,0.0,0.0,0.0,0.0,0.0,0.0,0.0,0.0,0.0,0.0,0.0,0.0,0.0,0.0,0.0,0.0,0.0,3.519636387936771
67,0.2937285602092743,0.11208154261112213,0.11199960485100746,0.11196636594831944,0.1117285005748272,0.11145191174000502,0.11138119269162416,0.11103328131139278,0.1106132185086608,0.11035743448883295,0.11007020529359579,0.10997873172163963,0.1091760415583849,0.10951518174260855,0.10996415466070175,0.10872850380837917,0.10821130406111479,0.10785468388348818,0.10766063071787357,0.1072545638307929,0.10690782498568296,0.11886163055896759,0.10542422998696566,0.1054391423240304,0.10492650512605906,0.10466877371072769,0.10420540254563093,0.10399420280009508,0.10349191632121801,0.10305801127105951,0.1027673901990056,0.10283406544476748,0.0003283843398094177,0.0,0.0,0.0,0.0,0.0,0.0,0.0,0.0,0.0,0.0,0.0,0.0,0.0,0.0,0.0,0.0,0.0,3.651663093827665
68,0.2916270103305578,0.1122390478849411,0.11214151419699192,0.11183108761906624,0.11165361478924751,0.11127685848623514,0.1108609912917018,0.11068239994347095,0.11049098242074251,0.1100030792877078,0.10967113822698593,0.1094118058681488,0.10922463983297348,0.1089382953941822,0.10869059339165688,0.10838508605957031,0.10806477069854736,0.10762354917824268,0.10736543592065573,0.10685847140848637,0.10651063080877066,0.10623246803879738,0.10560185834765434,0.10527527704834938,0.10474355984479189,0.10465683694928885,0.10421827621757984,0.10405106004327536,0.10339898988604546,0.10311903711408377,0.10258623026311398,0.0003265831619501114,0.0,0.0,0.0,0.0,0.0,0.0,0.0,0.0,0.0,0.0,0.0,0.0,0.0,0.0,0.0,0.0,0.0,0.0,3.5277611799538136
69,0.2913061920553446,0.11208668909966946,0.11230791732668877,0.11193966679275036,0.1117096645757556,0.11164038814604282,0.11111164558678865,0.11087582539767027,0.11071442440152168,0.11139243841171265,0.11023866478353739,0.10978732816874981,0.10940197017043829,0.10905563458800316,0.10869787912815809,0.10851587634533644,0.10793509054929018,0.10771019756793976,0.10714341141283512,0.10703613981604576,0.10654372349381447,0.106170698069036,0.10560760274529457,0.1051012109965086,0.10464889649301767,0.10418559238314629,0.1038866052404046,0.10320135857909918,0.10301341954618692,0.10246084537357092,0.0003302106633782387,0.0,0.0,0.0,0.0,0.0,0.0,0.0,0.0,0.0,0.0,0.0,0.0,0.0,0.0,0.0,0.0,0.0,0.0,0.0,3.4257572079077363
70,0.29268085956573486,0.11220830492675304,0.11198332346975803,0.11155888810753822,0.11154341232031584,0.11133613623678684,0.12213907018303871,0.11087948270142078,0.110566521063447,0.11047628428786993,0.11004051938652992,0.10974856559187174,0.10928922519087791,0.10951973777264357,0.10863703768700361,0.10824833530932665,0.11007997579872608,0.10749975126236677,0.10710154101252556,0.10690307710319757,0.10639609955251217,0.10585848707705736,0.10564278997480869,0.10515728686004877,0.10519285686314106,0.1048384802415967,0.10444348305463791,0.10383151099085808,0.10339310485869646,0.10310212057083845,0.10282318945974112,0.10376497730612755,0.0006999634206295013,0.0,0.0,0.0,0.0,0.0,0.0,0.0,0.0,0.0,0.0,0.0,0.0,0.0,0.0,0.0,0.0,0.0,3.6475843992084265
71,0.3041977109387517,0.11265552788972855,0.11244366876780987,0.1120934309437871,0.11207278538495302,0.11178387980908155,0.11151425447314978,0.11129190772771835,0.11089055519551039,0.11048320308327675,0.11038552317768335,0.11000143270939589,0.10944460891187191,0.10919597093015909,0.10837893839925528,0.10865841060876846,0.10804906021803617,0.10810133442282677,0.10755555797368288,0.10754031781107187,0.10735275410115719,0.10693925060331821,0.10660399775952101,0.10608712863177061,0.1054650004953146,0.10509978234767914,0.10457021463662386,0.10431877430528402,0.10409166291356087,0.1036825142800808,0.1032271534204483,0.1033099964261055,0.10252868290990591,0.0003361860290169716,0.0,0.0,0.0,0.0,0.0,0.0,0.0,0.0,0.0,0.0,0.0,0.0,0.0,0.0,0.0,0.0,3.7603511782363057
72,0.28892402071505785,0.11245370004326105,0.11248727794736624,0.11207846272736788,0.11186916660517454,0.11158654000610113,0.1113627478480339,0.11120020225644112,0.110669681802392,0.11018431838601828,0.11011653207242489,0.10981150064617395,0.1095294775441289,0.10947238840162754,0.10853956080973148,0.10937031451612711,0.10804161056876183,0.10789316799491644,0.1074309665709734,0.10701135452836752,0.10679630748927593,0.10608990211039782,0.11828168388456106,0.10501633491367102,0.10511241666972637,0.10466085374355316,0.10419237520545721,0.1035081259906292,0.10318461339920759,0.10289761330932379,0.10218801535665989,0.0,0.0,0.0,0.0,0.0,0.0,0.0,0.0,0.0,0.0,0.0,0.0,0.0,0.0,0.0,0.0,0.0,0.0,0.0,3.54196123406291
73,0.3048931397497654,0.11261197365820408,0.11230678763240576,0.11214266903698444,0.11181994713842869,0.11186985112726688,0.11144553124904633,0.1110991919413209,0.11094856448471546,0.11046600621193647,0.110206613317132,0.10995887219905853,0.10976404789835215,0.10957159847021103,0.1086057685315609,0.10886642057448626,0.10830080788582563,0.10787612479180098,0.10764260496944189,0.10724209155887365,0.10697671864181757,0.10677233431488276,0.10644931346178055,0.10627900436520576,0.10555776953697205,0.10526947304606438,0.10522143635898829,0.10462411399930716,0.10437333025038242,0.10410773288458586,0.10389794874936342,0.10433897189795971,0.10298713389784098,0.10288559924811125,0.0009561367332935333,0.0006752610206604004,0.0,0.0,0.0,0.0,0.0,0.0,0.0,0.0,0.0,0.0,0.0,0.0,0.0,0.0,3.8690108908340335
74,0.30312617495656013,0.11233396269381046,0.11238690745085478,0.11223070975393057,0.11213608365505934,0.11171042546629906,0.11163493990898132,0.11127728968858719,0.11080496199429035,0.11032442282885313,0.11012475658208132,0.10995025280863047,0.10952362045645714,0.10921825747936964,0.10879014059901237,0.10837499145418406,0.10813048016279936,0.10786524694412947,0.1074212184175849,0.10700496844947338,0.10664358362555504,0.10633878316730261,0.1060715802013874,0.10591543652117252,0.10523979738354683,0.10511545371264219,0.10452552605420351,0.1040453240275383,0.10371839720755816,0.10317720845341682,0.1029096357524395,0.10274579003453255,0.0,0.0,0.0,0.0,0.0,0.0,0.0,0.0,0.0,0.0,0.0,0.0,0.0,0.0,0.0,0.0,0.0,0.0,3.650816327892244
75,0.3033722098916769,0.11252720095217228,0.11230218131095171,0.11251757387071848,0.1108424924314022,0.11175716109573841,0.11117413733154535,0.11112781893461943,0.11067309509962797,0.11028747539967299,0.11004388052970171,0.1101106246933341,0.10985539201647043,0.1097605349496007,0.10904703382402658,0.10864703170955181,0.1081731216982007,0.10784993506968021,0.1074579181149602,0.10744333453476429,0.10669176932424307,0.10663028247654438,0.10603409446775913,0.10547848045825958,0.10518826730549335,0.10465124621987343,0.10423205979168415,0.10395853314548731,0.10314963944256306,0.10331264976412058,0.10316704865545034,0.11472116503864527,0.00034626666456460953,0.0,0.0,0.0,0.0,0.0,0.0,0.0,0.0,0.0,0.0,0.0,0.0,0.0,0.0,0.0,0.0,0.0,3.6625316562131047
76,0.29226251505315304,0.11215108912438154,0.11204243637621403,0.1119006471708417,0.11194127518683672,0.11168126855045557,0.1115931449458003,0.11053694225847721,0.11071688123047352,0.11042399797588587,0.10998531617224216,0.10970907006412745,0.1095558749511838,0.10999737586826086,0.1102437674999237,0.10824406147003174,0.10811765491962433,0.1077009541913867,0.1073257839307189,0.10722055658698082,0.10675879009068012,0.1063843285664916,0.10599372629076242,0.10542224440723658,0.10519710462540388,0.10435815714299679,0.10378962382674217,0.10324214026331902,0.10283246915787458,0.1026255339384079,0.0003373408690094948,0.0,0.0,0.0,0.0,0.0,0.0,0.0,0.0,0.0,0.0,0.0,0.0,0.0,0.0,0.0,0.0,0.0,0.0,0.0,3.4302920727059245
77,0.2883622031658888,0.11238364037126303,0.11230888962745667,0.11211727000772953,0.1115567022934556,0.11144581157714128,0.11119034793227911,0.1109961960464716,0.11073336191475391,0.1105984877794981,0.11014415416866541,0.10970669239759445,0.10939611494541168,0.10962790437042713,0.10890024807304144,0.1086067222058773,0.10808974970132113,0.10787411220371723,0.10733510460704565,0.10702547058463097,0.1064113900065422,0.10602977126836777,0.11782472301274538,0.10483928956091404,0.10475259274244308,0.10401896294206381,0.1035145465284586,0.10298457276076078,0.10259968601167202,0.00035492051392793655,0.0,0.0,0.0,0.0,0.0,0.0,0.0,0.0,0.0,0.0,0.0,0.0,0.0,0.0,0.0,0.0,0.0,0.0,0.0,0.0,3.3317296393215656
78,0.2858595484867692,0.11216147243976593,0.11219887901097536,0.11173319723457098,0.11173426825553179,0.11146837566047907,0.11090066935867071,0.1108661126345396,0.11069998797029257,0.11032240744680166,0.10972785204648972,0.10985571797937155,0.10950140375643969,0.10952530056238174,0.108623456209898,0.10863264370709658,0.10770643316209316,0.10764746926724911,0.10738352406769991,0.10683061648160219,0.10643659438937902,0.10596050415188074,0.10558218136429787,0.1051692571491003,0.10487121623009443,0.10446360148489475,0.10394892562180758,0.10355979762971401,0.10347674693912268,0.10300438571721315,0.10276769939810038,0.10351060330867767,0.0004794131964445114,0.0,0.0,0.0,0.0,0.0,0.0,0.0,0.0,0.0,0.0,0.0,0.0,0.0,0.0,0.0,0.0,0.0,3.6266102623194456
79,0.29399543162435293,0.11208803486078978,0.11221661698073149,0.11192723084241152,0.11154210101813078,0.11117612849920988,0.11127205193042755,0.11107631865888834,0.11061750166118145,0.11037887912243605,0.11007828451693058,0.10966956149786711,0.10947875399142504,0.10969883017241955,0.10865079239010811,0.10830488055944443,0.10827535670250654,0.10781195387244225,0.10726925358176231,0.1082611046731472,0.106431326828897,0.10592413321137428,0.10551372449845076,0.10503161046653986,0.10459255054593086,0.10389009583741426,0.11561634577810764,0.10303051304072142,0.10284292232245207,0.10254904255270958,0.00030873995274305344,0.0,0.0,0.0,0.0,0.0,0.0,0.0,0.0,0.0,0.0,0.0,0.0,0.0,0.0,0.0,0.0,0.0,0.0,0.0,3.4395200721919537
80,0.2903341827914119,0.11214517802000046,0.11189655400812626,0.11189546063542366,0.11158162727952003,0.11160932201892138,0.11123544815927744,0.11095127649605274,0.11070098076015711,0.1232350580394268,0.10987611394375563,0.10953457280993462,0.10932296887040138,0.10935158748179674,0.1087512169033289,0.10844987537711859,0.10802518855780363,0.10760670714080334,0.1073548449203372,0.10691708978265524,0.10648084711283445,0.10610250663012266,0.105673355050385,0.10508990194648504,0.10480000916868448,0.1043040044605732,0.10400334000587463,0.10360349994152784,0.10310621187090874,0.10255149938166142,0.00033417996019124985,0.0,0.0,0.0,0.0,0.0,0.0,0.0,0.0,0.0,0.0,0.0,0.0,0.0,0.0,0.0,0.0,0.0,0.0,0.0,3.4368246095255017
81,0.3025339227169752,0.11235771235078573,0.11235708557069302,0.11216051038354635,0.11187593080103397,0.11157147772610188,0.11135173961520195,0.11116326786577702,0.11073743458837271,0.11012878082692623,0.10997222363948822,0.1097861248999834,0.10953507758677006,0.10975671838968992,0.10881882905960083,0.10858892276883125,0.10827490873634815,0.10795757174491882,0.10754582192748785,0.10714092198759317,0.10672989021986723,0.10618797689676285,0.1058904156088829,0.10542269051074982,0.10497146937996149,0.1045436579734087,0.10434694960713387,0.10357536282390356,0.10310677625238895,0.10283230990171432,0.10259460937231779,0.10308513883501291,0.0003338931128382683,0.0,0.0,0.0,0.0,0.0,0.0,0.0,0.0,0.0,0.0,0.0,0.0,0.0,0.0,0.0,0.0,0.0,3.6472361236810684
82,0.3035502275452018,0.11247563362121582,0.11245523858815432,0.11185230035334826,0.11202513612806797,0.11163343489170074,0.11151637881994247,0.11132064368575811,0.11089124530553818,0.11008982174098492,0.11017031129449606,0.110025305300951,0.10966221056878567,0.10922567453235388,0.10887787584215403,0.10842317342758179,0.10818837769329548,0.10778014734387398,0.10749914310872555,0.1070136884227395,0.1066943434998393,0.10624933801591396,0.10628936719149351,0.10542490053921938,0.10502057336270809,0.10451554972678423,0.10387622285634279,0.10361683182418346,0.10324701201170683,0.10311374068260193,0.10261102020740509,0.10274922475218773,0.00027508754283189774,0.0,0.0,0.0,0.0,0.0,0.0,0.0,0.0,0.0,0.0,0.0,0.0,0.0,0.0,0.0,0.0,0.0,3.6483591804280877
83,0.3043143004179001,0.1126478835940361,0.1123895775526762,0.11190851405262947,0.11174825113266706,0.11154014524072409,0.11124311480671167,0.1110790641978383,0.11089601460844278,0.11034239549189806,0.11020906176418066,0.10986425820738077,0.1095258817076683,0.10942784510552883,0.10902792774140835,0.10888004768639803,0.10833898931741714,0.10814904049038887,0.10749632678925991,0.10720515064895153,0.11971728131175041,0.10647840052843094,0.10602930933237076,0.10534683149307966,0.10482866037636995,0.10437770932912827,0.10385990981012583,0.10313035640865564,0.10291753616183996,0.10214284807443619,0.0,0.0,0.0,0.0,0.0,0.0,0.0,0.0,0.0,0.0,0.0,0.0,0.0,0.0,0.0,0.0,0.0,0.0,0.0,0.0,3.455062633380294
84,0.305023655295372,0.11253948602825403,0.11240796186029911,0.11196037475019693,0.11192638892680407,0.11165315937250853,0.1115406733006239,0.11100229807198048,0.11077690217643976,0.110452551394701,0.11009374912828207,0.10976775549352169,0.10943120624870062,0.10939836222678423,0.10870436113327742,0.10836069099605083,0.10823583975434303,0.10783186089247465,0.10743905697017908,0.10715524666011333,0.1066836304962635,0.10617768671363592,0.10586199164390564,0.10547779314219952,0.10496766865253448,0.10424792859703302,0.10394472535699606,0.10361170303076506,0.10304874647408724,0.10276050586253405,0.10228699631989002,0.0005415342748165131,0.00024433434009552,0.0,0.0,0.0,0.0,0.0,0.0,0.0,0.0,0.0,0.0,0.0,0.0,0.0,0.0,0.0,0.0,0.0,3.5455568255856633
85,0.3037201138213277,0.11254727095365524,0.11222326382994652,0.1121033625677228,0.11071791313588619,0.11173968017101288,0.11138890776783228,0.11128684785217047,0.11097599845379591,0.11062268447130919,0.11028187721967697,0.10991122853010893,0.1098073162138462,0.10888810735195875,0.10878822486847639,0.10843395069241524,0.10812345799058676,0.10799347423017025,0.10753488354384899,0.10715281777083874,0.106951461173594,0.10664478689432144,0.10626689251512289,0.10583871603012085,0.10548620391637087,0.10770283173769712,0.10465019848197699,0.10400471929460764,0.10360958520323038,0.1030894061550498,0.10260046552866697,0.000530303455889225,0.0002493225038051605,0.0,0.0,0.0,0.0,0.0,0.0,0.0,0.0,0.0,0.0,0.0,0.0,0.0,0.0,0.0,0.0,0.0,3.5518662743270397
86,0.2884337017312646,0.1123035941272974,0.11231834068894386,0.11200220417231321,0.1115187518298626,0.11146086547523737,0.11120739113539457,0.11075813043862581,0.11065280251204967,0.11054868809878826,0.11025121156126261,0.10984244477003813,0.10956258047372103,0.10948004573583603,0.10888686124235392,0.10845380928367376,0.10807237587869167,0.10763140209019184,0.10738951899111271,0.10680836997926235,0.10657566413283348,0.10599998105317354,0.10552886687219143,0.10509830247610807,0.10457818023860455,0.10398482251912355,0.10348611976951361,0.103083660826087,0.1025791335850954,0.0003511197865009308,0.0,0.0,0.0,0.0,0.0,0.0,0.0,0.0,0.0,0.0,0.0,0.0,0.0,0.0,0.0,0.0,0.0,0.0,0.0,0.0,3.318848941475153
87,0.29260426200926304,0.11229929979890585,0.11239154543727636,0.11162119638174772,0.11165186297148466,0.11127554718405008,0.1111562941223383,0.11104920040816069,0.11085473094135523,0.11021348368376493,0.10998147819191217,0.10965204611420631,0.10926822479814291,0.10936069022864103,0.10873636696487665,0.1083591990172863,0.10805999115109444,0.10788656119257212,0.10748760774731636,0.10704168397933245,0.1065998887643218,0.10628212057054043,0.10577607713639736,0.10535448417067528,0.10488864686340094,0.10433903895318508,0.10425193700939417,0.10381342470645905,0.10338079556822777,0.10303319338709116,0.10281179286539555,0.0009464910253882408,0.0006578853353857994,0.0,0.0,0.0,0.0,0.0,0.0,0.0,0.0,0.0,0.0,0.0,0.0,0.0,0.0,0.0,0.0,0.0,3.5330870486795902
88,0.2932237181812525,0.11233460064977407,0.11232399567961693,0.11167700588703156,0.11149672511965036,0.11120188515633345,0.11127479374408722,0.11119249742478132,0.11081078927963972,0.11044222768396139,0.11035171896219254,0.10985721088945866,0.10956752393394709,0.10892502125352621,0.10854278225451708,0.1082887165248394,0.10812373645603657,0.1077516470104456,0.10761548951268196,0.10693759191781282,0.10651413258165121,0.10605597402900457,0.10574698634445667,0.1052244771271944,0.10493397619575262,0.10468263365328312,0.10423509776592255,0.1036625960841775,0.1030397703871131,0.10283255856484175,0.10388423595577478,0.0003191102296113968,0.0,0.0,0.0,0.0,0.0,0.0,0.0,0.0,0.0,0.0,0.0,0.0,0.0,0.0,0.0,0.0,0.0,0.0,3.53307122644037
89,0.2909949701279402,0.11240141931921244,0.11214272864162922,0.11183835845440626,0.11167650204151869,0.11167772114276886,0.11136795207858086,0.11088688112795353,0.11031500808894634,0.10983075480908155,0.10989830270409584,0.10989383794367313,0.10948663111776114,0.10924094077199697,0.10891201999038458,0.10866440273821354,0.10823143552988768,0.10777082666754723,0.10731067694723606,0.10706355329602957,0.10655743069946766,0.10596104245632887,0.10559124033898115,0.10514998715370893,0.10461965389549732,0.10408519487828016,0.10364610236138105,0.10315111745148897,0.10291158221662045,0.10262768715620041,0.10236306115984917,0.0,0.0,0.0,0.0,0.0,0.0,0.0,0.0,0.0,0.0,0.0,0.0,0.0,0.0,0.0,0.0,0.0,0.0,0.0,3.526269023306668
90,0.2922189310193062,0.11219065263867378,0.11198100727051497,0.11196230631321669,0.11158376093953848,0.11108028702437878,0.11115694046020508,0.11090001091361046,0.11064781621098518,0.11068337690085173,0.11032925173640251,0.1098942281678319,0.10951637849211693,0.1099719200283289,0.10893965046852827,0.10846756026148796,0.10825255420058966,0.10767630580812693,0.10781087633222342,0.10687431413680315,0.10645860433578491,0.10600225161761045,0.10561655554920435,0.10528570786118507,0.10465177614241838,0.10429054405540228,0.10391528438776731,0.103553531691432,0.10292031243443489,0.10260194353759289,0.00033843982964754105,0.0,0.0,0.0,0.0,0.0,0.0,0.0,0.0,0.0,0.0,0.0,0.0,0.0,0.0,0.0,0.0,0.0,0.0,0.0,3.427773080766201
91,0.30378630850464106,0.112712605856359,0.11228705011308193,0.11215329263359308,0.1120605943724513,0.11155675258487463,0.11098381038755178,0.11094476841390133,0.11092334892600775,0.1106396708637476,0.11031192075461149,0.11005735397338867,0.10962259117513895,0.1219702111557126,0.1088532404974103,0.10853159707039595,0.10813243221491575,0.1076390240341425,0.10739116463810205,0.10693661216646433,0.10662412457168102,0.10613783076405525,0.1055925041437149,0.10518915019929409,0.10475071612745523,0.10429474897682667,0.10383294336497784,0.10329509247094393,0.1030022008344531,0.10272920969873667,0.1022521872073412,0.0,0.0,0.0,0.0,0.0,0.0,0.0,0.0,0.0,0.0,0.0,0.0,0.0,0.0,0.0,0.0,0.0,0.0,0.0,3.555195058695972
92,0.301635192707181,0.11245201714336872,0.11243417486548424,0.11206897720694542,0.11183421965688467,0.11164200585335493,0.11129546072334051,0.11120229680091143,0.11069205775856972,0.11121446080505848,0.11016778647899628,0.10995829943567514,0.10903816856443882,0.10987670626491308,0.10879706963896751,0.10850483551621437,0.10815771762281656,0.10795804392546415,0.10738025419414043,0.1070206668227911,0.10676277708262205,0.10657519102096558,0.10628675110638142,0.10584878362715244,0.10559054836630821,0.10532164014875889,0.10482269711792469,0.1043781265616417,0.10409764479845762,0.10360047034919262,0.10335829760879278,0.10436703264713287,0.1025475487112999,0.00032039545476436615,0.0,0.0,0.0,0.0,0.0,0.0,0.0,0.0,0.0,0.0,0.0,0.0,0.0,0.0,0.0,0.0,3.7572083165869117
93,0.30231215711683035,0.11254675779491663,0.11223419941961765,0.12443623039871454,0.12404393125325441,0.111437545157969,0.11123028583824635,0.11096988897770643,0.1106178779155016,0.11040605138987303,0.11007708497345448,0.10979152470827103,0.10954633541405201,0.10954210255295038,0.10894506983458996,0.10869424417614937,0.10797481145709753,0.10768390446901321,0.10727822128683329,0.10705980379134417,0.10693727619946003,0.10645076353102922,0.10593233723193407,0.10522464103996754,0.10517656430602074,0.10444652196019888,0.10388143640011549,0.10356304235756397,0.1030812244862318,0.10290136281400919,0.10220853611826897,0.00030096061527729034,0.0,0.0,0.0,0.0,0.0,0.0,0.0,0.0,0.0,0.0,0.0,0.0,0.0,0.0,0.0,0.0,0.0,0.0,3.5669326949864626
94,0.30628146044909954,0.11263295356184244,0.11223416682332754,0.11175326351076365,0.11168517172336578,0.11159566789865494,0.1111700776964426,0.11095310095697641,0.11074321065098047,0.11035527102649212,0.10998718068003654,0.1098059406504035,0.10937311872839928,0.10929383337497711,0.10885959025472403,0.10853784438222647,0.10814122762531042,0.10781719163060188,0.10747974645346403,0.10712557751685381,0.10693529713898897,0.106314143165946,0.10581361409276724,0.10550900176167488,0.10515811946243048,0.10480031371116638,0.10406622756272554,0.10367295611649752,0.10343324672430754,0.10314229596406221,0.10285460762679577,0.1035259636119008,0.0003366908058524132,0.0,0.0,0.0,0.0,0.0,0.0,0.0,0.0,0.0,0.0,0.0,0.0,0.0,0.0,0.0,0.0,0.0,3.6513880733400583
95,0.3069279072806239,0.11251306813210249,0.11224698927253485,0.11201617494225502,0.11198075581341982,0.11162818875163794,0.11154401395469904,0.11119126714766026,0.11088962201029062,0.1104579409584403,0.11036769580096006,0.1100029181689024,0.10948329325765371,0.1093383226543665,0.10886807646602392,0.10858859308063984,0.10824446473270655,0.10774768143892288,0.1074991226196289,0.10685169231146574,0.1192699745297432,0.11876415926963091,0.10571189410984516,0.10554492939263582,0.10550962295383215,0.10486957989633083,0.10436857957392931,0.10380295664072037,0.10329133179038763,0.10295554902404547,0.10264444537460804,0.10233100596815348,0.0,0.0,0.0,0.0,0.0,0.0,0.0,0.0,0.0,0.0,0.0,0.0,0.0,0.0,0.0,0.0,0.0,0.0,3.677451817318797
96,0.29094917699694633,0.11212500836700201,0.11198041215538979,0.11192518565803766,0.11155119724571705,0.1113929022103548,0.11102854460477829,0.11075255740433931,0.11051889695227146,0.11052706092596054,0.11009282153099775,0.10963106155395508,0.10947402007877827,0.1091173542663455,0.10882128868252039,0.10825615376234055,0.10792042408138514,0.10771287698298693,0.10714068729430437,0.1069484343752265,0.10633626952767372,0.10604024305939674,0.10555217042565346,0.10498077142983675,0.10428269300609827,0.10396362468600273,0.10330242477357388,0.10291624907404184,0.1025852793827653,0.00033092591911554337,0.0,0.0,0.0,0.0,0.0,0.0,0.0,0.0,0.0,0.0,0.0,0.0,0.0,0.0,0.0,0.0,0.0,0.0,0.0,0.0,3.318156716413796
97,0.2904046792536974,0.11216010805219412,0.11225296277552843,0.1120132077485323,0.1116706496104598,0.11148088052868843,0.11122654471546412,0.11092043947428465,0.11042358167469501,0.11011163331568241,0.10990962106734514,0.10966982506215572,0.10932422988116741,0.10894761700183153,0.10872887540608644,0.10826235357671976,0.10805643443018198,0.10770972538739443,0.10734578780829906,0.10675302240997553,0.1063892338424921,0.10614393185824156,0.10550771281123161,0.10510088037699461,0.10450814105570316,0.10426046513020992,0.1039588563144207,0.10350105352699757,0.10323702543973923,0.1028048787266016,0.10220815613865852,0.00033059995621442795,0.0,0.0,0.0,0.0,0.0,0.0,0.0,0.0,0.0,0.0,0.0,0.0,0.0,0.0,0.0,0.0,0.0,0.0,3.5253231143578887
98,0.28983926959335804,0.11218709871172905,0.1121985288336873,0.11244337819516659,0.11168188787996769,0.11146783642470837,0.12356075271964073,0.10907707177102566,0.11047939211130142,0.11005668807774782,0.1097800238057971,0.10949412360787392,0.1092647910118103,0.10985312517732382,0.10895870346575975,0.10862553957849741,0.10801789350807667,0.10783459711819887,0.10737494751811028,0.10707790311425924,0.106555693782866,0.10613052267581224,0.10576749593019485,0.10527715645730495,0.10479215253144503,0.10449989885091782,0.10394079703837633,0.10366270132362843,0.1034047668799758,0.10289705824106932,0.10248707886785269,0.0003307098522782326,0.0,0.0,0.0,0.0,0.0,0.0,0.0,0.0,0.0,0.0,0.0,0.0,0.0,0.0,0.0,0.0,0.0,0.0,3.5390195846557617
99,0.2923137051984668,0.12500466033816338,0.11209679674357176,0.11204828601330519,0.11174589488655329,0.11183976009488106,0.11132765468209982,0.11101832613348961,0.11068503651767969,0.11010462418198586,0.11014360282570124,0.10981252696365118,0.109497114084661,0.10951000452041626,0.10876225586980581,0.10844245180487633,0.10812703985720873,0.10781639162451029,0.1073877103626728,0.10693230014294386,0.10672751534730196,0.10640088375657797,0.10613688826560974,0.10579428914934397,0.10533565282821655,0.10485547501593828,0.10441449470818043,0.10392287652939558,0.10349560994654894,0.1029880316928029,0.10252694319933653,0.10202570166438818,0.0,0.0,0.0,0.0,0.0,0.0,0.0,0.0,0.0,0.0,0.0,0.0,0.0,0.0,0.0,0.0,0.0,0.0,3.649240504950285
100,0.2914739130064845,0.11233775224536657,0.11224364768713713,0.11203248985111713,0.11187049932777882,0.11136120464652777,0.11148261744529009,0.11118001863360405,0.11083665024489164,0.1104866461828351,0.11011926364153624,0.10961315874010324,0.10944034159183502,0.10991584043949842,0.10872998088598251,0.10859610419720411,0.10823842231184244,0.10769040696322918,0.10744032356888056,0.10702927689999342,0.10651075933128595,0.10598535928875208,0.10545642301440239,0.10544887371361256,0.11816973146051168,0.10473197232931852,0.1046706810593605,0.10390195064246655,0.10364175960421562,0.10330586321651936,0.10292572900652885,0.10386281833052635,0.0006942041218280792,0.0,0.0,0.0,0.0,0.0,0.0,0.0,0.0,0.0,0.0,0.0,0.0,0.0,0.0,0.0,0.0,0.0,3.6514246836304665

total time per move x,29.82426401413977,11.26190444920212,11.24738504178822,11.240471695549786,11.190276462584734,11.16873693652451,11.17375774960965,11.122978501021862,11.073176394216716,11.06637229397893,11.012605142779648,10.991466541774571,10.962631813250482,10.955937080085278,10.89299043174833,10.850837116129696,10.82950396090746,10.79294700268656,10.755573322065175,10.705833609215915,10.717935427092016,10.676490764133632,10.613198049366474,10.568540830165148,10.542088654823601,10.472574127838016,10.437837278470397,10.366698431782424,10.331717456690967,9.489944668486714,7.00926991738379,3.849635695107281,1.4457625709474087,0.5290184486657381,0.0029186056926846504,0.0006752610206604004,0,0,0,0,0,0,0,0,0,0,0,0,0,0,356.17395574692637
average time per move x,0.29824264014139773,0.1126190444920212,0.1124738504178822,0.11240471695549786,0.11190276462584733,0.1116873693652451,0.11173757749609649,0.11122978501021862,0.11073176394216716,0.1106637229397893,0.11012605142779648,0.10991466541774571,0.10962631813250483,0.10955937080085278,0.10892990431748331,0.10850837116129697,0.10829503960907459,0.1079294700268656,0.10755573322065175,0.10705833609215915,0.10717935427092015,0.10676490764133632,0.10613198049366473,0.10568540830165148,0.10542088654823602,0.10472574127838015,0.10437837278470397,0.10366698431782424,0.10331717456690967,0.09489944668486715,0.08344368949266416,0.06209089830818196,0.0401600714152058,0.037787032047552724,0.0004169436703835215,0.0006752610206604004,nan,nan,nan,nan,nan,nan,nan,nan,nan,nan,nan,nan,nan,nan,3.561739557469264
std of time per move x,0.012983582139599372,0.0017435235272466427,0.0017909621244721688,0.0024301727232869295,0.001263488810220155,0.0013334765347621195,0.002391862700610015,0.0016876246303211208,0.00035974455193549747,0.0018460548821011813,0.00031202570606705786,0.0012081853693282078,0.00120553513181031,0.0013401430749388724,0.0012959649306295657,0.00036398927005047813,0.0013194399167768527,0.0013116028373482008,0.0013345379833368755,0.00023560861780567576,0.002542446151542406,0.00248088429722763,0.0017620605947780141,0.0017830407159421177,0.002301312445999471,0.0013075033721950944,0.0017810546813496126,0.0004304517892656268,0.0007036005181565945,0.028051366654033377,0.04057183113207797,0.05116060481943836,0.05056436434904574,0.052133478479611285,0.00024660696059247564,nan,nan,nan,nan,nan,nan,nan,nan,nan,nan,nan,nan,nan,nan,nan,0.13733294575086225
err of average time,0.0012983582139599373,0.00017435235272466427,0.0001790962124472169,0.00024301727232869296,0.0001263488810220155,0.00013334765347621194,0.0002391862700610015,0.0001687624630321121,3.597445519354975e-05,0.00018460548821011812,3.120257060670578e-05,0.00012081853693282079,0.000120553513181031,0.00013401430749388724,0.00012959649306295656,3.639892700504781e-05,0.00013194399167768526,0.00013116028373482007,0.00013345379833368755,2.3560861780567576e-05,0.00025424461515424063,0.000248088429722763,0.00017620605947780141,0.00017830407159421177,0.0002301312445999471,0.00013075033721950943,0.00017810546813496126,4.304517892656268e-05,7.036005181565947e-05,0.0028051366654033376,0.004426749696326505,0.00649740330947523,0.00842739405817429,0.013933258203675563,9.320866990074232e-05,nan,nan,nan,nan,nan,nan,nan,nan,nan,nan,nan,nan,nan,nan,nan,0.013733294575086225
