Contains move time for player Edax1; opponent is StaticBoard5
Colums refer to move number, rows to game number
game,1,2,3,4,5,6,7,8,9,10,11,12,13,14,15,16,17,18,19,20,21,22,23,24,25,26,27,28,29,30,31,32,33,34,35,36,37,38,39,40,41,42,43,44,45,46,47,48,49,50,total
1,0.40483246091753244,0.10653660539537668,0.10639565344899893,0.11875960137695074,0.10598575975745916,0.10584339406341314,0.11862114537507296,0.105752675794065,0.1055752094835043,0.11759654339402914,0.11759219691157341,0.10494369640946388,0.10484530031681061,0.11749355215579271,0.1045931801199913,0.10430324543267488,0.10396895371377468,0.10384134761989117,0.10727889370173216,0.10701389517635107,0.10683568380773067,0.10412406641989946,0.10394734516739845,0.1056502815335989,0.10360186640173197,0.10342090297490358,0.10319448728114367,0.10314462333917618,0.10403355490416288,0.1036889348179102,0.10331861022859812,0.0011422503739595413,0.10237014666199684,0.00030655693262815475,0.0,0.0,0.0,0.0,0.0,0.0,0.0,0.0,0.0,0.0,0.0,0.0,0.0,0.0,0.0,0.0,3.720552621409297
2,0.10839053802192211,0.1062879292294383,0.10662765242159367,0.11577722989022732,0.10606134030967951,0.10579174105077982,0.10566511936485767,0.0038382578641176224,0.0,0.0,0.0,0.0,0.0,0.0,0.0,0.0,0.0,0.0,0.0,0.0,0.0,0.0,0.0,0.0,0.0,0.0,0.0,0.0,0.0,0.0,0.0,0.0,0.0,0.0,0.0,0.0,0.0,0.0,0.0,0.0,0.0,0.0,0.0,0.0,0.0,0.0,0.0,0.0,0.0,0.0,0.758439808152616

total time per move x,0.5132229989394546,0.212824534624815,0.2130233058705926,0.23453683126717806,0.21204710006713867,0.21163513511419296,0.22428626473993063,0.10959093365818262,0.1055752094835043,0.11759654339402914,0.11759219691157341,0.10494369640946388,0.10484530031681061,0.11749355215579271,0.1045931801199913,0.10430324543267488,0.10396895371377468,0.10384134761989117,0.10727889370173216,0.10701389517635107,0.10683568380773067,0.10412406641989946,0.10394734516739845,0.1056502815335989,0.10360186640173197,0.10342090297490358,0.10319448728114367,0.10314462333917618,0.10403355490416288,0.1036889348179102,0.10331861022859812,0.0011422503739595413,0.10237014666199684,0.00030655693262815475,0,0,0,0,0,0,0,0,0,0,0,0,0,0,0,0,4.478992429561913
average time per move x,0.2566114994697273,0.1064122673124075,0.1065116529352963,0.11726841563358903,0.10602355003356934,0.10581756755709648,0.11214313236996531,0.05479546682909131,0.1055752094835043,0.11759654339402914,0.11759219691157341,0.10494369640946388,0.10484530031681061,0.11749355215579271,0.1045931801199913,0.10430324543267488,0.10396895371377468,0.10384134761989117,0.10727889370173216,0.10701389517635107,0.10683568380773067,0.10412406641989946,0.10394734516739845,0.1056502815335989,0.10360186640173197,0.10342090297490358,0.10319448728114367,0.10314462333917618,0.10403355490416288,0.1036889348179102,0.10331861022859812,0.0011422503739595413,0.10237014666199684,0.00030655693262815475,nan,nan,nan,nan,nan,nan,nan,nan,nan,nan,nan,nan,nan,nan,nan,nan,2.2394962147809565
std of time per move x,0.20961609390746574,0.00017584060325449778,0.00016404804675005123,0.002108855102279538,5.34435210008296e-05,3.652419550173757e-05,0.009161293849052517,0.07206437601894565,nan,nan,nan,nan,nan,nan,nan,nan,nan,nan,nan,nan,nan,nan,nan,nan,nan,nan,nan,nan,nan,nan,nan,nan,nan,nan,nan,nan,nan,nan,nan,nan,nan,nan,nan,nan,nan,nan,nan,nan,nan,nan,2.0945300568933605
err of average time,0.14822096144780517,0.00012433808296918866,0.00011599948629736899,0.0014911857433617115,3.779027611017227e-05,2.582650631666183e-05,0.006478013005107641,0.05095720896497368,nan,nan,nan,nan,nan,nan,nan,nan,nan,nan,nan,nan,nan,nan,nan,nan,nan,nan,nan,nan,nan,nan,nan,nan,nan,nan,nan,nan,nan,nan,nan,nan,nan,nan,nan,nan,nan,nan,nan,nan,nan,nan,1.4810564066283403
