Contains move time for player MCTSMaxIter0; opponent is Edax1
Colums refer to move number, rows to game number
game,1,2,3,4,5,6,7,8,9,10,11,12,13,14,15,16,17,18,19,20,21,22,23,24,25,26,27,28,29,30,31,32,33,34,35,36,37,38,39,40,41,42,43,44,45,46,47,48,49,50,total
1,9.19857383146882,8.67630099132657,7.744146183133125,7.299557633697987,6.758183464407921,6.27572438120842,5.775613859295845,5.231174189597368,4.996932607144117,4.608615580946207,3.984717793762684,3.690755069255829,3.459923852235079,3.024150639772415,2.8037281036376953,0.003091823309659958,0.003137141466140747,1.7840844504535198,0.0025931820273399353,0.00465262308716774,0.004676338285207748,0.9376354962587357,0.7983213998377323,0.5977155528962612,0.4562373571097851,0.3803393431007862,0.18992910906672478,0.0012335814535617828,0.025726649910211563,0.0005647316575050354,0.00031091272830963135,0.0,0.0,0.0,0.0,0.0,0.0,0.0,0.0,0.0,0.0,0.0,0.0,0.0,0.0,0.0,0.0,0.0,0.0,0.0,88.71834787353873
2,8.768599230796099,8.310225166380405,7.794484805315733,7.28949099779129,6.744124233722687,6.26181123778224,5.778967048972845,5.363694220781326,4.859382838010788,4.454287953674793,0.004114720970392227,0.007832907140254974,0.006043691188097,2.952536456286907,0.006632313132286072,2.2094945050776005,2.010675050318241,1.6448549553751945,1.3360765650868416,0.003611139953136444,0.00407906249165535,0.004008874297142029,0.003134448081254959,0.003839835524559021,0.0034547820687294006,0.5011811591684818,0.0020500831305980682,0.0024019666016101837,0.002050790935754776,0.0020777322351932526,0.0,0.0,0.0,0.0,0.0,0.0,0.0,0.0,0.0,0.0,0.0,0.0,0.0,0.0,0.0,0.0,0.0,0.0,0.0,0.0,76.33521877229214
3,8.86852427199483,8.16632503643632,7.797144915908575,7.320277027785778,6.65435628965497,6.023038923740387,5.735511042177677,5.290444232523441,4.9029874093830585,4.484802979975939,4.019559267908335,3.631369411945343,3.26942191272974,2.883979342877865,2.494272168725729,2.232152320444584,1.9767236113548279,0.005380239337682724,0.004786431789398193,0.004581481218338013,0.004376906901597977,0.004422582685947418,0.0035003498196601868,0.0018093697726726532,0.523911576718092,0.38866378739476204,0.26949137449264526,0.1888863705098629,0.0014606863260269165,0.0011515207588672638,0.0008156523108482361,0.0,0.0,0.0,0.0,0.0,0.0,0.0,0.0,0.0,0.0,0.0,0.0,0.0,0.0,0.0,0.0,0.0,0.0,0.0,87.1541284956038
4,8.75486621260643,8.376136001199484,7.7737738117575645,7.272776305675507,6.791152264922857,6.315514985471964,5.705181524157524,5.295471396297216,4.88068226352334,4.476179860532284,4.114072483032942,3.6875919848680496,3.2888855449855328,2.8823220394551754,2.5264049097895622,2.226918298751116,0.0028624199330806732,0.0026806704699993134,0.003480866551399231,0.002438310533761978,1.0332193449139595,0.8113554082810879,0.0018193461000919342,0.001498248428106308,0.42365363985300064,0.30850227549672127,0.002186208963394165,0.0017215050756931305,0.03419838473200798,0.0008160248398780823,0.0007551200687885284,0.0,0.0,0.0,0.0,0.0,0.0,0.0,0.0,0.0,0.0,0.0,0.0,0.0,0.0,0.0,0.0,0.0,0.0,0.0,86.99911766126752
5,8.60439756885171,8.211519472301006,7.7833461612463,7.2167549803853035,6.63261890783906,6.235793560743332,5.716008115559816,5.355325281620026,4.850789535790682,4.278104219585657,3.993717223405838,3.512027323246002,3.177593156695366,2.869910765439272,2.5317057073116302,2.1996492221951485,0.00423784926533699,0.005320023745298386,0.004872042685747147,0.0035219043493270874,1.4839636459946632,0.00380011647939682,0.004291422665119171,0.004339657723903656,0.0033881813287734985,0.0023365505039691925,0.00328146293759346,0.0032261721789836884,0.002979721873998642,0.002343233674764633,0.002192337065935135,0.0018455125391483307,0.0,0.0,0.0,0.0,0.0,0.0,0.0,0.0,0.0,0.0,0.0,0.0,0.0,0.0,0.0,0.0,0.0,0.0,84.70520103722811
6,8.899424958974123,8.448979776352644,7.842256423085928,7.212944250553846,7.060264557600021,6.628818567842245,6.16014401987195,5.74551472440362,5.295014336705208,4.773289579898119,4.387591000646353,3.93618156760931,3.584661953151226,3.1918536089360714,2.835586316883564,2.511763546615839,2.201835885643959,1.8292358070611954,0.004959512501955032,0.004402954131364822,0.004847370088100433,0.003337547183036804,0.0020290762186050415,0.0038165226578712463,0.0030429698526859283,0.0017356015741825104,0.44252007082104683,0.34004105627536774,0.21189874410629272,0.09851273149251938,0.03759879246354103,0.0009327605366706848,0.0003948397934436798,0.0,0.0,0.0,0.0,0.0,0.0,0.0,0.0,0.0,0.0,0.0,0.0,0.0,0.0,0.0,0.0,0.0,93.7054314315319
7,8.976362600922585,8.524430230259895,8.059845294803381,7.558769501745701,7.011627070605755,6.6436497531831264,6.052343122661114,5.572014849632978,5.272230736911297,4.7608104683458805,4.307879202067852,3.820825442671776,3.393544051796198,3.0624981597065926,2.878285225480795,2.5096007883548737,2.1951629258692265,0.005666043609380722,0.004987582564353943,0.004847243428230286,1.3298364654183388,0.004264861345291138,0.004018079489469528,0.0036967024207115173,0.003699682652950287,0.0019341632723808289,0.0030784904956817627,0.00307324156165123,0.35085806995630264,0.2206747718155384,0.0018925145268440247,0.06374043971300125,0.008972685784101486,0.0003974325954914093,0.0,0.0,0.0,0.0,0.0,0.0,0.0,0.0,0.0,0.0,0.0,0.0,0.0,0.0,0.0,0.0,92.61551789566875
8,8.908879276365042,8.450471602380276,8.248948741704226,7.655708875507116,7.131626542657614,6.68402561917901,6.2254697643220425,5.766137525439262,5.312231495976448,4.895657975226641,4.443273141980171,4.044689033180475,3.6450146101415157,3.262336652725935,2.8738505579531193,2.58220636844635,2.2872623205184937,1.9228726923465729,1.6465667337179184,1.3291150033473969,0.0042028650641441345,0.0032694637775421143,0.0034679360687732697,0.6876587644219398,0.0017371848225593567,0.0013668164610862732,0.0012730695307254791,0.0022960565984249115,0.12109487503767014,0.0015274956822395325,0.0006411299109458923,0.0003583841025829315,0.0,0.0,0.0,0.0,0.0,0.0,0.0,0.0,0.0,0.0,0.0,0.0,0.0,0.0,0.0,0.0,0.0,0.0,98.14523857459426
9,9.0668482221663,8.440218318253756,8.22703492641449,7.6251977644860744,7.085893847048283,6.64867040887475,6.104030556976795,5.724142923951149,5.230861067771912,4.732992850244045,4.374607387930155,3.908760342746973,3.0286165215075016,0.007155194878578186,2.7393621392548084,2.2087215445935726,1.9029902555048466,1.7052913904190063,0.003749500960111618,0.0022701844573020935,0.003314737230539322,0.0027911290526390076,0.001994933933019638,0.00212927907705307,0.0016980990767478943,0.0017131753265857697,0.2797049954533577,0.0012699738144874573,0.11269411444664001,0.028117045760154724,0.000523000955581665,0.0004054643213748932,0.0004810914397239685,0.0,0.0,0.0,0.0,0.0,0.0,0.0,0.0,0.0,0.0,0.0,0.0,0.0,0.0,0.0,0.0,0.0,89.20425238832831
10,8.87889052182436,8.400951139628887,7.9682348519563675,7.518164660781622,6.972813107073307,6.6119136698544025,6.162011820822954,5.68197176605463,5.072945464402437,4.658536996692419,4.2775436118245125,3.847594730556011,3.5708894580602646,3.2188218720257282,2.856742326170206,2.5168759413063526,2.185719136148691,1.8464719243347645,1.6034964323043823,1.3834863565862179,1.1151402406394482,0.9300934821367264,0.6974883899092674,0.5476396009325981,0.3733317367732525,0.24815096333622932,0.1375667154788971,0.05177968367934227,0.0005107298493385315,0.0005330480635166168,0.0002244226634502411,0.0,0.0,0.0,0.0,0.0,0.0,0.0,0.0,0.0,0.0,0.0,0.0,0.0,0.0,0.0,0.0,0.0,0.0,0.0,99.33653480187058
11,8.723894268274307,8.217337228357792,7.789654549211264,7.212841745465994,6.7649881914258,6.271404720842838,5.754453811794519,5.28104155138135,4.713073909282684,0.006656792014837265,0.007716860622167587,3.8052781336009502,3.362851556390524,0.007219046354293823,0.006168719381093979,0.00643259659409523,0.006071250885725021,0.0058553218841552734,0.005943354219198227,0.005546040832996368,0.004153802990913391,0.004697386175394058,0.004156753420829773,0.0045759715139865875,0.8991688750684261,0.003527086228132248,0.003119170665740967,0.0032135359942913055,0.399970892816782,0.001773051917552948,0.001461029052734375,0.0,0.0,0.0,0.0,0.0,0.0,0.0,0.0,0.0,0.0,0.0,0.0,0.0,0.0,0.0,0.0,0.0,0.0,0.0,69.28424720466137
12,8.800574071705341,8.221178036183119,7.721520163118839,7.242543060332537,6.720406636595726,5.9977253414690495,3.684578374028206,3.613085426390171,4.622302118688822,4.105255916714668,3.88737129047513,0.00642496719956398,0.007215544581413269,0.006659310311079025,2.7271217554807663,2.3374819941818714,2.1140826381742954,0.004231493920087814,1.4957409240305424,1.2664811462163925,1.0518435016274452,0.8485536500811577,0.7526239231228828,0.5314430072903633,0.3935476690530777,0.2804122716188431,0.14899295195937157,0.05568533018231392,0.02452738583087921,0.0037796981632709503,0.0,0.0,0.0,0.0,0.0,0.0,0.0,0.0,0.0,0.0,0.0,0.0,0.0,0.0,0.0,0.0,0.0,0.0,0.0,0.0,78.67338959872723
13,8.919712591916323,8.238115210086107,7.784155331552029,7.229871649295092,6.870229784399271,6.330625120550394,5.812492106109858,5.42719491943717,4.933467395603657,4.5012753792107105,4.049948435276747,3.6776207014918327,3.3448517955839634,2.9107602909207344,2.6308463476598263,2.1697850860655308,0.004894930869340897,0.005374498665332794,1.6829753071069717,0.004479944705963135,1.3432810567319393,0.002079874277114868,1.0100571550428867,0.003900047391653061,0.0027686282992362976,0.0031226612627506256,0.0029484927654266357,0.0024536214768886566,0.0021508969366550446,0.0022935420274734497,0.0019230917096138,0.0018097981810569763,0.0,0.0,0.0,0.0,0.0,0.0,0.0,0.0,0.0,0.0,0.0,0.0,0.0,0.0,0.0,0.0,0.0,0.0,88.90746569260955
14,8.845497626811266,8.341482963413,7.727406680583954,7.142727538943291,6.703408468514681,6.22952638193965,5.753702364861965,5.269063897430897,4.844949722290039,4.372942544519901,3.8300040885806084,2.89383315294981,2.856184307485819,0.00550050288438797,2.7738623432815075,2.458120334893465,2.146907076239586,0.005679849535226822,1.58433723077178,0.003401871770620346,0.0030072927474975586,0.9151629246771336,0.0017650723457336426,0.003662761300802231,0.5962282605469227,0.0015622563660144806,0.0011869817972183228,0.001172684133052826,0.17430895194411278,0.0007672496140003204,0.0005797743797302246,0.000264681875705719,0.0,0.0,0.0,0.0,0.0,0.0,0.0,0.0,0.0,0.0,0.0,0.0,0.0,0.0,0.0,0.0,0.0,0.0,85.48820783942938
15,8.750068228691816,8.223833352327347,7.81805158033967,7.268102049827576,6.756501872092485,6.103185597807169,5.706737596541643,5.276646748185158,4.918791826814413,4.37228773906827,3.873829621821642,3.506558358669281,3.2090560607612133,2.83714697137475,2.4581687040627003,0.00290670245885849,0.00286233052611351,1.965822022408247,1.637171659618616,1.3898271955549717,1.271022990345955,0.9318280294537544,0.004636429250240326,0.603168748319149,0.0015620552003383636,0.30869702622294426,0.0011559762060642242,0.15543720498681068,0.0008681528270244598,0.0006430409848690033,0.000462118536233902,0.0004330836236476898,0.00024634599685668945,0.0,0.0,0.0,0.0,0.0,0.0,0.0,0.0,0.0,0.0,0.0,0.0,0.0,0.0,0.0,0.0,0.0,89.35771742090583
16,9.048964377492666,8.541956331580877,8.071910943835974,7.570160962641239,7.284233562648296,6.6434502601623535,6.183432813733816,5.535960227251053,4.954963002353907,4.469412609934807,4.066000159829855,3.38344469293952,0.007105272263288498,3.3438005670905113,2.821752157062292,2.6743799224495888,2.254598431289196,1.9788346253335476,1.7430054806172848,0.004812005907297134,0.9735761173069477,0.0034334100782871246,0.6815012060105801,0.002792634069919586,0.0020456574857234955,0.4665752314031124,0.27943241223692894,0.0011313334107398987,0.0009554736316204071,0.0012266598641872406,0.0010168850421905518,0.00047479942440986633,0.0,0.0,0.0,0.0,0.0,0.0,0.0,0.0,0.0,0.0,0.0,0.0,0.0,0.0,0.0,0.0,0.0,0.0,92.99634022638202
17,9.025717247277498,8.486435644328594,7.767731241881847,7.383339077234268,6.950275767594576,6.618415430188179,6.051494684070349,5.643971048295498,5.258990738540888,4.716045893728733,0.005961135029792786,0.006638631224632263,0.0051139965653419495,0.003992117941379547,0.0037374347448349,2.7910619899630547,2.457215316593647,0.003557935357093811,0.004512451589107513,0.0036532171070575714,0.003174547106027603,0.0039910972118377686,0.002753905951976776,0.0023706816136837006,0.0,0.0,0.0,0.0,0.0,0.0,0.0,0.0,0.0,0.0,0.0,0.0,0.0,0.0,0.0,0.0,0.0,0.0,0.0,0.0,0.0,0.0,0.0,0.0,0.0,0.0,73.2001512311399
18,8.9965188652277,8.63432778045535,8.156837675720453,7.6319709196686745,7.207129392772913,6.714992452412844,6.306977078318596,5.808502174913883,5.3421319499611855,5.1074589267373085,4.3955016657710075,3.9892944507300854,3.457695886492729,0.0035119839012622833,0.006699793040752411,2.426738206297159,0.004416868090629578,1.9842927530407906,1.800276581197977,0.0028619877994060516,0.004349261522293091,1.0877986066043377,0.8074073605239391,0.0019319355487823486,0.46843570843338966,0.3038700893521309,0.20299110934138298,0.0014806278049945831,0.0822003223001957,0.0006941743195056915,0.0020604468882083893,0.0,0.0,0.0,0.0,0.0,0.0,0.0,0.0,0.0,0.0,0.0,0.0,0.0,0.0,0.0,0.0,0.0,0.0,0.0,90.94135703518987
19,8.96146747842431,8.570532839745283,8.005782578140497,7.430453836917877,7.139350276440382,6.593373171985149,6.13837593048811,5.722493462264538,5.251740150153637,4.745885502547026,4.1003670655190945,0.007579207420349121,0.00551179051399231,2.9129128828644753,0.006598286330699921,0.006461348384618759,2.3576801232993603,2.0898121744394302,1.915398582816124,1.509561836719513,1.2844842374324799,0.004123736172914505,0.0038530975580215454,0.003900710493326187,0.0032728277146816254,0.5470444597303867,0.0024703554809093475,0.33917081356048584,0.00116666778922081,0.0011127442121505737,0.039368756115436554,0.0011068135499954224,0.00025649741291999817,0.0,0.0,0.0,0.0,0.0,0.0,0.0,0.0,0.0,0.0,0.0,0.0,0.0,0.0,0.0,0.0,0.0,85.7026702426374
20,9.091712445020676,8.540045727044344,8.07557825371623,7.594830501824617,7.186509437859058,6.667273111641407,6.210312493145466,5.7383457981050014,5.1669016145169735,4.7820787616074085,4.132748499512672,3.9577251821756363,3.615941673517227,3.2382922060787678,2.8193649910390377,2.394347447901964,0.0056310854852199554,0.00472891703248024,0.004849929362535477,0.005244839936494827,0.00460183247923851,0.00440644845366478,0.004256781190633774,0.0038874708116054535,0.003748692572116852,0.0033466219902038574,0.002322092652320862,0.0022659972310066223,0.0012252628803253174,0.0018655359745025635,0.0017745941877365112,0.06296152248978615,0.009740166366100311,0.003643736243247986,0.0,0.0,0.0,0.0,0.0,0.0,0.0,0.0,0.0,0.0,0.0,0.0,0.0,0.0,0.0,0.0,89.34250967204571
21,8.757916741073132,8.297381434589624,7.877536106854677,7.355945006012917,6.766568258404732,6.342664033174515,6.023622188717127,5.418706081807613,4.96062284335494,4.592014547437429,4.082723680883646,3.7436614967882633,3.2848475389182568,2.959219727665186,2.570096492767334,2.244904089719057,0.004673197865486145,1.6894869841635227,0.004685647785663605,0.004372846335172653,0.003932978957891464,0.004075586795806885,0.0036994777619838715,0.0028429366648197174,0.0028656013309955597,0.001891791820526123,0.0022533759474754333,0.23246264830231667,0.0018210634589195251,0.0009152740240097046,0.0008037574589252472,0.009351495653390884,0.0006027184426784515,0.0,0.0,0.0,0.0,0.0,0.0,0.0,0.0,0.0,0.0,0.0,0.0,0.0,0.0,0.0,0.0,0.0,87.24916765093803
22,8.80866353213787,8.217165380716324,7.6790722496807575,7.217671416699886,6.805676307529211,6.306768260896206,5.678454998880625,5.254362761974335,4.835240740329027,4.479396663606167,3.9804717861115932,3.653186548501253,3.2426193319261074,0.0070200115442276,0.006368741393089294,0.0030259937047958374,2.2247493155300617,0.005476083606481552,0.005443926900625229,1.4585239104926586,1.1622980535030365,1.0230983197689056,0.7550847493112087,0.0025457777082920074,0.0028352439403533936,0.3824037164449692,0.0015664882957935333,0.0018773935735225677,0.1561897061765194,0.001262560486793518,0.020591236650943756,0.0044173263013362885,0.0,0.0,0.0,0.0,0.0,0.0,0.0,0.0,0.0,0.0,0.0,0.0,0.0,0.0,0.0,0.0,0.0,0.0,83.38352853432298
23,8.733843319118023,8.236604027450085,7.727665118873119,7.395829737186432,6.768794558942318,6.293466687202454,5.778506901115179,5.304484821856022,4.812223985791206,4.452185418456793,4.016752131283283,3.5974174961447716,3.204362213611603,0.005663663148880005,0.006373818963766098,0.006304912269115448,2.2234226167201996,0.004589725285768509,1.6930045038461685,1.3638126961886883,0.004483673721551895,0.00417100265622139,0.004066295921802521,0.004106119275093079,0.754435021430254,0.0026333071291446686,0.0029137320816516876,0.0021910443902015686,0.0018906407058238983,0.0016551762819290161,0.014050088822841644,0.0006376989185810089,0.00032783299684524536,0.0,0.0,0.0,0.0,0.0,0.0,0.0,0.0,0.0,0.0,0.0,0.0,0.0,0.0,0.0,0.0,0.0,82.42286998778582
24,8.791586324572563,8.239504639059305,7.785988114774227,7.251749895513058,6.757010884582996,6.230598911643028,5.807348735630512,5.264860790222883,4.900171212852001,4.365540090948343,3.9278391115367413,0.00634610652923584,0.006177846342325211,0.006953880190849304,0.007028743624687195,2.511080950498581,0.0047815777361392975,0.005834091454744339,0.002562098205089569,0.005188342183828354,0.004183050245046616,1.066534262150526,0.0038393810391426086,0.003670133650302887,0.003506619483232498,0.0030812472105026245,0.001939326524734497,0.0014093071222305298,0.002456285059452057,0.0018136240541934967,0.0016205571591854095,0.001359693706035614,0.0,0.0,0.0,0.0,0.0,0.0,0.0,0.0,0.0,0.0,0.0,0.0,0.0,0.0,0.0,0.0,0.0,0.0,72.97356583550572
25,8.8598596714437,8.31156151369214,7.72993716225028,7.223957549780607,6.853925794363022,6.315113358199596,5.776151563972235,5.423528578132391,5.1221124939620495,4.448818322271109,4.1268630512058735,3.718919023871422,3.411052756011486,2.907342031598091,0.006281767040491104,0.006118830293416977,0.00584980845451355,0.005789555609226227,0.005645092576742172,1.8960911557078362,0.002722848206758499,0.003689821809530258,0.003842610865831375,0.003200482577085495,0.0037396177649497986,0.7177763245999813,0.0027520060539245605,0.0032520070672035217,0.0024902336299419403,0.0023541972041130066,0.0022176913917064667,0.0019299723207950592,0.0017249509692192078,0.0,0.0,0.0,0.0,0.0,0.0,0.0,0.0,0.0,0.0,0.0,0.0,0.0,0.0,0.0,0.0,0.0,82.90661184489727
26,9.42446905374527,8.695701751857996,8.466375533491373,7.5567782409489155,7.524969190359116,6.8916320130229,6.1036255694925785,5.667688578367233,5.069438558071852,4.961602453142405,4.3765144646167755,3.9198152348399162,3.6516303941607475,3.1604651398956776,2.9216573275625706,2.550902836024761,2.092560790479183,1.8350915051996708,1.5633736327290535,1.311904113739729,1.176182385534048,0.004066456109285355,0.0034240148961544037,0.6278448738157749,0.0033922530710697174,0.3227633535861969,0.0020621269941329956,0.0018792003393173218,0.0016694702208042145,0.12586374953389168,0.024027671664953232,0.0005811341106891632,0.0003926418721675873,0.0,0.0,0.0,0.0,0.0,0.0,0.0,0.0,0.0,0.0,0.0,0.0,0.0,0.0,0.0,0.0,0.0,100.04034571349621
27,9.124470673501492,8.470522005110979,7.908604312688112,7.442151360213757,7.101851638406515,6.587581694126129,6.221005756407976,5.6988583616912365,5.237460151314735,4.742193207144737,4.320247791707516,3.960926126688719,3.52526331320405,2.971891213208437,2.736065361648798,2.449115566909313,2.1652816273272038,1.9284752756357193,1.7465232573449612,1.4356117583811283,1.227799892425537,0.0035460814833641052,0.0036544501781463623,0.0032986924052238464,0.415067121386528,0.22353753447532654,0.14076583832502365,0.0016659870743751526,0.025615427643060684,0.004034239798784256,0.0,0.0,0.0,0.0,0.0,0.0,0.0,0.0,0.0,0.0,0.0,0.0,0.0,0.0,0.0,0.0,0.0,0.0,0.0,0.0,97.82308571785688
28,9.081392407417297,8.409210536628962,7.883326444774866,7.571189783513546,7.185729946941137,6.689863100647926,6.163402911275625,5.7217796966433525,5.240133032202721,4.760025508701801,4.206284284591675,0.0077683888375759125,0.007783185690641403,0.0073422640562057495,0.007071256637573242,0.006625037640333176,0.006302285939455032,0.005599271506071091,0.00536094605922699,0.00518079474568367,0.005032375454902649,0.005073536187410355,0.004431284964084625,0.004502944648265839,0.00408921018242836,0.0034653358161449432,0.003277275711297989,0.003184851258993149,0.0030493363738059998,0.0,0.0,0.0,0.0,0.0,0.0,0.0,0.0,0.0,0.0,0.0,0.0,0.0,0.0,0.0,0.0,0.0,0.0,0.0,0.0,0.0,73.00747723504901
29,9.00342309102416,8.417734578251839,7.8768369890749454,7.474014118313789,7.029425013810396,6.528467543423176,6.225742626935244,5.359278745949268,0.007920574396848679,0.008471593260765076,0.008309509605169296,0.008376803249120712,0.0077608563005924225,0.007550105452537537,0.007504180073738098,3.1192934215068817,2.861118856817484,2.5951693318784237,0.006296347826719284,0.005647040903568268,1.708097454160452,0.005105327814817429,1.3539203591644764,1.268261879682541,0.8949991092085838,0.0031844116747379303,0.003511883318424225,0.003171361982822418,0.0031665079295635223,0.003054734319448471,0.002817578613758087,0.002569209784269333,0.0,0.0,0.0,0.0,0.0,0.0,0.0,0.0,0.0,0.0,0.0,0.0,0.0,0.0,0.0,0.0,0.0,0.0,71.81020114570856
30,9.066426627337933,8.396098677068949,7.864310204982758,7.210593182593584,7.2062623873353004,6.166105389595032,6.037437479943037,5.365420240908861,5.142734196037054,4.725191690027714,4.302035517990589,3.850092373788357,3.655542641878128,3.1949819959700108,0.006813269108533859,0.006519753485918045,0.004845660179853439,0.005233507603406906,1.5941481702029705,0.0046125538647174835,0.0036618411540985107,0.0039529018104076385,0.7723265513777733,0.5738786309957504,0.4278699792921543,0.001568123698234558,0.0011351406574249268,0.21124675497412682,0.07741250470280647,0.0006384551525115967,0.0008862726390361786,0.00029229745268821716,0.0,0.0,0.0,0.0,0.0,0.0,0.0,0.0,0.0,0.0,0.0,0.0,0.0,0.0,0.0,0.0,0.0,0.0,85.88027497380972
31,8.842741094529629,8.235533449798822,7.701165527105331,7.29515166580677,6.812787391245365,6.290550373494625,5.747671730816364,5.293057646602392,4.808291845023632,4.302608732134104,4.0360892824828625,3.6200839914381504,3.2188753709197044,2.889986913651228,2.5330752469599247,2.0143964923918247,0.005594480782747269,0.005574207752943039,0.0027897097170352936,0.004834175109863281,0.0038488060235977173,0.004303388297557831,0.0031878724694252014,0.003951404243707657,0.0035127662122249603,0.0025310441851615906,0.0032549984753131866,0.40212083235383034,0.20019029825925827,0.001425761729478836,0.07678234949707985,0.014818727970123291,0.003668311983346939,0.0,0.0,0.0,0.0,0.0,0.0,0.0,0.0,0.0,0.0,0.0,0.0,0.0,0.0,0.0,0.0,0.0,84.38445588946342
32,9.150252144783735,8.310314018279314,7.769253581762314,7.231655016541481,6.973962191492319,6.300364885479212,5.82940711081028,5.366524502635002,4.916349787265062,4.467684980481863,4.0808090493083,3.6752177737653255,3.3035189509391785,2.9644009359180927,2.629061833024025,2.3045260570943356,2.0641986690461636,1.7420523911714554,1.4705919586122036,1.2145904749631882,0.9886651262640953,0.8041514456272125,0.6265781298279762,0.4664626903831959,0.002720508724451065,0.22270452231168747,0.1575305536389351,0.06504299864172935,0.0007135942578315735,0.0006391257047653198,0.0,0.0,0.0,0.0,0.0,0.0,0.0,0.0,0.0,0.0,0.0,0.0,0.0,0.0,0.0,0.0,0.0,0.0,0.0,0.0,95.09994500875473
33,8.789870020002127,8.210465963929892,7.769726302474737,7.272406920790672,6.76255789399147,6.311815816909075,5.807508748024702,5.401175204664469,4.932669382542372,4.375743877142668,0.00621848925948143,0.005731474608182907,0.006673727184534073,0.005322430282831192,0.005780249834060669,2.581142757087946,2.2064825482666492,1.9630653336644173,1.7187169156968594,1.5019621923565865,1.1997304111719131,1.0535343550145626,0.7556744068861008,0.0030666477978229523,0.0029199309647083282,0.4138384722173214,0.29087991267442703,0.0014500804245471954,0.0013932138681411743,0.0006585046648979187,0.0008953139185905457,0.0009222328662872314,0.0,0.0,0.0,0.0,0.0,0.0,0.0,0.0,0.0,0.0,0.0,0.0,0.0,0.0,0.0,0.0,0.0,0.0,79.35999973118305
34,9.014003340154886,8.318791054189205,7.8757702969014645,7.333686385303736,6.894327510148287,6.362563569098711,5.9566226452589035,5.244602993130684,4.84968838468194,4.455201152712107,3.9978272393345833,3.713984813541174,3.3241350762546062,2.7580728232860565,0.004851549863815308,0.005546629428863525,0.006177574396133423,0.005387607961893082,0.0050868503749370575,0.004511479288339615,0.004999104887247086,0.003964785486459732,0.0038519911468029022,0.002838827669620514,0.0033844076097011566,0.5514496341347694,0.3616207651793957,0.0023220404982566833,0.0019376836717128754,0.06395293399691582,0.008899450302124023,0.0004100017249584198,0.0,0.0,0.0,0.0,0.0,0.0,0.0,0.0,0.0,0.0,0.0,0.0,0.0,0.0,0.0,0.0,0.0,0.0,81.14047060161829
35,9.201702579855919,8.3639462813735,7.839860770851374,7.394752126187086,6.744912452995777,6.479572925716639,5.910018924623728,5.327711630612612,4.882117975503206,0.0076495930552482605,0.00822368636727333,3.7821069210767746,3.4902920611202717,0.006658144295215607,0.006607454270124435,0.0031162165105342865,0.003940954804420471,0.005066674202680588,0.004846896976232529,0.0037957951426506042,1.0540967658162117,0.004007209092378616,0.0032345056533813477,0.002839472144842148,0.5957191027700901,0.0015595629811286926,0.25283025950193405,0.0018416307866573334,0.0019050203263759613,0.0007756613194942474,0.0005867220461368561,0.00034513697028160095,0.0,0.0,0.0,0.0,0.0,0.0,0.0,0.0,0.0,0.0,0.0,0.0,0.0,0.0,0.0,0.0,0.0,0.0,71.38664111495018
36,9.29007327184081,8.827032636851072,8.287120539695024,7.685604311525822,7.223311636596918,6.7774329744279385,6.143782567232847,5.9661694429814816,5.463920660316944,4.967354152351618,4.42199119925499,4.279561601579189,3.6565443389117718,3.3370169699192047,2.983989294618368,2.490095730870962,2.192257035523653,1.811727236956358,1.6629208959639072,0.004922308027744293,0.003082539886236191,1.0223254300653934,0.0038890205323696136,0.0032141022384166718,0.5211647599935532,0.4067317433655262,0.226113423705101,0.0009349212050437927,0.11630856990814209,0.0009081363677978516,0.0009150020778179169,0.0008602142333984375,0.0,0.0,0.0,0.0,0.0,0.0,0.0,0.0,0.0,0.0,0.0,0.0,0.0,0.0,0.0,0.0,0.0,0.0,99.77927666902542
37,9.269865792244673,8.925439096987247,8.126357607543468,7.749545745551586,7.083745867013931,6.798949036747217,6.540102392435074,5.816214952617884,5.58668078482151,4.870817873626947,4.55631760507822,3.98134845495224,3.5656222589313984,3.241085086017847,0.005573771893978119,2.6786376871168613,0.0032561644911766052,0.0030903182923793793,0.0044695548713207245,0.002584930509328842,0.0025785155594348907,1.3263937458395958,1.1712850034236908,0.8435573317110538,0.6749801337718964,0.0016263574361801147,0.002968180924654007,0.002503376454114914,0.0017374157905578613,0.0030958540737628937,0.047425780445337296,0.012974604964256287,0.0006256885826587677,0.0,0.0,0.0,0.0,0.0,0.0,0.0,0.0,0.0,0.0,0.0,0.0,0.0,0.0,0.0,0.0,0.0,92.90145697072148
38,9.417520724236965,8.451116912066936,8.382176857441664,7.831313047558069,7.421892240643501,6.821549639105797,6.427511669695377,5.742362342774868,5.250231470912695,3.8343108035624027,0.004046797752380371,4.344662740826607,4.099519446492195,3.5142535902559757,3.1585021391510963,2.8334845788776875,2.386877853423357,2.1517966128885746,1.7419605255126953,1.6033341474831104,1.2828441970050335,1.0303575210273266,0.00386694073677063,0.5017770826816559,0.002553507685661316,0.0019982606172561646,0.2207847535610199,0.11177007853984833,0.0014619864523410797,0.0005297809839248657,0.0019168071448802948,0.0002842657268047333,0.0,0.0,0.0,0.0,0.0,0.0,0.0,0.0,0.0,0.0,0.0,0.0,0.0,0.0,0.0,0.0,0.0,0.0,98.57856932282448
39,9.062390305101871,8.700332809239626,8.181569028645754,7.759654723107815,7.374399196356535,6.8987248577177525,6.212494660168886,5.686608269810677,5.530255224555731,4.888117332011461,4.53555054962635,3.8959186747670174,3.5802513025701046,3.244175150990486,2.7777536883950233,0.006505850702524185,0.005716491490602493,0.005465734750032425,0.00426916778087616,0.005160413682460785,1.3115963451564312,1.0781570971012115,0.0042946599423885345,0.003744751214981079,0.6059403494000435,0.4156035892665386,0.2955978810787201,0.0011044107377529144,0.0013803131878376007,0.001601722091436386,0.008362535387277603,0.0002811513841152191,0.0,0.0,0.0,0.0,0.0,0.0,0.0,0.0,0.0,0.0,0.0,0.0,0.0,0.0,0.0,0.0,0.0,0.0,92.08297823742032
40,9.181159544736147,8.603814788162708,8.342680372297764,7.552403520792723,7.170573312789202,6.4192902483046055,6.029507290571928,5.567508827894926,4.926912009716034,0.006299514323472977,0.004958901554346085,0.006131608039140701,0.0070214830338954926,3.7877378910779953,3.205374512821436,2.988118052482605,2.5021899081766605,0.002940163016319275,2.144074898213148,1.765855923295021,0.004873055964708328,0.005114752799272537,1.1343430019915104,0.004171822220087051,0.003860924392938614,0.0037314333021640778,0.0035608336329460144,0.00340140238404274,0.003038264811038971,0.0020916648209095,0.002707846462726593,0.0,0.0,0.0,0.0,0.0,0.0,0.0,0.0,0.0,0.0,0.0,0.0,0.0,0.0,0.0,0.0,0.0,0.0,0.0,81.38544777408242
41,9.028373569250107,8.539816424250603,7.8539565578103065,7.327197216451168,7.07157052308321,6.357799511402845,5.97707425057888,5.590096935629845,5.04616079851985,4.5628248937428,4.565714202821255,3.6176458075642586,3.2292004264891148,0.0034089088439941406,2.558008249849081,2.255168851464987,0.00480351597070694,0.005185976624488831,0.005069117993116379,0.0051808953285217285,1.1420055739581585,0.004111524671316147,0.003119751811027527,0.680219255387783,0.00166335329413414,0.001568138599395752,0.0014213137328624725,0.23184292018413544,0.0016014613211154938,0.0009103938937187195,0.0010172612965106964,0.0005340576171875,0.00030253827571868896,0.0,0.0,0.0,0.0,0.0,0.0,0.0,0.0,0.0,0.0,0.0,0.0,0.0,0.0,0.0,0.0,0.0,85.6745741777122
42,9.670976541936398,8.412437073886395,7.912040274590254,7.817534852772951,6.847126126289368,6.360524166375399,6.1190299689769745,5.330517083406448,4.9202209413051605,4.601358935236931,4.039930894970894,3.614040456712246,3.2244710326194763,2.9053541533648968,2.5924027301371098,2.353404227644205,1.987377017736435,0.002717498689889908,0.005068887025117874,0.004093300551176071,0.0040565356612205505,0.003922369331121445,0.0035556480288505554,0.002533137798309326,0.0027478784322738647,0.0019900910556316376,0.0019104741513729095,0.1965959444642067,0.15005730465054512,0.029033109545707703,0.0005004741251468658,0.00043274834752082825,0.0,0.0,0.0,0.0,0.0,0.0,0.0,0.0,0.0,0.0,0.0,0.0,0.0,0.0,0.0,0.0,0.0,0.0,89.11796187981963
43,9.18505622446537,8.29439326748252,7.723618410527706,7.717523254454136,6.667938366532326,6.2157160975039005,5.738650389015675,5.3610959649086,4.677060190588236,0.004154343158006668,0.00396314263343811,3.732546404004097,3.9901715479791164,0.003535766154527664,0.003488972783088684,0.003182157874107361,0.006312988698482513,2.1813374161720276,1.9145308025181293,1.6719736233353615,1.4188015684485435,1.1600658185780048,0.004335951060056686,0.0036466270685195923,0.626893438398838,0.001613117754459381,0.001941777765750885,0.001421455293893814,0.35089923441410065,0.12827138602733612,0.0013318918645381927,0.0008165091276168823,0.004568655043840408,0.0021851733326911926,0.0,0.0,0.0,0.0,0.0,0.0,0.0,0.0,0.0,0.0,0.0,0.0,0.0,0.0,0.0,0.0,78.80304193496704
44,8.815808702260256,8.290918905287981,7.822927661240101,7.364073272794485,6.814331386238337,6.342878181487322,5.81071687862277,5.36120667681098,4.8620093911886215,4.444326527416706,3.986454624682665,3.594574097543955,3.4547980576753616,2.9500969015061855,2.5946027375757694,2.181731078773737,1.922382291406393,0.0053760819137096405,0.004105307161808014,0.004657778888940811,0.003050573170185089,0.002216026186943054,0.0019366927444934845,0.0016838759183883667,0.0027211494743824005,0.0025030486285686493,0.0014492534101009369,0.0011417865753173828,0.0012204274535179138,0.0013314299285411835,0.0009532570838928223,0.0005944147706031799,0.0001663118600845337,0.0,0.0,0.0,0.0,0.0,0.0,0.0,0.0,0.0,0.0,0.0,0.0,0.0,0.0,0.0,0.0,0.0,86.6489447876811
45,9.017750181257725,8.610021963715553,7.869827535003424,8.464674279093742,6.995428461581469,6.41622619330883,5.813822068274021,6.040929835289717,4.9336177334189415,4.449282713234425,4.0094597190618515,3.541206557303667,0.006523981690406799,2.888563107699156,0.006436295807361603,0.005343765020370483,0.003994010388851166,0.003960330039262772,0.0028558894991874695,1.6433724910020828,1.397044725716114,0.0023400336503982544,0.0021645426750183105,0.00550658255815506,0.007021605968475342,0.002210009843111038,0.002082251012325287,0.0014448948204517365,0.001133512705564499,0.0011855848133563995,0.09626561775803566,0.019087787717580795,0.0005666464567184448,0.0002485401928424835,0.0,0.0,0.0,0.0,0.0,0.0,0.0,0.0,0.0,0.0,0.0,0.0,0.0,0.0,0.0,0.0,82.26159944757819
46,9.230449140071869,8.475288927555084,8.10921822488308,7.964642237871885,7.165322855114937,6.7622045166790485,6.305257696658373,5.776490245014429,5.244377288967371,4.843963485211134,4.479628063738346,4.0057818330824375,3.615448199212551,3.1483015045523643,0.006885204464197159,0.00649787113070488,0.005886077880859375,1.8295432403683662,1.6161002293229103,1.3237083740532398,1.1054914630949497,0.8270089104771614,0.0034128017723560333,0.0027739107608795166,0.0014390386641025543,0.0025678612291812897,0.002751242369413376,0.24883179739117622,0.0018844492733478546,0.11935896053910255,0.0014168769121170044,0.006722167134284973,0.0007931217551231384,0.0,0.0,0.0,0.0,0.0,0.0,0.0,0.0,0.0,0.0,0.0,0.0,0.0,0.0,0.0,0.0,0.0,92.23944781720638
47,9.183753829449415,8.731741648167372,8.611752647906542,7.5614657662808895,7.1140754744410515,6.534627296030521,5.98369363322854,5.555220950394869,5.362823013216257,4.8862021416425705,4.3867825493216515,3.912535160779953,3.624903067946434,3.191267140209675,2.8176215030252934,2.8717517107725143,2.1558891348540783,1.9087497927248478,0.002578679472208023,1.3109262809157372,0.002578210085630417,0.0039466507732868195,0.003818303346633911,0.7046195082366467,0.5164756514132023,0.36904503032565117,0.23170563951134682,0.15619458258152008,0.06747555732727051,0.009161386638879776,0.000408317893743515,0.0,0.0,0.0,0.0,0.0,0.0,0.0,0.0,0.0,0.0,0.0,0.0,0.0,0.0,0.0,0.0,0.0,0.0,0.0,97.77379025891423
48,9.063842624425888,8.576697576791048,8.027688313275576,7.499728906899691,7.243826434016228,7.1879759058356285,6.0260234624147415,5.702405191957951,5.402965873479843,4.819566488265991,4.396246545016766,3.9939685873687267,3.4720472022891045,0.006282579153776169,0.00519208237528801,0.00493544340133667,0.006072107702493668,0.003353562206029892,2.1585309579968452,0.003110300749540329,0.0024905167520046234,1.283768605440855,0.004359539598226547,0.0022707507014274597,0.0021179430186748505,0.0023428648710250854,0.7432995773851871,0.0032604411244392395,0.0028654970228672028,0.00296175479888916,0.0028555579483509064,0.0027583204209804535,0.0,0.0,0.0,0.0,0.0,0.0,0.0,0.0,0.0,0.0,0.0,0.0,0.0,0.0,0.0,0.0,0.0,0.0,85.65581151470542
49,9.194580510258675,8.586516916751862,8.04976611956954,7.635489337146282,7.2107206992805,6.700047962367535,6.261475440114737,5.849449813365936,5.347273163497448,4.767803497612476,4.42615232989192,3.764557011425495,0.006656724959611893,0.007040396332740784,0.005910951644182205,2.962527260184288,2.389164727181196,0.006148010492324829,0.0057332925498485565,0.0047393664717674255,0.005202140659093857,0.003174327313899994,1.200190458446741,0.9957773834466934,0.7862402312457561,0.0037172213196754456,0.0029499083757400513,0.0020976290106773376,0.002629142254590988,0.0024863556027412415,0.0,0.0,0.0,0.0,0.0,0.0,0.0,0.0,0.0,0.0,0.0,0.0,0.0,0.0,0.0,0.0,0.0,0.0,0.0,0.0,86.18621832877398
50,9.120578426867723,8.539631873369217,8.231417778879404,7.789982240647078,7.261898096650839,6.733998671174049,6.2546616569161415,5.698852721601725,5.271086350083351,4.833557717502117,4.421018291264772,3.792792409658432,0.013771377503871918,0.0036358237266540527,0.003563541918992996,2.711272429674864,2.4959293454885483,1.9727190025150776,0.0028596259653568268,0.0024915598332881927,1.4213549941778183,0.0025596581399440765,0.0029646381735801697,0.001802980899810791,0.0017536059021949768,0.0021935589611530304,0.0016686506569385529,0.30196333304047585,0.18063604459166527,0.13890110701322556,0.023467406630516052,0.004134960472583771,0.0002068355679512024,0.0,0.0,0.0,0.0,0.0,0.0,0.0,0.0,0.0,0.0,0.0,0.0,0.0,0.0,0.0,0.0,0.0,87.23932671546936

total time per move x,450.47229390591383,421.7165389806032,397.4453917592764,373.62484845891595,349.280615773052,323.9240065179765,297.7281700447202,274.4993662536144,248.22414024174213,207.22684678062797,171.97194914892316,154.6629312708974,127.18360834941268,98.70998686179519,76.9808332696557,84.63346622884274,60.073055282235146,42.49605031311512,37.59398413822055,26.515548311173916,28.587937340140343,18.25979107618332,12.641430102288723,9.746388118714094,11.043563649058342,7.827912248671055,4.944199968129396,3.3575678691267967,2.9170769415795803,1.0213466584682465,0.4373239018023014,0.22144939005374908,0.03403788059949875,0.006474882364273071,0,0,0,0,0,0,0,0,0,0,0,0,0,0,0,0,4326.010131917894
average time per move x,9.009445878118276,8.434330779612065,7.948907835185528,7.472496969178319,6.985612315461039,6.4784801303595305,5.954563400894403,5.489987325072288,4.964482804834843,4.144536935612559,3.439438982978463,3.0932586254179477,2.5436721669882534,1.9741997372359037,1.539616665393114,1.6926693245768547,1.2014611056447029,0.8499210062623024,0.751879682764411,0.5303109662234783,0.5717587468028068,0.36519582152366636,0.25282860204577445,0.1949277623742819,0.2253788499807825,0.15975331119736846,0.10090204016590605,0.06852179324748564,0.059532182481215924,0.021278055384755135,0.01017032329772794,0.006327125430107117,0.0018909933666388194,0.0016187205910682678,nan,nan,nan,nan,nan,nan,nan,nan,nan,nan,nan,nan,nan,nan,nan,nan,86.52020263835787
std of time per move x,0.2109891063832122,0.17798861219787956,0.22300705623354913,0.25011898772348345,0.22439128099841377,0.2510020057897534,0.39351094463538744,0.3471315963893059,0.7516460680525324,1.4129323763969361,1.6362497875769826,1.477098060886471,1.5327489306206554,1.5018873821650836,1.380414460176842,1.1898861841915154,1.1257803422130455,0.9724166250051427,0.8614388758397948,0.7169312292481859,0.6328645013768532,0.49468396509138546,0.4212140052644685,0.33013872923966997,0.29943817952271856,0.20673028744211547,0.15557978677808343,0.11304187026067171,0.1009177016155646,0.04803318222892464,0.020641899765068993,0.01493227963103958,0.002979946949992731,0.0016114688736147203,nan,nan,nan,nan,nan,nan,nan,nan,nan,nan,nan,nan,nan,nan,nan,nan,7.97329185764897
err of average time,0.029838365576011844,0.025171390931820657,0.03153796034303846,0.03537216646455799,0.03173371928662289,0.03549704407707194,0.0556508514845613,0.04909182115419797,0.10629880635443016,0.19981881294165937,0.23140066410214644,0.2088932110660647,0.2167634325396589,0.21239895050148846,0.19522008512780245,0.16827531793640116,0.1592093828210713,0.1375204779359345,0.12182585413680705,0.1013893867691599,0.08950055609916321,0.0699588772520736,0.05956865589065036,0.04668866683553603,0.042776882788959796,0.029532898206016494,0.02222568382544049,0.016148838608667386,0.014416814516509228,0.006932992672475997,0.0031478602031219495,0.002524015932593813,0.0007023802319720099,0.0008057344368073601,nan,nan,nan,nan,nan,nan,nan,nan,nan,nan,nan,nan,nan,nan,nan,nan,1.1275937481846143
