Contains move time for player Roxanne; opponent is Edax3
Colums refer to move number, rows to game number
game,1,2,3,4,5,6,7,8,9,10,11,12,13,14,15,16,17,18,19,20,21,22,23,24,25,26,27,28,29,30,31,32,33,34,35,36,37,38,39,40,41,42,43,44,45,46,47,48,49,50,total
1,0.01214015856385231,0.01193863432854414,0.011547070927917957,0.011297082528471947,0.01099017821252346,0.00985620729625225,0.010295952670276165,0.009883102960884571,0.009405424818396568,0.00900608953088522,0.008541884832084179,0.008029170334339142,0.00737371202558279,0.007079464383423328,0.006728390231728554,0.006423283368349075,0.005936103872954845,0.005523765459656715,0.0051261018961668015,0.004683703184127808,0.004294291138648987,0.003586496226489544,0.0033788345754146576,0.0028346823528409004,0.002689688466489315,0.0021750852465629578,0.0019941627979278564,0.0018866192549467087,0.0013903826475143433,0.001319332979619503,0.0008305106312036514,0.00034545641392469406,0.0,0.0,0.0,0.0,0.0,0.0,0.0,0.0,0.0,0.0,0.0,0.0,0.0,0.0,0.0,0.0,0.0,0.0,0.19853102415800095
2,0.011967428028583527,0.011529825627803802,0.011495721526443958,0.0111536281183362,0.010823276825249195,0.01053800992667675,0.010128021240234375,0.009725550189614296,0.009395954199135303,0.008832326158881187,0.00861272681504488,0.008162138983607292,0.007709810510277748,0.006630978547036648,0.006672609597444534,0.006382893770933151,0.006032276898622513,0.005497968755662441,0.0051625678315758705,0.004760465584695339,0.004333018325269222,0.004034651443362236,0.003583456389605999,0.003070589154958725,0.0026374347507953644,0.002203783020377159,0.001766979694366455,0.001322646625339985,0.0007863389328122139,0.0006995843723416328,0.0,0.0,0.0,0.0,0.0,0.0,0.0,0.0,0.0,0.0,0.0,0.0,0.0,0.0,0.0,0.0,0.0,0.0,0.0,0.0,0.195652661845088
3,0.011965076439082623,0.011539697647094727,0.011332913301885128,0.011068394407629967,0.010719282552599907,0.010393679141998291,0.009592468850314617,0.009747689589858055,0.00935187004506588,0.008853988721966743,0.008309966884553432,0.007971025072038174,0.0075534675270318985,0.007150260731577873,0.006795634515583515,0.006432574242353439,0.006116445176303387,0.005730501376092434,0.005203769542276859,0.004855131730437279,0.004474524408578873,0.0039060385897755623,0.0033771544694900513,0.0029391488060355186,0.002512432634830475,0.002000316046178341,0.001854732632637024,0.0015236260369420052,0.000994216650724411,0.0007646484300494194,0.000673818401992321,0.0,0.0,0.0,0.0,0.0,0.0,0.0,0.0,0.0,0.0,0.0,0.0,0.0,0.0,0.0,0.0,0.0,0.0,0.0,0.19570449460297823
4,0.01195561047643423,0.01170348096638918,0.011274883523583412,0.011058694683015347,0.010774183087050915,0.01026484277099371,0.00999907311052084,0.009475977160036564,0.009280972182750702,0.008829142898321152,0.008325920440256596,0.007974018342792988,0.007564304396510124,0.007090060971677303,0.0065901195630431175,0.006342623382806778,0.00577933806926012,0.00532534159719944,0.004878825508058071,0.0043843816965818405,0.004309818148612976,0.003907475620508194,0.0035148458555340767,0.0031155385076999664,0.002743339166045189,0.002451421692967415,0.0019224593415856361,0.0015309592708945274,0.0010242825374007225,0.0009139608591794968,0.0005414402112364769,0.0,0.0,0.0,0.0,0.0,0.0,0.0,0.0,0.0,0.0,0.0,0.0,0.0,0.0,0.0,0.0,0.0,0.0,0.0,0.1948473360389471
5,0.012090489268302917,0.011693608947098255,0.011400332674384117,0.011225971393287182,0.010785270482301712,0.010414817370474339,0.010072782635688782,0.009619933553040028,0.009137936867773533,0.008781167678534985,0.008399013429880142,0.007951200939714909,0.007514657452702522,0.007114711217582226,0.0066038453951478004,0.0060508642345666885,0.005891168490052223,0.005324190482497215,0.00780322402715683,0.0048926519230008125,0.004695805720984936,0.004503102041780949,0.0043624090030789375,0.004041005857288837,0.00353994220495224,0.0033789481967687607,0.0,0.0,0.0,0.0,0.0,0.0,0.0,0.0,0.0,0.0,0.0,0.0,0.0,0.0,0.0,0.0,0.0,0.0,0.0,0.0,0.0,0.0,0.0,0.0,0.19728905148804188
6,0.012504969723522663,0.011932237073779106,0.011630276218056679,0.011294838041067123,0.011004919186234474,0.0106290802359581,0.009860801510512829,0.009946831502020359,0.009507323615252972,0.009235115721821785,0.008793041110038757,0.008175317198038101,0.007722791284322739,0.007385721430182457,0.0068480269983410835,0.006355566903948784,0.006235118024051189,0.005918584764003754,0.005521965213119984,0.004873547703027725,0.004302050918340683,0.0039010848850011826,0.003506915643811226,0.0031149527058005333,0.0027721459046006203,0.002385328523814678,0.002015046775341034,0.0014821160584688187,0.0011059707030653954,0.0006952807307243347,0.0,0.0,0.0,0.0,0.0,0.0,0.0,0.0,0.0,0.0,0.0,0.0,0.0,0.0,0.0,0.0,0.0,0.0,0.0,0.0,0.20065696630626917
7,0.012218941934406757,0.012069450691342354,0.01173072773963213,0.011396476998925209,0.01112032774835825,0.010654259473085403,0.010142873041331768,0.00972500815987587,0.009375234134495258,0.009011730551719666,0.008573852479457855,0.008054040372371674,0.007575133815407753,0.007364151068031788,0.007224727421998978,0.006749187596142292,0.006280125118792057,0.005716080777347088,0.005587187595665455,0.005156517960131168,0.004819908179342747,0.004421951249241829,0.0040763625875115395,0.00350135937333107,0.0033070724457502365,0.0032485760748386383,0.002777022309601307,0.002396651543676853,0.00202823244035244,0.0015359027311205864,0.0010820329189300537,0.0009727757424116135,0.00042098015546798706,0.0,0.0,0.0,0.0,0.0,0.0,0.0,0.0,0.0,0.0,0.0,0.0,0.0,0.0,0.0,0.0,0.0,0.21031486243009567
8,0.012538875453174114,0.011984927579760551,0.011761325411498547,0.011552810668945312,0.011246069334447384,0.010802439413964748,0.010528119280934334,0.01010850165039301,0.009768549352884293,0.009323100559413433,0.008844773285090923,0.008449813351035118,0.00809822790324688,0.0076667871326208115,0.007125392556190491,0.0066241249442100525,0.006221831776201725,0.005786195397377014,0.004959008656442165,0.004816262051463127,0.0044267987832427025,0.003885716199874878,0.0037855729460716248,0.0032713692635297775,0.0030835559591650963,0.0028933119028806686,0.0027728714048862457,0.004227165132761002,0.002022978849709034,0.0019151335582137108,0.0015426306053996086,0.0011046333238482475,0.0006338488310575485,0.0004009231925010681,0.0,0.0,0.0,0.0,0.0,0.0,0.0,0.0,0.0,0.0,0.0,0.0,0.0,0.0,0.0,0.0,0.21417364571243525
9,0.01234210655093193,0.012063681147992611,0.011872036382555962,0.01151379756629467,0.011104488745331764,0.01077431719750166,0.010303240269422531,0.01000279001891613,0.009633583016693592,0.009110227227210999,0.008700869977474213,0.008390414528548717,0.007897197268903255,0.0075704175978899,0.006548997946083546,0.0065364111214876175,0.006042558699846268,0.005528682842850685,0.005310765467584133,0.004843301139771938,0.004356024786829948,0.003947899676859379,0.003562542609870434,0.0030715884640812874,0.0026852432638406754,0.0024404283612966537,0.0019063958898186684,0.0015106219798326492,0.0009990297257900238,0.0008789962157607079,0.0003423606976866722,0.0,0.0,0.0,0.0,0.0,0.0,0.0,0.0,0.0,0.0,0.0,0.0,0.0,0.0,0.0,0.0,0.0,0.0,0.0,0.20179101638495922
10,0.01246498990803957,0.01207798533141613,0.011676430702209473,0.011351962573826313,0.011015010997653008,0.010845879092812538,0.010385177098214626,0.010061778128147125,0.009686514735221863,0.009156427346169949,0.008765516802668571,0.008226064033806324,0.007737644016742706,0.007308267056941986,0.006819907575845718,0.0065029077231884,0.005877861753106117,0.0052690813317894936,0.005634545348584652,0.005233985371887684,0.004797202534973621,0.004350998438894749,0.003991491161286831,0.003543742001056671,0.003157549537718296,0.0028653116896748543,0.0023787952959537506,0.001781926490366459,0.0016350559890270233,0.0011763600632548332,0.0006987201049923897,0.0,0.0,0.0,0.0,0.0,0.0,0.0,0.0,0.0,0.0,0.0,0.0,0.0,0.0,0.0,0.0,0.0,0.0,0.0,0.20647509023547173
11,0.01220819354057312,0.011827533133327961,0.011486669071018696,0.011317823082208633,0.010844361037015915,0.010682996362447739,0.010025490075349808,0.009833340533077717,0.009439267218112946,0.008477859199047089,0.00870808307081461,0.008191684260964394,0.007713311351835728,0.007279969751834869,0.006843619979918003,0.006458904594182968,0.005949867889285088,0.005496197380125523,0.005005447193980217,0.004622775129973888,0.004227255471050739,0.0038827722892165184,0.003414166159927845,0.003011249005794525,0.0026256022974848747,0.002298644743859768,0.001892576925456524,0.00138779915869236,0.0009559066966176033,0.0003807302564382553,0.0,0.0,0.0,0.0,0.0,0.0,0.0,0.0,0.0,0.0,0.0,0.0,0.0,0.0,0.0,0.0,0.0,0.0,0.0,0.0,0.19649009685963392
12,0.012204405851662159,0.011794990859925747,0.011433673091232777,0.011255594901740551,0.010887471958994865,0.010707364417612553,0.010213086381554604,0.009768364951014519,0.00947280041873455,0.009047029539942741,0.00850709155201912,0.008120803162455559,0.007691636681556702,0.007246724329888821,0.00689472071826458,0.006322895176708698,0.005761587992310524,0.0053758518770337105,0.004983009770512581,0.004498612135648727,0.004431482404470444,0.003996768966317177,0.003591335378587246,0.0031047919765114784,0.0029434487223625183,0.00288489181548357,0.0023640794679522514,0.0020326459780335426,0.0015649553388357162,0.0010794959962368011,0.0008842861279845238,0.0,0.0,0.0,0.0,0.0,0.0,0.0,0.0,0.0,0.0,0.0,0.0,0.0,0.0,0.0,0.0,0.0,0.0,0.0,0.20106589794158936
13,0.01216696947813034,0.011781423352658749,0.011583436280488968,0.011361041106283665,0.010849928483366966,0.01049149688333273,0.010217852890491486,0.009702298790216446,0.00944355595856905,0.009123092517256737,0.008730864152312279,0.008227099664509296,0.006709586828947067,0.007104809395968914,0.006749921478331089,0.00638927984982729,0.005936799570918083,0.005496392026543617,0.004965602420270443,0.004565832205116749,0.003942052833735943,0.003621351905167103,0.003521289676427841,0.0031268754974007607,0.0028316620737314224,0.0023316023871302605,0.002051173709332943,0.0015276828780770302,0.0010543996468186378,0.0009641330689191818,0.000370820052921772,0.0,0.0,0.0,0.0,0.0,0.0,0.0,0.0,0.0,0.0,0.0,0.0,0.0,0.0,0.0,0.0,0.0,0.0,0.0,0.19694032706320286
14,0.012130334973335266,0.01179156918078661,0.01174012478441,0.01127228606492281,0.01096314750611782,0.010636934079229832,0.010323981754481792,0.009850230067968369,0.00936590414494276,0.008670438081026077,0.00826351810246706,0.007866136729717255,0.00686561968177557,0.007190701551735401,0.006620575673878193,0.0061669740825891495,0.0058878520503640175,0.005291982553899288,0.0052261799573898315,0.004759296774864197,0.00438283197581768,0.003973204642534256,0.0035422947257757187,0.0032678786665201187,0.002874951809644699,0.002350284717977047,0.0021223630756139755,0.001462661661207676,0.0012660687789320946,0.0010740682482719421,0.0008487161248922348,0.0007844455540180206,0.0,0.0,0.0,0.0,0.0,0.0,0.0,0.0,0.0,0.0,0.0,0.0,0.0,0.0,0.0,0.0,0.0,0.0,0.19883355777710676
15,0.012165828607976437,0.011785482987761497,0.011516052298247814,0.011184192262589931,0.010931256227195263,0.010380539111793041,0.010233660228550434,0.009874009527266026,0.009486173279583454,0.009020339697599411,0.008587476797401905,0.008060670457780361,0.00754186324775219,0.00707861315459013,0.0067548733204603195,0.006162875331938267,0.0057953521609306335,0.005338577553629875,0.005148467607796192,0.00462193600833416,0.004205307923257351,0.0037133293226361275,0.0036705192178487778,0.0031594885513186455,0.0027362992987036705,0.00224105641245842,0.0020398059859871864,0.001984972506761551,0.0015315404161810875,0.0010626455768942833,0.0008870260789990425,0.0005476297810673714,0.0,0.0,0.0,0.0,0.0,0.0,0.0,0.0,0.0,0.0,0.0,0.0,0.0,0.0,0.0,0.0,0.0,0.0,0.19944786094129086
16,0.012269643135368824,0.011931386776268482,0.01156473159790039,0.011445276439189911,0.011129391379654408,0.010765540413558483,0.010322642512619495,0.00993930734694004,0.009472547098994255,0.008990667760372162,0.00867954920977354,0.008319941349327564,0.0077987778931856155,0.007542060688138008,0.007119867950677872,0.006567227654159069,0.0062874844297766685,0.005932241678237915,0.005435595288872719,0.005018937401473522,0.004527959041297436,0.00404986459761858,0.0035889819264411926,0.0030959434807300568,0.0029977625235915184,0.0024454426020383835,0.0024133389815688133,0.0018659932538866997,0.0016442565247416496,0.0015678973868489265,0.0010588029399514198,0.0009306659922003746,0.0003984728828072548,0.0,0.0,0.0,0.0,0.0,0.0,0.0,0.0,0.0,0.0,0.0,0.0,0.0,0.0,0.0,0.0,0.0,0.20711820013821125
17,0.012540590949356556,0.01198850478976965,0.011744186282157898,0.011487924493849277,0.011230295524001122,0.010752839036285877,0.010517238639295101,0.00989020336419344,0.00959710218012333,0.009250713512301445,0.008691082708537579,0.008374810218811035,0.007400458678603172,0.007636895403265953,0.0070726219564676285,0.006509208120405674,0.006110190413892269,0.005674424581229687,0.005072968080639839,0.004785865545272827,0.004400304518640041,0.004002662375569344,0.0034942692145705223,0.003298955038189888,0.0027121221646666527,0.0023047123104333878,0.001941516064107418,0.0015811696648597717,0.00107505451887846,0.0006439834833145142,0.0,0.0,0.0,0.0,0.0,0.0,0.0,0.0,0.0,0.0,0.0,0.0,0.0,0.0,0.0,0.0,0.0,0.0,0.0,0.0,0.20178287383168936
18,0.012449339963495731,0.01233577448874712,0.011656416580080986,0.011281340382993221,0.011057993397116661,0.010775694623589516,0.010335332714021206,0.008584934286773205,0.009584857150912285,0.008939247578382492,0.008403566665947437,0.007954400032758713,0.0074492646381258965,0.00727644469588995,0.006820031441748142,0.006620985455811024,0.006455139257013798,0.006297447718679905,0.00611596554517746,0.006017891690135002,0.005432584322988987,0.0053644608706235886,0.005247581750154495,0.004717059433460236,0.00450664758682251,0.0043306415900588036,0.004207851365208626,0.0040960656479001045,0.004016756080091,0.0,0.0,0.0,0.0,0.0,0.0,0.0,0.0,0.0,0.0,0.0,0.0,0.0,0.0,0.0,0.0,0.0,0.0,0.0,0.0,0.0,0.2183317169547081
19,0.012462735176086426,0.012026277370750904,0.011595715768635273,0.011411797255277634,0.011041399091482162,0.010721966624259949,0.010293018072843552,0.009972880594432354,0.009535188786685467,0.00892454944550991,0.007893446832895279,0.008011703379452229,0.007728783413767815,0.007193014957010746,0.0066630104556679726,0.006561477668583393,0.006063301116228104,0.005878168158233166,0.00586505513638258,0.005338688381016254,0.004998541437089443,0.004475608468055725,0.004265345633029938,0.004074345342814922,0.004020995460450649,0.0035214750096201897,0.003467375412583351,0.0031046122312545776,0.002736365422606468,0.002225209027528763,0.0018082065507769585,0.0012702839449048042,0.0010311631485819817,0.0008235368877649307,0.0006694560870528221,0.0003106137737631798,0.0,0.0,0.0,0.0,0.0,0.0,0.0,0.0,0.0,0.0,0.0,0.0,0.0,0.0,0.21798531152307987
20,0.012415887787938118,0.011977544985711575,0.011547495611011982,0.011396112851798534,0.011195452883839607,0.011001712642610073,0.010410645045340061,0.010077882558107376,0.008904356509447098,0.009145863354206085,0.008675480261445045,0.008407234214246273,0.007891076616942883,0.00764567032456398,0.007147564552724361,0.006526651792228222,0.006056535057723522,0.005626387894153595,0.005190001800656319,0.004755578003823757,0.0043381815776228905,0.0039101094007492065,0.003545384854078293,0.0031467117369174957,0.002784016542136669,0.002277841791510582,0.0019355658441781998,0.001501007005572319,0.0009926361963152885,0.000820232555270195,0.0006441930308938026,0.0003027161583304405,0.0,0.0,0.0,0.0,0.0,0.0,0.0,0.0,0.0,0.0,0.0,0.0,0.0,0.0,0.0,0.0,0.0,0.0,0.20219373144209385
21,0.012126023881137371,0.011631143279373646,0.011513616889715195,0.013397576287388802,0.01098658423870802,0.010321613401174545,0.010078082792460918,0.009791410528123379,0.009402570314705372,0.008997930213809013,0.008678757585585117,0.008038477972149849,0.007558316923677921,0.007193606346845627,0.0067878104746341705,0.006385505199432373,0.005908384919166565,0.005460840649902821,0.004891460761427879,0.0048464322462677956,0.0043464647606015205,0.003958186134696007,0.003712638281285763,0.003211802802979946,0.0027049286291003227,0.0025818226858973503,0.002065190114080906,0.0019672298803925514,0.0014591962099075317,0.0013577202335000038,0.0009197825565934181,0.0003529731184244156,0.0,0.0,0.0,0.0,0.0,0.0,0.0,0.0,0.0,0.0,0.0,0.0,0.0,0.0,0.0,0.0,0.0,0.0,0.20263408031314611
22,0.012054193764925003,0.011739988811314106,0.011419338174164295,0.011276626028120518,0.010812608525156975,0.01059294305741787,0.01028511393815279,0.00981490034610033,0.009433439932763577,0.008998177014291286,0.008578857406973839,0.008094833232462406,0.0076928939670324326,0.0073287710547447205,0.006770547479391098,0.0062554581090807915,0.005763043649494648,0.005402799695730209,0.004870383068919182,0.00455847755074501,0.004044628702104092,0.003987572155892849,0.003548591397702694,0.0031509660184383392,0.0027456888929009438,0.0023910189047455788,0.0020547229796648026,0.0014559989795088768,0.0013928459957242012,0.0009505860507488251,0.00031831953674554825,0.0,0.0,0.0,0.0,0.0,0.0,0.0,0.0,0.0,0.0,0.0,0.0,0.0,0.0,0.0,0.0,0.0,0.0,0.0,0.19778433442115784
23,0.012052183039486408,0.011682103388011456,0.011475161649286747,0.01118627842515707,0.01091654971241951,0.010529915802180767,0.010002155788242817,0.009562176652252674,0.009372164495289326,0.008947979658842087,0.007604106329381466,0.007883528247475624,0.007541891187429428,0.007034413516521454,0.006571044214069843,0.006373818032443523,0.0060163941234350204,0.005758127197623253,0.005220768041908741,0.0048421574756503105,0.004498545080423355,0.004000368528068066,0.003599831834435463,0.003221164457499981,0.002728472463786602,0.0022554295137524605,0.0020770933479070663,0.001986432820558548,0.0014655226841568947,0.0012760302051901817,0.0010778503492474556,0.0005676653236150742,0.0003821449354290962,0.0,0.0,0.0,0.0,0.0,0.0,0.0,0.0,0.0,0.0,0.0,0.0,0.0,0.0,0.0,0.0,0.0,0.19970946852117777
24,0.012179426848888397,0.011892182752490044,0.010738255456089973,0.011225049383938313,0.010166767984628677,0.010496437549591064,0.010123126208782196,0.009798474609851837,0.009516775608062744,0.009056353010237217,0.008513621054589748,0.008060811087489128,0.0073785241693258286,0.0072553567588329315,0.006826641038060188,0.006413371302187443,0.006077904254198074,0.0055503249168396,0.0053572580218315125,0.0049813054502010345,0.004471266642212868,0.004008742049336433,0.0036097150295972824,0.0031733252108097076,0.0028013326227664948,0.002331598661839962,0.0018791938200592995,0.0017228499054908752,0.0011783605441451073,0.0010359231382608414,0.0006730398163199425,0.0,0.0,0.0,0.0,0.0,0.0,0.0,0.0,0.0,0.0,0.0,0.0,0.0,0.0,0.0,0.0,0.0,0.0,0.0,0.19849331490695477
25,0.012087365612387657,0.011752262711524963,0.011599534191191196,0.011315856128931046,0.01087432261556387,0.010636171326041222,0.010303636081516743,0.009833013638854027,0.00941346026957035,0.00879586674273014,0.008427727036178112,0.007899527437984943,0.007487056776881218,0.0070538828149437904,0.0066602518782019615,0.006300763227045536,0.0057622576132416725,0.005676283501088619,0.004491784609854221,0.004964551888406277,0.004475370980799198,0.004081775434315205,0.0035235686227679253,0.0033963732421398163,0.003035559318959713,0.0027229953557252884,0.0022353995591402054,0.0017676036804914474,0.0014115562662482262,0.0009613838046789169,0.0005301143974065781,0.0,0.0,0.0,0.0,0.0,0.0,0.0,0.0,0.0,0.0,0.0,0.0,0.0,0.0,0.0,0.0,0.0,0.0,0.0,0.19947727676481009
26,0.01246115192770958,0.011854438111186028,0.0115937739610672,0.011247499845921993,0.010268796235322952,0.010794884525239468,0.01015631202608347,0.009550388902425766,0.009392820298671722,0.00900796428322792,0.0087444968521595,0.008384697139263153,0.007351478561758995,0.0073379939422011375,0.006857754662632942,0.006560037843883038,0.006180020049214363,0.005727152340114117,0.005299331620335579,0.004759865812957287,0.004410837776958942,0.004002588801085949,0.003671124577522278,0.0030352454632520676,0.00291232205927372,0.0025803660973906517,0.0023117894306778908,0.0017878226935863495,0.0014000264927744865,0.0009483685716986656,0.00032317452132701874,0.0,0.0,0.0,0.0,0.0,0.0,0.0,0.0,0.0,0.0,0.0,0.0,0.0,0.0,0.0,0.0,0.0,0.0,0.0,0.20091452542692423
27,0.01243406068533659,0.01204849872738123,0.011556838639080524,0.011314370669424534,0.01113605685532093,0.010675614699721336,0.010179150849580765,0.010172230191528797,0.009672877378761768,0.01123248040676117,0.008967364206910133,0.008533147163689137,0.00787991750985384,0.007359588518738747,0.006803447380661964,0.00626665074378252,0.00634406041353941,0.005854788236320019,0.005470799282193184,0.00493210181593895,0.004719461314380169,0.004542529582977295,0.004295903258025646,0.004004231654107571,0.0034475382417440414,0.003221675753593445,0.0031934482976794243,0.0027693817391991615,0.0021930402144789696,0.0021872567012906075,0.0016362620517611504,0.0014429222792387009,0.001194181852042675,0.0010264795273542404,0.0008681723847985268,0.0007146559655666351,0.0,0.0,0.0,0.0,0.0,0.0,0.0,0.0,0.0,0.0,0.0,0.0,0.0,0.0,0.2202911851927638
28,0.012305560521781445,0.011918868869543076,0.011666670441627502,0.011424312368035316,0.011230058036744595,0.010869346559047699,0.010505623184144497,0.009947286918759346,0.009477069601416588,0.008909336291253567,0.00856389757245779,0.008164746686816216,0.00771342683583498,0.007314604707062244,0.0069234613329172134,0.0064713312312960625,0.0061599984765052795,0.0057766977697610855,0.005331054329872131,0.004944550804793835,0.00424620695412159,0.0034117531031370163,0.003643680363893509,0.003229759633541107,0.0028984686359763145,0.0024232128635048866,0.0019699055701494217,0.0014333892613649368,0.001208222471177578,0.0010873805731534958,0.0006450070068240166,0.0,0.0,0.0,0.0,0.0,0.0,0.0,0.0,0.0,0.0,0.0,0.0,0.0,0.0,0.0,0.0,0.0,0.0,0.0,0.20181488897651434
29,0.01239014882594347,0.01199357770383358,0.011701946146786213,0.011376055888831615,0.011086962185800076,0.010682839900255203,0.010454878211021423,0.009782097302377224,0.009616176597774029,0.00929079856723547,0.00890455674380064,0.008471047505736351,0.007896660827100277,0.007542210631072521,0.007008234970271587,0.00658123753964901,0.006325354799628258,0.006024555303156376,0.005298667587339878,0.00481950119137764,0.004544044844806194,0.0040690284222364426,0.003586461767554283,0.00319715216755867,0.002775389701128006,0.00226020161062479,0.0019884947687387466,0.001862640492618084,0.0014618663117289543,0.0012650825083255768,0.001121940091252327,0.0005962364375591278,0.00038650911301374435,0.0,0.0,0.0,0.0,0.0,0.0,0.0,0.0,0.0,0.0,0.0,0.0,0.0,0.0,0.0,0.0,0.0,0.2063625566661358
30,0.01220945455133915,0.011985737830400467,0.011701710522174835,0.011345874518156052,0.011283539235591888,0.010876129381358624,0.010447211563587189,0.009996517561376095,0.011432046070694923,0.009238534606993198,0.008875197730958462,0.008531058207154274,0.008038204163312912,0.0074904076755046844,0.007178395055234432,0.006597476080060005,0.006145257502794266,0.005599895492196083,0.004972953349351883,0.004864108748733997,0.004753938876092434,0.0045638978481292725,0.00452430360019207,0.004006853327155113,0.003566104918718338,0.0033486448228359222,0.003201458603143692,0.0030723726376891136,0.002531781792640686,0.002342265099287033,0.002304595895111561,0.0018329685553908348,0.0,0.0,0.0,0.0,0.0,0.0,0.0,0.0,0.0,0.0,0.0,0.0,0.0,0.0,0.0,0.0,0.0,0.0,0.2188588958233595
31,0.01206260360777378,0.011743836104869843,0.011401272378861904,0.011188775300979614,0.010486683808267117,0.010622953064739704,0.010302737355232239,0.009907807223498821,0.009392383508384228,0.009103812277317047,0.008628660812973976,0.00809225719422102,0.007500766776502132,0.007282568141818047,0.006549115292727947,0.006102028302848339,0.0058984216302633286,0.005437835119664669,0.005046837963163853,0.004646392539143562,0.0041217925027012825,0.003755318932235241,0.0034142788499593735,0.0029466552659869194,0.0025767264887690544,0.0020163599401712418,0.001894863322377205,0.0014994284138083458,0.001130429096519947,0.0007625529542565346,0.0,0.0,0.0,0.0,0.0,0.0,0.0,0.0,0.0,0.0,0.0,0.0,0.0,0.0,0.0,0.0,0.0,0.0,0.0,0.0,0.19551615417003632
32,0.012083000503480434,0.01166441384702921,0.011518393643200397,0.011182432994246483,0.010871559381484985,0.010126696899533272,0.010295550338923931,0.009745179675519466,0.009231606498360634,0.0087192477658391,0.008445682935416698,0.008137766271829605,0.007723748683929443,0.007103343494236469,0.006842907518148422,0.006406586617231369,0.005985330790281296,0.0053926510736346245,0.005020983517169952,0.004708262160420418,0.004346938803792,0.003945649601519108,0.003587571904063225,0.003071429207921028,0.002566179260611534,0.002123769372701645,0.0017336765304207802,0.0013971496373414993,0.0008049402385950089,0.0005660094320774078,0.0003616129979491234,0.0,0.0,0.0,0.0,0.0,0.0,0.0,0.0,0.0,0.0,0.0,0.0,0.0,0.0,0.0,0.0,0.0,0.0,0.0,0.19571027159690857
33,0.01212584599852562,0.011814111843705177,0.011442312970757484,0.011124460957944393,0.0108594736084342,0.010507325641810894,0.010144243016839027,0.009699844755232334,0.009486041963100433,0.00904883723706007,0.00889327097684145,0.008050774224102497,0.00759901013225317,0.00713998731225729,0.0066379643976688385,0.0061355046927928925,0.0060341982170939445,0.005710764788091183,0.005386685952544212,0.004824868403375149,0.004346393048763275,0.003987523727118969,0.003503205254673958,0.003299369476735592,0.0029593557119369507,0.0027762753888964653,0.0022248169407248497,0.0020477790385484695,0.0019239159300923347,0.0015078028663992882,0.0010608555749058723,0.0009589260444045067,0.0003840941935777664,0.0,0.0,0.0,0.0,0.0,0.0,0.0,0.0,0.0,0.0,0.0,0.0,0.0,0.0,0.0,0.0,0.0,0.20364584028720856
34,0.012016955763101578,0.011793876998126507,0.011469420976936817,0.011078523471951485,0.010818964801728725,0.010534629225730896,0.010049100033938885,0.009642645716667175,0.00921266432851553,0.008737093769013882,0.00844445638358593,0.00798590388149023,0.007763409987092018,0.007421337068080902,0.006994830444455147,0.0064579518511891365,0.006028980948030949,0.00550210103392601,0.005150254815816879,0.0045189764350652695,0.004227879457175732,0.0036917589604854584,0.0036208713427186012,0.0032422831282019615,0.0027866587042808533,0.0024197502061724663,0.0019989702850580215,0.001459205523133278,0.0014212233945727348,0.0008145831525325775,0.000684189610183239,0.0,0.0,0.0,0.0,0.0,0.0,0.0,0.0,0.0,0.0,0.0,0.0,0.0,0.0,0.0,0.0,0.0,0.0,0.0,0.19798945169895887
35,0.012084241025149822,0.011733975261449814,0.01153458934277296,0.011205557733774185,0.010833775624632835,0.010653553530573845,0.010203550569713116,0.009897001087665558,0.00945691391825676,0.008856923319399357,0.00824655406177044,0.007752579636871815,0.007388881407678127,0.007028758525848389,0.006558163091540337,0.00625157356262207,0.0057963477447628975,0.005375741980969906,0.005072321742773056,0.0045959725975990295,0.0041493987664580345,0.0038401223719120026,0.003337695263326168,0.0029071690514683723,0.002403765916824341,0.0022938456386327744,0.0018901489675045013,0.0015043197199702263,0.0010791933164000511,0.0006795227527618408,0.0,0.0,0.0,0.0,0.0,0.0,0.0,0.0,0.0,0.0,0.0,0.0,0.0,0.0,0.0,0.0,0.0,0.0,0.0,0.0,0.19461215753108263
36,0.012429829686880112,0.011954854242503643,0.011632980778813362,0.011278199963271618,0.011101252399384975,0.010760441422462463,0.010492915287613869,0.010048972442746162,0.00912373885512352,0.009111674502491951,0.008815383538603783,0.008162766695022583,0.007949739694595337,0.00740610808134079,0.00703863799571991,0.006528840400278568,0.005979521200060844,0.005522155202925205,0.005244508385658264,0.004879194311797619,0.0043625785037875175,0.004035294987261295,0.003511599265038967,0.0031270794570446014,0.0027579348534345627,0.0022994857281446457,0.0018879296258091927,0.0014220234006643295,0.0012105461210012436,0.0009836656972765923,0.0008145030587911606,0.0006853202357888222,0.0,0.0,0.0,0.0,0.0,0.0,0.0,0.0,0.0,0.0,0.0,0.0,0.0,0.0,0.0,0.0,0.0,0.0,0.2025596760213375
37,0.01237196009606123,0.011905939318239689,0.011635025963187218,0.011448833160102367,0.011080349795520306,0.010721446014940739,0.010244221426546574,0.010011410340666771,0.009627550840377808,0.009145221672952175,0.008734043687582016,0.008382750675082207,0.007823760621249676,0.007503759115934372,0.006993320770561695,0.006613185629248619,0.0062267836183309555,0.005258417688310146,0.005221338011324406,0.004790185019373894,0.004548436962068081,0.004008324816823006,0.003586183302104473,0.0031245816498994827,0.002771059051156044,0.002193532884120941,0.0021153436973690987,0.001658659428358078,0.0011997930705547333,0.0011523524299263954,0.0005877930670976639,0.0003777137026190758,0.0,0.0,0.0,0.0,0.0,0.0,0.0,0.0,0.0,0.0,0.0,0.0,0.0,0.0,0.0,0.0,0.0,0.0,0.20306327752768993
38,0.012402661144733429,0.011325497180223465,0.01168313343077898,0.01133763138204813,0.011086223646998405,0.010601146146655083,0.01018925104290247,0.009796537458896637,0.009446014650166035,0.009073039516806602,0.008845577016472816,0.008425823412835598,0.00781376101076603,0.007469833828508854,0.006997687742114067,0.006633760407567024,0.006293224170804024,0.005709649063646793,0.00527680478990078,0.0047597745433449745,0.004368208348751068,0.003956080414354801,0.0035949619486927986,0.0031864624470472336,0.002812732942402363,0.0023140693083405495,0.0018393555656075478,0.0015688715502619743,0.001454920507967472,0.0010093329474329948,0.0011464403942227364,0.0007079988718032837,0.0,0.0,0.0,0.0,0.0,0.0,0.0,0.0,0.0,0.0,0.0,0.0,0.0,0.0,0.0,0.0,0.0,0.0,0.20312646683305502
39,0.012408860959112644,0.01203274354338646,0.01165194995701313,0.011479385197162628,0.010988419875502586,0.010661950334906578,0.01037442684173584,0.009787156246602535,0.009494084864854813,0.008974093943834305,0.008630652911961079,0.008174576796591282,0.007566163316369057,0.0072110844776034355,0.006926556117832661,0.008484787307679653,0.0061409613117575645,0.005596504546701908,0.005240707658231258,0.004796834662556648,0.004370281472802162,0.004000878892838955,0.0035423459485173225,0.0031142057850956917,0.00283079594373703,0.0022564856335520744,0.0021264534443616867,0.0017203716561198235,0.0015803156420588493,0.0010983459651470184,0.0008339770138263702,0.0006236229091882706,0.0003047799691557884,0.0,0.0,0.0,0.0,0.0,0.0,0.0,0.0,0.0,0.0,0.0,0.0,0.0,0.0,0.0,0.0,0.0,0.2050247611477971
40,0.012437335215508938,0.011855237185955048,0.011645262129604816,0.011407244950532913,0.01114333514124155,0.010809927247464657,0.010512440465390682,0.00996408611536026,0.009342355653643608,0.009298142977058887,0.008840573951601982,0.008180148899555206,0.007086490280926228,0.007181359454989433,0.006678407080471516,0.0062339771538972855,0.006019605323672295,0.005923323333263397,0.005485414527356625,0.005263390019536018,0.00492609478533268,0.004479365423321724,0.00426681712269783,0.004157509654760361,0.0037561748176813126,0.0032573277130723,0.003199806436896324,0.0027650557458400726,0.002268812619149685,0.002143383026123047,0.0017999392002820969,0.001247098669409752,0.001096329651772976,0.0005630925297737122,0.0003254096955060959,0.0,0.0,0.0,0.0,0.0,0.0,0.0,0.0,0.0,0.0,0.0,0.0,0.0,0.0,0.0,0.2155602741986513
41,0.012106848880648613,0.011586439795792103,0.01074963714927435,0.011143811047077179,0.010851781815290451,0.010436437092721462,0.010286192409694195,0.009803183376789093,0.008033456280827522,0.009063824079930782,0.008409420028328896,0.008152262307703495,0.007764606736600399,0.007189770229160786,0.0066100312396883965,0.006213045679032803,0.005230761133134365,0.00564237404614687,0.0052167149260640144,0.0048094624653458595,0.004217046312987804,0.004305755719542503,0.003786712884902954,0.0033767716959118843,0.0031205229461193085,0.0025267060846090317,0.0021391399204730988,0.0017338059842586517,0.001226888969540596,0.0010059662163257599,0.0009531173855066299,0.000367860309779644,0.0,0.0,0.0,0.0,0.0,0.0,0.0,0.0,0.0,0.0,0.0,0.0,0.0,0.0,0.0,0.0,0.0,0.0,0.1980603551492095
42,0.01207683701068163,0.01172754354774952,0.01140064001083374,0.011129690334200859,0.010783346369862556,0.010474972426891327,0.00990238506346941,0.00984151754528284,0.009470599703490734,0.009054919704794884,0.008502340875566006,0.007996801286935806,0.0074232276529073715,0.007163464091718197,0.006597856059670448,0.0063283611088991165,0.005964561365544796,0.005412392318248749,0.005059458315372467,0.004563700407743454,0.004088249057531357,0.003722282126545906,0.0034348750486969948,0.0029662521556019783,0.0024550016969442368,0.0019600847736001015,0.0016486365348100662,0.0011806897819042206,0.0010445527732372284,0.0005941698327660561,0.0,0.0,0.0,0.0,0.0,0.0,0.0,0.0,0.0,0.0,0.0,0.0,0.0,0.0,0.0,0.0,0.0,0.0,0.0,0.0,0.19396940898150206
43,0.01204627100378275,0.011770540848374367,0.011619520373642445,0.011185853742063046,0.010782890021800995,0.010578270070254803,0.01017466839402914,0.009663456119596958,0.009236373007297516,0.009069057181477547,0.00857249740511179,0.008319464512169361,0.00782921351492405,0.007145317271351814,0.006851278245449066,0.00645090825855732,0.0059500206261873245,0.005521960556507111,0.0050912881270051,0.004566661082208157,0.004097525030374527,0.003745308145880699,0.003276325762271881,0.003044258803129196,0.002863716334104538,0.002634722739458084,0.0024590156972408295,0.00209073256701231,0.0020427918061614037,0.0019783256575465202,0.0015635723248124123,0.0010471995919942856,0.0008706459775567055,0.0006547225639224052,0.0003098631277680397,0.0,0.0,0.0,0.0,0.0,0.0,0.0,0.0,0.0,0.0,0.0,0.0,0.0,0.0,0.0,0.2051042364910245
44,0.012032737955451012,0.011602727696299553,0.011466107331216335,0.01119434554129839,0.010930969379842281,0.010527883656322956,0.010289506055414677,0.009843030013144016,0.009371470659971237,0.008837491273880005,0.008431466296315193,0.007816984318196774,0.007306148298084736,0.007011894136667252,0.006711170077323914,0.006180496886372566,0.005977937951683998,0.00557218212634325,0.004995835013687611,0.004730168730020523,0.004295475780963898,0.0040376996621489525,0.003500870428979397,0.0030874190852046013,0.0025804592296481133,0.002192918211221695,0.0016102436929941177,0.0014652358368039131,0.0009711058810353279,0.0008714757859706879,0.0004494599997997284,0.0,0.0,0.0,0.0,0.0,0.0,0.0,0.0,0.0,0.0,0.0,0.0,0.0,0.0,0.0,0.0,0.0,0.0,0.0,0.1958929169923067
45,0.012143238447606564,0.011699439957737923,0.011567476205527782,0.01123752724379301,0.010894125327467918,0.010646135546267033,0.010246272198855877,0.009747408330440521,0.009316716343164444,0.00882096029818058,0.00847412645816803,0.00793637428432703,0.0075226156041026115,0.007077271118760109,0.006629051640629768,0.006133304908871651,0.005882718600332737,0.005393294617533684,0.0048949988558888435,0.004758011549711227,0.004451148211956024,0.0039541954174637794,0.0035365289077162743,0.0030020056292414665,0.0029263319447636604,0.0025558630004525185,0.0020554931834340096,0.0020600100979208946,0.001545376144349575,0.001146090216934681,0.0006144260987639427,0.00036625657230615616,0.0,0.0,0.0,0.0,0.0,0.0,0.0,0.0,0.0,0.0,0.0,0.0,0.0,0.0,0.0,0.0,0.0,0.0,0.19923479296267033
46,0.012412281706929207,0.012006980367004871,0.011636308394372463,0.011364966630935669,0.011124205775558949,0.010746951214969158,0.010506436228752136,0.009960036724805832,0.009454249404370785,0.006884693168103695,0.008713292889297009,0.008303032256662846,0.007939036935567856,0.00765131413936615,0.00710731465369463,0.006631547585129738,0.006202740594744682,0.005764788947999477,0.005343030206859112,0.004754038527607918,0.004622644744813442,0.004121419042348862,0.004003794863820076,0.003692575730383396,0.0031318822875618935,0.002622338943183422,0.0023154281079769135,0.0023537063971161842,0.0019403062760829926,0.001614418812096119,0.0011321837082505226,0.0007059331983327866,0.0,0.0,0.0,0.0,0.0,0.0,0.0,0.0,0.0,0.0,0.0,0.0,0.0,0.0,0.0,0.0,0.0,0.0,0.2067638784646988
47,0.012352087534964085,0.010989464819431305,0.011647568084299564,0.011377098970115185,0.01102378498762846,0.010832393541932106,0.010305474512279034,0.009907516650855541,0.009590957313776016,0.009109588339924812,0.008916537277400494,0.008390149101614952,0.008026027120649815,0.007492792792618275,0.006972070783376694,0.006558354012668133,0.006147785112261772,0.005839183926582336,0.005588996224105358,0.0038834894075989723,0.004778028465807438,0.0044015878811478615,0.0037773121148347855,0.003290608525276184,0.0028018588200211525,0.0023633958771824837,0.001953592523932457,0.0015325164422392845,0.001105496659874916,0.0007281331345438957,0.0,0.0,0.0,0.0,0.0,0.0,0.0,0.0,0.0,0.0,0.0,0.0,0.0,0.0,0.0,0.0,0.0,0.0,0.0,0.0,0.20168385095894337
48,0.01220480352640152,0.011871995404362679,0.011686461977660656,0.01126166619360447,0.010909420438110828,0.010634330101311207,0.010320336557924747,0.009801719337701797,0.009610110893845558,0.009185289964079857,0.008810863830149174,0.008218231610953808,0.007736807689070702,0.007314207963645458,0.006924495100975037,0.006494536995887756,0.0061584413051605225,0.005855941213667393,0.0054209278896451,0.005005356855690479,0.004375028423964977,0.003981045447289944,0.0033607762306928635,0.0032625719904899597,0.0030998429283499718,0.00289990846067667,0.002839239314198494,0.0024240901693701744,0.001990349031984806,0.0014334721490740776,0.0012128101661801338,0.001038549467921257,0.0005991365760564804,0.00038594286888837814,0.0,0.0,0.0,0.0,0.0,0.0,0.0,0.0,0.0,0.0,0.0,0.0,0.0,0.0,0.0,0.0,0.20832870807498693
49,0.012388396076858044,0.011972247622907162,0.01171775721013546,0.011323689483106136,0.011114317923784256,0.010708869434893131,0.010341769084334373,0.010133666917681694,0.009522786363959312,0.009077014401555061,0.00847350712865591,0.008171203546226025,0.007609504275023937,0.007308888249099255,0.006701940670609474,0.006280607543885708,0.006082780659198761,0.005749453790485859,0.005229217931628227,0.004810038022696972,0.00444322545081377,0.004160656593739986,0.003539268858730793,0.00315887201577425,0.0028540054336190224,0.0024185236543416977,0.0020112358033657074,0.0014751367270946503,0.0012761689722537994,0.0010095033794641495,0.0009366599842905998,0.00035208649933338165,0.0,0.0,0.0,0.0,0.0,0.0,0.0,0.0,0.0,0.0,0.0,0.0,0.0,0.0,0.0,0.0,0.0,0.0,0.20235299970954657
50,0.012402119114995003,0.01190002541989088,0.011500027030706406,0.011167253367602825,0.010976966470479965,0.010669383220374584,0.010313726961612701,0.010069301351904869,0.009639682248234749,0.009135689586400986,0.008697234094142914,0.008244330063462257,0.007821204140782356,0.00745201762765646,0.007028468884527683,0.006462721154093742,0.005995485000312328,0.005481339059770107,0.005105467513203621,0.004758235067129135,0.004538781009614468,0.0038766097277402878,0.00380035862326622,0.0035279784351587296,0.003083871677517891,0.002591489814221859,0.0022886088117957115,0.0016563273966312408,0.0015606731176376343,0.0010284855961799622,0.0007857894524931908,0.0006206240504980087,0.0002853488549590111,0.0,0.0,0.0,0.0,0.0,0.0,0.0,0.0,0.0,0.0,0.0,0.0,0.0,0.0,0.0,0.0,0.0,0.2044656239449978

total time per move x,0.6120910607278347,0.591224710457027,0.5771629111841321,0.5665534930303693,0.5471377968788147,0.5308222081512213,0.5122319525107741,0.49131058901548386,0.4726342735812068,0.4505111528560519,0.4293924504891038,0.4078737422823906,0.38126982003450394,0.3640216374769807,0.34138331562280655,0.3224746463820338,0.3013962209224701,0.2805215837433934,0.26349250692874193,0.24042142741382122,0.22188186552375555,0.20206886716187,0.18471892643719912,0.16472020838409662,0.14691659528762102,0.12786292377859354,0.10903280787169933,0.0930477799847722,0.07330464664846659,0.05525718443095684,0.036700980737805367,0.02015056274831295,0.007987636141479015,0.003854697570204735,0.0021729012951254845,0.001025269739329815,0,0,0,0,0,0,0,0,0,0,0,0,0,0,10.13463135343045
average time per move x,0.012241821214556694,0.01182449420914054,0.011543258223682643,0.011331069860607385,0.010942755937576295,0.010616444163024425,0.010244639050215483,0.009826211780309678,0.009452685471624136,0.009010223057121038,0.008587849009782076,0.008157474845647812,0.007625396400690079,0.007280432749539613,0.006827666312456131,0.006449492927640676,0.0060279244184494015,0.005610431674867868,0.005269850138574839,0.004808428548276424,0.004437637310475111,0.0040413773432374,0.0036943785287439825,0.0032944041676819325,0.0029383319057524203,0.0025572584755718707,0.0022251593443203947,0.0018989342854035143,0.0014960131969074815,0.001151191342311601,0.0009175245184451341,0.0007750216441658827,0.0006144335493445396,0.0006424495950341225,0.0005432253237813711,0.0005126348696649075,nan,nan,nan,nan,nan,nan,nan,nan,nan,nan,nan,nan,nan,nan,0.202692627068609
std of time per move x,0.00017292752600882275,0.00021392450301778914,0.00020392930031250337,0.00032104317019238056,0.00021802901942794876,0.00020061669345572349,0.0001844108492940727,0.00023642870083728082,0.0003817860065043264,0.00047201726004126226,0.0002522729584773785,0.00019269161201787636,0.0002721188994723654,0.00020584066179316516,0.00018792000713065227,0.00033665686424288696,0.00020275438555630114,0.00022115964757821259,0.0004549413721442465,0.0002892157773665132,0.00026591376225035046,0.0003151686378042823,0.00035856523690863174,0.0003746615464980132,0.00039349631749382665,0.0004539351210996208,0.0005086607200432635,0.0006455160205831937,0.0005752002418482835,0.0004632368504728648,0.0004507831721697519,0.0003913544597217829,0.0003234527701698329,0.00024933931489318423,0.0002729019118712177,0.000285700973709699,nan,nan,nan,nan,nan,nan,nan,nan,nan,nan,nan,nan,nan,nan,0.006758083715296498
err of average time,2.4455645258930328e-05,3.025349334916815e-05,2.883995822671981e-05,4.540236053933183e-05,3.083395962659122e-05,2.837148487235299e-05,2.607963241204185e-05,3.3436067525833364e-05,5.399269483226811e-05,6.675332108245411e-05,3.567678392986934e-05,2.725070910712152e-05,3.8483423821186e-05,2.911026555957475e-05,2.6575902272541717e-05,4.761047032782886e-05,2.8673800188434463e-05,3.127669730547622e-05,6.433842585710188e-05,4.0901287480400054e-05,3.760588489961003e-05,4.457157620174698e-05,5.0708782103170885e-05,5.298514403571683e-05,5.56487828943639e-05,6.41961204696557e-05,7.266581714903764e-05,9.221657436902768e-05,8.217146312118335e-05,6.686248007976573e-05,7.127507774661212e-05,7.675092410972817e-05,8.970965754140013e-05,0.0001017923490505733,0.00013645095593560884,0.00020202109590172768,nan,nan,nan,nan,nan,nan,nan,nan,nan,nan,nan,nan,nan,nan,0.0009557373645825061
