Contains move time for player Edax3; opponent is DynamicBoard2
Colums refer to move number, rows to game number
game,1,2,3,4,5,6,7,8,9,10,11,12,13,14,15,16,17,18,19,20,21,22,23,24,25,26,27,28,29,30,31,32,33,34,35,36,37,38,39,40,41,42,43,44,45,46,47,48,49,50,total
1,0.41306857485324144,0.11033064313232899,0.11106683034449816,0.1090727774426341,0.10834755655378103,0.10766795929521322,0.10725165903568268,0.10691005364060402,0.10725635942071676,0.10717975627630949,0.1077913586050272,0.10694547463208437,0.10726291313767433,0.106702396646142,0.10689539648592472,0.10736951977014542,0.10719870682805777,0.1063085226342082,0.004664313979446888,0.0,0.0,0.0,0.0,0.0,0.0,0.0,0.0,0.0,0.0,0.0,0.0,0.0,0.0,0.0,0.0,0.0,0.0,0.0,0.0,0.0,0.0,0.0,0.0,0.0,0.0,0.0,0.0,0.0,0.0,0.0,2.249290772713721
2,0.37401083111763,0.10936606116592884,0.10935101844370365,0.10910908132791519,0.10762922093272209,0.1083513293415308,0.10835812613368034,0.10752884857356548,0.10812539514154196,0.10785909276455641,0.10814606305211782,0.10734480526298285,0.11761065293103456,0.1080422829836607,0.10763259883970022,0.1068629426881671,0.10657691303640604,0.10629885736852884,0.10635833349078894,0.106029462069273,0.10580230597406626,0.1055886959657073,0.10541253816336393,0.10478183440864086,0.10458813700824976,0.10403995215892792,0.10362879186868668,0.10351127851754427,0.10298723541200161,0.10254357196390629,0.0003171199932694435,0.0,0.0,0.0,0.0,0.0,0.0,0.0,0.0,0.0,0.0,0.0,0.0,0.0,0.0,0.0,0.0,0.0,0.0,0.0,3.473793378099799

total time per move x,0.7870794059708714,0.21969670429825783,0.2204178487882018,0.2181818587705493,0.21597677748650312,0.21601928863674402,0.21560978516936302,0.2144389022141695,0.21538175456225872,0.2150388490408659,0.21593742165714502,0.21429027989506721,0.2248735660687089,0.2147446796298027,0.21452799532562494,0.2142324624583125,0.2137756198644638,0.21260738000273705,0.11102264747023582,0.106029462069273,0.10580230597406626,0.1055886959657073,0.10541253816336393,0.10478183440864086,0.10458813700824976,0.10403995215892792,0.10362879186868668,0.10351127851754427,0.10298723541200161,0.10254357196390629,0.0003171199932694435,0,0,0,0,0,0,0,0,0,0,0,0,0,0,0,0,0,0,0,5.72308415081352
average time per move x,0.3935397029854357,0.10984835214912891,0.1102089243941009,0.10909092938527465,0.10798838874325156,0.10800964431837201,0.10780489258468151,0.10721945110708475,0.10769087728112936,0.10751942452043295,0.10796871082857251,0.10714513994753361,0.11243678303435445,0.10737233981490135,0.10726399766281247,0.10711623122915626,0.1068878099322319,0.10630369000136852,0.05551132373511791,0.106029462069273,0.10580230597406626,0.1055886959657073,0.10541253816336393,0.10478183440864086,0.10458813700824976,0.10403995215892792,0.10362879186868668,0.10351127851754427,0.10298723541200161,0.10254357196390629,0.0003171199932694435,nan,nan,nan,nan,nan,nan,nan,nan,nan,nan,nan,nan,nan,nan,nan,nan,nan,nan,nan,2.86154207540676
std of time per move x,0.027617995453297246,0.0006820624494517981,0.001213262230292375,2.567072346567438e-05,0.0005079399888186272,0.00048321559381092404,0.0007823903881539494,0.0004375540932609262,0.000614501051288835,0.0004803634375468509,0.00025081391985480643,0.0002823693970438144,0.007316956977838905,0.0009474427152786743,0.0005212807834613412,0.00035820408986056445,0.0004396746065766306,6.834374903844661e-06,0.07190853080258704,nan,nan,nan,nan,nan,nan,nan,nan,nan,nan,nan,nan,nan,nan,nan,nan,nan,nan,nan,nan,nan,nan,nan,nan,nan,nan,nan,nan,nan,nan,nan,0.865854095849091
err of average time,0.01952887186780572,0.00048229098320007324,0.0008579059503972529,1.8151942640542984e-05,0.00035916781052947044,0.0003416850231587887,0.0005532335489988327,0.0003093974664807319,0.0004345178604125976,0.00033966824412345886,0.00017735222354531285,0.00019966531544923782,0.005173869896680116,0.000669943168759346,0.0003686011768877506,0.00025328854098916054,0.0003108968958258629,4.832632839679718e-06,0.050847009755671024,nan,nan,nan,nan,nan,nan,nan,nan,nan,nan,nan,nan,nan,nan,nan,nan,nan,nan,nan,nan,nan,nan,nan,nan,nan,nan,nan,nan,nan,nan,nan,0.6122513026930391
