Contains move time for player Edax1; opponent is DynamicBoard2
Colums refer to move number, rows to game number
game,1,2,3,4,5,6,7,8,9,10,11,12,13,14,15,16,17,18,19,20,21,22,23,24,25,26,27,28,29,30,31,32,33,34,35,36,37,38,39,40,41,42,43,44,45,46,47,48,49,50,total
1,0.40432904101908207,0.11034889705479145,0.11111117526888847,0.10932149644941092,0.10865558683872223,0.10885232407599688,0.1081296419724822,0.10776202939450741,0.10781195759773254,0.10819519311189651,0.10828464291989803,0.10761610977351665,0.10726055782288313,0.10772037785500288,0.1074155094102025,0.10803908761590719,0.10805602837353945,0.10725251026451588,0.10657009296119213,0.1063441839069128,0.10596398450434208,0.10588636063039303,0.10522395465523005,0.1050271661952138,0.10444609820842743,0.10403774213045835,0.10364982672035694,0.10329698026180267,0.10278979036957026,0.10349633730947971,0.0002950001507997513,0.0,0.0,0.0,0.0,0.0,0.0,0.0,0.0,0.0,0.0,0.0,0.0,0.0,0.0,0.0,0.0,0.0,0.0,0.0,3.5031896848231554
2,0.3540576482191682,0.10944871418178082,0.10808711126446724,0.10841540060937405,0.10841841902583838,0.10788757912814617,0.10806518793106079,0.10806168243288994,0.1085717873647809,0.006457307375967503,0.0,0.0,0.0,0.0,0.0,0.0,0.0,0.0,0.0,0.0,0.0,0.0,0.0,0.0,0.0,0.0,0.0,0.0,0.0,0.0,0.0,0.0,0.0,0.0,0.0,0.0,0.0,0.0,0.0,0.0,0.0,0.0,0.0,0.0,0.0,0.0,0.0,0.0,0.0,0.0,1.227470837533474

total time per move x,0.7583866892382503,0.21979761123657227,0.2191982865333557,0.21773689705878496,0.2170740058645606,0.21673990320414305,0.216194829903543,0.21582371182739735,0.21638374496251345,0.11465250048786402,0.10828464291989803,0.10761610977351665,0.10726055782288313,0.10772037785500288,0.1074155094102025,0.10803908761590719,0.10805602837353945,0.10725251026451588,0.10657009296119213,0.1063441839069128,0.10596398450434208,0.10588636063039303,0.10522395465523005,0.1050271661952138,0.10444609820842743,0.10403774213045835,0.10364982672035694,0.10329698026180267,0.10278979036957026,0.10349633730947971,0.0002950001507997513,0,0,0,0,0,0,0,0,0,0,0,0,0,0,0,0,0,0,0,4.730660522356629
average time per move x,0.37919334461912513,0.10989880561828613,0.10959914326667786,0.10886844852939248,0.1085370029322803,0.10836995160207152,0.1080974149517715,0.10791185591369867,0.10819187248125672,0.05732625024393201,0.10828464291989803,0.10761610977351665,0.10726055782288313,0.10772037785500288,0.1074155094102025,0.10803908761590719,0.10805602837353945,0.10725251026451588,0.10657009296119213,0.1063441839069128,0.10596398450434208,0.10588636063039303,0.10522395465523005,0.1050271661952138,0.10444609820842743,0.10403774213045835,0.10364982672035694,0.10329698026180267,0.10278979036957026,0.10349633730947971,0.0002950001507997513,nan,nan,nan,nan,nan,nan,nan,nan,nan,nan,nan,nan,nan,nan,nan,nan,nan,nan,nan,2.3653302611783147
std of time per move x,0.03554724274851169,0.000636525413813809,0.0021383361642684003,0.0006407065128949913,0.00016770296876935533,0.000682177694740695,4.557588976396005e-05,0.00021188669544343992,0.0005372807808272893,0.07193954890745753,nan,nan,nan,nan,nan,nan,nan,nan,nan,nan,nan,nan,nan,nan,nan,nan,nan,nan,nan,nan,nan,nan,nan,nan,nan,nan,nan,nan,nan,nan,nan,nan,nan,nan,nan,nan,nan,nan,nan,nan,1.6091762289925668
err of average time,0.02513569639995694,0.00045009143650531763,0.001512032002210617,0.0004530479200184345,0.00011858390644192694,0.00048237247392535204,3.222702071070671e-05,0.0001498265191912651,0.00037991488352417946,0.050868942867964506,nan,nan,nan,nan,nan,nan,nan,nan,nan,nan,nan,nan,nan,nan,nan,nan,nan,nan,nan,nan,nan,nan,nan,nan,nan,nan,nan,nan,nan,nan,nan,nan,nan,nan,nan,nan,nan,nan,nan,nan,1.1378594236448405
