Contains move time for player Edax2; opponent is AlphaBeta6
Colums refer to move number, rows to game number
game,1,2,3,4,5,6,7,8,9,10,11,12,13,14,15,16,17,18,19,20,21,22,23,24,25,26,27,28,29,30,31,32,33,34,35,36,37,38,39,40,41,42,43,44,45,46,47,48,49,50,total
1,0.41342349629849195,0.10641911998391151,0.11885915324091911,0.11852223426103592,0.10616743378341198,0.11865698918700218,0.11932570487260818,0.10614182520657778,0.1183223482221365,0.11852183565497398,0.11773618217557669,0.10682319290935993,0.105211166664958,0.11702784523367882,0.1056502852588892,0.11666585318744183,0.11735233850777149,0.10548508632928133,0.10426877532154322,0.10478404350578785,0.10336032230407,0.11548142228275537,0.10295623634010553,0.10265740286558867,0.1024310514330864,0.10249115247279406,0.10217919293791056,0.10205221734941006,0.10283555183559656,0.10235048085451126,0.10209802724421024,0.0003083935007452965,0.0,0.0,0.0,0.0,0.0,0.0,0.0,0.0,0.0,0.0,0.0,0.0,0.0,0.0,0.0,0.0,0.0,0.0,3.6865663612261415
2,0.11868572607636452,0.11875622812658548,0.11885932460427284,0.11868749000132084,0.119004569016397,0.1192983454093337,0.11851680185645819,0.11902089882642031,0.11871519964188337,0.11811576876789331,0.11768344137817621,0.10497562680393457,0.11828342359513044,0.11828423198312521,0.11715998966246843,0.11784122698009014,0.1181832505390048,0.10447095520794392,0.10388728603720665,0.10358271282166243,0.10361207369714975,0.11640770174562931,0.10303726512938738,0.10293085314333439,0.10455866251140833,0.10407694429159164,0.10354075767099857,0.10252430662512779,0.10276339948177338,0.10246870014816523,0.00032798293977975845,0.0,0.0,0.0,0.0,0.0,0.0,0.0,0.0,0.0,0.0,0.0,0.0,0.0,0.0,0.0,0.0,0.0,0.0,0.0,3.358261144720018

total time per move x,0.5321092223748565,0.225175348110497,0.23771847784519196,0.23720972426235676,0.22517200279980898,0.2379553345963359,0.23784250672906637,0.22516272403299809,0.23703754786401987,0.2366376044228673,0.2354196235537529,0.2117988197132945,0.22349459026008844,0.23531207721680403,0.22281027492135763,0.23450708016753197,0.2355355890467763,0.20995604153722525,0.20815606135874987,0.20836675632745028,0.20697239600121975,0.23188912402838469,0.2059935014694929,0.20558825600892305,0.20698971394449472,0.2065680967643857,0.20571995060890913,0.20457652397453785,0.20559895131736994,0.2048191810026765,0.10242601018399,0.0003083935007452965,0,0,0,0,0,0,0,0,0,0,0,0,0,0,0,0,0,0,7.044827505946159
average time per move x,0.26605461118742824,0.1125876740552485,0.11885923892259598,0.11860486213117838,0.11258600139990449,0.11897766729816794,0.11892125336453319,0.11258136201649904,0.11851877393200994,0.11831880221143365,0.11770981177687645,0.10589940985664725,0.11174729513004422,0.11765603860840201,0.11140513746067882,0.11725354008376598,0.11776779452338815,0.10497802076861262,0.10407803067937493,0.10418337816372514,0.10348619800060987,0.11594456201419234,0.10299675073474646,0.10279412800446153,0.10349485697224736,0.10328404838219285,0.10285997530445457,0.10228826198726892,0.10279947565868497,0.10240959050133824,0.051213005091995,0.0003083935007452965,nan,nan,nan,nan,nan,nan,nan,nan,nan,nan,nan,nan,nan,nan,nan,nan,nan,nan,3.5224137529730797
std of time per move x,0.20841107599586878,0.008723652827916536,1.2117218946882034e-07,0.00011685345458546966,0.009077225374252458,0.00045350733396680757,0.0005719808080419148,0.009106880291991427,0.0002777879029017786,0.0002871326494700534,3.729337548706139e-05,0.0013064265218366903,0.009243481520737775,0.0008883995903264676,0.008138590033223545,0.0008311147792105748,0.0005875435318545624,0.0007170989929100027,0.00026975365990438945,0.0008494690731925612,0.00017801511721985674,0.0006549784894719928,5.7296006372528503e-05,0.00019335854571134612,0.001504448221209062,0.0011213241486219235,0.0009627716557909881,0.00033381752818545634,5.101941866694521e-05,8.359366420980243e-05,0.07196228844931817,nan,nan,nan,nan,nan,nan,nan,nan,nan,nan,nan,nan,nan,nan,nan,nan,nan,nan,nan,0.2321468448903976
err of average time,0.1473688851110637,0.006168554071336984,8.568167686462402e-08,8.262787014245986e-05,0.00641856761649251,0.0003206781111657619,0.00040445150807499886,0.006439536809921264,0.00019642570987343785,0.0002030334435403347,2.637039870023727e-05,0.0009237830527126788,0.006536128465086221,0.0006281933747231959,0.0057548522017896175,0.0005876868963241577,0.00041545601561665535,0.0005070655606687068,0.00019074464216828346,0.0006006653420627117,0.00012587569653987885,0.00046313973143696785,4.051439464092254e-05,0.00013672513887286186,0.0010638055391609667,0.0007928959093987941,0.0006807823665440083,0.00023604463785886762,3.6076176911592484e-05,5.910964682698249e-05,0.050885022152215235,nan,nan,nan,nan,nan,nan,nan,nan,nan,nan,nan,nan,nan,nan,nan,nan,nan,nan,nan,0.16415260825306177
