Contains move time for player Gambler; opponent is Edax2
Colums refer to move number, rows to game number
game,1,2,3,4,5,6,7,8,9,10,11,12,13,14,15,16,17,18,19,20,21,22,23,24,25,26,27,28,29,30,31,32,33,34,35,36,37,38,39,40,41,42,43,44,45,46,47,48,49,50,total
1,0.012055517174303532,0.011813310906291008,0.011598930694162846,0.011235975660383701,0.010848915204405785,0.010482842102646828,0.01008075661957264,0.009562714025378227,0.009185035713016987,0.008711876347661018,0.008303769864141941,0.007795455865561962,0.007490199059247971,0.007072466425597668,0.006645374931395054,0.005723247304558754,0.005747625604271889,0.005498998798429966,0.004999068565666676,0.004539071582257748,0.004053150303661823,0.003708665259182453,0.0032565901055932045,0.0028011277318000793,0.00283709354698658,0.002356448210775852,0.0019550248980522156,0.0014019673690199852,0.001287323422729969,0.0008750371634960175,0.00068710558116436,0.0,0.0,0.0,0.0,0.0,0.0,0.0,0.0,0.0,0.0,0.0,0.0,0.0,0.0,0.0,0.0,0.0,0.0,0.0,0.19461068604141474
2,0.01215311512351036,0.011766558513045311,0.01138364989310503,0.011097374372184277,0.010946135967969894,0.010333742946386337,0.00998537428677082,0.009543131105601788,0.008899507112801075,0.008420136757194996,0.00812317244708538,0.007659333758056164,0.006720086559653282,0.0070738522335886955,0.00670052133500576,0.006227536126971245,0.005934266373515129,0.005542231723666191,0.00500961858779192,0.004561956040561199,0.004324895329773426,0.0039206380024552345,0.0035127876326441765,0.003193081356585026,0.0026219384744763374,0.0024323835968971252,0.002291768789291382,0.0018460284918546677,0.001741037704050541,0.0012306049466133118,0.0011363029479980469,0.0006408765912055969,0.0,0.0,0.0,0.0,0.0,0.0,0.0,0.0,0.0,0.0,0.0,0.0,0.0,0.0,0.0,0.0,0.0,0.0,0.19697364512830973
3,0.011950272135436535,0.011500423774123192,0.011349893175065517,0.010965803638100624,0.010832700878381729,0.010390136390924454,0.009980839677155018,0.009648206643760204,0.009265866130590439,0.008774870075285435,0.008350633084774017,0.007872198708355427,0.007355809211730957,0.007008613087236881,0.00652647577226162,0.006239639595150948,0.0050727371126413345,0.005329141393303871,0.0052546728402376175,0.004818020388484001,0.004737375304102898,0.004175469279289246,0.004194565117359161,0.0037946347147226334,0.003401908092200756,0.0030297935009002686,0.002550734207034111,0.0022373711690306664,0.0018089069053530693,0.0013773143291473389,0.0008255336433649063,0.0006964132189750671,0.0,0.0,0.0,0.0,0.0,0.0,0.0,0.0,0.0,0.0,0.0,0.0,0.0,0.0,0.0,0.0,0.0,0.0,0.20131697319447994
4,0.011918425559997559,0.011611423455178738,0.01127838809043169,0.010958564467728138,0.01064747292548418,0.010273285210132599,0.009327863343060017,0.00952242687344551,0.007748954929411411,0.008197327144443989,0.006999475881457329,0.006798045709729195,0.0067824712023139,0.006565803661942482,0.006368585862219334,0.006057051941752434,0.005735469050705433,0.00533592514693737,0.004837691783905029,0.004621935077011585,0.004185052588582039,0.0036366041749715805,0.0032646851614117622,0.0028108712285757065,0.0023548277094960213,0.0022334344685077667,0.0017555523663759232,0.0016594883054494858,0.0013216128572821617,0.0009007640182971954,0.0004056878387928009,0.0,0.0,0.0,0.0,0.0,0.0,0.0,0.0,0.0,0.0,0.0,0.0,0.0,0.0,0.0,0.0,0.0,0.0,0.0,0.18611516803503036
5,0.011911210604012012,0.010724777355790138,0.011415259912610054,0.01121157594025135,0.010805930010974407,0.010346714407205582,0.0100031029433012,0.009527991525828838,0.009083502925932407,0.00858232006430626,0.00824747420847416,0.007991472259163857,0.007534496486186981,0.0068642860278487206,0.006649808958172798,0.006409876048564911,0.006329335272312164,0.005740508437156677,0.005605937913060188,0.005529861897230148,0.005337371490895748,0.005219444632530212,0.004767431877553463,0.004240796901285648,0.004128248430788517,0.0038194172084331512,0.003273184411227703,0.00327240489423275,0.002822321839630604,0.0024763811379671097,0.001998346298933029,0.00157965999096632,0.001067623496055603,0.0008303467184305191,0.0007341299206018448,0.0,0.0,0.0,0.0,0.0,0.0,0.0,0.0,0.0,0.0,0.0,0.0,0.0,0.0,0.0,0.21608255244791508
6,0.011606005020439625,0.011921469122171402,0.0117635577917099,0.01140795648097992,0.010998344980180264,0.010631383396685123,0.010278711095452309,0.009977833367884159,0.009518800303339958,0.00901823304593563,0.008685543201863766,0.00823237281292677,0.007714565843343735,0.00726129487156868,0.00684080645442009,0.006417924538254738,0.006036888808012009,0.0056342920288443565,0.005303818732500076,0.004892174154520035,0.004399800673127174,0.0040060123428702354,0.0035855378955602646,0.0031299153342843056,0.0027648145332932472,0.002363329753279686,0.0018833968788385391,0.0016256878152489662,0.001567525789141655,0.0011534970253705978,0.0007212599739432335,0.0,0.0,0.0,0.0,0.0,0.0,0.0,0.0,0.0,0.0,0.0,0.0,0.0,0.0,0.0,0.0,0.0,0.0,0.0,0.20134275406599045
7,0.012428559362888336,0.011975155211985111,0.011785998940467834,0.011514185927808285,0.011165332980453968,0.01078168023377657,0.010288853198289871,0.009804870933294296,0.009208908304572105,0.008781329728662968,0.008236014284193516,0.008144952356815338,0.007644329220056534,0.007454495877027512,0.007239349186420441,0.007052975706756115,0.006902465596795082,0.0066994559019804,0.0066088782623410225,0.006177153438329697,0.005752365104854107,0.005335303023457527,0.0051671238616108894,0.005004364065825939,0.004703052341938019,0.004210596904158592,0.0037520723417401314,0.0033969124779105186,0.0029250048100948334,0.0028328746557235718,0.0023807212710380554,0.002016611397266388,0.0014857342466711998,0.0014202473685145378,0.0008935770019888878,0.0007157297804951668,0.0,0.0,0.0,0.0,0.0,0.0,0.0,0.0,0.0,0.0,0.0,0.0,0.0,0.0,0.23188723530620337
8,0.012614980340003967,0.011985749006271362,0.011610300280153751,0.011278001591563225,0.01082570105791092,0.010565940290689468,0.010181652382016182,0.010074673220515251,0.009674184955656528,0.009118843823671341,0.008767988532781601,0.008311116136610508,0.008021017536520958,0.0076181311160326,0.00720785278826952,0.006617892533540726,0.006197121925652027,0.00565213430672884,0.005192521959543228,0.004819432273507118,0.004265207797288895,0.004059618338942528,0.003968427889049053,0.0035456158220767975,0.003188434988260269,0.002717616967856884,0.002233213745057583,0.0020282529294490814,0.0018045445904135704,0.0016430895775556564,0.0016019465401768684,0.0011579440906643867,0.0006498526781797409,0.0003023175522685051,0.0,0.0,0.0,0.0,0.0,0.0,0.0,0.0,0.0,0.0,0.0,0.0,0.0,0.0,0.0,0.0,0.20950131956487894
9,0.012488865293562412,0.012009694240987301,0.011623541824519634,0.011206313036382198,0.011012353003025055,0.01071481965482235,0.010320332832634449,0.009902647696435452,0.009398573078215122,0.008879822678864002,0.0083698695525527,0.00808023288846016,0.0075516048818826675,0.007121267728507519,0.006894208490848541,0.006527526304125786,0.006248508580029011,0.005741594359278679,0.005196965299546719,0.004704589024186134,0.004414531402289867,0.0038650454953312874,0.003644605167210102,0.0035405782982707024,0.003131141886115074,0.002712964080274105,0.00222172774374485,0.0018661897629499435,0.0014640167355537415,0.0009963568300008774,0.0008435705676674843,0.0003326497972011566,0.0,0.0,0.0,0.0,0.0,0.0,0.0,0.0,0.0,0.0,0.0,0.0,0.0,0.0,0.0,0.0,0.0,0.0,0.20302670821547508
10,0.012504163198173046,0.01194780133664608,0.011699209921061993,0.01127876341342926,0.010128178633749485,0.010622926987707615,0.010209465399384499,0.00985985528677702,0.009496552869677544,0.00895345862954855,0.008478970266878605,0.008162863552570343,0.007464271038770676,0.007051271386444569,0.006776892580091953,0.006465228274464607,0.005972619168460369,0.005449173040688038,0.005078940652310848,0.004813338629901409,0.004325787536799908,0.003525960259139538,0.0036617349833250046,0.003568108193576336,0.003085176460444927,0.003023020923137665,0.00263003446161747,0.00205894373357296,0.0018505947664380074,0.0016859378665685654,0.0014727162197232246,0.0012844698503613472,0.0011006975546479225,0.0,0.0,0.0,0.0,0.0,0.0,0.0,0.0,0.0,0.0,0.0,0.0,0.0,0.0,0.0,0.0,0.0,0.20568712707608938
11,0.012234872207045555,0.011760594323277473,0.01162817981094122,0.011132222600281239,0.010854851454496384,0.010446226224303246,0.011365201324224472,0.009409795515239239,0.009105116128921509,0.009522940032184124,0.008287033066153526,0.007351871579885483,0.009558210149407387,0.007058720104396343,0.006604192778468132,0.006163852289319038,0.0057090213522315025,0.005223779007792473,0.004999877884984016,0.004891187883913517,0.004684675484895706,0.004670741036534309,0.004534434527158737,0.0,0.0,0.0,0.0,0.0,0.0,0.0,0.0,0.0,0.0,0.0,0.0,0.0,0.0,0.0,0.0,0.0,0.0,0.0,0.0,0.0,0.0,0.0,0.0,0.0,0.0,0.0,0.18719759676605463
12,0.012141803279519081,0.013263466767966747,0.011519202031195164,0.011122706346213818,0.01094877440482378,0.010331911966204643,0.009936553426086903,0.009847557172179222,0.009427866898477077,0.009177956730127335,0.008869899436831474,0.008484276942908764,0.007858213037252426,0.007399298250675201,0.0069373417645692825,0.006392986513674259,0.006063631735742092,0.007193633355200291,0.005033725872635841,0.004396488890051842,0.004204797558486462,0.0037916703149676323,0.003357868641614914,0.0028571514412760735,0.0028014536947011948,0.0023173168301582336,0.00203893706202507,0.0014958027750253677,0.001024504192173481,0.0009339675307273865,0.0003861160948872566,0.0,0.0,0.0,0.0,0.0,0.0,0.0,0.0,0.0,0.0,0.0,0.0,0.0,0.0,0.0,0.0,0.0,0.0,0.0,0.20155688095837831
13,0.013500964269042015,0.011821511201560497,0.011498888954520226,0.011046567931771278,0.010713126510381699,0.010265721939504147,0.01017105020582676,0.010349718853831291,0.009271213784813881,0.00873841904103756,0.008308818563818932,0.007898389361798763,0.007370101287961006,0.007073382847011089,0.010054534301161766,0.005684118717908859,0.005616499111056328,0.005520929582417011,0.0051241684705019,0.004716402851045132,0.004208921454846859,0.004048645496368408,0.0034042857587337494,0.0033400580286979675,0.0026204101741313934,0.0019212588667869568,0.0047379713505506516,0.001814231276512146,0.0016403915360569954,0.0014817165210843086,0.000970897264778614,0.0005352571606636047,0.00040128733962774277,0.0,0.0,0.0,0.0,0.0,0.0,0.0,0.0,0.0,0.0,0.0,0.0,0.0,0.0,0.0,0.0,0.0,0.20586986001580954
14,0.012221675366163254,0.011617699638009071,0.013236268423497677,0.011211180128157139,0.01099212747067213,0.010429810732603073,0.010192462243139744,0.009696080349385738,0.009658348746597767,0.008907047100365162,0.007829577662050724,0.007806551642715931,0.007523899897933006,0.007200855761766434,0.008162112906575203,0.006138146854937077,0.005668141879141331,0.005360024981200695,0.006871002726256847,0.004457620903849602,0.004048418253660202,0.004970988258719444,0.0032948488369584084,0.0028168680146336555,0.003928683698177338,0.0022262735292315483,0.001901647076010704,0.0026905639097094536,0.0010971873998641968,0.0006161266937851906,0.0,0.0,0.0,0.0,0.0,0.0,0.0,0.0,0.0,0.0,0.0,0.0,0.0,0.0,0.0,0.0,0.0,0.0,0.0,0.0,0.20277224108576775
15,0.012190796434879303,0.011786933057010174,0.011441268026828766,0.011173972859978676,0.010803108103573322,0.010531100444495678,0.010162320919334888,0.009645379148423672,0.00950079970061779,0.008960460312664509,0.008404113352298737,0.007995720021426678,0.007440846413373947,0.006886148825287819,0.006507763639092445,0.006116938777267933,0.005853929556906223,0.005393665283918381,0.007090495899319649,0.004741104319691658,0.0043790144845843315,0.00387758482247591,0.003686165437102318,0.003577197901904583,0.00311295036226511,0.002996208146214485,0.0025647636502981186,0.002098788507282734,0.0020755473524332047,0.0014531472697854042,0.003112727776169777,0.0008497368544340134,0.000664769671857357,0.0,0.0,0.0,0.0,0.0,0.0,0.0,0.0,0.0,0.0,0.0,0.0,0.0,0.0,0.0,0.0,0.0,0.2070754673331976
16,0.012406490743160248,0.012154173105955124,0.0117701580747962,0.01128250639885664,0.010924936272203922,0.010682482272386551,0.010904827155172825,0.010020886547863483,0.009503809735178947,0.009034734219312668,0.008524470031261444,0.008145675994455814,0.007947302423417568,0.007270212285220623,0.006871245801448822,0.006371041759848595,0.005952042527496815,0.005538454279303551,0.0050631314516067505,0.004799624904990196,0.0042546335607767105,0.004234058782458305,0.0037004947662353516,0.003280654549598694,0.0028397077694535255,0.002747667022049427,0.00234987773001194,0.001905384473502636,0.0014954376965761185,0.0010786699131131172,0.0007034242153167725,0.0,0.0,0.0,0.0,0.0,0.0,0.0,0.0,0.0,0.0,0.0,0.0,0.0,0.0,0.0,0.0,0.0,0.0,0.0,0.20375821646302938
17,0.012402084656059742,0.011862103827297688,0.011739670298993587,0.011605367995798588,0.01098431646823883,0.010661249980330467,0.011743537150323391,0.00983412005007267,0.00968259945511818,0.009194595739245415,0.00891815684735775,0.008567577227950096,0.008122526109218597,0.007606701925396919,0.007070419378578663,0.006593645550310612,0.0063241021707654,0.00578708853572607,0.004975663498044014,0.004873400554060936,0.00441727414727211,0.0038501573726534843,0.0036562643945217133,0.0035570915788412094,0.005254834890365601,0.002836907282471657,0.002653675153851509,0.002566351555287838,0.002226153388619423,0.0017102612182497978,0.0013126600533723831,0.000896429643034935,0.00044171977788209915,0.0,0.0,0.0,0.0,0.0,0.0,0.0,0.0,0.0,0.0,0.0,0.0,0.0,0.0,0.0,0.0,0.0,0.21392870787531137
18,0.012370327487587929,0.011999158188700676,0.011623533442616463,0.011284640058875084,0.010907823219895363,0.01065068319439888,0.010426914319396019,0.010238928720355034,0.009756171144545078,0.009410984814167023,0.008872623555362225,0.008389047347009182,0.007997864857316017,0.007124871946871281,0.007040468975901604,0.006707269698381424,0.006256085820496082,0.005683791823685169,0.006887421943247318,0.004620409570634365,0.004410316236317158,0.004195758141577244,0.004019021987915039,0.003914997912943363,0.003536401316523552,0.0031203310936689377,0.002665378153324127,0.002483404241502285,0.002371298149228096,0.0019079912453889847,0.001661526970565319,0.0014492524787783623,0.0012548640370368958,0.0011544069275259972,0.0007822001352906227,0.0,0.0,0.0,0.0,0.0,0.0,0.0,0.0,0.0,0.0,0.0,0.0,0.0,0.0,0.0,0.2171761691570282
19,0.012489947490394115,0.01185611356049776,0.011545906774699688,0.011382493190467358,0.011164997704327106,0.010753948241472244,0.010421769693493843,0.010036490857601166,0.009712819941341877,0.009381173178553581,0.00892660953104496,0.008509863168001175,0.0072724474593997,0.0073290662840008736,0.006855328567326069,0.006234454922378063,0.006283467635512352,0.005805945955216885,0.005316827446222305,0.004811855033040047,0.0046270452439785,0.004528905265033245,0.004022444598376751,0.0038614319637417793,0.0037300456315279007,0.005450038239359856,0.0030468404293060303,0.0029890043660998344,0.0025225775316357613,0.0020957840606570244,0.0019565271213650703,0.0014834674075245857,0.0013997433707118034,0.0009217271581292152,0.0004675528034567833,0.0,0.0,0.0,0.0,0.0,0.0,0.0,0.0,0.0,0.0,0.0,0.0,0.0,0.0,0.0,0.2191946618258953
20,0.01253654807806015,0.011888948269188404,0.01167177502065897,0.011156251654028893,0.010892153717577457,0.010530372150242329,0.010182944126427174,0.009776586666703224,0.00932841096073389,0.00905563309788704,0.008543283678591251,0.01000154484063387,0.007434452883899212,0.007072309032082558,0.0065730540081858635,0.0064281681552529335,0.00629774946719408,0.005887302570044994,0.005494615063071251,0.004690247587859631,0.004681907594203949,0.004234037362039089,0.00385892391204834,0.0035018315538764,0.003113381564617157,0.0026801377534866333,0.0022702645510435104,0.001832650974392891,0.001694289967417717,0.0012097302824258804,0.0010853204876184464,0.0006597433239221573,0.0,0.0,0.0,0.0,0.0,0.0,0.0,0.0,0.0,0.0,0.0,0.0,0.0,0.0,0.0,0.0,0.0,0.0,0.20626457035541534
21,0.012046595104038715,0.01178761851042509,0.010790268890559673,0.011115935631096363,0.01097977813333273,0.010815874673426151,0.01012805663049221,0.009872174821794033,0.00950445607304573,0.008892972953617573,0.007914725691080093,0.008259739726781845,0.0076287006959319115,0.007128383032977581,0.006612115539610386,0.006177238188683987,0.005671328864991665,0.005442559719085693,0.005255601368844509,0.005092158913612366,0.00488338153809309,0.00466926209628582,0.004799681715667248,0.004444538615643978,0.004091467708349228,0.003621857613325119,0.0031618140637874603,0.0029657240957021713,0.0028848713263869286,0.00235931109637022,0.002193787135183811,0.00211503729224205,0.0016311965882778168,0.0011914735659956932,0.000607944093644619,0.00039472710341215134,0.0,0.0,0.0,0.0,0.0,0.0,0.0,0.0,0.0,0.0,0.0,0.0,0.0,0.0,0.2171323588117957
22,0.012153777293860912,0.011567872017621994,0.011487480252981186,0.01120677124708891,0.010792503133416176,0.010688234120607376,0.0108005590736866,0.009672939777374268,0.009152728132903576,0.008787413127720356,0.008313610218465328,0.007652728818356991,0.007064389064908028,0.006959876045584679,0.0069175586104393005,0.006615675054490566,0.006207079626619816,0.005656985566020012,0.0054730018600821495,0.00535606499761343,0.005060630850493908,0.00464300811290741,0.004185786470770836,0.0034848665818572044,0.0034180879592895508,0.0032562147825956345,0.003069327212870121,0.0028841467574238777,0.002654057927429676,0.0026843706145882607,0.00231731403619051,0.0021565407514572144,0.0,0.0,0.0,0.0,0.0,0.0,0.0,0.0,0.0,0.0,0.0,0.0,0.0,0.0,0.0,0.0,0.0,0.0,0.21234160009771585
23,0.012126614339649677,0.011717728339135647,0.011502031236886978,0.011294067837297916,0.010835484601557255,0.010485569946467876,0.01015248242765665,0.009690138511359692,0.009250262752175331,0.008668115362524986,0.0081661157310009,0.007745630107820034,0.007270588539540768,0.006768012419342995,0.006619016639888287,0.006615412421524525,0.006031793542206287,0.0057290298864245415,0.005695478059351444,0.0052377013489604,0.005148507654666901,0.00480349175632,0.004327771253883839,0.004209245555102825,0.004035640507936478,0.0035582948476076126,0.003483567386865616,0.0030573513358831406,0.0027179978787899017,0.0021211737766861916,0.001870761625468731,0.0017546368762850761,0.0013101045042276382,0.0011678440496325493,0.0006549013778567314,0.00030800048261880875,0.0,0.0,0.0,0.0,0.0,0.0,0.0,0.0,0.0,0.0,0.0,0.0,0.0,0.0,0.21613056492060423
24,0.012134331278502941,0.011694091372191906,0.011594364419579506,0.011094859801232815,0.010831228457391262,0.01037966925650835,0.010119300335645676,0.009657944552600384,0.009179693646728992,0.00884909275919199,0.008349726907908916,0.007734319195151329,0.007330380380153656,0.0068882787600159645,0.0065602464601397514,0.006014377810060978,0.006021678447723389,0.005587334744632244,0.005225963890552521,0.004640527069568634,0.004533545114099979,0.004277198575437069,0.004118911921977997,0.0039822813123464584,0.0035632941871881485,0.003478158265352249,0.0030796239152550697,0.002546321600675583,0.0024104248732328415,0.0018721045926213264,0.0016788998618721962,0.0015351343899965286,0.0,0.0,0.0,0.0,0.0,0.0,0.0,0.0,0.0,0.0,0.0,0.0,0.0,0.0,0.0,0.0,0.0,0.0,0.20696330815553665
25,0.012151367962360382,0.011692755855619907,0.011512660421431065,0.010988753288984299,0.010795271024107933,0.010293266735970974,0.009960921481251717,0.00974258128553629,0.009327406994998455,0.010602198541164398,0.008468127809464931,0.008041473105549812,0.007473243400454521,0.007205558009445667,0.006643251515924931,0.006266612559556961,0.005782974883913994,0.005173885263502598,0.005016662180423737,0.004919945262372494,0.004404103383421898,0.004399994388222694,0.0038687707856297493,0.003713478334248066,0.003672000952064991,0.0032234210520982742,0.0027142446488142014,0.0026984605938196182,0.0022484278306365013,0.001935429871082306,0.0013954713940620422,0.0009138202294707298,0.00036332011222839355,0.0,0.0,0.0,0.0,0.0,0.0,0.0,0.0,0.0,0.0,0.0,0.0,0.0,0.0,0.0,0.0,0.0,0.20760986115783453
26,0.012143273837864399,0.011864427477121353,0.011715209111571312,0.01127536129206419,0.011046484112739563,0.010743135586380959,0.010448073968291283,0.010024397633969784,0.009508154354989529,0.00894190464168787,0.008341819047927856,0.008124600164592266,0.007526089437305927,0.007130422629415989,0.006596704944968224,0.00641399621963501,0.006365339271724224,0.0059748198837041855,0.0056851087138056755,0.00476477574557066,0.004500718787312508,0.0043969424441456795,0.004434505477547646,0.0039938874542713165,0.0035625649616122246,0.0031111882999539375,0.0027355067431926727,0.00225130096077919,0.002041436731815338,0.001976541243493557,0.0014778431504964828,0.0010041538625955582,0.0008020875975489616,0.0007198303937911987,0.0,0.0,0.0,0.0,0.0,0.0,0.0,0.0,0.0,0.0,0.0,0.0,0.0,0.0,0.0,0.0,0.21164260618388653
27,0.013750320300459862,0.012006642296910286,0.01160059031099081,0.01140526495873928,0.010833165608346462,0.010534480214118958,0.010167920961976051,0.009722476825118065,0.009241110645234585,0.008868468925356865,0.008380933664739132,0.008089633658528328,0.007607156410813332,0.007156618870794773,0.006602969020605087,0.006611889228224754,0.006196295842528343,0.0057519348338246346,0.005006738938391209,0.004941161721944809,0.004801696166396141,0.0043062688782811165,0.003682398237287998,0.00363131333142519,0.0030989879742264748,0.0028946809470653534,0.0028496570885181427,0.002253402955830097,0.001987520605325699,0.001438867300748825,0.001400577835738659,0.0008984226733446121,0.00039209239184856415,0.0,0.0,0.0,0.0,0.0,0.0,0.0,0.0,0.0,0.0,0.0,0.0,0.0,0.0,0.0,0.0,0.0,0.2081116596236825
28,0.01246672123670578,0.011445606127381325,0.011585908010601997,0.011153937317430973,0.010874263942241669,0.010539337061345577,0.010247032158076763,0.009777005761861801,0.009333490394055843,0.009002160280942917,0.008547157049179077,0.007256373763084412,0.007585971616208553,0.007370392791926861,0.00678111519664526,0.006148018874228001,0.006144861690700054,0.005640330724418163,0.005201676860451698,0.005100777372717857,0.004835599102079868,0.004409610293805599,0.003990408033132553,0.0036204010248184204,0.0032097408547997475,0.002885858528316021,0.002508181147277355,0.002033444121479988,0.0016337903216481209,0.0011393502354621887,0.0006651971489191055,0.0,0.0,0.0,0.0,0.0,0.0,0.0,0.0,0.0,0.0,0.0,0.0,0.0,0.0,0.0,0.0,0.0,0.0,0.0,0.20313371904194355
29,0.012403706088662148,0.011987087316811085,0.011583831161260605,0.011438178829848766,0.010938121005892754,0.010486657731235027,0.010315699502825737,0.009780988097190857,0.009426312521100044,0.009146297350525856,0.008541163057088852,0.008322709240019321,0.007849595509469509,0.007248100824654102,0.006829136051237583,0.006446666084229946,0.00604404229670763,0.005595706403255463,0.005162468180060387,0.0047669848427176476,0.004261846654117107,0.004178104922175407,0.00384637713432312,0.0033602481707930565,0.002890997566282749,0.0028494512662291527,0.002312431111931801,0.0021384647116065025,0.0020460709929466248,0.0015953993424773216,0.0010910015553236008,0.000913483090698719,0.0003772694617509842,0.0,0.0,0.0,0.0,0.0,0.0,0.0,0.0,0.0,0.0,0.0,0.0,0.0,0.0,0.0,0.0,0.0,0.20617459807544947
30,0.01248825155198574,0.011927763931453228,0.01163792610168457,0.010545961558818817,0.010852478444576263,0.010597307235002518,0.010195260867476463,0.009958156384527683,0.009522120468318462,0.008990210480988026,0.008469573222100735,0.008080403320491314,0.007664956152439117,0.007108073681592941,0.0065750852227211,0.006138179451227188,0.005978478118777275,0.005968702025711536,0.005456089042127132,0.005263961851596832,0.0052697015926241875,0.004755498841404915,0.00446070171892643,0.003986025229096413,0.0037281708791851997,0.0032791905105113983,0.0027417605742812157,0.0023383544757962227,0.0020158011466264725,0.001595127396285534,0.0010874336585402489,0.0004931315779685974,0.0,0.0,0.0,0.0,0.0,0.0,0.0,0.0,0.0,0.0,0.0,0.0,0.0,0.0,0.0,0.0,0.0,0.0,0.20916983671486378
31,0.012089644558727741,0.011667908169329166,0.0113986162468791,0.011216413229703903,0.010686527006328106,0.010247788392007351,0.00975801795721054,0.009411809965968132,0.00905100628733635,0.008665382862091064,0.008232067339122295,0.007907921448349953,0.007456226274371147,0.0070237452164292336,0.006585141643881798,0.006113172508776188,0.005671354942023754,0.00572501216083765,0.005482885986566544,0.004965875297784805,0.00446721538901329,0.004032614640891552,0.003491087816655636,0.0032755425199866295,0.0029554814100265503,0.002336784265935421,0.0018066838383674622,0.0016517546027898788,0.001675780862569809,0.0011767679825425148,0.0007192036136984825,0.0,0.0,0.0,0.0,0.0,0.0,0.0,0.0,0.0,0.0,0.0,0.0,0.0,0.0,0.0,0.0,0.0,0.0,0.0,0.19694543443620205
32,0.01203968282788992,0.011687171645462513,0.011537779122591019,0.011120292358100414,0.01083665993064642,0.010446387343108654,0.00997901614755392,0.009762710891664028,0.009437707252800465,0.008947399444878101,0.008334153331816196,0.007939883507788181,0.007470141164958477,0.006955419667065144,0.006599802523851395,0.00618359912186861,0.0057329218834638596,0.005485392175614834,0.005222301930189133,0.004970075562596321,0.004412258043885231,0.004110830835998058,0.003535144031047821,0.0030784476548433304,0.0024752644822001457,0.0024584298953413963,0.0020058471709489822,0.0016543539240956306,0.001125783659517765,0.0007387008517980576,0.0,0.0,0.0,0.0,0.0,0.0,0.0,0.0,0.0,0.0,0.0,0.0,0.0,0.0,0.0,0.0,0.0,0.0,0.0,0.0,0.19628355838358402
33,0.01210866216570139,0.011584154330193996,0.011402235366404057,0.011022803373634815,0.010726308450102806,0.01040172204375267,0.01000645849853754,0.009890097193419933,0.009483699686825275,0.009063450619578362,0.008654741570353508,0.00828273594379425,0.007719685323536396,0.00953957624733448,0.006878104992210865,0.006340355612337589,0.006002933718264103,0.0057065244764089584,0.005193665623664856,0.004796038381755352,0.004245651885867119,0.003815827891230583,0.0032249875366687775,0.003150024451315403,0.0026242071762681007,0.0025217169895768166,0.002232111059129238,0.0017169415950775146,0.001288997009396553,0.0009864866733551025,0.0003541698679327965,0.0,0.0,0.0,0.0,0.0,0.0,0.0,0.0,0.0,0.0,0.0,0.0,0.0,0.0,0.0,0.0,0.0,0.0,0.0,0.2009650757536292
34,0.012077131308615208,0.011794362217187881,0.011505967937409878,0.011197516694664955,0.01067250594496727,0.01044333353638649,0.010042776353657246,0.009584369137883186,0.009207372553646564,0.00871149729937315,0.008353766053915024,0.008092793636023998,0.007621975615620613,0.007113741710782051,0.006242198869585991,0.006277876906096935,0.006003501825034618,0.005489754490554333,0.005131000652909279,0.004601137712597847,0.0041101789101958275,0.0037455912679433823,0.003292728215456009,0.002663937397301197,0.002420586533844471,0.0022769616916775703,0.0018912078812718391,0.0014479514211416245,0.0009492337703704834,0.0008469037711620331,0.0003816196694970131,0.0,0.0,0.0,0.0,0.0,0.0,0.0,0.0,0.0,0.0,0.0,0.0,0.0,0.0,0.0,0.0,0.0,0.0,0.0,0.19419148098677397
35,0.012151661328971386,0.011725698597729206,0.011466444469988346,0.011089303530752659,0.010710157454013824,0.010316448286175728,0.009244606830179691,0.009819723665714264,0.009161585941910744,0.008683424443006516,0.008151568472385406,0.007534823380410671,0.007399008609354496,0.007207052782177925,0.007124115712940693,0.006623612716794014,0.0064673228189349174,0.00644728634506464,0.006024353206157684,0.00533634889870882,0.005234844982624054,0.005116562359035015,0.0047660283744335175,0.004264721646904945,0.004024910740554333,0.0038332324475049973,0.0038635581731796265,0.0,0.0,0.0,0.0,0.0,0.0,0.0,0.0,0.0,0.0,0.0,0.0,0.0,0.0,0.0,0.0,0.0,0.0,0.0,0.0,0.0,0.0,0.0,0.20378840621560812
36,0.012480848468840122,0.011979999020695686,0.011669069528579712,0.011267823167145252,0.011165475472807884,0.010793917812407017,0.010492194443941116,0.01013279426842928,0.009796482510864735,0.009381705895066261,0.008808407001197338,0.00850307010114193,0.007897772826254368,0.007445302791893482,0.007054152898490429,0.006412851624190807,0.006105352193117142,0.0057337041944265366,0.0051672449335455894,0.004718799144029617,0.003958378918468952,0.004124644212424755,0.003661317750811577,0.0035232072696089745,0.00317300483584404,0.002742066979408264,0.002242436632514,0.0021214745938777924,0.0016322443261742592,0.0015314044430851936,0.001151195727288723,0.0006784144788980484,0.0,0.0,0.0,0.0,0.0,0.0,0.0,0.0,0.0,0.0,0.0,0.0,0.0,0.0,0.0,0.0,0.0,0.0,0.20754675846546888
37,0.012421097606420517,0.012003174051642418,0.011783747933804989,0.01154177077114582,0.011177373118698597,0.010683028027415276,0.010293533094227314,0.009923247620463371,0.009426390752196312,0.008994247764348984,0.00855434313416481,0.008186393417418003,0.007103779353201389,0.007317041978240013,0.0069079287350177765,0.006432569585740566,0.005959705449640751,0.005504728294909,0.005317298695445061,0.0049502914771437645,0.004570499062538147,0.004208624362945557,0.0038271406665444374,0.0034201983362436295,0.003033081069588661,0.0025359168648719788,0.002422815188765526,0.00210774689912796,0.0015239128842949867,0.0012785466387867928,0.0011588837951421738,0.0006694132462143898,0.0003822464495897293,0.0,0.0,0.0,0.0,0.0,0.0,0.0,0.0,0.0,0.0,0.0,0.0,0.0,0.0,0.0,0.0,0.0,0.2056207163259387
38,0.012462710961699486,0.011963211931288242,0.011580581776797771,0.011442610062658787,0.011032924987375736,0.010627124458551407,0.010238959453999996,0.009843196719884872,0.00947679951786995,0.009031402878463268,0.008547135628759861,0.008017419837415218,0.00658675841987133,0.007319471798837185,0.006834966130554676,0.006310861557722092,0.0057710567489266396,0.005643079057335854,0.005522019229829311,0.004977255128324032,0.004973778501152992,0.003999589942395687,0.004148403182625771,0.003975901752710342,0.003472518175840378,0.003235754556953907,0.003131357952952385,0.0027389079332351685,0.002293003723025322,0.002101724036037922,0.001940176822245121,0.0015476169064640999,0.0011085541918873787,0.0006815241649746895,0.0,0.0,0.0,0.0,0.0,0.0,0.0,0.0,0.0,0.0,0.0,0.0,0.0,0.0,0.0,0.0,0.21257835812866688
39,0.012328258715569973,0.011937165632843971,0.011659852229058743,0.011364255100488663,0.010882326401770115,0.01062263734638691,0.010225542820990086,0.009913747198879719,0.009521663188934326,0.009203522466123104,0.00864578876644373,0.008144587278366089,0.00775280874222517,0.007444213144481182,0.007080999203026295,0.006596915423870087,0.006040114909410477,0.00567637849599123,0.005146121606230736,0.0047017652541399,0.0042768819257617,0.005592428147792816,0.0038507478311657906,0.003686404787003994,0.0035598473623394966,0.003186575137078762,0.002742260694503784,0.002400358207523823,0.0019833697006106377,0.001530541107058525,0.0009977472946047783,0.0008181510493159294,0.0006909314543008804,0.0,0.0,0.0,0.0,0.0,0.0,0.0,0.0,0.0,0.0,0.0,0.0,0.0,0.0,0.0,0.0,0.0,0.21020490862429142
40,0.01239602081477642,0.011378043331205845,0.011686278507113457,0.011315467767417431,0.011107031255960464,0.01091326866298914,0.010495237074792385,0.009949476458132267,0.009472766891121864,0.009101145900785923,0.008807577192783356,0.008189907297492027,0.007749336771667004,0.006986548192799091,0.006843735463917255,0.006681868806481361,0.006220183335244656,0.006102161481976509,0.005773802287876606,0.005326597951352596,0.004807972349226475,0.004746481776237488,0.004339378327131271,0.003997652791440487,0.003444148227572441,0.0032887710258364677,0.002951282076537609,0.0025646211579442024,0.0020981375128030777,0.0016460763290524483,0.0016171587631106377,0.0011606598272919655,0.0006249463185667992,0.00040481705218553543,0.0,0.0,0.0,0.0,0.0,0.0,0.0,0.0,0.0,0.0,0.0,0.0,0.0,0.0,0.0,0.0,0.21418855898082256
41,0.012136448174715042,0.011580435559153557,0.011392894200980663,0.011176071129739285,0.010007895529270172,0.010496004484593868,0.010101260617375374,0.00966739933937788,0.009198824875056744,0.008736416697502136,0.008352335542440414,0.007770306430757046,0.0075339339673519135,0.006914285942912102,0.006451822817325592,0.006206955760717392,0.005653189495205879,0.005407342687249184,0.004849188029766083,0.005151668563485146,0.004168083891272545,0.003722451627254486,0.003402956761419773,0.0028990041464567184,0.002516414038836956,0.002031817100942135,0.001948741264641285,0.0015201428905129433,0.0010629333555698395,0.0007360493764281273,0.0,0.0,0.0,0.0,0.0,0.0,0.0,0.0,0.0,0.0,0.0,0.0,0.0,0.0,0.0,0.0,0.0,0.0,0.0,0.0,0.19279327429831028
42,0.01215375680476427,0.011736148968338966,0.011371481232345104,0.011230173520743847,0.010872451588511467,0.010356702841818333,0.010100563988089561,0.009751630015671253,0.009262642823159695,0.008754346519708633,0.00763621274381876,0.007989737205207348,0.007448921911418438,0.006914045661687851,0.006472195498645306,0.006229851394891739,0.005643278360366821,0.005378358997404575,0.005013061687350273,0.004483661614358425,0.004314209334552288,0.003919190727174282,0.0035268552601337433,0.0029241880401968956,0.0026733344420790672,0.0026156241074204445,0.002058633603155613,0.0018346412107348442,0.001618390902876854,0.0015178835019469261,0.001144619658589363,0.0006508436053991318,0.0002893144264817238,0.0,0.0,0.0,0.0,0.0,0.0,0.0,0.0,0.0,0.0,0.0,0.0,0.0,0.0,0.0,0.0,0.0,0.19788695219904184
43,0.012114053592085838,0.011657621711492538,0.01150027010589838,0.01112875621765852,0.010943393222987652,0.010542850941419601,0.010294795967638493,0.010057703591883183,0.009559483267366886,0.00907976645976305,0.008679929189383984,0.008157412521541119,0.007470652461051941,0.0070195430889725685,0.006170605309307575,0.0060800788924098015,0.006053874269127846,0.005545478314161301,0.004998384974896908,0.004382486455142498,0.004734450951218605,0.004509887658059597,0.003896527923643589,0.003709981217980385,0.0037797046825289726,0.0031460579484701157,0.002802787348628044,0.0023368345573544502,0.0019747745245695114,0.0014153188094496727,0.0011831698939204216,0.0011061374098062515,0.0006488729268312454,0.0,0.0,0.0,0.0,0.0,0.0,0.0,0.0,0.0,0.0,0.0,0.0,0.0,0.0,0.0,0.0,0.0,0.20668164640665054
44,0.012214845977723598,0.011816881597042084,0.01148501131683588,0.011212369427084923,0.010796405375003815,0.010474598035216331,0.010065684095025063,0.009787620976567268,0.009245114400982857,0.009001650847494602,0.00850625243037939,0.008034678176045418,0.007512285374104977,0.006957503966987133,0.006402608938515186,0.006419239565730095,0.005988809280097485,0.005517519079148769,0.00505421869456768,0.004909069277346134,0.004678482189774513,0.004573557525873184,0.004186091013252735,0.003726535476744175,0.0035068215802311897,0.0033395877107977867,0.003321605734527111,0.0029322681948542595,0.002369901165366173,0.002273794263601303,0.0017789406701922417,0.0016744378954172134,0.001195991411805153,0.0006824173033237457,0.0,0.0,0.0,0.0,0.0,0.0,0.0,0.0,0.0,0.0,0.0,0.0,0.0,0.0,0.0,0.0,0.21164279896765947
45,0.012113715521991253,0.011716053821146488,0.01147305779159069,0.011105218902230263,0.010740513913333416,0.010380410589277744,0.010043834336102009,0.00961365643888712,0.009202539920806885,0.008654346689581871,0.008405013009905815,0.007839886471629143,0.0075526162981987,0.007114564999938011,0.0065850624814629555,0.006004101596772671,0.005802941508591175,0.005634374916553497,0.0055035753175616264,0.0052492814138531685,0.0046644313260912895,0.004455737769603729,0.004307985305786133,0.00424734503030777,0.00371584203094244,0.003588601015508175,0.003263147547841072,0.002771340310573578,0.0023039579391479492,0.002148214727640152,0.002069341018795967,0.001603277400135994,0.001395546831190586,0.001100209541618824,0.0007296176627278328,0.0,0.0,0.0,0.0,0.0,0.0,0.0,0.0,0.0,0.0,0.0,0.0,0.0,0.0,0.0,0.213099361397326
46,0.012485584244132042,0.01199974026530981,0.011569251306355,0.01133572869002819,0.011131586506962776,0.010835886001586914,0.010385769419372082,0.009957976639270782,0.009505963884294033,0.009107979945838451,0.008406100794672966,0.008084023371338844,0.007536185905337334,0.007294168695807457,0.006437080912292004,0.006539706140756607,0.00617668591439724,0.007532006129622459,0.005133089609444141,0.004708479158580303,0.004557081498205662,0.004001357592642307,0.003811941482126713,0.003752569667994976,0.0033418387174606323,0.0029097609221935272,0.0025374600663781166,0.00212846789509058,0.0017380472272634506,0.0013230275362730026,0.0009193466976284981,0.00039719417691230774,0.0,0.0,0.0,0.0,0.0,0.0,0.0,0.0,0.0,0.0,0.0,0.0,0.0,0.0,0.0,0.0,0.0,0.0,0.2075810870155692
47,0.012388237752020359,0.012009604834020138,0.011582998558878899,0.011214230209589005,0.010981441475450993,0.010897226631641388,0.010363643057644367,0.010027958080172539,0.009503301233053207,0.009066679514944553,0.008682356216013432,0.008185931481420994,0.007702476345002651,0.007237902842462063,0.006751468405127525,0.006374356336891651,0.005959872156381607,0.00544461514800787,0.0053617991507053375,0.0048493314534425735,0.004716258496046066,0.004346102476119995,0.0038290703669190407,0.0036770515143871307,0.0035175811499357224,0.0031099049374461174,0.0026963278651237488,0.0022560935467481613,0.0021990807726979256,0.0017318809404969215,0.001384383998811245,0.000918293371796608,0.0004328973591327667,0.0,0.0,0.0,0.0,0.0,0.0,0.0,0.0,0.0,0.0,0.0,0.0,0.0,0.0,0.0,0.0,0.0,0.2094003576785326
48,0.012455855496227741,0.012013426050543785,0.01163535937666893,0.011343392543494701,0.011035542003810406,0.0109175443649292,0.010475173592567444,0.009842786937952042,0.009588133543729782,0.009224039502441883,0.00885238591581583,0.008260585367679596,0.00781999807804823,0.0072246128693223,0.006574335508048534,0.006099791266024113,0.006048308685421944,0.005940299481153488,0.005464284680783749,0.004999692551791668,0.0048364754766225815,0.004715686663985252,0.004318648017942905,0.003877154551446438,0.0037522781640291214,0.0033646048977971077,0.0029224110767245293,0.0026191668584942818,0.002150285057723522,0.0017970474436879158,0.0013341410085558891,0.0011146068572998047,0.000776754692196846,0.0,0.0,0.0,0.0,0.0,0.0,0.0,0.0,0.0,0.0,0.0,0.0,0.0,0.0,0.0,0.0,0.0,0.21339480858296156
49,0.012500901706516743,0.011899532750248909,0.011704548262059689,0.011412491090595722,0.011023733764886856,0.010653183795511723,0.010341739282011986,0.010061110369861126,0.009550172835588455,0.009059512987732887,0.008676507510244846,0.008050022646784782,0.007673048414289951,0.00721292570233345,0.006727175787091255,0.0062346141785383224,0.0060678692534565926,0.005840655416250229,0.005494501441717148,0.005208062008023262,0.004703030921518803,0.004339494742453098,0.003942037932574749,0.0035734549164772034,0.0032589836046099663,0.002818794921040535,0.0022813305258750916,0.0021053142845630646,0.001979060471057892,0.001503591425716877,0.0013478798791766167,0.0009299265220761299,0.00044834334403276443,0.0,0.0,0.0,0.0,0.0,0.0,0.0,0.0,0.0,0.0,0.0,0.0,0.0,0.0,0.0,0.0,0.0,0.20862355269491673
50,0.012371105141937733,0.011996469460427761,0.011670248582959175,0.011287959292531013,0.011141154915094376,0.01054641604423523,0.01012964267283678,0.00988935399800539,0.009432468563318253,0.008977027609944344,0.008671906776726246,0.008179211989045143,0.007709743455052376,0.007460425607860088,0.007099871523678303,0.006837909109890461,0.006337355822324753,0.005690877325832844,0.005269717425107956,0.004856778308749199,0.0042391372844576836,0.004054884426295757,0.004035035148262978,0.0034742504358291626,0.0032690148800611496,0.003169354982674122,0.0027767913416028023,0.0023830942809581757,0.0019368510693311691,0.001528363674879074,0.0010478664189577103,0.000934080220758915,0.000377449207007885,0.0,0.0,0.0,0.0,0.0,0.0,0.0,0.0,0.0,0.0,0.0,0.0,0.0,0.0,0.0,0.0,0.0,0.208781816996634
51,0.0122612826526165,0.011648435145616531,0.011467247270047665,0.011150513775646687,0.010838187299668789,0.010441135615110397,0.010190572589635849,0.009666414000093937,0.009441984817385674,0.009036344476044178,0.008617563173174858,0.00825803168118,0.007877293042838573,0.007444065995514393,0.006695104762911797,0.0062200166285037994,0.005721746012568474,0.0052190544083714485,0.005115748383104801,0.00465091597288847,0.004481622017920017,0.004288307391107082,0.003990914672613144,0.003567870706319809,0.003072381019592285,0.0029304614290595055,0.002823043614625931,0.0022637108340859413,0.0020185038447380066,0.0018560411408543587,0.0018212608993053436,0.0012117698788642883,0.0010243821889162064,0.0008259303867816925,0.0006334995850920677,0.0003075273707509041,0.0,0.0,0.0,0.0,0.0,0.0,0.0,0.0,0.0,0.0,0.0,0.0,0.0,0.0,0.2090788846835494
52,0.012122654356062412,0.011677591130137444,0.01151352934539318,0.011138353496789932,0.011051422916352749,0.01057136058807373,0.010267184115946293,0.009863829240202904,0.009110466577112675,0.008712224662303925,0.008252433501183987,0.0072961170226335526,0.007467699237167835,0.007124568335711956,0.006634878925979137,0.006175206042826176,0.005811839364469051,0.005258327350020409,0.005073175765573978,0.004660238511860371,0.004198172129690647,0.0036187171936035156,0.003444724716246128,0.0032666008919477463,0.0031836749985814095,0.002861221320927143,0.002309541217982769,0.0018215971067547798,0.0015660542994737625,0.0015804916620254517,0.0010136803612113,0.000921100378036499,0.0004549957811832428,0.0,0.0,0.0,0.0,0.0,0.0,0.0,0.0,0.0,0.0,0.0,0.0,0.0,0.0,0.0,0.0,0.0,0.2000236725434661
53,0.012132332660257816,0.011768583208322525,0.011480877175927162,0.011261476203799248,0.010766363702714443,0.010472171008586884,0.010163834318518639,0.009615123271942139,0.009223869070410728,0.00883277878165245,0.00836263969540596,0.007878776639699936,0.0074006253853440285,0.00677056610584259,0.0068529751151800156,0.006455837748944759,0.006068862974643707,0.005503969267010689,0.005112682469189167,0.004856864921748638,0.004322590306401253,0.004081098362803459,0.0035044746473431587,0.003043937496840954,0.002818310633301735,0.002661585807800293,0.0024888841435313225,0.0023501701653003693,0.0019361376762390137,0.0015147440135478973,0.0011943764984607697,0.000679749995470047,0.0,0.0,0.0,0.0,0.0,0.0,0.0,0.0,0.0,0.0,0.0,0.0,0.0,0.0,0.0,0.0,0.0,0.0,0.2015772694721818
54,0.012182326056063175,0.01173595804721117,0.011597096920013428,0.011110205203294754,0.010939291678369045,0.010481991805136204,0.010184410028159618,0.009637114591896534,0.009243869222700596,0.008594457991421223,0.008259912952780724,0.00785872619599104,0.007490718737244606,0.007230059243738651,0.006525716744363308,0.006130032241344452,0.005624041892588139,0.005568439140915871,0.005101421847939491,0.004628250375390053,0.004600235261023045,0.004146822728216648,0.0037679150700569153,0.003338377922773361,0.002984480932354927,0.002427441067993641,0.0023800376802682877,0.0019366499036550522,0.0015387237071990967,0.0011471537873148918,0.0007145768031477928,0.0,0.0,0.0,0.0,0.0,0.0,0.0,0.0,0.0,0.0,0.0,0.0,0.0,0.0,0.0,0.0,0.0,0.0,0.0,0.19910645578056574
55,0.01217995397746563,0.011653744615614414,0.011472896672785282,0.011210855096578598,0.010824877768754959,0.010354673489928246,0.009946496225893497,0.009415078908205032,0.009042159654200077,0.008650696836411953,0.00814097747206688,0.007632038556039333,0.007523749023675919,0.007143340073525906,0.006853582337498665,0.007340226322412491,0.006198542192578316,0.005895395763218403,0.005318545736372471,0.0047887349501252174,0.004463935270905495,0.003872388042509556,0.0034675411880016327,0.0032351212576031685,0.003008994273841381,0.0028106318786740303,0.0026274211704730988,0.00259292870759964,0.002158297225832939,0.0017340034246444702,0.001492413692176342,0.000998087227344513,0.00046260375529527664,0.0,0.0,0.0,0.0,0.0,0.0,0.0,0.0,0.0,0.0,0.0,0.0,0.0,0.0,0.0,0.0,0.0,0.20451093278825283
56,0.012235830537974834,0.011992823332548141,0.011512218043208122,0.011370895430445671,0.010963973589241505,0.010703891515731812,0.010172137059271336,0.009739539586007595,0.009307577274739742,0.008892323821783066,0.008542819879949093,0.008068165741860867,0.007512569427490234,0.007204748690128326,0.006755555979907513,0.006222505122423172,0.006117609329521656,0.005643519572913647,0.005673795007169247,0.005285232327878475,0.004804165102541447,0.004387947730720043,0.004027174785733223,0.0034809913486242294,0.003405320458114147,0.002987428568303585,0.002436641603708267,0.0022579310461878777,0.0021161073818802834,0.0016594072803854942,0.0016354108229279518,0.0011821938678622246,0.0006111841648817062,0.00044927746057510376,0.0,0.0,0.0,0.0,0.0,0.0,0.0,0.0,0.0,0.0,0.0,0.0,0.0,0.0,0.0,0.0,0.20935891289263964
57,0.012402634136378765,0.011955175548791885,0.011683810502290726,0.011273784562945366,0.010866787284612656,0.01043890044093132,0.010108250193297863,0.009784386493265629,0.009451345540583134,0.009078660048544407,0.008429708890616894,0.007976782508194447,0.00747622549533844,0.0071201324462890625,0.00674066785722971,0.0062982020899653435,0.005872978828847408,0.005607462488114834,0.005546231754124165,0.005019784905016422,0.004887741059064865,0.004688027314841747,0.00454640481621027,0.004475599154829979,0.0040428610518574715,0.003883255645632744,0.0,0.0,0.0,0.0,0.0,0.0,0.0,0.0,0.0,0.0,0.0,0.0,0.0,0.0,0.0,0.0,0.0,0.0,0.0,0.0,0.0,0.0,0.0,0.0,0.19965580105781555
58,0.012479573488235474,0.012046695686876774,0.011757324449717999,0.011381881311535835,0.011255842633545399,0.010753657668828964,0.010454243049025536,0.009975164197385311,0.009555823169648647,0.009195666760206223,0.008772623725235462,0.00842736940830946,0.007946156896650791,0.007317856885492802,0.00684110913425684,0.00638445932418108,0.005124544724822044,0.0054898690432310104,0.005263953469693661,0.005113443359732628,0.005011304281651974,0.004662978462874889,0.004168755374848843,0.003885410726070404,0.0037715407088398933,0.0036262115463614464,0.003203720785677433,0.002742251381278038,0.0026380205526947975,0.0020997608080506325,0.002014586701989174,0.0015669530257582664,0.0011409865692257881,0.0005971305072307587,0.0003860732540488243,0.0,0.0,0.0,0.0,0.0,0.0,0.0,0.0,0.0,0.0,0.0,0.0,0.0,0.0,0.0,0.2170529430732131
59,0.012539000250399113,0.011979199945926666,0.011620981618762016,0.011329610832035542,0.010889457538723946,0.010607077740132809,0.010117711499333382,0.009851199574768543,0.009336558170616627,0.009150372818112373,0.00859863217920065,0.00820157304406166,0.00758404191583395,0.007254202850162983,0.006857069209218025,0.006358116865158081,0.005978638306260109,0.005684095434844494,0.005193285644054413,0.0047020213678479195,0.004369787871837616,0.003977486863732338,0.003848548047244549,0.0033871419727802277,0.002896980382502079,0.0025393078103661537,0.0020732469856739044,0.0016259877011179924,0.001228264532983303,0.0006101774051785469,0.00043504033237695694,0.0,0.0,0.0,0.0,0.0,0.0,0.0,0.0,0.0,0.0,0.0,0.0,0.0,0.0,0.0,0.0,0.0,0.0,0.0,0.20082481671124697
60,0.012359458021819592,0.011951558291912079,0.011678450740873814,0.011291773989796638,0.011157226748764515,0.010824334807693958,0.010330427438020706,0.010058380663394928,0.009570063091814518,0.009020067751407623,0.008552969433367252,0.008062982931733131,0.007580266334116459,0.007211210206151009,0.0068390630185604095,0.006515927612781525,0.006084621883928776,0.005679771304130554,0.005189728923141956,0.004615558311343193,0.004394634626805782,0.0043384116142988205,0.0040344493463635445,0.003552979789674282,0.003096414729952812,0.0028823278844356537,0.0028075911104679108,0.0023132646456360817,0.002067706547677517,0.001987871713936329,0.001504458487033844,0.001313433051109314,0.0011932877823710442,0.0006825476884841919,0.00037496257573366165,0.0,0.0,0.0,0.0,0.0,0.0,0.0,0.0,0.0,0.0,0.0,0.0,0.0,0.0,0.0,0.21111818309873343
61,0.012152522802352905,0.011796772480010986,0.011410374194383621,0.011341550387442112,0.01081023644655943,0.010358067229390144,0.010086770169436932,0.009596768766641617,0.009235899895429611,0.008770369924604893,0.008261661976575851,0.007628489285707474,0.0074078841134905815,0.007278710603713989,0.007051168009638786,0.006908486597239971,0.006781726144254208,0.006285126321017742,0.006070432253181934,0.005994688719511032,0.005532488226890564,0.005139058455824852,0.004859595559537411,0.00484100729227066,0.00440109521150589,0.004278711974620819,0.0,0.0,0.0,0.0,0.0,0.0,0.0,0.0,0.0,0.0,0.0,0.0,0.0,0.0,0.0,0.0,0.0,0.0,0.0,0.0,0.0,0.0,0.0,0.0,0.20427966304123402
62,0.012166664935648441,0.011790593154728413,0.011552195064723492,0.01122184470295906,0.010963086038827896,0.010406817309558392,0.009966721758246422,0.00943118054419756,0.009058710187673569,0.00857948325574398,0.008140046149492264,0.007712232880294323,0.007525180466473103,0.00758473202586174,0.007064073346555233,0.006911752745509148,0.006321531720459461,0.005742935463786125,0.00533197820186615,0.0048963893204927444,0.004513352178037167,0.00413237139582634,0.003796614706516266,0.0032631028443574905,0.0032161036506295204,0.0026063313707709312,0.002039189450442791,0.001940765418112278,0.0017205970361828804,0.0012269765138626099,0.0007096724584698677,0.0,0.0,0.0,0.0,0.0,0.0,0.0,0.0,0.0,0.0,0.0,0.0,0.0,0.0,0.0,0.0,0.0,0.0,0.0,0.20153322629630566
63,0.012184400111436844,0.011857379227876663,0.011533977463841438,0.011258140206336975,0.010851806960999966,0.010521731339395046,0.010033337399363518,0.00951453298330307,0.009145712479948997,0.008670247159898281,0.008241607807576656,0.007644744589924812,0.007456907071173191,0.007316392846405506,0.007009798660874367,0.006482399068772793,0.006029005162417889,0.005849101580679417,0.005747715011239052,0.004082890227437019,0.005111187696456909,0.0049568526446819305,0.004508102312684059,0.004573344253003597,0.004381787963211536,0.004192087799310684,0.0040443576872348785,0.003935667686164379,0.003472008742392063,0.0,0.0,0.0,0.0,0.0,0.0,0.0,0.0,0.0,0.0,0.0,0.0,0.0,0.0,0.0,0.0,0.0,0.0,0.0,0.0,0.0,0.21060722414404154
64,0.012241565622389317,0.011872323229908943,0.011514849029481411,0.0110630439594388,0.010837648063898087,0.010363174602389336,0.010044196620583534,0.00961260311305523,0.009121213108301163,0.00869365967810154,0.00817758310586214,0.007789868861436844,0.007255759090185165,0.0071176523342728615,0.006886088289320469,0.006715953350067139,0.006593117490410805,0.006306413561105728,0.005972788669168949,0.0053277043625712395,0.005104955285787582,0.004928978160023689,0.004818931221961975,0.004755791276693344,0.0,0.0,0.0,0.0,0.0,0.0,0.0,0.0,0.0,0.0,0.0,0.0,0.0,0.0,0.0,0.0,0.0,0.0,0.0,0.0,0.0,0.0,0.0,0.0,0.0,0.0,0.1931158620864153
65,0.012095395475625992,0.011761163361370564,0.011499670334160328,0.011048711836338043,0.010935078375041485,0.010485814884305,0.010135900229215622,0.009857154451310635,0.009503540582954884,0.00907677598297596,0.008472413755953312,0.008180683478713036,0.007852863520383835,0.0073325131088495255,0.006829376332461834,0.0065404921770095825,0.006047451868653297,0.005421345122158527,0.004948845133185387,0.0045913346111774445,0.004091917537152767,0.0036590704694390297,0.0034637451171875,0.0032447902485728264,0.003132633864879608,0.002744341269135475,0.002331874333322048,0.0018438342958688736,0.001646529883146286,0.0016673430800437927,0.0011815661564469337,0.0007098568603396416,0.0,0.0,0.0,0.0,0.0,0.0,0.0,0.0,0.0,0.0,0.0,0.0,0.0,0.0,0.0,0.0,0.0,0.0,0.20233402773737907
66,0.012488909997045994,0.012026417069137096,0.011612552218139172,0.011295792646706104,0.010986086912453175,0.01063487771898508,0.01007350068539381,0.010028542019426823,0.009621189907193184,0.009161777794361115,0.008787019178271294,0.007648465223610401,0.007955302484333515,0.007189322263002396,0.006837158463895321,0.006312538869678974,0.005813218653202057,0.005587464198470116,0.005460177548229694,0.005019758827984333,0.0049917250871658325,0.004568393342196941,0.004175977781414986,0.003846040926873684,0.0033385474234819412,0.0031917551532387733,0.0027478011325001717,0.002423074096441269,0.0019784467294812202,0.001593983732163906,0.001117270439863205,0.0006628371775150299,0.0,0.0,0.0,0.0,0.0,0.0,0.0,0.0,0.0,0.0,0.0,0.0,0.0,0.0,0.0,0.0,0.0,0.0,0.2091759257018566
67,0.012529763393104076,0.012014959007501602,0.011861111968755722,0.011425317265093327,0.011140629649162292,0.01080513745546341,0.010356275364756584,0.010018507018685341,0.009721984155476093,0.009276090189814568,0.008778022602200508,0.008230502717196941,0.007968305610120296,0.00750428531318903,0.007143259048461914,0.006826749071478844,0.006425009109079838,0.005841041915118694,0.0055626071989536285,0.004996246658265591,0.0043481383472681046,0.0041643548756837845,0.0036408044397830963,0.003060758113861084,0.002850971184670925,0.0027334997430443764,0.0022244006395339966,0.002012793906033039,0.001903376542031765,0.0013925470411777496,0.001263127662241459,0.0008891737088561058,0.00044885091483592987,0.0,0.0,0.0,0.0,0.0,0.0,0.0,0.0,0.0,0.0,0.0,0.0,0.0,0.0,0.0,0.0,0.0,0.20935860183089972
68,0.012458335608243942,0.012229694984853268,0.013286758214235306,0.011547064408659935,0.011375450529158115,0.010765193030238152,0.01028237771242857,0.010140984319150448,0.009559967555105686,0.009106580168008804,0.008675700053572655,0.00783974677324295,0.007537776604294777,0.007571623660624027,0.006999135948717594,0.006425565108656883,0.006342592649161816,0.006086898967623711,0.006075448356568813,0.005576922558248043,0.005207205191254616,0.004780941642820835,0.004459915682673454,0.004045400768518448,0.0035729948431253433,0.003200284205377102,0.0027381880208849907,0.0023831864818930626,0.0019462229683995247,0.001496627926826477,0.0008888579905033112,0.0008725719526410103,0.00041430722922086716,0.0,0.0,0.0,0.0,0.0,0.0,0.0,0.0,0.0,0.0,0.0,0.0,0.0,0.0,0.0,0.0,0.0,0.21589052211493254
69,0.012576739303767681,0.012056181207299232,0.011662575416266918,0.011324170045554638,0.01115392055362463,0.010760338976979256,0.01025998592376709,0.010025039315223694,0.009509616531431675,0.008995669893920422,0.008503677323460579,0.007948853075504303,0.007597480900585651,0.007349458523094654,0.0068353889510035515,0.006443025544285774,0.00614528451114893,0.00573162455111742,0.005260784178972244,0.0047841984778642654,0.004374162293970585,0.003979827277362347,0.0035271579399704933,0.0031309770420193672,0.0026587871834635735,0.002473927102982998,0.0024112146347761154,0.002062971703708172,0.0015592705458402634,0.0010416638106107712,0.0008107014000415802,0.0006883731111884117,0.0,0.0,0.0,0.0,0.0,0.0,0.0,0.0,0.0,0.0,0.0,0.0,0.0,0.0,0.0,0.0,0.0,0.0,0.20364304725080729
70,0.012438694946467876,0.01203922089189291,0.011779199354350567,0.011423402465879917,0.011181588284671307,0.01076265424489975,0.010465716943144798,0.01010656263679266,0.009643396362662315,0.009175646118819714,0.008732402697205544,0.008176691830158234,0.007736075669527054,0.007155679166316986,0.0067937662824988365,0.006298452615737915,0.006118558347225189,0.005745245143771172,0.005445166490972042,0.004948378540575504,0.004519331268966198,0.004403973929584026,0.004060756415128708,0.003650628961622715,0.003240024670958519,0.002932627685368061,0.0024663442745804787,0.0021016299724578857,0.001575973816215992,0.0011863941326737404,0.0006944360211491585,0.0,0.0,0.0,0.0,0.0,0.0,0.0,0.0,0.0,0.0,0.0,0.0,0.0,0.0,0.0,0.0,0.0,0.0,0.0,0.20699862018227577
71,0.012255300767719746,0.011836898513138294,0.011478455737233162,0.011227559298276901,0.011446143500506878,0.010412881150841713,0.009882946498692036,0.009354446083307266,0.008903047069907188,0.008448000065982342,0.007999316789209843,0.007903353311121464,0.00749646220356226,0.006548428907990456,0.006948182359337807,0.006500372663140297,0.0060743652284145355,0.005817004479467869,0.005614889785647392,0.0054457057267427444,0.005375874228775501,0.004692312330007553,0.00465233251452446,0.004277287982404232,0.0038120653480291367,0.0037101851776242256,0.003146097995340824,0.0029447348788380623,0.002885354682803154,0.0024576345458626747,0.0019830139353871346,0.0018170345574617386,0.0016562743112444878,0.0,0.0,0.0,0.0,0.0,0.0,0.0,0.0,0.0,0.0,0.0,0.0,0.0,0.0,0.0,0.0,0.0,0.21500396262854338
72,0.012161564081907272,0.011687522754073143,0.011376485228538513,0.011157265864312649,0.010759967379271984,0.010345898568630219,0.010024640709161758,0.009618799202144146,0.009346485137939453,0.008972817100584507,0.008549300022423267,0.008089877665042877,0.007658652029931545,0.007152260281145573,0.006787758320569992,0.006179556250572205,0.005665704607963562,0.0054132696241140366,0.0052400920540094376,0.00507796835154295,0.00488363578915596,0.0048842886462807655,0.004387247376143932,0.0038447855040431023,0.003689378499984741,0.0034040044993162155,0.002946380525827408,0.002458658069372177,0.002329486422240734,0.001964910887181759,0.0015231873840093613,0.0011271536350250244,0.0006144372746348381,0.0003846772015094757,0.0,0.0,0.0,0.0,0.0,0.0,0.0,0.0,0.0,0.0,0.0,0.0,0.0,0.0,0.0,0.0,0.20970811694860458
73,0.01221003569662571,0.011734312400221825,0.011377758346498013,0.011315898038446903,0.010853571817278862,0.010732361115515232,0.010262356139719486,0.009711263701319695,0.00934335682541132,0.009073060005903244,0.008570949546992779,0.008004648610949516,0.007593999616801739,0.00706030149012804,0.0065656015649437904,0.005998004227876663,0.005797953344881535,0.005639699287712574,0.005215131677687168,0.005027602426707745,0.004896951839327812,0.004402131773531437,0.004219665192067623,0.004113825038075447,0.0037046074867248535,0.0032660914584994316,0.003073933534324169,0.0026277871802449226,0.002653529867529869,0.002515687607228756,0.002458125352859497,0.0019257236272096634,0.0017211465165019035,0.0014993175864219666,0.0013774102553725243,0.0010057128965854645,0.0,0.0,0.0,0.0,0.0,0.0,0.0,0.0,0.0,0.0,0.0,0.0,0.0,0.0,0.21754951309412718
74,0.012192034162580967,0.011681610718369484,0.011426669545471668,0.011092627421021461,0.010675439611077309,0.010412506759166718,0.010079590603709221,0.0095367431640625,0.008981923572719097,0.008624623529613018,0.0081072598695755,0.007946962490677834,0.0074882106855511665,0.0072316862642765045,0.006691664457321167,0.006606687791645527,0.00627537164837122,0.0060925716534256935,0.005996199324727058,0.005788926035165787,0.005666485987603664,0.005116814747452736,0.00503693800419569,0.004911097697913647,0.0,0.0,0.0,0.0,0.0,0.0,0.0,0.0,0.0,0.0,0.0,0.0,0.0,0.0,0.0,0.0,0.0,0.0,0.0,0.0,0.0,0.0,0.0,0.0,0.0,0.0,0.19366064574569464
75,0.012134918011724949,0.011761187575757504,0.01139666698873043,0.011125142686069012,0.010825980454683304,0.01037182193249464,0.009967107325792313,0.009592737071216106,0.009147352539002895,0.008606984280049801,0.008259078487753868,0.00795756559818983,0.007459661923348904,0.006930142641067505,0.0067934757098555565,0.006317204795777798,0.005752901546657085,0.005328318104147911,0.004915071651339531,0.004536204971373081,0.004089508205652237,0.004001411609351635,0.0036733150482177734,0.003338291309773922,0.0028301402926445007,0.002375490963459015,0.001939946785569191,0.0014174031093716621,0.001193717122077942,0.0011544832959771156,0.0006642211228609085,0.0,0.0,0.0,0.0,0.0,0.0,0.0,0.0,0.0,0.0,0.0,0.0,0.0,0.0,0.0,0.0,0.0,0.0,0.0,0.19585745315998793
76,0.012435009703040123,0.012022231705486774,0.011667667888104916,0.011441749520599842,0.010969123803079128,0.010711954906582832,0.00962821301072836,0.00991323683410883,0.00951682310551405,0.009062126278877258,0.008723846636712551,0.008202985860407352,0.007655182853341103,0.0072676194831728935,0.006772356107831001,0.005522607825696468,0.005909889005124569,0.005691515281796455,0.005205987952649593,0.004791046492755413,0.00439479760825634,0.0039642611518502235,0.00346203800290823,0.0032281242311000824,0.003124244511127472,0.002841053530573845,0.002267533913254738,0.0021106116473674774,0.002015276812016964,0.0016688471660017967,0.0012027667835354805,0.0006815800443291664,0.00031935423612594604,0.0,0.0,0.0,0.0,0.0,0.0,0.0,0.0,0.0,0.0,0.0,0.0,0.0,0.0,0.0,0.0,0.0,0.20439166389405727
77,0.011649645864963531,0.011933818459510803,0.01165119931101799,0.01135507132858038,0.011050663888454437,0.010736544616520405,0.010337109677493572,0.011651149019598961,0.009576576761901379,0.009208740666508675,0.008684376254677773,0.008470882661640644,0.008060015738010406,0.007562842220067978,0.007107598707079887,0.006562098860740662,0.005983348935842514,0.00564219243824482,0.005120226182043552,0.0049960073083639145,0.004513761959969997,0.00445729773491621,0.004044391214847565,0.003573360852897167,0.003112034872174263,0.0029517076909542084,0.0024727433919906616,0.0022400813177227974,0.002079310826957226,0.0017431043088436127,0.0012689996510744095,0.001102440059185028,0.0006314897909760475,0.0,0.0,0.0,0.0,0.0,0.0,0.0,0.0,0.0,0.0,0.0,0.0,0.0,0.0,0.0,0.0,0.0,0.21153083257377148
78,0.012472596019506454,0.011956527829170227,0.011600594967603683,0.011257825419306755,0.010948123410344124,0.010544231161475182,0.010258978232741356,0.00997957307845354,0.009450596757233143,0.00905116368085146,0.008600722998380661,0.008322242647409439,0.007837893441319466,0.0073366928845644,0.00696723535656929,0.006590642966330051,0.006015916354954243,0.00556202232837677,0.005177752114832401,0.005022102035582066,0.004513193853199482,0.004015684127807617,0.0034690452739596367,0.0033145304769277573,0.0031459974125027657,0.002909480594098568,0.0027624573558568954,0.0024522971361875534,0.0020350730046629906,0.0015520332381129265,0.0010347096249461174,0.0008723242208361626,0.0007150638848543167,0.0,0.0,0.0,0.0,0.0,0.0,0.0,0.0,0.0,0.0,0.0,0.0,0.0,0.0,0.0,0.0,0.0,0.2077453238889575
79,0.012463374063372612,0.011979038827121258,0.011657210066914558,0.011404100805521011,0.011028221808373928,0.010787221603095531,0.010413243435323238,0.009966593235731125,0.00980172399431467,0.009100466966629028,0.008704769425094128,0.008234325796365738,0.007600963115692139,0.007287331856787205,0.006899962201714516,0.005981543101370335,0.005949905142188072,0.005678582936525345,0.005242178216576576,0.004771028645336628,0.0043875472620129585,0.0040861451998353004,0.003646994009613991,0.0033294903114438057,0.0029664579778909683,0.002387811429798603,0.001956470310688019,0.0015029534697532654,0.0010098936036229134,0.0009438740089535713,0.00039211008697748184,0.0,0.0,0.0,0.0,0.0,0.0,0.0,0.0,0.0,0.0,0.0,0.0,0.0,0.0,0.0,0.0,0.0,0.0,0.0,0.20156153291463852
80,0.01240033283829689,0.011838809587061405,0.011499487794935703,0.011234338395297527,0.010904681868851185,0.010486287996172905,0.010099866427481174,0.009861367754638195,0.00938920583575964,0.008908085525035858,0.008602315559983253,0.008156903088092804,0.0077364761382341385,0.007157398387789726,0.006563868373632431,0.006447776220738888,0.0063089895993471146,0.006196323782205582,0.00570966862142086,0.005307422019541264,0.004897039383649826,0.004696555435657501,0.004612402059137821,0.004168237559497356,0.004124538041651249,0.003586503677070141,0.0034372834488749504,0.0032995203509926796,0.002781286835670471,0.0025626374408602715,0.002396050840616226,0.0,0.0,0.0,0.0,0.0,0.0,0.0,0.0,0.0,0.0,0.0,0.0,0.0,0.0,0.0,0.0,0.0,0.0,0.0,0.21537166088819504
81,0.012171586975455284,0.011936080642044544,0.011430472135543823,0.01119174249470234,0.010766102001070976,0.010475901886820793,0.01013291347771883,0.009733030572533607,0.009376917034387589,0.009090567007660866,0.008624006062746048,0.008172332309186459,0.007644493132829666,0.0074973031878471375,0.00694951880723238,0.006455461494624615,0.0059598954394459724,0.005456562153995037,0.00460113026201725,0.0046012792736291885,0.0040998682379722595,0.0039287954568862915,0.003880907781422138,0.00337273720651865,0.002952534705400467,0.0024752141907811165,0.0023792507126927376,0.0020344676449894905,0.0016439137980341911,0.0011735865846276283,0.000605383887887001,0.0003923233598470688,0.0,0.0,0.0,0.0,0.0,0.0,0.0,0.0,0.0,0.0,0.0,0.0,0.0,0.0,0.0,0.0,0.0,0.0,0.20120627991855145
82,0.012156890705227852,0.011708887293934822,0.011387454345822334,0.011156276799738407,0.010772863402962685,0.010494163259863853,0.01018448080867529,0.009730812162160873,0.009134698659181595,0.008699950762093067,0.008238483220338821,0.007706916891038418,0.007469896227121353,0.006996851414442062,0.006592742167413235,0.006116068921983242,0.005612760782241821,0.005485248751938343,0.0052795689553022385,0.005231768824160099,0.004750378429889679,0.004454628564417362,0.003893108107149601,0.003667072393000126,0.0034651076421141624,0.0034633073955774307,0.0033207517117261887,0.0,0.0,0.0,0.0,0.0,0.0,0.0,0.0,0.0,0.0,0.0,0.0,0.0,0.0,0.0,0.0,0.0,0.0,0.0,0.0,0.0,0.0,0.0,0.19717113859951496
83,0.012259956449270248,0.011602520942687988,0.01161363534629345,0.01118995901197195,0.01096768956631422,0.010568838566541672,0.010149865411221981,0.009718753397464752,0.009418806061148643,0.009004397317767143,0.008474492467939854,0.008135275915265083,0.007801438681781292,0.007314091548323631,0.006824802607297897,0.0063308654353022575,0.005948266014456749,0.005448378622531891,0.00483286939561367,0.0047662146389484406,0.0044104717671871185,0.0038518281653523445,0.003715205006301403,0.003411421552300453,0.0029817242175340652,0.002452707849442959,0.002367507666349411,0.0019040340557694435,0.001559315249323845,0.0010760407894849777,0.0006934264674782753,0.0,0.0,0.0,0.0,0.0,0.0,0.0,0.0,0.0,0.0,0.0,0.0,0.0,0.0,0.0,0.0,0.0,0.0,0.0,0.2007948001846671
84,0.012195860967040062,0.011772461235523224,0.01148842740803957,0.01118444837629795,0.01074395515024662,0.010208332911133766,0.009965200908482075,0.009627698920667171,0.009222802706062794,0.008910812437534332,0.008304495364427567,0.007855210453271866,0.007288850843906403,0.006964429281651974,0.006458505056798458,0.0062901293858885765,0.005999015644192696,0.005864729173481464,0.005623415112495422,0.005722302012145519,0.005285732448101044,0.004861429333686829,0.004427365027368069,0.003826180472970009,0.003661598078906536,0.0035757478326559067,0.003031655214726925,0.002943853847682476,0.0028674770146608353,0.0,0.0,0.0,0.0,0.0,0.0,0.0,0.0,0.0,0.0,0.0,0.0,0.0,0.0,0.0,0.0,0.0,0.0,0.0,0.0,0.0,0.20617212262004614
85,0.012103039771318436,0.011634746566414833,0.011415442451834679,0.011096109636127949,0.01068214699625969,0.010402760468423367,0.01004885695874691,0.009498350322246552,0.009095873683691025,0.008710709400475025,0.00825333222746849,0.007756262086331844,0.007365579716861248,0.006874697282910347,0.006452853791415691,0.006518734619021416,0.006114032119512558,0.00548024196177721,0.005126201547682285,0.004703221842646599,0.004172753542661667,0.004060965031385422,0.0037473347038030624,0.0033641941845417023,0.0028366707265377045,0.0027450108900666237,0.0024283379316329956,0.00201274361461401,0.0015520807355642319,0.0010772161185741425,0.0006912369281053543,0.0,0.0,0.0,0.0,0.0,0.0,0.0,0.0,0.0,0.0,0.0,0.0,0.0,0.0,0.0,0.0,0.0,0.0,0.0,0.19802173785865307
86,0.012608804740011692,0.012012394145131111,0.011578554287552834,0.011396628804504871,0.010915292426943779,0.010686662979424,0.010080610401928425,0.009882249869406223,0.009556450881063938,0.009126466698944569,0.008641144260764122,0.008186373859643936,0.007651836611330509,0.0072381263598799706,0.00681718997657299,0.006397374905645847,0.006035631522536278,0.005486705340445042,0.005255046300590038,0.0036539211869239807,0.005000980570912361,0.004582525230944157,0.00420322734862566,0.0037059951573610306,0.0035125548020005226,0.0032808780670166016,0.00314257200807333,0.0025111213326454163,0.002251303754746914,0.0020230673253536224,0.0019101938232779503,0.0015306072309613228,0.001045609824359417,0.0008590472862124443,0.0006956728175282478,0.0,0.0,0.0,0.0,0.0,0.0,0.0,0.0,0.0,0.0,0.0,0.0,0.0,0.0,0.0,0.21346282213926315
87,0.011937032453715801,0.011862289160490036,0.011610506102442741,0.011378297582268715,0.011186507530510426,0.010683930478990078,0.010303906165063381,0.009975519962608814,0.009617511183023453,0.008956586010754108,0.008473280817270279,0.007944832555949688,0.007391114719212055,0.00718653853982687,0.007059639319777489,0.006882131099700928,0.006743959151208401,0.006235094740986824,0.006050692871212959,0.005917602218687534,0.005831664428114891,0.00534457340836525,0.004968129098415375,0.004525219090282917,0.004308481700718403,0.004190237261354923,0.0036857426166534424,0.003541715443134308,0.0034444518387317657,0.003304378129541874,0.0,0.0,0.0,0.0,0.0,0.0,0.0,0.0,0.0,0.0,0.0,0.0,0.0,0.0,0.0,0.0,0.0,0.0,0.0,0.0,0.22054156567901373
88,0.012478996068239212,0.012071507051587105,0.01165839470922947,0.011345066130161285,0.010982244275510311,0.010795271955430508,0.010379032231867313,0.010066647082567215,0.009530892595648766,0.00917113944888115,0.008682495914399624,0.008353963494300842,0.007974626496434212,0.006549477577209473,0.007246866822242737,0.006865538656711578,0.00623014010488987,0.00565975159406662,0.005124072544276714,0.004739702679216862,0.004395338706672192,0.004142983816564083,0.0037151817232370377,0.003240324556827545,0.002804466523230076,0.002342560328543186,0.001958593726158142,0.001528971828520298,0.0010427525267004967,0.0008204802870750427,0.0006483737379312515,0.0,0.0,0.0,0.0,0.0,0.0,0.0,0.0,0.0,0.0,0.0,0.0,0.0,0.0,0.0,0.0,0.0,0.0,0.0,0.20254585519433022
89,0.012419457547366619,0.011919268406927586,0.0116976797580719,0.011259016580879688,0.010935608297586441,0.010926969349384308,0.010277330875396729,0.010139035992324352,0.009609374217689037,0.009228071197867393,0.008864636532962322,0.007827971130609512,0.006974983960390091,0.007342785596847534,0.00679179560393095,0.006376379169523716,0.0059283096343278885,0.005551232025027275,0.00505552813410759,0.0045772939920425415,0.00471664872020483,0.004473567940294743,0.0039096977561712265,0.0036788107827305794,0.0031386911869049072,0.002782960422337055,0.002325437031686306,0.0019822604954242706,0.0015635127201676369,0.0010990379378199577,0.0006801299750804901,0.0,0.0,0.0,0.0,0.0,0.0,0.0,0.0,0.0,0.0,0.0,0.0,0.0,0.0,0.0,0.0,0.0,0.0,0.0,0.20405348297208548
90,0.013986936770379543,0.01199923362582922,0.011599582619965076,0.011417195200920105,0.012885361909866333,0.01084065344184637,0.010445425286889076,0.009888313710689545,0.009374180808663368,0.009046720340847969,0.00929148867726326,0.00811829324811697,0.007186488248407841,0.007660302333533764,0.006924835965037346,0.006522766314446926,0.006063619628548622,0.0055489493533968925,0.005000454373657703,0.0048157693818211555,0.0048941876739263535,0.004285931587219238,0.0040897186845541,0.003969444893300533,0.003507290966808796,0.0031434977427124977,0.002735110931098461,0.0023529157042503357,0.001985630951821804,0.0015625068917870522,0.001117512583732605,0.0006449325010180473,0.0,0.0,0.0,0.0,0.0,0.0,0.0,0.0,0.0,0.0,0.0,0.0,0.0,0.0,0.0,0.0,0.0,0.0,0.2129052523523569
91,0.01210055872797966,0.011787387542426586,0.011386333964765072,0.011230329982936382,0.010927894152700901,0.010595934465527534,0.009939945302903652,0.009724057279527187,0.009314521215856075,0.008814191445708275,0.008394253440201283,0.009673652239143848,0.0072705792263150215,0.007084982469677925,0.006526395678520203,0.006224409677088261,0.005981185473501682,0.005501464940607548,0.004904592409729958,0.004635618068277836,0.004166965372860432,0.0036971382796764374,0.0032366979867219925,0.0031819744035601616,0.0027823643758893013,0.0022774944081902504,0.0020224610343575478,0.001993488520383835,0.0015093116089701653,0.001178230158984661,0.000660906545817852,0.0003065764904022217,0.0,0.0,0.0,0.0,0.0,0.0,0.0,0.0,0.0,0.0,0.0,0.0,0.0,0.0,0.0,0.0,0.0,0.0,0.19903189688920975
92,0.012092936784029007,0.012421893887221813,0.011430422775447369,0.011138008907437325,0.010839855298399925,0.010621154680848122,0.010074093006551266,0.009495490230619907,0.009312604553997517,0.008920332416892052,0.008355432190001011,0.007867736741900444,0.007387071847915649,0.006994214840233326,0.006548705510795116,0.006022024899721146,0.00581402238458395,0.005674474872648716,0.0055284658446908,0.0054460857063531876,0.004962248727679253,0.004480292089283466,0.004449281841516495,0.0038831252604722977,0.0036968840286135674,0.0035460777580738068,0.003284044563770294,0.003224628046154976,0.0027360739186406136,0.0025427239015698433,0.0024486957117915154,0.0020216070115566254,0.0015616677701473236,0.002883545123040676,0.0006646597757935524,0.00030285026878118515,0.0,0.0,0.0,0.0,0.0,0.0,0.0,0.0,0.0,0.0,0.0,0.0,0.0,0.0,0.21867343317717314
93,0.011996590532362461,0.011755973100662231,0.011706766672432423,0.011281237006187439,0.010946670547127724,0.010440989397466183,0.0116814486682415,0.009793643839657307,0.009724690578877926,0.009311174973845482,0.008768059313297272,0.008371168747544289,0.007971846498548985,0.007417673245072365,0.006861396133899689,0.006377778947353363,0.005887153558433056,0.005337132140994072,0.0051470473408699036,0.004923274740576744,0.00482331495732069,0.004400279372930527,0.00394128542393446,0.003808910958468914,0.0033276379108428955,0.003197801299393177,0.002901078201830387,0.002355217933654785,0.002145657315850258,0.0019143028184771538,0.0018805162981152534,0.0015191109851002693,0.0013885162770748138,0.0,0.0,0.0,0.0,0.0,0.0,0.0,0.0,0.0,0.0,0.0,0.0,0.0,0.0,0.0,0.0,0.0,0.213305345736444
94,0.01217478048056364,0.01172814890742302,0.011489750817418098,0.011208772659301758,0.010883153416216373,0.010459094308316708,0.010160817764699459,0.009700915776193142,0.008688450790941715,0.007279896177351475,0.008495132438838482,0.008125292137265205,0.00950557366013527,0.006753876805305481,0.006613155826926231,0.0063628824427723885,0.005994982086122036,0.005503452382981777,0.004980997182428837,0.0045337919145822525,0.004130171611905098,0.0037701642140746117,0.0033157039433717728,0.0029268786311149597,0.002537311054766178,0.00202958844602108,0.0019322074949741364,0.001523028127849102,0.0010252445936203003,0.0009042806923389435,0.0004401812329888344,0.0,0.0,0.0,0.0,0.0,0.0,0.0,0.0,0.0,0.0,0.0,0.0,0.0,0.0,0.0,0.0,0.0,0.0,0.0,0.19517767801880836
95,0.012139991857111454,0.011863277293741703,0.011602688580751419,0.011149088852107525,0.010844411328434944,0.010600235313177109,0.01017325185239315,0.00981061439961195,0.0093880295753479,0.008843415416777134,0.008419109508395195,0.007818433456122875,0.007321209646761417,0.007061769254505634,0.006613371893763542,0.006189161911606789,0.006113857962191105,0.005091427825391293,0.005467351526021957,0.004971458576619625,0.004770179279148579,0.004587068222463131,0.0045843180269002914,0.004144798032939434,0.0,0.0,0.0,0.0,0.0,0.0,0.0,0.0,0.0,0.0,0.0,0.0,0.0,0.0,0.0,0.0,0.0,0.0,0.0,0.0,0.0,0.0,0.0,0.0,0.0,0.0,0.18956851959228516
96,0.012571374885737896,0.012135203927755356,0.011631600558757782,0.011354058980941772,0.011004524305462837,0.010646780021488667,0.010148683562874794,0.009742947295308113,0.00851036049425602,0.008843416348099709,0.008539879694581032,0.008117679506540298,0.007723917253315449,0.007392832078039646,0.007147965952754021,0.006663371808826923,0.00626740138977766,0.005941871553659439,0.005500307306647301,0.005075604654848576,0.00464249774813652,0.004114915616810322,0.0037219179794192314,0.0032732943072915077,0.002631041221320629,0.002599610947072506,0.0020571406930685043,0.0018214769661426544,0.001549847424030304,0.0011632097885012627,0.0007142871618270874,0.0,0.0,0.0,0.0,0.0,0.0,0.0,0.0,0.0,0.0,0.0,0.0,0.0,0.0,0.0,0.0,0.0,0.0,0.0,0.20324902143329382
97,0.012446410022675991,0.012036040425300598,0.011527120135724545,0.011482960544526577,0.011060893535614014,0.01076581422239542,0.010384795255959034,0.009925291873514652,0.00955358985811472,0.009169302880764008,0.008862493559718132,0.008444376289844513,0.0076793041080236435,0.007309955544769764,0.0069815618917346,0.006591726094484329,0.006027655676007271,0.005417155101895332,0.005472399294376373,0.004849499091506004,0.004561885260045528,0.00444840919226408,0.004225514829158783,0.0058613792061805725,0.003913691267371178,0.0034953076392412186,0.0030529052019119263,0.002912580966949463,0.0028647510334849358,0.0023305099457502365,0.0021848073229193687,0.0016865842044353485,0.001525307074189186,0.0013449601829051971,0.0,0.0,0.0,0.0,0.0,0.0,0.0,0.0,0.0,0.0,0.0,0.0,0.0,0.0,0.0,0.0,0.22039693873375654
98,0.012515909038484097,0.011937993578612804,0.011586178094148636,0.011373436078429222,0.011001954786479473,0.010552631691098213,0.010224360041320324,0.009908854961395264,0.009432489983737469,0.009048043750226498,0.008459750562906265,0.008040518499910831,0.007509371265769005,0.007092306390404701,0.0068314820528030396,0.006649677641689777,0.0065096961334347725,0.006023172289133072,0.00616062618792057,0.005601081997156143,0.005134439095854759,0.004726220853626728,0.0045128753408789635,0.0043114954605698586,0.00413231085985899,0.004089037887752056,0.0036295726895332336,0.0035494184121489525,0.0031727487221360207,0.0027032513171434402,0.002636857330799103,0.0021140193566679955,0.001578042283654213,0.001366504468023777,0.0011167395859956741,0.0009349612519145012,0.00057273730635643,0.0,0.0,0.0,0.0,0.0,0.0,0.0,0.0,0.0,0.0,0.0,0.0,0.0,0.22674076724797487
99,0.012500733137130737,0.012023353949189186,0.011731780134141445,0.011460363864898682,0.010999721474945545,0.010677334852516651,0.01036412175744772,0.009898140095174313,0.009470379911363125,0.010635376907885075,0.008547196164727211,0.008381722494959831,0.008078043349087238,0.007609891705214977,0.007170473225414753,0.006704353727400303,0.006238209083676338,0.005756789818406105,0.005248823203146458,0.00489400140941143,0.004449682310223579,0.003912827931344509,0.0036195283755660057,0.003191794268786907,0.002775197848677635,0.002350681461393833,0.0019524572417140007,0.0014182105660438538,0.0012160204350948334,0.0011097267270088196,0.0007472625002264977,0.0,0.0,0.0,0.0,0.0,0.0,0.0,0.0,0.0,0.0,0.0,0.0,0.0,0.0,0.0,0.0,0.0,0.0,0.0,0.2051341999322176
100,0.012453307397663593,0.01197746116667986,0.011818992905318737,0.011389374732971191,0.011157487519085407,0.010725210420787334,0.010506847873330116,0.009440118446946144,0.009679950773715973,0.00931242760270834,0.008656216785311699,0.008080658502876759,0.00749974325299263,0.007005747407674789,0.007042877376079559,0.0066861361265182495,0.006123730912804604,0.005737512372434139,0.005329884588718414,0.004977761767804623,0.0045877015218138695,0.004221408627927303,0.003764048218727112,0.0032838471233844757,0.003297175280749798,0.002593066543340683,0.0024197176098823547,0.002406924031674862,0.0019554542377591133,0.0014606304466724396,0.00122059416025877,0.0010251998901367188,0.0008497266098856926,0.0006722761318087578,0.0,0.0,0.0,0.0,0.0,0.0,0.0,0.0,0.0,0.0,0.0,0.0,0.0,0.0,0.0,0.0,0.2093592183664441

total time per move x,1.231395810842514,1.1855780128389597,1.1592912208288908,1.124858501367271,1.093602686189115,1.0568103669211268,1.0219983784481883,0.981891568750143,0.9358315132558346,0.8968649040907621,0.8469467284157872,0.8055867655202746,0.7599595095962286,0.7198825376108289,0.682685686275363,0.6389172887429595,0.6029010051861405,0.5693948557600379,0.5368375331163406,0.4926434550434351,0.46281613130122423,0.4322650982066989,0.39690558798611164,0.36203403770923615,0.3187864264473319,0.2878903355449438,0.24811386596411467,0.2094073947519064,0.17942314129322767,0.14199083112180233,0.10966551024466753,0.07003324292600155,0.04107144568115473,0.02214237581938505,0.010118940845131874,0.003969509154558182,0.00057273730635643,0,0,0,0,0,0,0,0,0,0,0,0,0,20.641084941104054
average time per move x,0.01231395810842514,0.011855780128389597,0.011592912208288907,0.011248585013672709,0.01093602686189115,0.010568103669211269,0.010219983784481882,0.00981891568750143,0.009358315132558345,0.008968649040907621,0.008469467284157872,0.008055867655202746,0.007599595095962286,0.0071988253761082885,0.00682685686275363,0.006389172887429595,0.006029010051861405,0.005693948557600379,0.0053683753311634065,0.004926434550434351,0.004628161313012242,0.004322650982066989,0.003969055879861116,0.003656909471810466,0.003320691942159707,0.002998857661926498,0.0026395092123841987,0.002276167334259852,0.001950251535795953,0.0015776759013533593,0.0012751803516821807,0.0011116387766031991,0.0008738605464075474,0.0009627119921471761,0.000722781488937991,0.0005670727363654546,0.00057273730635643,nan,nan,nan,nan,nan,nan,nan,nan,nan,nan,nan,nan,nan,0.20641084941104054
std of time per move x,0.0003238212781350861,0.00024968724131917857,0.00027934987812630195,0.00015134218542959673,0.0002773349759660899,0.0001725783798642512,0.00033516159810924225,0.0002743554512333854,0.00028221038556875956,0.00037077147262915,0.0002969704165925468,0.0003864093882805058,0.00038905844179103015,0.0003286873319373745,0.0004188885506821195,0.00028127138123336235,0.0002876162240359309,0.0003623158321485972,0.0004340480699046507,0.0003803334315660287,0.000400063456120124,0.00043181921521937076,0.00045556932744616975,0.0005400703235277478,0.0005367764712268651,0.0005868388486468204,0.0005589499757294437,0.0005420422236492058,0.0005649649487852121,0.0005500404648012418,0.0006106285429649151,0.0004865105071749155,0.00044642966242873,0.0005457684503853002,0.0002697564042985641,0.00031194145440233183,nan,nan,nan,nan,nan,nan,nan,nan,nan,nan,nan,nan,nan,nan,0.008123134394630189
err of average time,3.238212781350861e-05,2.4968724131917856e-05,2.7934987812630196e-05,1.5134218542959674e-05,2.773349759660899e-05,1.7257837986425118e-05,3.351615981092423e-05,2.743554512333854e-05,2.8221038556875957e-05,3.7077147262915e-05,2.9697041659254677e-05,3.8640938828050575e-05,3.890584417910301e-05,3.286873319373745e-05,4.188885506821195e-05,2.8127138123336235e-05,2.876162240359309e-05,3.623158321485972e-05,4.3404806990465066e-05,3.803334315660287e-05,4.00063456120124e-05,4.318192152193708e-05,4.555693274461697e-05,5.427910980446635e-05,5.478451918489817e-05,5.989398918446152e-05,5.765128805631852e-05,5.6511808329204015e-05,5.890166762936688e-05,5.797935580098662e-05,6.584576918508173e-05,6.12945624859396e-05,6.511845891457464e-05,0.00011380058864292856,7.20954316266643e-05,0.00011790278742290924,nan,nan,nan,nan,nan,nan,nan,nan,nan,nan,nan,nan,nan,nan,0.0008123134394630189
