Contains move time for player MCTSRemMaxIter2; opponent is Edax1
Colums refer to move number, rows to game number
game,1,2,3,4,5,6,7,8,9,10,11,12,13,14,15,16,17,18,19,20,21,22,23,24,25,26,27,28,29,30,31,32,33,34,35,36,37,38,39,40,41,42,43,44,45,46,47,48,49,50,total
1,34.139573730528355,29.512166302651167,27.327505633234978,28.899950869381428,25.82934371754527,25.26526077464223,23.618114534765482,21.599971931427717,18.73487750813365,18.232714112848043,15.673180788755417,13.963034458458424,3.100931644439697e-05,0.004823032766580582,9.81174610927701,8.302391201257706,7.696846630424261,2.8800219297409058e-05,0.004901748150587082,0.002709038555622101,0.0023489072918891907,0.0025583691895008087,0.0018820613622665405,0.0018160380423069,0.002134326845407486,0.0017766095697879791,1.6889390386641026,2.6259571313858032e-05,0.0013004019856452942,0.001168031245470047,0.001233752816915512,0.0013095177710056305,0.0018379054963588715,0.0007365979254245758,0.0,0.0,0.0,0.0,0.0,0.0,0.0,0.0,0.0,0.0,0.0,0.0,0.0,0.0,0.0,0.0,310.32823975011706
2,34.13594041019678,29.171884957700968,28.233801934868097,27.059014853090048,25.679585088044405,24.627564664930105,23.23894216865301,21.261352993547916,18.46888506412506,17.156099144369364,15.543354701250792,12.595248449593782,10.268225271254778,2.5819987058639526e-05,10.143701128661633,2.7846544981002808e-05,0.002933308482170105,0.003028232604265213,0.003072604537010193,0.0025585107505321503,0.0024946890771389008,0.0024039484560489655,0.0024639591574668884,0.0021208301186561584,0.002046719193458557,0.0019868239760398865,2.5321447029709816,2.0328909158706665e-05,0.0023147352039813995,0.001452472060918808,0.0010403171181678772,0.2689116522669792,1.8443912267684937e-05,0.0006675533950328827,0.0008928067982196808,0.00027216970920562744,0.00020443648099899292,0.0,0.0,0.0,0.0,0.0,0.0,0.0,0.0,0.0,0.0,0.0,0.0,0.0,300.4167037419975
3,34.608436677604914,28.252829279750586,29.255267843604088,27.294217944145203,26.49260189384222,25.03519807383418,22.26363104954362,21.620246823877096,19.170514322817326,16.760679747909307,14.878697074949741,11.688464932143688,12.18909539282322,10.987349577248096,9.883473750203848,8.006726272404194,7.516862992197275,6.0178463235497475,5.039600618183613,4.359248258173466,3.7691085413098335,3.430303428322077,2.4016851373016834,1.5746143944561481,1.104294303804636,0.5482960492372513,1.9419938325881958e-05,0.0008259303867816925,0.03288117051124573,1.9591301679611206e-05,0.0,0.0,0.0,0.0,0.0,0.0,0.0,0.0,0.0,0.0,0.0,0.0,0.0,0.0,0.0,0.0,0.0,0.0,0.0,0.0,354.1830368153751
4,34.99475013464689,28.225769333541393,30.14611729979515,26.300128769129515,27.528100587427616,25.37355975061655,23.52292286604643,21.67392260208726,19.787236407399178,18.03189117088914,15.989430479705334,14.326944146305323,11.866802901029587,4.540383815765381e-05,0.0032568350434303284,9.767947427928448,6.412714719772339e-05,0.0028080902993679047,0.003020230680704117,0.0025280751287937164,0.002493198961019516,5.391530532389879,4.797428846359253e-05,0.002059072256088257,0.0019336715340614319,0.0016657337546348572,1.6493158675730228,2.71722674369812e-05,0.0010316595435142517,0.0016805492341518402,0.0009198300540447235,0.0009971186518669128,0.0006505884230136871,0.00048621371388435364,0.0,0.0,0.0,0.0,0.0,0.0,0.0,0.0,0.0,0.0,0.0,0.0,0.0,0.0,0.0,0.0,314.60208582133055
5,34.505654722452164,28.33090166375041,30.57274753600359,28.43446835502982,26.69848518818617,24.711925882846117,22.43716611340642,21.033643163740635,18.99383370950818,18.098460510373116,16.362407457083464,14.729026339948177,12.967464864253998,11.230088580399752,10.849636774510145,8.76726746559143,7.889311913400888,6.930450513958931,5.596042916178703,4.243491131812334,2.8207898139953613e-05,0.004058796912431717,0.0020771287381649017,1.6944309659302235,1.0534476563334465,6.223469972610474e-05,0.0012149140238761902,0.1251586228609085,2.547353506088257e-05,0.0004570372402667999,0.0,0.0,0.0,0.0,0.0,0.0,0.0,0.0,0.0,0.0,0.0,0.0,0.0,0.0,0.0,0.0,0.0,0.0,0.0,0.0,356.2634358406067
6,35.24404513090849,28.80797713622451,26.495976764708757,29.360140271484852,27.11094143241644,25.415371425449848,23.77486278489232,21.68828324228525,20.54666567221284,18.99828190729022,17.874503538012505,16.21428580582142,13.984614007174969,12.32493831217289,9.805301740765572,8.78847811743617,7.522124756127596,7.138454385101795,6.026747081428766,4.520148150622845,3.806313768029213,2.8011250980198383,2.658367156982422e-05,0.002005532383918762,1.164381381124258,2.0038336515426636e-05,0.0010302774608135223,0.2817847989499569,2.7723610401153564e-05,0.0005261749029159546,0.00044422969222068787,0.0005182400345802307,0.0,0.0,0.0,0.0,0.0,0.0,0.0,0.0,0.0,0.0,0.0,0.0,0.0,0.0,0.0,0.0,0.0,0.0,369.70034550875425
7,35.90062903612852,30.59426872059703,27.71925938874483,25.475872710347176,24.339301392436028,25.708880804479122,23.896663639694452,22.071609795093536,19.88838356733322,18.654572404921055,16.813474874943495,15.2681087218225,13.252953872084618,11.55652379617095,0.0001587606966495514,9.331489264965057,7.21966614946723,5.974578641355038,3.0018389225006104e-05,4.643167965114117,4.2414809465408325,3.209412034600973,2.3279536068439484,1.773458581417799,1.2404353246092796,0.6849191822111607,0.4138295091688633,0.04037948697805405,0.006619244813919067,1.574307680130005e-05,0.0,0.0,0.0,0.0,0.0,0.0,0.0,0.0,0.0,0.0,0.0,0.0,0.0,0.0,0.0,0.0,0.0,0.0,0.0,0.0,352.2480971850455
8,35.49140561744571,29.928784806281328,28.937106851488352,25.675229534506798,26.036606587469578,25.27021324634552,23.534225791692734,20.623479176312685,18.720737535506487,3.8389116525650024e-05,16.099716134369373,3.280118107795715e-05,14.01773925870657,10.954228341579437,3.7297606468200684e-05,0.0054449886083602905,0.0033039115369319916,8.203403737396002,6.664350774139166,4.2360275983810425e-05,0.00396009162068367,0.0022790320217609406,3.3419088311493397,2.753734588623047e-05,0.0026280097663402557,0.003081049770116806,0.0025427602231502533,0.0012770742177963257,0.0011248104274272919,0.4239172227680683,0.07478545606136322,0.010013416409492493,1.4346092939376831e-05,0.0,0.0,0.0,0.0,0.0,0.0,0.0,0.0,0.0,0.0,0.0,0.0,0.0,0.0,0.0,0.0,0.0,294.03368677943945
9,35.09222066029906,29.454884450882673,29.552986707538366,24.93989721313119,24.884239308536053,24.2061768732965,23.497446164488792,21.444823641330004,20.590789459645748,18.25421951711178,15.891172681003809,14.877427875995636,13.111412320286036,3.1422823667526245e-05,0.0033286139369010925,0.003664262592792511,0.002938702702522278,0.002876274287700653,0.0030992254614830017,0.0027169212698936462,0.002547595649957657,0.002418428659439087,0.002578839659690857,0.002725832164287567,0.0019412785768508911,0.001621294766664505,0.002908017486333847,0.00134287029504776,0.8920667730271816,0.37746579945087433,0.1097361408174038,0.0061516426503658295,2.1755695343017578e-05,0.00026964396238327026,0.0,0.0,0.0,0.0,0.0,0.0,0.0,0.0,0.0,0.0,0.0,0.0,0.0,0.0,0.0,0.0,297.22014820948243
10,35.54140776768327,28.481946289539337,28.303619846701622,29.456365898251534,27.871439956128597,25.302784368395805,23.49886366724968,21.914148073643446,19.874594371765852,17.546152524650097,16.39407452940941,14.759411975741386,11.563966922461987,11.732270881533623,10.13284544274211,8.874039255082607,2.641230821609497e-05,6.82740031927824,5.3240401186048985,4.1332095861434937e-05,4.18217745795846,2.925470471382141e-05,0.003859158605337143,2.1043797321617603,1.3634971752762794,2.4300068616867065e-05,0.7419933266937733,2.8561800718307495e-05,0.12398185208439827,2.954527735710144e-05,0.0004365779459476471,0.0006139129400253296,0.0,0.0,0.0,0.0,0.0,0.0,0.0,0.0,0.0,0.0,0.0,0.0,0.0,0.0,0.0,0.0,0.0,0.0,351.92049080878496
11,34.45753284543753,30.963706083595753,30.29711837694049,28.72927227243781,26.893325325101614,25.083830397576094,22.452412851154804,20.54102659597993,19.612607460469007,17.747997414320707,15.407224413007498,14.54413079097867,13.313162371516228,11.576843231916428,10.124626148492098,9.36521278694272,7.773133881390095,6.31182437390089,5.358852446079254,4.520684786140919,3.2430843263864517,2.493648637086153,2.313782040029764,1.5606556721031666,2.4493783712387085e-05,0.001253671944141388,0.0017336979508399963,0.0016523785889148712,0.0013361908495426178,0.015111971646547318,1.3746321201324463e-05,0.00023404136300086975,0.0,0.0,0.0,0.0,0.0,0.0,0.0,0.0,0.0,0.0,0.0,0.0,0.0,0.0,0.0,0.0,0.0,0.0,364.70705572143197
12,33.93625611811876,28.564596872776747,28.776611547917128,28.761835176497698,25.372423116117716,23.955399096012115,21.13360269740224,19.957645878195763,19.658574886620045,17.160288102924824,16.168000038713217,14.372224099934101,12.802117317914963,11.346378277987242,5.237385630607605e-05,8.586505077779293,6.7203887142241,6.6475087478756905,5.352862451225519,4.056997932493687,3.473460674285889e-05,0.002208452671766281,0.0031250156462192535,0.0033768266439437866,0.002937775105237961,0.002168852835893631,0.0015521720051765442,0.0014366097748279572,0.0018321014940738678,0.0015228278934955597,0.008564695715904236,1.8127262592315674e-05,0.0,0.0,0.0,0.0,0.0,0.0,0.0,0.0,0.0,0.0,0.0,0.0,0.0,0.0,0.0,0.0,0.0,0.0,333.35904671624303
13,34.18827634304762,29.125356558710337,28.007567070424557,28.784005716443062,26.855325922369957,24.753800969570875,22.89771096035838,21.53777001053095,19.25015237927437,17.06006407365203,16.24959786236286,14.190187480300665,12.624642852693796,11.277294505387545,9.200904473662376,8.237769823521376,5.377685476094484,1.9565224647521973e-05,0.0038472600281238556,0.004227641969919205,0.004085604101419449,0.004606794565916061,3.892388742417097,2.592429518699646e-05,3.0131614431738853,1.819083396345377,1.1434025131165981,0.7519402056932449,0.4399605542421341,2.7798116207122803e-05,0.0010177269577980042,0.0010127276182174683,0.0003970526158809662,0.0,0.0,0.0,0.0,0.0,0.0,0.0,0.0,0.0,0.0,0.0,0.0,0.0,0.0,0.0,0.0,0.0,340.6973174288869
14,33.835226122289896,29.39903572946787,27.42888220399618,27.665524370968342,25.642195016145706,22.931742183864117,20.550190646201372,18.692628365010023,18.426111590117216,16.37414077669382,14.251206457614899,13.91076347976923,12.195282593369484,11.118812508881092,9.238073889166117,8.58534785732627,7.4046600721776485,3.672018647193909e-05,4.923492658883333,2.403929829597473e-05,0.004518177360296249,0.00413171574473381,0.0037193968892097473,0.003079257905483246,0.0029221773147583008,0.002968616783618927,0.00169314444065094,0.0023642294108867645,0.001720823347568512,0.0018074959516525269,0.0010656677186489105,0.0010369829833507538,0.00041589513421058655,0.0,0.0,0.0,0.0,0.0,0.0,0.0,0.0,0.0,0.0,0.0,0.0,0.0,0.0,0.0,0.0,0.0,322.60482086241245
15,34.159543715417385,31.069749359041452,28.42258992791176,28.53120420873165,26.709993716329336,24.913123954087496,21.660291016101837,19.314263679087162,18.95245898887515,14.9954166226089,14.78425120189786,12.550734538584948,12.337209105491638,3.828853368759155e-05,0.006661627441644669,0.00631771981716156,7.0136404894292355,3.5509467124938965e-05,0.004854593425989151,0.0044965967535972595,0.004457060247659683,0.004012305289506912,0.003910467028617859,0.003956720232963562,0.00370098277926445,0.00339604914188385,0.002318289130926132,0.002779833972454071,0.002738531678915024,0.0,0.0,0.0,0.0,0.0,0.0,0.0,0.0,0.0,0.0,0.0,0.0,0.0,0.0,0.0,0.0,0.0,0.0,0.0,0.0,0.0,295.4681450985372
16,35.288944222033024,27.51705637574196,29.02078740671277,25.900344967842102,27.024469666182995,24.662907619029284,22.86191686615348,21.85476677119732,19.241182561963797,17.986124269664288,15.307213600724936,13.731718130409718,12.963275738060474,3.154948353767395e-05,9.957013059407473,2.261623740196228e-05,0.006035368889570236,0.005669381469488144,0.004995141178369522,0.005007624626159668,0.00468391552567482,0.00432182103395462,0.00387786328792572,0.0032589025795459747,0.0030765607953071594,0.0031372681260108948,0.0027603842318058014,0.0021213777363300323,0.0021930672228336334,0.0015425309538841248,0.0011220872402191162,0.014872699975967407,0.018102653324604034,1.4238059520721436e-05,0.0,0.0,0.0,0.0,0.0,0.0,0.0,0.0,0.0,0.0,0.0,0.0,0.0,0.0,0.0,0.0,303.4045683071017
17,36.04382008314133,29.32136135175824,29.87343418225646,29.081787385046482,27.844705298542976,25.21331675350666,23.26668766885996,21.914849881082773,20.6955575235188,17.156179815530777,16.30106373131275,13.836389165371656,12.86107063665986,11.762043502181768,10.30539133772254,5.3416937589645386e-05,0.006104201078414917,6.747818093746901,6.500158794224262,4.972576394677162,3.9722109884023666,4.897266626358032e-05,2.293605472892523,2.5220215320587158e-05,0.003045175224542618,1.1390531286597252,0.6477237530052662,3.562122583389282e-05,0.001494079828262329,0.0010795220732688904,0.0006653144955635071,0.0,0.0,0.0,0.0,0.0,0.0,0.0,0.0,0.0,0.0,0.0,0.0,0.0,0.0,0.0,0.0,0.0,0.0,0.0,351.7633564658463
18,35.576175697147846,27.754349745810032,27.399255260825157,29.377118084579706,27.10653067752719,25.639866933226585,23.51075616106391,21.175186578184366,19.560375589877367,17.73758466914296,15.450811292976141,14.730302307754755,13.319950129836798,12.206425193697214,11.114376787096262,9.772489581257105,3.2298266887664795e-05,7.1681960970163345,3.534182906150818e-05,0.004945911467075348,3.688419435173273,3.2689422369003296e-05,0.0039059221744537354,2.0220994278788567,1.7348139323294163,0.766472514718771,2.298504114151001e-05,0.24031100794672966,0.02234898880124092,2.110004425048828e-05,0.0007798708975315094,0.0,0.0,0.0,0.0,0.0,0.0,0.0,0.0,0.0,0.0,0.0,0.0,0.0,0.0,0.0,0.0,0.0,0.0,0.0,347.0839922130108
19,34.00956339389086,29.24291316792369,28.316544249653816,25.63901949301362,26.714073061943054,24.107495311647654,23.53486156836152,22.055232249200344,20.153676219284534,19.210148587822914,17.390131790190935,15.460891298949718,14.00672197714448,12.70549401640892,10.848840586841106,9.149924136698246,8.201431896537542,6.192831855267286,6.15086991712451,5.48615563288331,3.5475786812603474,3.196299076080322e-05,0.0016924776136875153,2.2139610424637794,1.4125470370054245,3.16910445690155e-05,1.0032275319099426,1.796707510948181e-05,0.0008633174002170563,0.0637902095913887,1.659989356994629e-05,0.004610233008861542,0.0,0.0,0.0,0.0,0.0,0.0,0.0,0.0,0.0,0.0,0.0,0.0,0.0,0.0,0.0,0.0,0.0,0.0,366.8251891620457
20,36.57845842465758,30.71839165687561,29.12170572951436,29.000217523425817,28.220496598631144,26.226832136511803,22.29996409639716,20.635653499513865,14.324135657399893,11.658588822931051,13.257828146219254,14.442729692906141,13.611465267837048,11.291230499744415,10.372326839715242,9.118424486368895,7.049949467182159,7.088902004063129,5.1668359860777855,4.738992463797331,4.249560408294201,2.592429518699646e-05,2.3826601170003414,2.1401792764663696e-05,0.0014289803802967072,0.001246679574251175,0.29716112092137337,2.0887702703475952e-05,0.0007585212588310242,0.0005853660404682159,0.00032948702573776245,0.0,0.0,0.0,0.0,0.0,0.0,0.0,0.0,0.0,0.0,0.0,0.0,0.0,0.0,0.0,0.0,0.0,0.0,0.0,351.85692789405584
21,34.294686894863844,29.89386148378253,26.966621309518814,28.909454580396414,28.172436621040106,25.31896288320422,23.864680729806423,21.497277315706015,20.02880199998617,18.390008706599474,16.128894567489624,15.08165768533945,13.238520834594965,11.487037051469088,9.886914871633053,8.590206682682037,7.395418923348188,6.923865225166082,5.422709241509438,3.643333911895752e-05,0.0021267645061016083,0.0023751892149448395,0.0022067464888095856,0.0023867040872573853,0.0016770921647548676,0.0014062374830245972,0.0010768920183181763,0.0011329427361488342,0.0008287727832794189,0.005304407328367233,0.00043804943561553955,0.00016839057207107544,0.0,0.0,0.0,0.0,0.0,0.0,0.0,0.0,0.0,0.0,0.0,0.0,0.0,0.0,0.0,0.0,0.0,0.0,351.51318223029375
22,34.49589300900698,28.43624124675989,28.297571007162333,28.264108143746853,26.956861704587936,23.070721197873354,22.970721170306206,19.54636900871992,17.73621453717351,17.99345861375332,15.182550050318241,12.882330931723118,2.715364098548889e-05,0.0035570040345191956,0.0033726543188095093,9.39026179164648,7.730858091264963,6.656944938004017,2.9336661100387573e-05,0.0023782067000865936,5.283130124211311,4.115020494908094,2.3409724235534668e-05,0.0019467361271381378,0.001785188913345337,0.0014563314616680145,0.0014777369797229767,1.0436094142496586,0.3431357815861702,1.8756836652755737e-05,0.0006861314177513123,0.0003544539213180542,0.00023608282208442688,0.0,0.0,0.0,0.0,0.0,0.0,0.0,0.0,0.0,0.0,0.0,0.0,0.0,0.0,0.0,0.0,0.0,310.41335044056177
23,34.40936045348644,29.523168556392193,27.000056482851505,28.232372790575027,27.33705361187458,25.64708337932825,24.95498375222087,22.632354523986578,19.491499345749617,17.986036580055952,15.920708935707808,14.460632029920816,12.008447155356407,11.824054021388292,10.305464901030064,8.78300304710865,7.588604096323252,6.989263538271189,3.256276249885559e-05,4.357740502804518,3.5013758800923824,2.8390795812010765,3.2201409339904785e-05,0.0014087148010730743,0.0012887604534626007,0.0013175979256629944,0.0011494159698486328,0.0009522289037704468,0.027816087007522583,8.080154657363892e-06,0.00028556957840919495,0.0,0.0,0.0,0.0,0.0,0.0,0.0,0.0,0.0,0.0,0.0,0.0,0.0,0.0,0.0,0.0,0.0,0.0,0.0,355.8266343846917
24,34.69094667211175,31.21697225421667,32.4699323438108,30.52981151267886,27.53295650333166,26.702985044568777,23.297789569944143,22.578462652862072,19.795945394784212,19.302943233400583,17.75644711777568,15.597943883389235,14.10383079200983,12.443930421024561,10.739596877247095,9.549669578671455,8.31545453518629,6.921960115432739,6.094098623842001,4.920467287302017,4.060939949005842,2.9653310775756836e-05,2.3514255844056606,2.7954578399658203e-05,1.0716960169374943,0.559042863547802,0.21196657046675682,1.8600374460220337e-05,0.0004100799560546875,0.00481356680393219,0.0,0.0,0.0,0.0,0.0,0.0,0.0,0.0,0.0,0.0,0.0,0.0,0.0,0.0,0.0,0.0,0.0,0.0,0.0,0.0,382.8225152529776
25,37.71590404957533,30.529614072293043,29.49873960763216,25.373441860079765,28.12950896844268,28.146157823503017,25.564135424792767,23.520629845559597,19.775795441120863,15.936003934592009,3.260374069213867e-05,16.70928492769599,15.262451771646738,12.076837934553623,3.515556454658508e-05,11.092260237783194,8.01601667329669,7.997193481773138,6.9736505672335625,5.672152526676655,2.652779221534729e-05,0.0019043385982513428,0.0019617266952991486,2.5431682243943214,2.3797154426574707e-05,0.0013340376317501068,0.0013612695038318634,0.8953320048749447,2.4121254682540894e-05,0.0007534362375736237,0.0005649402737617493,0.00036533549427986145,0.0,0.0,0.0,0.0,0.0,0.0,0.0,0.0,0.0,0.0,0.0,0.0,0.0,0.0,0.0,0.0,0.0,0.0,351.4366666674614
26,39.32081411033869,33.6070268638432,28.79144323989749,29.835500955581665,29.71458077058196,29.05433553084731,26.13432167470455,23.863203808665276,21.92134101688862,21.76746478676796,18.599251620471478,17.031489435583353,14.75661825761199,13.293750338256359,11.29897129908204,10.9301250949502,8.591269075870514,2.9336661100387573e-05,6.4064494371414185,3.967806696891785e-05,4.7200951017439365,2.8409063816070557e-05,3.1893886290490627,2.405792474746704e-05,1.5583089366555214,1.936405897140503e-05,0.0012333430349826813,0.0009148195385932922,0.4344673529267311,1.829490065574646e-05,0.0005342811346054077,0.0003585107624530792,0.0,0.0,0.0,0.0,0.0,0.0,0.0,0.0,0.0,0.0,0.0,0.0,0.0,0.0,0.0,0.0,0.0,0.0,394.8234174326062
27,40.34152030199766,31.39972897619009,32.77464872598648,29.566185478121042,25.61659511178732,25.930282577872276,23.312407355755568,23.880770180374384,22.212738886475563,18.864570286124945,15.977997701615095,14.133365251123905,14.972620315849781,12.096140120178461,11.115941625088453,9.440727945417166,6.443024165928364,5.862753216177225,3.626197576522827e-05,0.002413962036371231,4.053319230675697,2.9884278774261475e-05,0.0018155239522457123,0.0014983080327510834,1.6723898239433765,2.5928020477294922e-05,0.0011294856667518616,0.0010420717298984528,0.0010836385190486908,0.0007747560739517212,0.04498301073908806,1.3984739780426025e-05,0.0004531741142272949,0.00015167146921157837,0.0,0.0,0.0,0.0,0.0,0.0,0.0,0.0,0.0,0.0,0.0,0.0,0.0,0.0,0.0,0.0,369.7231789380312
28,39.530304946005344,33.10098733380437,35.67710890248418,30.159234702587128,27.623242910951376,25.653321743011475,23.151000820100307,25.18432404845953,20.055841878056526,17.664755333215,17.642789237201214,15.282236065715551,14.507671616971493,12.798196379095316,2.1219253540039062e-05,9.643573850393295,1.6596168279647827e-05,8.500740803778172,7.352231569588184,6.132631156593561,5.584880117326975,3.8743194192647934,3.057301130145788,2.370365258306265,2.9999762773513794e-05,1.4663162641227245,2.396106719970703e-05,0.5229851007461548,0.07301770150661469,1.807883381843567e-05,0.0003494173288345337,0.00027040019631385803,0.0,0.0,0.0,0.0,0.0,0.0,0.0,0.0,0.0,0.0,0.0,0.0,0.0,0.0,0.0,0.0,0.0,0.0,386.6101079620421
29,38.04824908822775,36.61100211367011,30.39580960199237,29.160452663898468,27.325805325061083,27.110088177025318,23.017577536404133,18.64252268895507,16.249376941472292,0.004201833158731461,0.0,0.0,0.0,0.0,0.0,0.0,0.0,0.0,0.0,0.0,0.0,0.0,0.0,0.0,0.0,0.0,0.0,0.0,0.0,0.0,0.0,0.0,0.0,0.0,0.0,0.0,0.0,0.0,0.0,0.0,0.0,0.0,0.0,0.0,0.0,0.0,0.0,0.0,0.0,0.0,246.56508596986532
30,39.50994119793177,29.184489462524652,31.11743537709117,29.32108135893941,29.005050253123045,28.544087778776884,23.79565053805709,23.970977891236544,21.104232795536518,17.737827837467194,17.112907879054546,14.19322420656681,10.977692760527134,3.149360418319702e-05,0.003437131643295288,0.003288503736257553,0.0030683092772960663,0.0027724169194698334,0.0027571171522140503,0.002625986933708191,0.0025061555206775665,0.002537723630666733,4.959744676947594,4.343683071434498,2.3076630979776382,2.080574631690979e-05,0.0014219507575035095,1.2776496857404709,1.6808509826660156e-05,0.0009399950504302979,0.0008607693016529083,0.0009079053997993469,0.0005024410784244537,0.0,0.0,0.0,0.0,0.0,0.0,0.0,0.0,0.0,0.0,0.0,0.0,0.0,0.0,0.0,0.0,0.0,328.4910353831947
31,34.33713023737073,30.444007385522127,32.49752227216959,29.009535185992718,25.56161892786622,25.587440755218267,13.033628411591053,19.56684374064207,22.46938969567418,19.820633683353662,15.941239710897207,17.20500870794058,14.747348614037037,12.235845416784286,9.367636322975159,9.209021832793951,7.104897998273373,6.087526027113199,4.8270302303135395,5.132356554269791,4.506498731672764,3.625539869070053,3.0796213187277317,2.9832124710083008e-05,0.0011982209980487823,0.46433164551854134,1.6294419765472412e-05,0.0008154250681400299,0.0007257126271724701,0.0007485821843147278,0.0005617290735244751,0.00024245679378509521,0.0,0.0,0.0,0.0,0.0,0.0,0.0,0.0,0.0,0.0,0.0,0.0,0.0,0.0,0.0,0.0,0.0,0.0,365.8659915290773
32,36.41503004357219,29.33075964078307,27.9698480181396,29.477284718304873,26.359753642231226,27.025912068784237,23.30131945014,22.98706204071641,18.863873571157455,16.8363737128675,14.096519827842712,4.4599175453186035e-05,12.685256343334913,4.25092875957489e-05,0.004481229931116104,0.0032611340284347534,0.002950139343738556,0.002849072217941284,0.002892095595598221,0.0025552064180374146,0.002498351037502289,0.0025228671729564667,4.984704315662384,3.040091723203659,2.3797154426574707e-05,0.0017675794661045074,1.7105349488556385,0.9685758091509342,0.3960506245493889,2.030283212661743e-05,0.03516705334186554,0.010937497019767761,1.2256205081939697e-05,3.512948751449585e-06,0.0,0.0,0.0,0.0,0.0,0.0,0.0,0.0,0.0,0.0,0.0,0.0,0.0,0.0,0.0,0.0,296.5209797024727
33,36.42571733519435,31.91888313367963,30.935762986540794,30.46364239230752,27.892458327114582,26.67103971913457,24.73967396840453,23.273160066455603,19.202708020806313,16.73391891643405,15.516307953745127,13.310309689491987,12.208495792001486,11.606724385172129,9.70345675572753,3.55839729309082e-05,0.002751510590314865,7.239553350955248,6.947536449879408,5.782053921371698,2.6162713766098022e-05,0.0018726438283920288,0.0017869211733341217,0.0016685761511325836,0.0015970543026924133,0.00164838507771492,0.0014651380479335785,0.0012551918625831604,0.0009601563215255737,0.0009936951100826263,0.0007993392646312714,0.00044804811477661133,0.00035490840673446655,0.0002373531460762024,0.0,0.0,0.0,0.0,0.0,0.0,0.0,0.0,0.0,0.0,0.0,0.0,0.0,0.0,0.0,0.0,350.5893038325012
34,34.98215940222144,33.52561502531171,30.231843203306198,29.215396031737328,27.407431062310934,25.167841985821724,25.4829021692276,22.952030949294567,19.660912316292524,20.301681272685528,14.975955367088318,2.7332454919815063e-05,15.823534723371267,10.909025844186544,2.7257949113845825e-05,0.003046046942472458,9.53300891816616,3.299117088317871e-05,0.0026895441114902496,0.0023911893367767334,0.0022830143570899963,0.0022001340985298157,0.002101108431816101,0.00200624018907547,0.0019106380641460419,0.0019459575414657593,2.4321903698146343,2.183765172958374e-05,0.001385081559419632,0.0012127943336963654,0.0008652471005916595,0.0007683597505092621,0.0006759949028491974,0.0,0.0,0.0,0.0,0.0,0.0,0.0,0.0,0.0,0.0,0.0,0.0,0.0,0.0,0.0,0.0,0.0,322.62711941078305
35,37.47020746022463,29.278112821280956,31.683616288006306,31.970218542963266,27.884341679513454,25.93993167206645,26.576459266245365,24.39933680742979,18.22197126597166,17.12571483850479,16.40881832689047,14.276069216430187,13.589255541563034,11.094686467200518,10.319385167211294,2.6207417249679565e-05,0.0027255043387413025,0.0026639625430107117,0.0026653744280338287,6.19504464417696,2.684071660041809e-05,0.0021984055638313293,2.9404321871697903,2.796340901404619,2.820417284965515e-05,0.0014486461877822876,0.9254390075802803,3.322586417198181e-05,0.0008910819888114929,0.0006012171506881714,0.0005971156060695648,0.0002598874270915985,0.0,0.0,0.0,0.0,0.0,0.0,0.0,0.0,0.0,0.0,0.0,0.0,0.0,0.0,0.0,0.0,0.0,0.0,349.10954777523875
36,38.321243789047,30.504779420793056,34.0486612431705,28.463507525622845,28.200060691684484,26.59089497476816,26.549698181450367,22.868895836174488,22.524691250175238,22.08681194111705,18.564274594187737,16.045084211975336,15.441036682575941,12.404214937239885,3.59266996383667e-05,0.003178101032972336,8.791185203939676,3.9480626583099365e-05,8.01895185187459,5.418917190283537,3.6854296922683716e-05,0.0019143186509609222,0.0018120557069778442,0.0018729157745838165,2.549625027924776,1.3264987580478191,0.8816340416669846,0.37509555369615555,2.5764107704162598e-05,0.0007764808833599091,0.0004619583487510681,0.0004944056272506714,0.0002736039459705353,0.0,0.0,0.0,0.0,0.0,0.0,0.0,0.0,0.0,0.0,0.0,0.0,0.0,0.0,0.0,0.0,0.0,369.9866847731173
37,39.13598298281431,35.0665696747601,31.058926921337843,28.959652692079544,26.862159185111523,29.111868273466825,29.137850549072027,25.828830748796463,20.647470396012068,17.79920271039009,2.4810433387756348e-05,15.467615365982056,2.4881213903427124e-05,0.003435831516981125,0.003452148288488388,0.0033156387507915497,0.003055404871702194,0.0027948878705501556,0.0027228184044361115,0.0027118586003780365,0.0024054720997810364,0.002292223274707794,0.002276849001646042,0.0021903440356254578,0.0020981431007385254,0.0,0.0,0.0,0.0,0.0,0.0,0.0,0.0,0.0,0.0,0.0,0.0,0.0,0.0,0.0,0.0,0.0,0.0,0.0,0.0,0.0,0.0,0.0,0.0,0.0,299.108930811286
38,39.403483368456364,32.97763732075691,29.644792389124632,27.143726121634245,27.776454348117113,26.113020725548267,24.743770245462656,24.186784356832504,23.301347114145756,20.248747669160366,19.968522381037474,18.188557017594576,15.046023078262806,13.39458641782403,2.7846544981002808e-05,0.0031520873308181763,0.0029660798609256744,0.0026561208069324493,0.0026515088975429535,0.002361573278903961,0.0023793689906597137,0.0022073015570640564,0.0019931234419345856,0.00170811265707016,0.001598745584487915,2.2210381999611855,2.4236738681793213e-05,0.001271326094865799,0.0009572021663188934,0.0009575039148330688,0.000759471207857132,0.0005641989409923553,0.0003475882112979889,0.0,0.0,0.0,0.0,0.0,0.0,0.0,0.0,0.0,0.0,0.0,0.0,0.0,0.0,0.0,0.0,0.0,344.38707415014505
39,36.41842917352915,33.062488578259945,27.39809800311923,30.44165600463748,29.730151880532503,27.841783292591572,26.31432756781578,22.638764545321465,21.994089175015688,18.736983112990856,18.623054262250662,3.076717257499695e-05,15.337950099259615,2.559646964073181e-05,0.0032610930502414703,0.003174249082803726,0.003243550658226013,0.003015521913766861,7.952449649572372,5.688995197415352,3.145262598991394e-05,0.002116098999977112,0.0021760985255241394,0.001835055649280548,0.001747526228427887,0.0016801021993160248,0.0016190670430660248,0.0015168339014053345,0.0014375001192092896,0.0012577474117279053,0.0,0.0,0.0,0.0,0.0,0.0,0.0,0.0,0.0,0.0,0.0,0.0,0.0,0.0,0.0,0.0,0.0,0.0,0.0,0.0,322.20738880336285
40,39.42821679636836,35.74152783304453,28.775041807442904,32.247216779738665,28.657709907740355,26.23922210931778,23.91380002349615,21.86451029777527,19.783051293343306,18.631057623773813,16.45818143337965,16.501446191221476,15.0299112200737,11.367305517196655,2.3137778043746948e-05,0.003237806260585785,0.0029436424374580383,0.002844378352165222,8.508597638458014,8.89296631142497,5.035319704562426,2.7783215045928955e-05,0.0021379366517066956,0.001977965235710144,0.0017482340335845947,0.001415163278579712,0.0014531277120113373,0.0011472515761852264,0.001162700355052948,0.0008759200572967529,0.0007557310163974762,0.0006403848528862,0.000589229166507721,0.0,0.0,0.0,0.0,0.0,0.0,0.0,0.0,0.0,0.0,0.0,0.0,0.0,0.0,0.0,0.0,0.0,357.09806288033724
41,37.57934671640396,31.34801697731018,29.51311096549034,29.59782676771283,27.40650476887822,27.06601792946458,25.37972766160965,22.529787614941597,20.199399411678314,19.81301759555936,17.26288340985775,15.62436644360423,13.910324737429619,10.660000275820494,3.12216579914093e-05,0.003143802285194397,0.0029918476939201355,8.266598887741566,2.9806047677993774e-05,0.0022803209722042084,0.0021782219409942627,0.0021049901843070984,0.002009861171245575,3.624358780682087,2.4668872356414795e-05,0.0016645267605781555,0.0017019174993038177,0.0014851093292236328,1.1113165505230427,0.5877058021724224,0.23658164590597153,0.02801648899912834,0.0019193775951862335,0.000279843807220459,0.0,0.0,0.0,0.0,0.0,0.0,0.0,0.0,0.0,0.0,0.0,0.0,0.0,0.0,0.0,0.0,341.76675494760275
42,36.67578250169754,32.516870088875294,27.6154110096395,31.328938145190477,27.35998284444213,27.40728349611163,24.224250379949808,23.095578137785196,21.46972170844674,18.308256573975086,16.380986735224724,14.956286650151014,14.321816477924585,12.543578196316957,10.364389028400183,9.399640787392855,7.4163308553397655,2.9359012842178345e-05,6.613984193652868,2.993270754814148e-05,5.642114996910095,4.106843061745167,3.450952220708132,2.236857522279024,1.9642080590128899,2.847239375114441e-05,0.6083577685058117,0.24517831951379776,0.05825170502066612,1.7084181308746338e-05,0.0004323534667491913,0.0,0.0,0.0,0.0,0.0,0.0,0.0,0.0,0.0,0.0,0.0,0.0,0.0,0.0,0.0,0.0,0.0,0.0,0.0,380.31238866597414
43,37.52291979268193,33.01747652888298,28.67001198604703,31.751037683337927,27.032241832464933,26.597309287637472,24.977410923689604,22.470081865787506,19.843139454722404,16.70740147307515,14.982989691197872,15.033462256193161,13.326752547174692,10.978361800312996,2.7339905500411987e-05,11.258099623024464,8.167173072695732,3.124400973320007e-05,0.0025186315178871155,0.0023759864270687103,0.0021804459393024445,0.0018136873841285706,0.0017227083444595337,0.001644127070903778,0.001553017646074295,0.0015919134020805359,0.0014139935374259949,0.6043425425887108,0.2810300141572952,1.8984079360961914e-05,0.0005724243819713593,0.00034501776099205017,0.0,0.0,0.0,0.0,0.0,0.0,0.0,0.0,0.0,0.0,0.0,0.0,0.0,0.0,0.0,0.0,0.0,0.0,343.23905189707875
44,38.60230948776007,31.395403992384672,32.70354389771819,29.70026471838355,27.762304194271564,24.867740839719772,23.766414862126112,19.811689864844084,20.5048641115427,19.488081261515617,17.71170048043132,15.592756725847721,13.927125997841358,11.176039196550846,9.508987471461296,8.387452494353056,2.3126602172851562e-05,0.002674151211977005,0.0024969391524791718,4.1475102081894875,2.4966895580291748e-05,0.0018092840909957886,0.0018652789294719696,0.0016268379986286163,0.0013321712613105774,0.0013839416205883026,0.0011764541268348694,0.0009654536843299866,0.0007888861000537872,0.0005781203508377075,0.00022840872406959534,0.0,0.0,0.0,0.0,0.0,0.0,0.0,0.0,0.0,0.0,0.0,0.0,0.0,0.0,0.0,0.0,0.0,0.0,0.0,349.07116382569075
45,36.83301952853799,31.23606153950095,30.380908727645874,29.731129813939333,28.384107019752264,27.872069604694843,23.77713219448924,21.947311963886023,19.304912827908993,17.186042815446854,15.63482054322958,14.06452339142561,3.2864511013031006e-05,12.284577440470457,9.133718699216843,3.2279640436172485e-05,0.002992585301399231,0.00279197096824646,0.002595454454421997,0.0023026280105113983,0.0022018738090991974,0.0022301748394966125,2.943646691739559,2.1576881408691406e-05,0.0016517788171768188,0.0016621500253677368,1.0525076016783714,0.6593320146203041,1.841038465499878e-05,0.0008961819112300873,0.0005704686045646667,0.0005742684006690979,0.00026714056730270386,0.0,0.0,0.0,0.0,0.0,0.0,0.0,0.0,0.0,0.0,0.0,0.0,0.0,0.0,0.0,0.0,0.0,322.4466642253101
46,38.70762198418379,31.41388849541545,34.805046025663614,34.98663570359349,30.121003895998,27.607025232166052,21.976680427789688,22.836649361997843,18.78546853363514,16.994799353182316,17.748130943626165,14.043657410889864,14.366729516535997,12.648991517722607,11.460372790694237,3.2044947147369385e-05,9.205342344939709,3.582611680030823e-05,7.262937661260366,5.4076238460838795,2.902001142501831e-05,0.002150431275367737,3.6052659526467323,2.744421362876892e-05,1.8278649374842644,3.394857048988342e-05,1.08582504093647,2.4940818548202515e-05,0.000937487930059433,0.0008358433842658997,0.23170415312051773,2.1338462829589844e-05,0.0003586523234844208,0.00025200843811035156,0.0,0.0,0.0,0.0,0.0,0.0,0.0,0.0,0.0,0.0,0.0,0.0,0.0,0.0,0.0,0.0,377.13400411605835
47,36.883033350110054,29.242895260453224,31.060350816696882,26.702000848948956,26.371322505176067,28.22995337098837,25.96490528434515,24.201540730893612,22.557693526148796,18.60273442044854,17.974784642457962,15.54328741505742,13.056007362902164,12.06013311818242,3.360584378242493e-05,0.004865262657403946,0.004711218178272247,0.004141956567764282,0.00301520898938179,5.3046313263475895,4.230632204562426,3.40525059401989,3.4601022824645042,2.575329512357712,1.7356046065688133,1.4391836188733578,0.7603331655263901,0.352324515581131,0.02797039970755577,1.7799437046051025e-05,0.0003189109265804291,0.0003460906445980072,0.0,0.0,0.0,0.0,0.0,0.0,0.0,0.0,0.0,0.0,0.0,0.0,0.0,0.0,0.0,0.0,0.0,0.0,351.7594549320638
48,38.62543723359704,34.85852274298668,32.76778879761696,28.564972553402185,28.71524241566658,27.597290366888046,26.75794203951955,22.756110474467278,21.0204835832119,19.49671933054924,2.8405338525772095e-05,17.889234647154808,15.92209155857563,13.52597226575017,10.748007033020258,9.980098333209753,8.830675192177296,7.848817232996225,6.790167771279812,5.504655800759792,4.796999301761389,2.625212073326111e-05,0.002053041011095047,0.0018291622400283813,0.001622028648853302,0.0013328902423381805,1.0044912286102772,2.1342188119888306e-05,0.0009382478892803192,0.1800479143857956,2.119317650794983e-05,3.8035213947296143e-06,0.0,0.0,0.0,0.0,0.0,0.0,0.0,0.0,0.0,0.0,0.0,0.0,0.0,0.0,0.0,0.0,0.0,0.0,384.18964418396354
49,35.37667789682746,29.4969502389431,30.298560827970505,24.944168396294117,26.089233946055174,26.697756815701723,26.285748958587646,23.14762768521905,20.116153065115213,17.5471945181489,16.39239813759923,15.608445454388857,3.653392195701599e-05,12.830620262771845,11.211629148572683,3.898516297340393e-05,9.33549452573061,7.359569422900677,2.7436763048171997e-05,0.0023871511220932007,0.002260793000459671,0.002052299678325653,0.0018676072359085083,0.0016319677233695984,0.0014477819204330444,1.0172226801514626,0.42715342715382576,1.959875226020813e-05,0.0005347728729248047,0.0004124157130718231,0.0004648566246032715,0.0,0.0,0.0,0.0,0.0,0.0,0.0,0.0,0.0,0.0,0.0,0.0,0.0,0.0,0.0,0.0,0.0,0.0,0.0,334.1957876086235
50,38.30029892921448,31.368322532624006,26.100907061249018,27.35455173254013,26.69770622253418,25.313750993460417,25.942261062562466,25.76188687980175,22.08957927301526,20.158088088035583,17.521663177758455,16.093656048178673,17.429633673280478,14.04796127602458,10.939263001084328,9.154667500406504,7.4323217533528805,2.839788794517517e-05,0.0026974789798259735,0.0025345683097839355,4.451546784490347,2.8658658266067505e-05,3.757163479924202,2.28300404548645,1.6688298545777798,1.096633292734623,0.49740491807460785,2.061203122138977e-05,0.11408259719610214,0.004622519016265869,1.2703239917755127e-05,0.0,0.0,0.0,0.0,0.0,0.0,0.0,0.0,0.0,0.0,0.0,0.0,0.0,0.0,0.0,0.0,0.0,0.0,0.0,375.5851291157305
51,35.88178128749132,34.962877325713634,34.303126502782106,34.2923652715981,29.956150945276022,24.823137413710356,23.701539359986782,20.591902494430542,20.37311429530382,20.281334299594164,15.862030785530806,16.388610307127237,14.880761928856373,14.27606002241373,11.79739287123084,9.77124373987317,9.921298809349537,6.740152575075626,6.582123845815659,5.034681010991335,3.874690145254135,3.701663516461849,2.8225315399467945,1.2925654239952564,0.9322447031736374,0.335809875279665,0.15752089396119118,0.031629130244255066,0.013628050684928894,7.782131433486938e-06,0.0,0.0,0.0,0.0,0.0,0.0,0.0,0.0,0.0,0.0,0.0,0.0,0.0,0.0,0.0,0.0,0.0,0.0,0.0,0.0,403.5839761532843
52,35.32518358901143,33.5655417740345,29.422494873404503,29.21842734515667,29.176165834069252,29.729043569415808,26.16113032028079,22.36952892690897,21.53868732228875,18.348657377064228,16.331449043005705,15.889910127967596,13.109633576124907,11.210133388638496,10.653832234442234,9.940511967986822,9.676418036222458,6.3865994065999985,6.2704276740550995,5.230993155390024,3.255903720855713e-05,0.0018066205084323883,0.0016676932573318481,0.0017350353300571442,0.001404300332069397,0.0013558454811573029,0.0014137998223304749,1.132136445492506,0.23341331258416176,2.134963870048523e-05,0.000475175678730011,0.00034859031438827515,0.00016305968165397644,0.0,0.0,0.0,0.0,0.0,0.0,0.0,0.0,0.0,0.0,0.0,0.0,0.0,0.0,0.0,0.0,0.0,380.93074332922697
53,37.33496620506048,30.12414524331689,29.506776832044125,27.346838604658842,30.725296147167683,28.772052470594645,24.521616838872433,23.50054133683443,20.395512718707323,18.567576054483652,17.48743175715208,15.884580925107002,12.388801280409098,13.801518052816391,10.132403701543808,3.013014793395996e-05,8.926434502005577,3.086403012275696e-05,0.0024754926562309265,0.00221884623169899,0.002193320542573929,0.002050112932920456,3.2416509836912155,2.555514719337225,2.285093069076538e-05,1.2912160009145737,0.5416276790201664,2.520158886909485e-05,0.0006437264382839203,0.03137143701314926,1.4413148164749146e-05,0.00022217631340026855,0.0,0.0,0.0,0.0,0.0,0.0,0.0,0.0,0.0,0.0,0.0,0.0,0.0,0.0,0.0,0.0,0.0,0.0,357.0878006257117
54,34.70796614512801,29.277802404016256,28.95592077821493,31.783461596816778,25.97924778982997,28.723075844347477,23.56701184809208,23.756094556301832,19.698444414883852,20.10543403401971,18.224041502922773,14.694334238767624,13.01413157582283,13.038653053343296,10.610009375959635,8.790498688817024,6.460442487150431,6.437737304717302,3.5800039768218994e-05,0.0022304393351078033,4.986984547227621,2.9243528842926025e-05,0.001681160181760788,2.846895843744278,2.144649624824524e-05,0.0014377720654010773,0.8343906067311764,0.5419717356562614,0.10324949398636818,2.0656734704971313e-05,0.0006372630596160889,0.00037946924567222595,0.0,0.0,0.0,0.0,0.0,0.0,0.0,0.0,0.0,0.0,0.0,0.0,0.0,0.0,0.0,0.0,0.0,0.0,367.14427311718464
55,38.29636324569583,33.85961530730128,27.565738070756197,30.79397765919566,26.632168482989073,23.316022131592035,22.171364102512598,23.87766272202134,20.933995451778173,15.11592497304082,18.152273055166006,14.441925596445799,11.88016003370285,3.357231616973877e-05,0.0033408813178539276,0.0031450875103473663,9.440119314938784,7.833329651504755,6.380076069384813,5.627034470438957,4.797968093305826,2.9768865294754505,3.1538307666778564e-05,2.3750226609408855,2.3521482944488525e-05,0.0013118721544742584,1.064310658723116,2.0287930965423584e-05,0.0009334683418273926,0.00084642693400383,0.16535977646708488,1.4994293451309204e-05,0.0005854107439517975,0.00023848935961723328,0.0,0.0,0.0,0.0,0.0,0.0,0.0,0.0,0.0,0.0,0.0,0.0,0.0,0.0,0.0,0.0,347.7078236080706
56,36.794055569916964,30.72663700580597,29.44680141285062,28.91084400191903,32.320283472537994,26.315653312951326,25.45887329429388,24.280577313154936,19.914070814847946,22.301844868808985,16.408608727157116,2.9221177101135254e-05,0.003807961940765381,0.0036314837634563446,14.066221848130226,10.329269744455814,8.956785216927528,6.937548223882914,6.919401507824659,8.46682707965374,4.777308337390423,3.5678767934441566,2.560664165765047,1.737440064549446,2.4616718292236328e-05,0.0012500695884227753,0.0009381398558616638,0.0008763223886489868,0.23215796425938606,0.006455887109041214,0.003001369535923004,0.0,0.0,0.0,0.0,0.0,0.0,0.0,0.0,0.0,0.0,0.0,0.0,0.0,0.0,0.0,0.0,0.0,0.0,0.0,361.4497658126056
57,40.55280565470457,35.165586933493614,29.415914487093687,25.604200199246407,24.73258489742875,25.666835017502308,23.872862733900547,21.421786028891802,19.691956855356693,17.73352925851941,16.5404189825058,16.168080367147923,13.267855059355497,12.353146988898516,11.944438058882952,10.041543420404196,3.411248326301575e-05,0.0027999095618724823,0.002635754644870758,0.002386298030614853,0.0022004880011081696,0.002008579671382904,0.001866459846496582,1.7501375563442707,1.5014773234724998,0.8478589989244938,0.5479730032384396,2.0928680896759033e-05,0.0006207264959812164,0.0006761439144611359,0.00036171823740005493,0.0,0.0,0.0,0.0,0.0,0.0,0.0,0.0,0.0,0.0,0.0,0.0,0.0,0.0,0.0,0.0,0.0,0.0,0.0,348.8366029448807
58,38.73565639927983,34.87150812894106,32.48566998168826,28.971590597182512,24.986547421664,25.223828565329313,23.384858556091785,22.44788420200348,18.467868234962225,18.230251487344503,16.64654965698719,14.943591836839914,13.153037756681442,10.621599707752466,3.8702040910720825e-05,0.004502642899751663,0.00424981489777565,8.16791358217597,6.443310011178255,5.1005963906645775,3.350898623466492e-05,3.3772378899157047,2.3014843463897705e-05,0.0017612017691135406,0.0015714466571807861,1.3880344815552235,2.8073787689208984e-05,0.0008759908378124237,0.0007750317454338074,0.0007974505424499512,0.00044679269194602966,0.0003548748791217804,0.00023118779063224792,0.0,0.0,0.0,0.0,0.0,0.0,0.0,0.0,0.0,0.0,0.0,0.0,0.0,0.0,0.0,0.0,0.0,347.66322462260723
59,38.822828970849514,33.941168799996376,31.4058801792562,30.456830997020006,29.749340884387493,28.621315129101276,25.054518826305866,22.330730006098747,20.526021484285593,18.750109538435936,19.129296105355024,16.922772862017155,13.824690025299788,11.894250702112913,11.819221217185259,9.28950484842062,8.847682271152735,7.59592242911458,6.4766374081373215,5.588337060064077,4.44887675344944,2.843323066830635,3.164305604994297,2.329796552658081e-05,0.0014467015862464905,0.001132570207118988,0.0011570416390895844,0.36738409101963043,0.056002646684646606,0.004256192594766617,7.320195436477661e-06,0.0,0.0,0.0,0.0,0.0,0.0,0.0,0.0,0.0,0.0,0.0,0.0,0.0,0.0,0.0,0.0,0.0,0.0,0.0,401.9349750317633
60,37.67973941192031,36.33188671246171,30.52164826542139,30.899312268942595,31.231611527502537,27.10866905003786,29.857303954660892,23.45885145291686,20.686678748577833,20.56965784728527,19.77453150227666,15.587201446294785,15.185846243053675,12.410347949713469,3.2901763916015625e-05,0.003084540367126465,0.0029317401349544525,0.002849787473678589,7.758544564247131,6.087822798639536,2.609938383102417e-05,5.677663549780846,4.371507905423641,4.986472450196743,2.4147331714630127e-05,0.0017098486423492432,0.0015226639807224274,0.001476883888244629,0.0013930350542068481,0.0,0.0,0.0,0.0,0.0,0.0,0.0,0.0,0.0,0.0,0.0,0.0,0.0,0.0,0.0,0.0,0.0,0.0,0.0,0.0,0.0,380.2003492973745
61,36.72341501712799,37.15569679811597,32.915408950299025,28.11482361704111,27.838467597961426,26.018839608877897,22.71593765541911,24.0715078599751,21.232087966054678,15.822398569434881,13.109153676778078,12.970082499086857,13.629983976483345,2.261251211166382e-05,0.003138624131679535,0.0030459612607955933,0.002957470715045929,0.0028712227940559387,0.00280960276722908,0.002726130187511444,0.002806931734085083,0.002563171088695526,4.102030597627163,3.118682846426964,2.968130499124527,2.5410205125808716e-05,0.0014639459550380707,1.1831275187432766,1.705065369606018e-05,0.0011278502643108368,0.000822901725769043,0.0005677565932273865,0.0004698261618614197,0.0,0.0,0.0,0.0,0.0,0.0,0.0,0.0,0.0,0.0,0.0,0.0,0.0,0.0,0.0,0.0,0.0,323.71721172332764
62,38.675941448658705,31.925304159522057,30.113567505031824,34.47916993126273,29.797177009284496,28.798733510077,22.55837469547987,21.83380490168929,20.226173870265484,21.613925218582153,17.209837846457958,14.427498776465654,2.1073967218399048e-05,11.288753505796194,1.761689782142639e-05,12.733905982226133,3.0741095542907715e-05,0.002878796309232712,0.0026818476617336273,0.0025030672550201416,5.439519613981247,4.095063243061304,3.297609020024538,2.498131215572357,1.4291833713650703,2.594664692878723e-05,0.0010256730020046234,0.0009297356009483337,0.0009570717811584473,0.0007802695035934448,0.00871112197637558,1.4904886484146118e-05,0.0,0.0,0.0,0.0,0.0,0.0,0.0,0.0,0.0,0.0,0.0,0.0,0.0,0.0,0.0,0.0,0.0,0.0,352.46225269138813
63,35.549306768924,31.040709737688303,33.22713100910187,32.490783620625734,28.999544832855463,20.058117866516113,20.534443147480488,23.404134947806597,20.627578247338533,19.94049808382988,16.80484238639474,15.284247644245625,13.74616189673543,2.736225724220276e-05,0.0031412318348884583,0.003028120845556259,0.0029405131936073303,0.0028882212936878204,0.002957496792078018,0.002740878611803055,0.002467140555381775,0.002216193825006485,0.0022776462137699127,0.002054832875728607,0.0018458180129528046,1.94205167517066,1.7474275790154934,0.7830833345651627,0.32629000023007393,0.11405085772275925,0.006071917712688446,1.4241784811019897e-05,0.0002208799123764038,0.0,0.0,0.0,0.0,0.0,0.0,0.0,0.0,0.0,0.0,0.0,0.0,0.0,0.0,0.0,0.0,0.0,316.6552961319685
64,37.21467608213425,36.28158513084054,34.22547507658601,32.352714508771896,27.68582335859537,24.966771744191647,25.334275893867016,22.907170169055462,23.741714622825384,18.198066350072622,17.667365103960037,15.077685173600912,10.921333737671375,10.189800705760717,10.071338955312967,10.061143644154072,7.7231307700276375,6.862293343991041,4.3064355850219727e-05,5.41728200763464,2.7962028980255127e-05,0.001932244747877121,3.07738821208477,1.0974079109728336,2.744421362876892e-05,0.0011242181062698364,0.001140359789133072,0.0009300932288169861,0.0006260946393013,0.0006459876894950867,0.00032022222876548767,0.0003429390490055084,0.0,0.0,0.0,0.0,0.0,0.0,0.0,0.0,0.0,0.0,0.0,0.0,0.0,0.0,0.0,0.0,0.0,0.0,381.0816031321883
65,35.974371045827866,32.76370019093156,34.27245942875743,29.365035966038704,31.478089343756437,26.973782517015934,25.182735975831747,22.60618371516466,21.002053547650576,21.149360675364733,17.134597782045603,14.401968408375978,13.541499353945255,11.593444891273975,3.127008676528931e-05,0.0030429810285568237,0.003096051514148712,7.0002315901219845,6.606898121535778,6.097607560455799,2.5793910026550293e-05,4.374397713690996,2.888590097427368e-05,2.3352588191628456,1.6797084733843803,2.6475638151168823e-05,0.0011538416147232056,0.0008310936391353607,0.0007486268877983093,0.0007990710437297821,0.0005708560347557068,0.00022637099027633667,0.0,0.0,0.0,0.0,0.0,0.0,0.0,0.0,0.0,0.0,0.0,0.0,0.0,0.0,0.0,0.0,0.0,0.0,365.5439664386213
66,39.34428230300546,29.85639200359583,38.432451244443655,29.155648671090603,29.480263873934746,28.0135218501091,26.44316193461418,20.982507213950157,19.325369957834482,21.003520853817463,17.061806976795197,14.522335141897202,13.734837528318167,10.35698527470231,3.679841756820679e-05,0.0036566630005836487,0.0030213743448257446,0.0030537880957126617,8.074739746749401,5.984713964164257,2.979859709739685e-05,0.0021698959171772003,0.002189360558986664,3.652311999350786,2.6356428861618042e-05,0.001512862741947174,0.001424632966518402,0.0013139694929122925,0.0012163184583187103,0.001127433031797409,0.0010577701032161713,0.2538100928068161,1.611188054084778e-05,0.0006676800549030304,0.0005688555538654327,0.00041105225682258606,0.0,0.0,0.0,0.0,0.0,0.0,0.0,0.0,0.0,0.0,0.0,0.0,0.0,0.0,355.70216135308146
67,38.11480321735144,34.103146370500326,33.097617637366056,32.24191880971193,25.704637847840786,28.989232819527388,26.407929446548223,22.111609984189272,24.541246984153986,21.246345322579145,19.578408535569906,15.813297275453806,15.693509962409735,11.91795814409852,10.130785752087831,10.694378528743982,8.323652546852827,8.810925222933292,6.201758626848459,4.785912703722715,5.353299185633659,4.603142589330673,2.559240311384201,1.939711757004261,1.4208608642220497,0.9977604523301125,0.5120428763329983,0.23994898051023483,0.025859836488962173,1.5053898096084595e-05,0.00032993778586387634,0.0,0.0,0.0,0.0,0.0,0.0,0.0,0.0,0.0,0.0,0.0,0.0,0.0,0.0,0.0,0.0,0.0,0.0,0.0,416.16128758341074
68,40.88916786015034,31.850350242108107,32.07516735047102,29.991559460759163,27.749089375138283,26.751558233052492,25.533511113375425,22.14906122535467,18.55108842626214,20.053488489240408,18.67243490740657,18.4110347032547,2.6259571313858032e-05,14.227138541638851,9.57695534080267,3.522634506225586e-05,0.002856418490409851,0.0027670077979564667,0.0026560500264167786,0.0026780106127262115,6.4054537974298,2.46390700340271e-05,0.0021949633955955505,0.002041388303041458,0.0018752068281173706,1.9403335638344288,1.3760576657950878,0.6007617227733135,1.9375234842300415e-05,0.0008944720029830933,0.0006711632013320923,0.00033438950777053833,0.00022487342357635498,0.0,0.0,0.0,0.0,0.0,0.0,0.0,0.0,0.0,0.0,0.0,0.0,0.0,0.0,0.0,0.0,0.0,346.82351146265864
69,38.030602522194386,33.9457773976028,31.188895396888256,27.611097261309624,27.23493580892682,31.976196758449078,24.653856851160526,21.35415755212307,17.486347820609808,14.436159081757069,2.3905187845230103e-05,17.504009872674942,12.642742801457644,14.372691106051207,11.274872329086065,3.127381205558777e-05,0.00306050106883049,7.894087236374617,7.418279726058245,2.9396265745162964e-05,4.679828394204378,4.225472070276737,2.9717040471732616,2.21586312353611,2.430072370916605,2.2880733013153076e-05,0.0011670403182506561,0.0008506961166858673,0.0007501281797885895,0.11056269332766533,0.004246383905410767,1.2986361980438232e-05,0.0,0.0,0.0,0.0,0.0,0.0,0.0,0.0,0.0,0.0,0.0,0.0,0.0,0.0,0.0,0.0,0.0,0.0,355.6684074141085
70,39.41874351352453,30.916634645313025,30.25336631014943,30.399445224553347,33.26002048701048,27.79494797065854,24.167177941650152,26.291116066277027,24.628316458314657,20.58224743977189,18.138901200145483,17.64277532324195,14.193474508821964,12.69721119850874,10.084664545953274,2.8636306524276733e-05,9.72571051493287,6.681062061339617,6.817538756877184,2.8640031814575195e-05,0.0020933039486408234,0.002049185335636139,0.0019152984023094177,0.001864418387413025,0.001734510064125061,0.001760430634021759,0.0015707165002822876,0.001397799700498581,0.0010572746396064758,0.0011330507695674896,0.0008980631828308105,0.027423258870840073,1.5348196029663086e-05,0.0,0.0,0.0,0.0,0.0,0.0,0.0,0.0,0.0,0.0,0.0,0.0,0.0,0.0,0.0,0.0,0.0,383.7383241020143
71,38.42743231728673,34.65477841719985,28.954371839761734,29.330852419137955,27.513552330434322,24.43119189143181,23.2313526943326,25.556786742061377,19.47116806358099,17.823592007160187,3.2067298889160156e-05,0.003733154386281967,13.350980140268803,12.091647364199162,11.739136040210724,9.14123036712408,3.960356116294861e-05,0.004033416509628296,0.0034302622079849243,0.0033227279782295227,5.431092757731676,3.1147152185440063e-05,0.002047508955001831,0.0017046257853507996,0.0017322488129138947,0.001538354903459549,0.00135069340467453,0.001162894070148468,0.597680177539587,0.02985306829214096,1.5124678611755371e-05,0.00027899816632270813,0.0,0.0,0.0,0.0,0.0,0.0,0.0,0.0,0.0,0.0,0.0,0.0,0.0,0.0,0.0,0.0,0.0,0.0,321.80115146562457
72,34.396070905029774,29.15305208042264,31.09888518974185,30.920222137123346,28.088349901139736,26.92641396075487,26.054776955395937,21.54790635406971,21.734477061778307,17.426642447710037,18.73157401010394,16.668776161968708,15.28727988153696,12.421659246087074,10.446382474154234,10.19994891434908,8.004529301077127,7.4810315035283566,5.510657727718353,4.790400929749012,3.6104166880249977,3.050514332950115,2.915412187576294e-05,0.0016090422868728638,0.001247413456439972,0.0012580640614032745,0.0010818280279636383,0.00086979940533638,0.0005431175231933594,0.0005693547427654266,0.0003577210009098053,0.0,0.0,0.0,0.0,0.0,0.0,0.0,0.0,0.0,0.0,0.0,0.0,0.0,0.0,0.0,0.0,0.0,0.0,0.0,383.5575336590409
73,38.1511155962944,32.41186887025833,33.77465508505702,33.46340589597821,29.189444798976183,27.1696281991899,27.125240206718445,24.9099063873291,20.04342871531844,21.658704966306686,16.67432926595211,14.143078930675983,2.788752317428589e-05,11.913638781756163,10.074414778500795,8.513742860406637,7.575121685862541,6.746484003961086,5.8027439042925835,4.603895612061024,4.578141655772924,3.0543655157089233e-05,0.001739155501127243,0.001537468284368515,0.001251310110092163,1.2550367005169392,0.37708549946546555,2.4378299713134766e-05,0.0006534010171890259,0.00045899301767349243,0.0,0.0,0.0,0.0,0.0,0.0,0.0,0.0,0.0,0.0,0.0,0.0,0.0,0.0,0.0,0.0,0.0,0.0,0.0,0.0,380.1608355380595
74,37.1731871701777,32.10123274102807,29.53343988582492,27.96521745622158,29.115345787256956,25.8371705673635,25.89965933561325,21.275533869862556,19.188174556940794,18.74675927683711,18.691804498434067,15.03652499616146,14.890734620392323,12.109867304563522,10.07765220478177,3.1385570764541626e-05,0.003041747957468033,7.760237336158752,6.686702713370323,4.9155137203633785,4.222862336784601,3.738982666283846,2.3293538317084312,1.9514487609267235,1.3892251588404179,1.0674465037882328,0.6422815434634686,0.0794004388153553,1.8384307622909546e-05,0.0003282204270362854,0.0003494173288345337,0.0,0.0,0.0,0.0,0.0,0.0,0.0,0.0,0.0,0.0,0.0,0.0,0.0,0.0,0.0,0.0,0.0,0.0,0.0,372.42952843755484
75,37.07847232744098,31.64489758014679,33.25932604074478,27.178287461400032,29.831795316189528,26.686364620923996,23.079921551048756,22.3105078227818,20.53612907975912,17.715728010982275,2.927333116531372e-05,14.348110362887383,2.7529895305633545e-05,0.0032772794365882874,0.0033561550080776215,0.0031809844076633453,0.0029753781855106354,0.0026715435087680817,0.0025937557220458984,0.002526361495256424,0.0024561919271945953,0.0023622922599315643,3.837992113083601,2.5469809770584106e-05,0.0021298229694366455,2.8429738618433475,1.2419457733631134,0.9551635421812534,2.0619481801986694e-05,0.0010977648198604584,0.0010346248745918274,0.0009762421250343323,0.0007552355527877808,0.0,0.0,0.0,0.0,0.0,0.0,0.0,0.0,0.0,0.0,0.0,0.0,0.0,0.0,0.0,0.0,0.0,292.57911198958755
76,36.32998713105917,31.175395756959915,28.225778851658106,31.839068710803986,29.59079283103347,27.762373186647892,26.97703269124031,24.9668249450624,19.92853458970785,17.82103044167161,17.590517848730087,16.206240963190794,13.900723032653332,12.546879515051842,2.9470771551132202e-05,10.377789352089167,3.024563193321228e-05,0.00269380584359169,0.0027586333453655243,6.405509643256664,4.885883588343859,3.430021595209837,2.6635825634002686e-05,2.855280764400959,1.3910594247281551,2.757832407951355e-05,0.001178160309791565,0.0009677037596702576,0.0006453171372413635,0.0006798170506954193,0.0004720538854598999,0.0,0.0,0.0,0.0,0.0,0.0,0.0,0.0,0.0,0.0,0.0,0.0,0.0,0.0,0.0,0.0,0.0,0.0,0.0,364.2162342853844
77,38.25961612537503,32.346152536571026,30.78662247210741,27.042231295257807,31.71236787736416,26.906388893723488,25.588030692189932,22.575793895870447,19.9800705909729,21.2875807993114,17.588409259915352,18.267704971134663,15.006071362644434,13.921800799667835,3.44887375831604e-05,0.0031725317239761353,9.771250419318676,7.484391015022993,3.0484050512313843e-05,0.0023456253111362457,0.002198096364736557,3.9836433976888657,3.7048012018203735e-05,0.0017164647579193115,0.0017458945512771606,0.0014163292944431305,1.6454027965664864,0.8234472088515759,0.3433884344995022,2.1848827600479126e-05,0.029057737439870834,1.4107674360275269e-05,0.0,0.0,0.0,0.0,0.0,0.0,0.0,0.0,0.0,0.0,0.0,0.0,0.0,0.0,0.0,0.0,0.0,0.0,365.3621555007994
78,39.98550406843424,30.0977893024683,32.579188369214535,33.00391150265932,26.454530626535416,24.141319770365953,1.9747763872146606e-05,22.61850730329752,20.69705519080162,20.710490569472313,17.580571826547384,15.929451610893011,15.02918130531907,13.909878332167864,11.266214352101088,10.642329752445221,9.108850441873074,8.026602689176798,6.64753357693553,2.993270754814148e-05,0.0020613744854927063,0.0019708462059497833,0.001988336443901062,0.0018030591309070587,2.1552345156669617,1.2003471702337265,2.4065375328063965e-05,0.48526105657219887,2.2366642951965332e-05,0.00052618607878685,0.011320296674966812,1.5243887901306152e-05,0.0,0.0,0.0,0.0,0.0,0.0,0.0,0.0,0.0,0.0,0.0,0.0,0.0,0.0,0.0,0.0,0.0,0.0,362.28953478857875
79,40.96510447561741,29.63732437044382,31.132526095956564,31.00270551070571,28.559737600386143,30.838456507772207,28.591934330761433,25.19512040168047,21.817325059324503,21.156149119138718,17.305347319692373,17.808171346783638,16.046546060591936,4.102662205696106e-05,0.0032733306288719177,0.003173261880874634,0.0030848421156406403,0.003007415682077408,9.058754421770573,7.047099739313126,3.53008508682251e-05,0.0024360381066799164,0.0022865422070026398,0.0021814927458763123,0.0022453181445598602,0.0020123906433582306,0.0018106810748577118,0.0016242936253547668,2.3309469297528267,1.264194916933775,2.162158489227295e-05,0.0008718781173229218,0.0007169246673583984,0.00048302486538887024,0.0,0.0,0.0,0.0,0.0,0.0,0.0,0.0,0.0,0.0,0.0,0.0,0.0,0.0,0.0,0.0,359.78674959018826
80,41.68736696243286,31.030807185918093,25.558413196355104,29.55270591750741,27.466271840035915,25.018379118293524,25.919238287955523,24.247251622378826,20.430092092603445,18.871848862618208,19.808844346553087,2.6598572731018066e-05,0.0036081820726394653,13.089891757816076,10.617632649838924,9.831006336957216,9.331744879484177,8.428984995931387,5.779050890356302,3.647804260253906e-05,0.002438858151435852,4.395219635218382,2.1941959857940674e-05,0.001968957483768463,0.0017924495041370392,2.3766611255705357,1.1799751706421375,2.101808786392212e-05,0.6047308817505836,1.928955316543579e-05,0.0006767064332962036,0.004485078155994415,0.0,0.0,0.0,0.0,0.0,0.0,0.0,0.0,0.0,0.0,0.0,0.0,0.0,0.0,0.0,0.0,0.0,0.0,355.2412133142352
81,35.90638590604067,29.57026494666934,36.32810192927718,33.95755410939455,30.559429802000523,27.45339209213853,23.698956921696663,21.495543759316206,20.349104788154364,19.860280238091946,18.19003326818347,16.162678513675928,14.26949467509985,12.69739367812872,12.718331344425678,9.44987591356039,8.222752761095762,6.408772863447666,4.872257087379694,4.705319322645664,3.3924227729439735,3.1627539433538914,3.0494766235351562,2.47955322265625e-05,0.0013582929968833923,0.48682747781276703,1.7512589693069458e-05,0.0008471161127090454,0.030496295541524887,1.5184283256530762e-05,0.0,0.0,0.0,0.0,0.0,0.0,0.0,0.0,0.0,0.0,0.0,0.0,0.0,0.0,0.0,0.0,0.0,0.0,0.0,0.0,397.0001639351249
82,37.04726945981383,35.08305440098047,31.44300014898181,30.25324222445488,29.301043391227722,27.21769866347313,26.543191365897655,22.340652775019407,21.900416176766157,18.187211014330387,3.8973987102508545e-05,0.0038331039249897003,0.003585856407880783,0.0034835748374462128,0.0033498406410217285,0.003424171358346939,0.0031711794435977936,8.783692311495543,3.534182906150818e-05,5.88353905454278,2.621486783027649e-05,0.0022401362657546997,3.83472291380167,2.055242657661438e-05,0.0017787106335163116,1.9919240213930607,2.1379441022872925e-05,0.0012078434228897095,0.001003224402666092,0.0008144155144691467,0.00048044323921203613,0.0003574192523956299,0.00016254931688308716,0.0,0.0,0.0,0.0,0.0,0.0,0.0,0.0,0.0,0.0,0.0,0.0,0.0,0.0,0.0,0.0,0.0,299.83969285339117
83,37.16838088259101,34.75594983249903,31.20842020586133,30.91853902116418,27.299182645976543,27.57538115233183,23.869636960327625,21.48341541737318,19.77702484279871,16.543006516993046,17.204655814915895,13.757423307746649,12.686950281262398,12.07162618264556,11.261591911315918,9.186129469424486,8.555524490773678,3.411993384361267e-05,5.629955343902111,4.4754782654345036,2.755597233772278e-05,0.002022489905357361,0.0017001256346702576,0.0018072538077831268,1.9660292863845825,1.177733864635229,2.8427690267562866e-05,0.0007989071309566498,0.28708889335393906,2.372264862060547e-05,0.00045679882168769836,0.0,0.0,0.0,0.0,0.0,0.0,0.0,0.0,0.0,0.0,0.0,0.0,0.0,0.0,0.0,0.0,0.0,0.0,0.0,368.86602399125695
84,37.328930012881756,34.13965266570449,31.03992147743702,30.284496620297432,26.681045573204756,26.101990647614002,21.969575632363558,20.843974389135838,19.387761272490025,17.65041544660926,13.228024575859308,15.072231028228998,13.228397339582443,12.359194654971361,11.488341324031353,8.83197022229433,8.900910761207342,6.276257928460836,5.401644963771105,4.434409469366074,3.487080216407776,2.37205608189106,2.474584199488163,2.284720540046692e-05,1.10241324827075,1.0313145853579044,0.32670148462057114,0.056250497698783875,2.100318670272827e-05,0.00021183863282203674,0.0,0.0,0.0,0.0,0.0,0.0,0.0,0.0,0.0,0.0,0.0,0.0,0.0,0.0,0.0,0.0,0.0,0.0,0.0,0.0,375.4998020082712
85,35.72042063996196,33.63844818994403,30.579211104661226,27.72734745964408,30.607267543673515,27.50626142323017,27.164813548326492,22.5886317640543,19.86267613992095,18.953998863697052,19.44350116327405,16.810914289206266,15.519076861441135,11.775341518223286,12.574160687625408,3.672391176223755e-05,7.90443653985858,3.7342309951782227e-05,0.0024635381996631622,5.795848209410906,2.6434659957885742e-05,0.0018917173147201538,0.0019029900431632996,0.0017167367041110992,0.001541193574666977,0.001229751855134964,1.1878224462270737,2.020224928855896e-05,0.28587794303894043,1.7527490854263306e-05,0.00042283907532691956,0.0003236643970012665,0.0002271905541419983,0.0,0.0,0.0,0.0,0.0,0.0,0.0,0.0,0.0,0.0,0.0,0.0,0.0,0.0,0.0,0.0,0.0,365.65791418775916
86,37.340242613106966,35.67643742263317,31.18919874355197,32.43202190846205,25.563736509531736,27.613740161061287,24.987276751548052,22.311509784311056,19.784054394811392,23.077765841037035,20.52726499736309,15.546914100646973,13.691715262830257,12.213236950337887,10.81618219614029,9.26249822601676,8.900764036923647,7.208291444927454,3.014877438545227e-05,0.0025032609701156616,0.0021209605038166046,0.0021225959062576294,2.8448774591088295,2.610779646784067,1.3530993089079857,0.9475502856075764,0.5841345302760601,0.40633639320731163,0.05319514870643616,1.851096749305725e-05,0.00019922852516174316,0.0,0.0,0.0,0.0,0.0,0.0,0.0,0.0,0.0,0.0,0.0,0.0,0.0,0.0,0.0,0.0,0.0,0.0,0.0,386.94981882348657
87,38.27678247541189,33.155597265809774,30.770722668617964,31.272623922675848,26.92977336794138,26.232441641390324,23.72999093309045,22.71184876188636,19.763620372861624,21.937860004603863,19.235005408525467,17.065702322870493,15.99982961639762,13.551914680749178,11.000786792486906,10.392069667577744,3.731250762939453e-05,6.9645215049386024,6.305227659642696,3.1657516956329346e-05,4.57603420689702,2.859160304069519e-05,0.0017773807048797607,2.0195684246718884,1.3114608712494373,1.0291559509932995,2.2489577531814575e-05,0.000825200229883194,0.01701473444700241,1.722574234008789e-05,0.0,0.0,0.0,0.0,0.0,0.0,0.0,0.0,0.0,0.0,0.0,0.0,0.0,0.0,0.0,0.0,0.0,0.0,0.0,0.0,384.2522931136191
88,38.68750558793545,31.585380900651217,27.895986303687096,32.82084694504738,29.348095059394836,25.788041833788157,22.752272602170706,20.73615460842848,19.89285508170724,18.078052766621113,16.744376983493567,13.489453606307507,14.60930997133255,13.104185797274113,11.20313322916627,10.08457924053073,8.681413810700178,8.638159353286028,6.277026321738958,5.428683634847403,4.951421920210123,4.042513836175203,2.8474143110215664,3.149360418319702e-05,0.0014239437878131866,0.0012393854558467865,0.001042969524860382,0.0007355660200119019,0.0006141588091850281,0.013184841722249985,1.397356390953064e-05,0.0001699887216091156,0.0,0.0,0.0,0.0,0.0,0.0,0.0,0.0,0.0,0.0,0.0,0.0,0.0,0.0,0.0,0.0,0.0,0.0,387.70532002672553
89,40.376328747719526,31.370183493942022,28.397858168929815,28.878430478274822,25.85540046915412,25.057932917028666,24.159987777471542,20.77678180858493,21.378638833761215,2.4762004613876343e-05,0.004136234521865845,15.615888126194477,2.9746443033218384e-05,0.0035346783697605133,0.0032568275928497314,0.0032725483179092407,0.0031147301197052,0.002898227423429489,0.0025875605642795563,0.0024953410029411316,0.0024370290338993073,0.0023615211248397827,0.002279665321111679,4.481167104095221,2.0120292901992798e-05,2.5649936497211456,2.417340874671936e-05,0.001473497599363327,0.0013713911175727844,0.001393493264913559,0.0011058524250984192,0.0010413527488708496,0.0,0.0,0.0,0.0,0.0,0.0,0.0,0.0,0.0,0.0,0.0,0.0,0.0,0.0,0.0,0.0,0.0,0.0,268.9524503275752
90,36.15930414199829,31.478258457034826,28.0059913136065,30.07711211964488,30.127820413559675,27.654637418687344,24.38987571746111,22.09092878177762,19.75753355398774,18.858256243169308,15.841652669012547,16.263415787369013,12.196091715246439,3.01264226436615e-05,10.169130355119705,10.076636284589767,8.505630128085613,7.313903510570526,5.388357397168875,4.6982025392353535,4.1029060408473015,3.544073425233364,2.98917293548584e-05,0.0016102306544780731,0.0013092346489429474,0.0012356191873550415,0.886640127748251,1.7240643501281738e-05,0.0009567327797412872,0.0007773973047733307,0.0005743242800235748,0.00027246400713920593,0.0,0.0,0.0,0.0,0.0,0.0,0.0,0.0,0.0,0.0,0.0,0.0,0.0,0.0,0.0,0.0,0.0,0.0,367.593171402812
91,36.14732574671507,28.94886128976941,29.868103716522455,29.993697937577963,25.779051087796688,26.71618941426277,23.3389515504241,21.966961205005646,21.37887628003955,17.545862201601267,17.55487848818302,15.713857013732195,14.641393851488829,11.806129544973373,10.218980740755796,9.099812850356102,7.899663716554642,6.995802722871304,6.255924046039581,4.991662010550499,2.642720937728882e-05,0.0018879137933254242,0.00193757563829422,0.001615762710571289,0.0016576237976551056,2.2839747481048107,0.7572119608521461,0.3077992759644985,1.817941665649414e-05,0.0007054023444652557,0.0003730989992618561,0.0,0.0,0.0,0.0,0.0,0.0,0.0,0.0,0.0,0.0,0.0,0.0,0.0,0.0,0.0,0.0,0.0,0.0,0.0,370.2191933840513
92,38.235739786177874,34.147702150046825,28.10192095115781,28.97741813585162,25.95211422815919,25.37919906154275,22.835881546139717,23.567723147571087,20.66601598262787,18.358320511877537,15.606528900563717,3.1363219022750854e-05,12.041937004774809,2.6348978281021118e-05,11.519962675869465,9.00731024891138,2.72504985332489e-05,0.002664472907781601,0.0025552362203598022,0.002578742802143097,0.002450075000524521,0.0022599957883358,0.001888871192932129,2.8909086994826794,2.3309749737381935,1.6182223334908485,2.127140760421753e-05,0.0010363943874835968,0.0009438954293727875,0.0009860098361968994,0.0006949268281459808,0.0007015131413936615,0.0005125366151332855,0.0002791658043861389,0.0,0.0,0.0,0.0,0.0,0.0,0.0,0.0,0.0,0.0,0.0,0.0,0.0,0.0,0.0,0.0,321.257538408041
93,34.81216925755143,31.002762123942375,33.03326376900077,31.285622246563435,29.30900691077113,26.00545783340931,25.41694998368621,23.827322475612164,19.054003417491913,18.84305626153946,15.66727939620614,15.329157628118992,14.252287928014994,12.453534614294767,12.202521070837975,9.163795255124569,7.412009723484516,3.0372291803359985e-05,0.002369038760662079,5.3588765151798725,2.7876347303390503e-05,0.0020557232201099396,3.6992843002080917,1.7818430848419666,1.2533536069095135,2.2590160369873047e-05,0.354501910507679,1.704692840576172e-05,0.0007430091500282288,0.0005637630820274353,0.00034627318382263184,0.0,0.0,0.0,0.0,0.0,0.0,0.0,0.0,0.0,0.0,0.0,0.0,0.0,0.0,0.0,0.0,0.0,0.0,0.0,371.5242350064218
94,36.27745104953647,33.49071844667196,32.83355249837041,32.040952026844025,29.854127027094364,26.542910758405924,24.242552056908607,21.16136783733964,20.56117369607091,16.98956023156643,17.70600551739335,15.56492680683732,3.574788570404053e-05,11.59993776679039,9.651514746248722,7.429281763732433,6.739564772695303,3.141537308692932e-05,0.0024680830538272858,0.002163667231798172,0.0020947791635990143,3.373418115079403,2.4508684873580933e-05,0.0017091520130634308,1.9116939045488834,1.1599990464746952,0.6549932025372982,0.3911363258957863,0.06588585302233696,0.005446147173643112,6.9588422775268555e-06,0.0,0.0,0.0,0.0,0.0,0.0,0.0,0.0,0.0,0.0,0.0,0.0,0.0,0.0,0.0,0.0,0.0,0.0,0.0,350.25670390948653
95,35.401287119835615,30.536714240908623,29.550374537706375,32.25480165705085,26.307222954928875,23.777394272387028,22.7637949436903,21.15488063544035,19.22516030445695,17.69387849420309,3.218650817871094e-05,0.0038603655993938446,0.0035789422690868378,0.003458075225353241,0.0034978091716766357,0.003305550664663315,0.0031393878161907196,0.0028030090034008026,0.0027170777320861816,0.002583533525466919,0.0025259554386138916,0.0025761909782886505,4.944956358522177,3.3234280198812485,2.5768992640078068,2.4645552188158035,1.4877426475286484,1.3273425251245499,0.5603861846029758,2.4300068616867065e-05,0.0008153952658176422,0.0004587098956108093,0.0003417991101741791,0.00025201216340065,0.0,0.0,0.0,0.0,0.0,0.0,0.0,0.0,0.0,0.0,0.0,0.0,0.0,0.0,0.0,0.0,275.3867896795273
96,38.47923379018903,31.442500066012144,27.35170080885291,29.26569778099656,29.544353768229485,29.454787243157625,26.937231358140707,21.752713430672884,21.955168053507805,19.21092040091753,17.94422870501876,15.520698439329863,13.975837383419275,2.3107975721359253e-05,0.0034312158823013306,0.003125429153442383,0.0029622800648212433,8.841727696359158,6.734250113368034,2.8658658266067505e-05,6.269842207431793,4.514237441122532,2.454221248626709e-05,0.0019150488078594208,0.0017127208411693573,0.001550436019897461,0.0012194998562335968,0.9426854103803635,0.7564643062651157,0.18192478269338608,2.242252230644226e-05,0.008805815130472183,1.876428723335266e-05,0.0,0.0,0.0,0.0,0.0,0.0,0.0,0.0,0.0,0.0,0.0,0.0,0.0,0.0,0.0,0.0,0.0,351.10104312747717
97,41.00023406371474,29.295890271663666,31.658606812357903,30.45154967531562,29.83094410225749,27.907581232488155,24.288222711533308,21.999018479138613,22.102982059121132,19.772295087575912,16.506829787045717,15.64002189785242,15.10269209370017,11.715239934623241,10.391082420945168,10.327217817306519,9.474250555038452,8.417774617671967,6.623064965009689,5.206240922212601,2.7019530534744263e-05,3.260938987135887,2.0392239093780518e-05,2.396896257996559,2.2186974696815014,2.1461916156113148,0.6188139133155346,0.23036959767341614,0.036875367164611816,2.5216490030288696e-05,0.00033424049615859985,0.0,0.0,0.0,0.0,0.0,0.0,0.0,0.0,0.0,0.0,0.0,0.0,0.0,0.0,0.0,0.0,0.0,0.0,0.0,398.6209295839071
98,37.468602146953344,36.85187216103077,29.635852191597223,30.995956990867853,28.45594348013401,24.918574210256338,29.16351993009448,23.391264006495476,20.535038873553276,21.657692845910788,16.898422610014677,15.87293828651309,12.24126123636961,2.5112181901931763e-05,0.003421638160943985,10.27560044452548,3.13781201839447e-05,0.0027722828090190887,0.0026717185974121094,5.913775108754635,2.7611851692199707e-05,0.0024266354739665985,0.0021223686635494232,0.002198167145252228,3.268463719636202,1.917406916618347e-05,0.0016585178673267365,0.0015762969851493835,0.0,0.0,0.0,0.0,0.0,0.0,0.0,0.0,0.0,0.0,0.0,0.0,0.0,0.0,0.0,0.0,0.0,0.0,0.0,0.0,0.0,0.0,347.5637291446328
99,40.381730522960424,34.570622608065605,30.927072785794735,30.935605481266975,27.777611542493105,27.085693538188934,24.764600973576307,23.84297812730074,22.589121002703905,19.068864587694407,17.3371319770813,15.499615475535393,14.562079902738333,14.858748767524958,12.599369712173939,10.267775181680918,8.433874119073153,6.852036014199257,6.557459760457277,4.80232260748744,5.442325934767723,2.966832123696804,2.9146671295166016e-05,0.001508716493844986,0.0014119111001491547,0.0014792904257774353,0.0012689419090747833,0.0010791681706905365,0.21362584084272385,2.0917505025863647e-05,0.00048111751675605774,0.00016843900084495544,0.0,0.0,0.0,0.0,0.0,0.0,0.0,0.0,0.0,0.0,0.0,0.0,0.0,0.0,0.0,0.0,0.0,0.0,402.3445462360978
100,40.91797034442425,33.853777814656496,33.09785979986191,30.90284664183855,27.080267909914255,29.44105624780059,25.59760745242238,24.65916172042489,22.182128224521875,17.341502968221903,17.031909614801407,16.32737695425749,15.152578227221966,13.322454791516066,3.295019268989563e-05,0.0031560249626636505,9.632668644189835,7.331628106534481,5.5028352327644825,3.876537084579468e-05,4.373122312128544,4.007712088525295,3.193318843841553e-05,0.0015227161347866058,0.0015464350581169128,0.0012469850480556488,0.0012504123151302338,0.0010480023920536041,0.0008519925177097321,0.02947346866130829,1.7061829566955566e-05,0.00031831488013267517,0.0,0.0,0.0,0.0,0.0,0.0,0.0,0.0,0.0,0.0,0.0,0.0,0.0,0.0,0.0,0.0,0.0,0.0,377.79700015857816

total time per move x,3707.1833372190595,3167.1998253390193,3035.0094438642263,2957.2756393253803,2784.9431382641196,2638.917814731598,2406.7249872125685,2242.705665819347,2025.1021949015558,1803.9880562536418,1519.149605769664,1361.6568197123706,1155.7601329013705,915.6720893569291,652.1558752283454,542.7742907479405,458.4421250410378,391.29985424876213,338.35855055972934,273.0747438892722,194.74208732321858,128.6929128691554,122.8638576976955,97.55912796780467,65.12121098488569,51.01066184788942,40.50374672189355,19.32077180221677,11.609328277409077,3.496450960636139,1.005402859300375,0.6597278155386448,0.0321107879281044,0.005019009113311768,0.0014616623520851135,0.0006832219660282135,0.00020443648099899292,0,0,0,0,0,0,0,0,0,0,0,0,0,35114.01895663142
average time per move x,37.071833372190596,31.671998253390193,30.350094438642262,29.572756393253805,27.849431382641196,26.389178147315977,24.067249872125686,22.427056658193468,20.25102194901556,18.039880562536418,15.34494551282489,13.754109290023946,11.67434477678152,9.249213023807364,6.5874330831145995,5.482568593413541,4.630728535768059,3.9525237802905266,3.417763136966963,2.758330746356285,1.967091791143622,1.2999284128197517,1.2410490676534898,0.985445737048532,0.6577900099483404,0.5205169576315247,0.4133035379785056,0.1971507326756813,0.11968379667432037,0.03680474695406462,0.011828268932945588,0.010308247117791325,0.0009174510836601257,0.00033460060755411786,0.0007308311760425568,0.00034161098301410675,0.00020443648099899292,nan,nan,nan,nan,nan,nan,nan,nan,nan,nan,nan,nan,nan,351.14018956631423
std of time per move x,2.010861322295322,2.3718972689984463,2.3657813902786207,2.158188559244378,1.7645894641447069,1.7881591946349256,3.2222445341071007,1.5487778004792823,1.5298190911227836,3.6745865063767833,5.084519172859386,4.8027929226833335,5.1060312166599084,5.331065984567468,5.27830863212435,4.777572483994848,4.144084610030258,3.671769518130614,3.271221766254776,2.7696602583860193,2.3086627338531245,1.8169107571156764,1.6442010716824695,1.3363054873710634,0.9274426505247333,0.7798219924456835,0.5938221802379774,0.34974493375681553,0.30664627870682487,0.15420536273055402,0.04186370800621654,0.04578791397517874,0.0030204590838272686,0.00022626775117839796,0.00022906812165670906,9.820479120841503e-05,nan,nan,nan,nan,nan,nan,nan,nan,nan,nan,nan,nan,nan,nan,32.103450263681324
err of average time,0.20108613222953226,0.23718972689984463,0.23657813902786207,0.21581885592443778,0.17645894641447069,0.17881591946349257,0.32222445341071004,0.15487778004792824,0.15298190911227835,0.36745865063767835,0.5110134041134173,0.48269885061560636,0.5131754458637211,0.5357922910132389,0.5304899775894097,0.4801641011556709,0.4164961742714134,0.3690267214637362,0.3287701577185081,0.278361329509855,0.2320293350202104,0.18260640178525003,0.16524842529306044,0.13430375475463102,0.0932114935261591,0.07877391699667821,0.05998509863789344,0.03532957347786916,0.03113521231374696,0.015821136393698726,0.004540756671887548,0.005723489246897343,0.0005105507691860026,5.842208213984926e-05,0.00016197562217712402,6.944127380847931e-05,nan,nan,nan,nan,nan,nan,nan,nan,nan,nan,nan,nan,nan,nan,3.2103450263681323
