Contains move time for player Edax1; opponent is MCTSRemMaxIter0
Colums refer to move number, rows to game number
game,1,2,3,4,5,6,7,8,9,10,11,12,13,14,15,16,17,18,19,20,21,22,23,24,25,26,27,28,29,30,31,32,33,34,35,36,37,38,39,40,41,42,43,44,45,46,47,48,49,50,total
1,0.4121122993528843,0.1071706460788846,0.10620379261672497,0.1062479643151164,0.11879984010010958,0.10587347019463778,0.10570328962057829,0.10560773964971304,0.10560404229909182,0.10522390808910131,0.10517392121255398,0.1050441088154912,0.10488211456686258,0.10479928180575371,0.10468665324151516,0.10435126442462206,0.1041736826300621,0.1082804948091507,0.10776842013001442,0.10723209753632545,0.10712433326989412,0.10344236064702272,0.10349553357809782,0.10603887680917978,0.10575333889573812,0.10550555028021336,0.1050196997821331,0.10462329629808664,0.10306624881923199,0.10389872174710035,0.10343989357352257,0.1031380146741867,0.001078575849533081,0.0,0.0,0.0,0.0,0.0,0.0,0.0,0.0,0.0,0.0,0.0,0.0,0.0,0.0,0.0,0.0,0.0,3.690563475713134
2,0.10662283096462488,0.1061547277495265,0.10617595072835684,0.11828748974949121,0.11913298815488815,0.10572741366922855,0.11797369457781315,0.1054349709302187,0.11768883932381868,0.10539190378040075,0.10498632024973631,0.10490145720541477,0.10975728649646044,0.11000273656100035,0.10892541613429785,0.10871132183820009,0.10861118510365486,0.10807348880916834,0.1038893312215805,0.10661538690328598,0.10733148269355297,0.10711260139942169,0.10701376013457775,0.10642654448747635,0.10628204606473446,0.1059209369122982,0.10335934162139893,0.10526025108993053,0.10492286738008261,0.003058869391679764,0.0,0.0,0.0,0.0,0.0,0.0,0.0,0.0,0.0,0.0,0.0,0.0,0.0,0.0,0.0,0.0,0.0,0.0,0.0,0.0,3.13975344132632

total time per move x,0.5187351303175092,0.2133253738284111,0.2123797433450818,0.22453545406460762,0.23793282825499773,0.21160088386386633,0.22367698419839144,0.21104271057993174,0.2232928816229105,0.21061581186950207,0.2101602414622903,0.20994556602090597,0.21463940106332302,0.21480201836675406,0.213612069375813,0.21306258626282215,0.21278486773371696,0.21635398361831903,0.21165775135159492,0.21384748443961143,0.2144558159634471,0.21055496204644442,0.21050929371267557,0.21246542129665613,0.21203538496047258,0.21142648719251156,0.20837904140353203,0.20988354738801718,0.2079891161993146,0.10695759113878012,0.10343989357352257,0.1031380146741867,0.001078575849533081,0,0,0,0,0,0,0,0,0,0,0,0,0,0,0,0,0,6.830316917039454
average time per move x,0.2593675651587546,0.10666268691420555,0.1061898716725409,0.11226772703230381,0.11896641412749887,0.10580044193193316,0.11183849209919572,0.10552135528996587,0.11164644081145525,0.10530790593475103,0.10508012073114514,0.10497278301045299,0.10731970053166151,0.10740100918337703,0.1068060346879065,0.10653129313141108,0.10639243386685848,0.10817699180915952,0.10582887567579746,0.10692374221980572,0.10722790798172355,0.10527748102322221,0.10525464685633779,0.10623271064832807,0.10601769248023629,0.10571324359625578,0.10418952070176601,0.10494177369400859,0.1039945580996573,0.05347879556939006,0.10343989357352257,0.1031380146741867,0.001078575849533081,nan,nan,nan,nan,nan,nan,nan,nan,nan,nan,nan,nan,nan,nan,nan,nan,nan,3.415158458519727
std of time per move x,0.21601367467841168,0.0007183627398208215,1.968718806614339e-05,0.008513230076914341,0.00023557124867303842,0.00010327755955340591,0.008676486553165799,0.00012216593313136626,0.008545241925447382,0.00011879089252795483,0.00013265391296549906,0.00010086992083222109,0.003447267130868949,0.0036793981430322856,0.0029972579853285455,0.0030830261635037067,0.003137788090609518,0.00014637534633382698,0.0027429300719791433,0.0004360802706520609,0.00014647676218805633,0.0025952521246085263,0.002487761855837555,0.0002741224441703468,0.0003738524244592498,0.0002937227043614365,0.0011740505146535598,0.00045039505262208125,0.0013128275744542822,0.07130454341436815,nan,nan,nan,nan,nan,nan,nan,nan,nan,nan,nan,nan,nan,nan,nan,nan,nan,nan,nan,nan,0.3894815104605113
err of average time,0.1527447341941297,0.0005079591646790503,1.3920944184064863e-05,0.006019762717187404,0.00016657402738928795,7.302826270461082e-05,0.00613520247861743,8.63843597471714e-05,0.006042398512363434,8.399784564971924e-05,9.380048140883446e-05,7.132580503821373e-05,0.0024375859647989273,0.0026017273776233196,0.002119381446391344,0.0021800287067890163,0.002218751236796379,0.0001035029999911785,0.001939544454216957,0.00030835531651973724,0.0001035747118294239,0.0018351203761994837,0.0017591132782399654,0.00019383383914828298,0.00026435358449816704,0.00020769331604242325,0.0008301790803670882,0.0003184773959219455,0.00092830928042531,0.050419926177710295,nan,nan,nan,nan,nan,nan,nan,nan,nan,nan,nan,nan,nan,nan,nan,nan,nan,nan,nan,nan,0.27540501719340676
