Contains move time for player Edax3; opponent is StaticBoard2
Colums refer to move number, rows to game number
game,1,2,3,4,5,6,7,8,9,10,11,12,13,14,15,16,17,18,19,20,21,22,23,24,25,26,27,28,29,30,31,32,33,34,35,36,37,38,39,40,41,42,43,44,45,46,47,48,49,50,total
1,0.4373759254813194,0.11371236108243465,0.11329200863838196,0.11266292631626129,0.11204104032367468,0.1104479543864727,0.1103493170812726,0.10924890916794538,0.10997618641704321,0.11043898016214371,0.11105017736554146,0.11098077055066824,0.11028998158872128,0.109063227660954,0.11043171398341656,0.11042919289320707,0.11074633710086346,0.1095496267080307,0.00452121626585722,0.0,0.0,0.0,0.0,0.0,0.0,0.0,0.0,0.0,0.0,0.0,0.0,0.0,0.0,0.0,0.0,0.0,0.0,0.0,0.0,0.0,0.0,0.0,0.0,0.0,0.0,0.0,0.0,0.0,0.0,0.0,2.3266078531742096
2,0.3926085149869323,0.11329119000583887,0.11206507030874491,0.11177366971969604,0.10852976981550455,0.12086496315896511,0.11086679622530937,0.11017631459981203,0.11103526316583157,0.11055060010403395,0.11234429944306612,0.10891024488955736,0.11185331735759974,0.10792115703225136,0.10776707157492638,0.10679545812308788,0.10655456315726042,0.1064287694171071,0.10627932846546173,0.10596174374222755,0.10583035182207823,0.10554356127977371,0.10660152323544025,0.10481576807796955,0.10464843362569809,0.10437564738094807,0.1038086973130703,0.10368098691105843,0.10379594750702381,0.10288951080292463,0.0007461793720722198,0.00030532944947481155,0.0,0.0,0.0,0.0,0.0,0.0,0.0,0.0,0.0,0.0,0.0,0.0,0.0,0.0,0.0,0.0,0.0,0.0,3.5296200420707464

total time per move x,0.8299844404682517,0.22700355108827353,0.22535707894712687,0.22443659603595734,0.22057081013917923,0.2313129175454378,0.22121611330658197,0.21942522376775742,0.22101144958287477,0.22098958026617765,0.22339447680860758,0.2198910154402256,0.222143298946321,0.21698438469320536,0.21819878555834293,0.21722465101629496,0.21730090025812387,0.2159783961251378,0.11080054473131895,0.10596174374222755,0.10583035182207823,0.10554356127977371,0.10660152323544025,0.10481576807796955,0.10464843362569809,0.10437564738094807,0.1038086973130703,0.10368098691105843,0.10379594750702381,0.10288951080292463,0.0007461793720722198,0.00030532944947481155,0,0,0,0,0,0,0,0,0,0,0,0,0,0,0,0,0,0,5.856227895244956
average time per move x,0.41499222023412585,0.11350177554413676,0.11267853947356343,0.11221829801797867,0.11028540506958961,0.1156564587727189,0.11060805665329099,0.10971261188387871,0.11050572479143739,0.11049479013308883,0.11169723840430379,0.1099455077201128,0.1110716494731605,0.10849219234660268,0.10909939277917147,0.10861232550814748,0.10865045012906194,0.1079891980625689,0.055400272365659475,0.10596174374222755,0.10583035182207823,0.10554356127977371,0.10660152323544025,0.10481576807796955,0.10464843362569809,0.10437564738094807,0.1038086973130703,0.10368098691105843,0.10379594750702381,0.10288951080292463,0.0007461793720722198,0.00030532944947481155,nan,nan,nan,nan,nan,nan,nan,nan,nan,nan,nan,nan,nan,nan,nan,nan,nan,nan,2.928113947622478
std of time per move x,0.03165533953674297,0.00029781292430051715,0.0008675764129840541,0.0006287993696461558,0.002482843186907432,0.007365937542709136,0.00036591301187101013,0.0006557746697821439,0.0007488803508652488,7.892721782623689e-05,0.0009150824967009115,0.0014640827355922612,0.0011054453234454443,0.0008075658861496208,0.0018841867164806614,0.00256943849698462,0.0029640317807227852,0.002206779353527552,0.07195385117708189,nan,nan,nan,nan,nan,nan,nan,nan,nan,nan,nan,nan,nan,nan,nan,nan,nan,nan,nan,nan,nan,nan,nan,nan,nan,nan,nan,nan,nan,nan,nan,0.8506580766188131
err of average time,0.022383705247193575,0.00021058553829789162,0.0006134691648185253,0.00044462829828262324,0.0017556352540850637,0.005208504386246204,0.00025873957201838493,0.0004637027159333229,0.0005295383743941784,5.580997094511986e-05,0.000647061038762331,0.0010352628305554388,0.00078166788443923,0.0005710353143513203,0.0013323212042450905,0.001816867385059595,0.0020958869718015194,0.0015604286454617975,0.05087905609980225,nan,nan,nan,nan,nan,nan,nan,nan,nan,nan,nan,nan,nan,nan,nan,nan,nan,nan,nan,nan,nan,nan,nan,nan,nan,nan,nan,nan,nan,nan,nan,0.6015060944482684
