Contains move time for player DynamicBoard5; opponent is Edax3
Colums refer to move number, rows to game number
game,1,2,3,4,5,6,7,8,9,10,11,12,13,14,15,16,17,18,19,20,21,22,23,24,25,26,27,28,29,30,31,32,33,34,35,36,37,38,39,40,41,42,43,44,45,46,47,48,49,50,total
1,0.9072967497631907,1.5751598700881004,4.23332689050585,5.8949348432943225,7.517752967774868,7.350246659480035,4.85556579567492,12.075577511452138,6.876284584403038,6.999890775419772,4.840362651273608,1.7314789053052664,1.4427890749648213,2.2689150739461184,1.2332550315186381,0.7864935360848904,0.7549688061699271,0.9350676368921995,0.5584883308038116,0.660885532386601,0.44468588288873434,0.003527475520968437,0.2007558448240161,0.1433846391737461,0.1417857287451625,0.1522920299321413,0.032507430762052536,0.0014348793774843216,0.008699744008481503,0.002377568744122982,0.00036388542503118515,0.0,0.0,0.0,0.0,0.0,0.0,0.0,0.0,0.0,0.0,0.0,0.0,0.0,0.0,0.0,0.0,0.0,0.0,0.0,74.63055633660406
2,0.6921936580911279,1.5538281360641122,1.0828290283679962,3.2993367640301585,6.01848163548857,5.068867195397615,2.8968863924965262,3.2394434344023466,2.1480215191841125,7.766376085579395,4.1089011104777455,4.022568169049919,3.559451217763126,2.569619216956198,1.9037768002599478,1.346403925679624,0.8947973540052772,0.3321724310517311,0.23679973557591438,0.19428726099431515,0.32974426448345184,0.5595848392695189,0.24120419565588236,0.32967342250049114,0.15470601990818977,0.12713137362152338,0.0017684372141957283,0.060051651671528816,0.018706414848566055,0.0025703758001327515,0.0003611398860812187,0.0,0.0,0.0,0.0,0.0,0.0,0.0,0.0,0.0,0.0,0.0,0.0,0.0,0.0,0.0,0.0,0.0,0.0,0.0,54.76054320577532

total time per move x,1.5994904078543186,3.1289880061522126,5.3161559188738465,9.194271607324481,13.536234603263438,12.41911385487765,7.752452188171446,15.315020945854485,9.02430610358715,14.766266860999167,8.949263761751354,5.754047074355185,5.002240292727947,4.838534290902317,3.137031831778586,2.1328974617645144,1.6497661601752043,1.2672400679439306,0.7952880663797259,0.8551727933809161,0.7744301473721862,0.5631123147904873,0.44196004047989845,0.47305806167423725,0.29649174865335226,0.2794234035536647,0.034275867976248264,0.06148653104901314,0.027406158857047558,0.0049479445442557335,0.0007250253111124039,0,0,0,0,0,0,0,0,0,0,0,0,0,0,0,0,0,0,0,129.39109954237938
average time per move x,0.7997452039271593,1.5644940030761063,2.6580779594369233,4.5971358036622405,6.768117301631719,6.209556927438825,3.876226094085723,7.6575104729272425,4.512153051793575,7.3831334304995835,4.474631880875677,2.8770235371775925,2.5011201463639736,2.4192671454511583,1.568515915889293,1.0664487308822572,0.8248830800876021,0.6336200339719653,0.39764403318986297,0.42758639669045806,0.3872150736860931,0.28155615739524364,0.22098002023994923,0.23652903083711863,0.14824587432667613,0.13971170177683234,0.017137933988124132,0.03074326552450657,0.013703079428523779,0.0024739722721278667,0.00036251265555620193,nan,nan,nan,nan,nan,nan,nan,nan,nan,nan,nan,nan,nan,nan,nan,nan,nan,nan,nan,64.69554977118969
std of time per move x,0.15210085477550722,0.015083813782829887,2.2277384024313975,1.8353650030824682,1.0601449258982312,1.6131788895124108,1.384995488157862,6.248090325355443,3.3433868766501935,0.541986960493744,0.517221415673915,1.620044754697538,1.4967061546535296,0.21262993865331684,0.47413048961017806,0.3959164333392379,0.09887371437784355,0.42631128839465465,0.22746818711602054,0.3299348017914064,0.08127599781493174,0.3931919326353147,0.028601303161025167,0.13172606194933287,0.00913602549628122,0.017791270696342034,0.02173575078453908,0.0414483171803866,0.0070757848081254736,0.00013633517676512247,1.9413892095330563e-06,nan,nan,nan,nan,nan,nan,nan,nan,nan,nan,nan,nan,nan,nan,nan,nan,nan,nan,nan,14.050221027074743
err of average time,0.10755154583603142,0.010665867011994122,1.575248931068927,1.2977990396320818,0.7496356661431491,1.14068973204121,0.9793397015891969,4.418067038524896,2.3641315326094627,0.38324265507981176,0.36573077039793134,1.1455446318723261,1.0583310713991523,0.15035207150503993,0.3352608843706548,0.2799551947973668,0.06991427391767502,0.3014476029202342,0.16084429761394858,0.2332991356961429,0.05747080920264125,0.2780286818742752,0.020224175415933132,0.09314439166337252,0.006460145581513643,0.01258032815530896,0.015369496773928404,0.029308386147022244,0.005003335420042276,9.640352800488472e-05,1.3727694749832153e-06,nan,nan,nan,nan,nan,nan,nan,nan,nan,nan,nan,nan,nan,nan,nan,nan,nan,nan,nan,9.935006565414369
