Contains move time for player Edax4; opponent is DynamicBoard3
Colums refer to move number, rows to game number
game,1,2,3,4,5,6,7,8,9,10,11,12,13,14,15,16,17,18,19,20,21,22,23,24,25,26,27,28,29,30,31,32,33,34,35,36,37,38,39,40,41,42,43,44,45,46,47,48,49,50,total
1,0.4129827581346035,0.10808052588254213,0.10806161258369684,0.10852709040045738,0.10837145894765854,0.10873545054346323,0.1087377080693841,0.10807249043136835,0.10806107893586159,0.10808705724775791,0.10796647239476442,0.10729516763240099,0.10640292707830667,0.10610512737184763,0.10613174550235271,0.10598260164260864,0.10646127909421921,0.10570710059255362,0.10782807506620884,0.1054534800350666,0.10515683051198721,0.10472176596522331,0.1043260507285595,0.1048292713239789,0.10444659832865,0.10417281556874514,0.10377378016710281,0.10435533430427313,0.10283691715449095,0.10255366191267967,0.00034237373620271683,0.0,0.0,0.0,0.0,0.0,0.0,0.0,0.0,0.0,0.0,0.0,0.0,0.0,0.0,0.0,0.0,0.0,0.0,0.0,3.4945666072890162
2,0.30382578168064356,0.1077608959749341,0.10788199212402105,0.10775445587933064,0.10839598625898361,0.10746589582413435,0.10861650109291077,0.10858384799212217,0.10708499606698751,0.10797664895653725,0.10680177621543407,0.10710915923118591,0.1072264239192009,0.10697946138679981,0.1064779944717884,0.106211818754673,0.10533000063151121,0.10520507115870714,0.10525946691632271,0.10493643581867218,0.10503490269184113,0.10459022037684917,0.10460214503109455,0.1053795451298356,0.10520260035991669,0.10488534532487392,0.10453163832426071,0.10365855973213911,0.10442504938691854,0.10338366962969303,0.10275691002607346,0.10262867342680693,0.1019971901550889,0.0003143344074487686,0.0,0.0,0.0,0.0,0.0,0.0,0.0,0.0,0.0,0.0,0.0,0.0,0.0,0.0,0.0,0.0,3.690275394357741

total time per move x,0.7168085398152471,0.21584142185747623,0.2159436047077179,0.21628154627978802,0.21676744520664215,0.21620134636759758,0.21735420916229486,0.21665633842349052,0.2151460750028491,0.21606370620429516,0.2147682486101985,0.2144043268635869,0.21362935099750757,0.21308458875864744,0.21260973997414112,0.21219442039728165,0.21179127972573042,0.21091217175126076,0.21308754198253155,0.21038991585373878,0.21019173320382833,0.2093119863420725,0.20892819575965405,0.2102088164538145,0.20964919868856668,0.20905816089361906,0.20830541849136353,0.20801389403641224,0.2072619665414095,0.2059373315423727,0.10309928376227617,0.10262867342680693,0.1019971901550889,0.0003143344074487686,0,0,0,0,0,0,0,0,0,0,0,0,0,0,0,0,7.184842001646757
average time per move x,0.35840426990762353,0.10792071092873812,0.10797180235385895,0.10814077313989401,0.10838372260332108,0.10810067318379879,0.10867710458114743,0.10832816921174526,0.10757303750142455,0.10803185310214758,0.10738412430509925,0.10720216343179345,0.10681467549875379,0.10654229437932372,0.10630486998707056,0.10609721019864082,0.10589563986286521,0.10545608587563038,0.10654377099126577,0.10519495792686939,0.10509586660191417,0.10465599317103624,0.10446409787982702,0.10510440822690725,0.10482459934428334,0.10452908044680953,0.10415270924568176,0.10400694701820612,0.10363098327070475,0.10296866577118635,0.051549641881138086,0.10262867342680693,0.1019971901550889,0.0003143344074487686,nan,nan,nan,nan,nan,nan,nan,nan,nan,nan,nan,nan,nan,nan,nan,nan,3.5924210008233786
std of time per move x,0.07718563826441537,0.00022601247513966924,0.00012701084507659512,0.0005463351092675437,1.7343428162232895e-05,0.0008977107511248353,8.5706274991411e-05,0.00036158439882003974,0.0006901948155808767,7.807045142135137e-05,0.000823564566426553,0.0001315278018568486,0.0005823002004820039,0.0006182475109947486,0.00024483499426683134,0.00016208097430470687,0.000799934672391117,0.0003549884170280848,0.0018162802409955154,0.0003656054715857822,8.621598844058962e-05,9.301677757452716e-05,0.00019522815356950906,0.00038910233963060565,0.0005345741628994804,0.000503834622355863,0.0005358866421038899,0.0004926940249143193,0.0011229790709704841,0.0005869040851373111,0.07241801310264336,nan,nan,nan,nan,nan,nan,nan,nan,nan,nan,nan,nan,nan,nan,nan,nan,nan,nan,nan,0.13838701047408927
err of average time,0.054578488226979964,0.0001598149538040161,8.981022983789443e-05,0.0003863172605633735,1.2263655662536621e-05,0.0006347773596644402,6.0603488236665726e-05,0.00025567878037691116,0.00048804143443703646,5.520414561033248e-05,0.0005823480896651744,9.300420060753821e-05,0.0004117484204471111,0.00043716700747609133,0.00017312448471784592,0.00011460855603218079,0.0005656392313539982,0.0002510147169232368,0.0012843040749430656,0.0002585221081972122,6.096391007304191e-05,6.577279418706894e-05,0.00013804715126752853,0.00027513690292835236,0.00037800101563334465,0.000356264878064394,0.0003789290785789489,0.00034838728606700897,0.0007940661162137985,0.0004150038585066795,0.05120726814493536,nan,nan,nan,nan,nan,nan,nan,nan,nan,nan,nan,nan,nan,nan,nan,nan,nan,nan,nan,0.0978543935343623
