Contains move time for player Edax5; opponent is MCTSRemMaxIter1
Colums refer to move number, rows to game number
game,1,2,3,4,5,6,7,8,9,10,11,12,13,14,15,16,17,18,19,20,21,22,23,24,25,26,27,28,29,30,31,32,33,34,35,36,37,38,39,40,41,42,43,44,45,46,47,48,49,50,total
1,0.4112769588828087,0.10667627956718206,0.11977107916027308,0.11970087792724371,0.11945077031850815,0.12141987681388855,0.11953425128012896,0.1184290237724781,0.12128369137644768,0.1210480211302638,0.1233491525053978,0.10947118233889341,0.12192236073315144,0.1102284025400877,0.12010494153946638,0.11126579251140356,0.10933319572359324,0.10650989413261414,0.10904810391366482,0.10501835402101278,0.12022567540407181,0.115725576877594,0.10549104958772659,0.106929668225348,0.10602621827274561,0.1031469777226448,0.1045379675924778,0.10733881965279579,0.1052344786003232,0.10225145798176527,0.10231142956763506,0.10241447668522596,0.00033727288246154785,0.0,0.0,0.0,0.0,0.0,0.0,0.0,0.0,0.0,0.0,0.0,0.0,0.0,0.0,0.0,0.0,0.0,3.8868132792413235
2,0.1066777566447854,0.10661694593727589,0.10681403335183859,0.10780402272939682,0.10834992490708828,0.10882104560732841,0.10986546147614717,0.11129979230463505,0.11196700297296047,0.12358064483851194,0.11235127691179514,0.10979038383811712,0.11047369986772537,0.11014796420931816,0.10968691483139992,0.10894578136503696,0.1078657889738679,0.10715203266590834,0.10621053166687489,0.10909816343337297,0.10504376515746117,0.10698963142931461,0.10678608808666468,0.10596102569252253,0.10555172804743052,0.10485400538891554,0.1085515646263957,0.10614188201725483,0.10377975646406412,0.10310452803969383,0.10278918221592903,0.10212991759181023,0.0004186369478702545,0.0,0.0,0.0,0.0,0.0,0.0,0.0,0.0,0.0,0.0,0.0,0.0,0.0,0.0,0.0,0.0,0.0,3.455620880238712

total time per move x,0.5179547155275941,0.21329322550445795,0.22658511251211166,0.22750490065664053,0.22780069522559643,0.23024092242121696,0.22939971275627613,0.22972881607711315,0.23325069434940815,0.24462866596877575,0.23570042941719294,0.21926156617701054,0.2323960606008768,0.22037636674940586,0.2297918563708663,0.22021157387644053,0.21719898469746113,0.21366192679852247,0.2152586355805397,0.21411651745438576,0.22526944056153297,0.2227152083069086,0.21227713767439127,0.21289069391787052,0.21157794632017612,0.20800098311156034,0.2130895322188735,0.21348070167005062,0.20901423506438732,0.2053559860214591,0.2051006117835641,0.2045443942770362,0.0007559098303318024,0,0,0,0,0,0,0,0,0,0,0,0,0,0,0,0,0,7.342434159480035
average time per move x,0.25897735776379704,0.10664661275222898,0.11329255625605583,0.11375245032832026,0.11390034761279821,0.11512046121060848,0.11469985637813807,0.11486440803855658,0.11662534717470407,0.12231433298438787,0.11785021470859647,0.10963078308850527,0.1161980303004384,0.11018818337470293,0.11489592818543315,0.11010578693822026,0.10859949234873056,0.10683096339926124,0.10762931779026985,0.10705825872719288,0.11263472028076649,0.1113576041534543,0.10613856883719563,0.10644534695893526,0.10578897316008806,0.10400049155578017,0.10654476610943675,0.10674035083502531,0.10450711753219366,0.10267799301072955,0.10255030589178205,0.1022721971385181,0.0003779549151659012,nan,nan,nan,nan,nan,nan,nan,nan,nan,nan,nan,nan,nan,nan,nan,nan,nan,3.6712170797400177
std of time per move x,0.21538416144651887,4.195521205907106e-05,0.009162014955288757,0.00841234698519196,0.00784948306731856,0.008908718981183363,0.006836866836262867,0.005041127915560348,0.006587893548307872,0.001790835398296079,0.007776672410882465,0.0002257095446659972,0.008095425733447818,5.687848915446746e-05,0.0073666573318563605,0.0016404956140241961,0.0010376132634897003,0.0004540605113535131,0.0020064665778119087,0.002884860901428595,0.010735231686743915,0.006177246266554104,0.0009157305044967664,0.0006849337035066028,0.0003355152559270358,0.001207050838493082,0.0028380416796335633,0.0008463627187484067,0.0010286438872909756,0.0006032116227884872,0.0003378221373384993,0.00020121366460256398,5.753308239540228e-05,nan,nan,nan,nan,nan,nan,nan,nan,nan,nan,nan,nan,nan,nan,nan,nan,nan,0.3048990693308422
err of average time,0.15229960111901164,2.966681495308876e-05,0.006478522904217243,0.005948427598923444,0.005550422705709934,0.006299415603280067,0.00483439490199089,0.0035646157339215274,0.004658344201743603,0.0012663118541240692,0.005498937796801328,0.00015960074961185453,0.005724330432713032,4.021916538476943e-05,0.005209013354033231,0.0011600055731832981,0.0007337033748626709,0.00032106926664710045,0.0014187861233949661,0.0020399047061800957,0.007590955123305321,0.00436797272413969,0.0006475192494690417,0.000484321266412735,0.00023724511265754697,0.0008535138331353663,0.0020067985169589515,0.0005984688177704811,0.0007273610681295395,0.00042653502896428103,0.000238876324146986,0.00014227954670786855,4.0682032704353326e-05,nan,nan,nan,nan,nan,nan,nan,nan,nan,nan,nan,nan,nan,nan,nan,nan,nan,0.21559619950130582
