Contains move time for player MCTSRemMaxIter2; opponent is Edax5
Colums refer to move number, rows to game number
game,1,2,3,4,5,6,7,8,9,10,11,12,13,14,15,16,17,18,19,20,21,22,23,24,25,26,27,28,29,30,31,32,33,34,35,36,37,38,39,40,41,42,43,44,45,46,47,48,49,50,total
1,29.48106991779059,26.28946435637772,25.83011652994901,24.261787303723395,22.872078499756753,20.550344640389085,19.089951022528112,18.076038962230086,16.684012856334448,14.130453636869788,12.617664354853332,11.105871248058975,1.5053898096084595e-05,9.233789701014757,2.3447908461093903e-05,0.006525575183331966,0.006051527336239815,0.005752678029239178,4.686973510310054,3.873055648058653,3.000309878960252,2.729809330776334,2.3922882974147797e-05,1.4738079514354467,2.0720064640045166e-05,0.002229589968919754,0.001998268999159336,0.4048810610547662,8.273869752883911e-06,0.0012128287926316261,0.0012922286987304688,0.0008741933852434158,0.0,0.0,0.0,0.0,0.0,0.0,0.0,0.0,0.0,0.0,0.0,0.0,0.0,0.0,0.0,0.0,0.0,0.0,266.417508719489
2,30.191489632241428,26.825750964693725,24.551360209472477,25.399030724540353,23.613602448254824,20.911446502432227,20.21338840480894,18.565663970075548,16.41446463484317,15.618747453205287,14.485017855651677,13.100222353823483,11.699162441305816,9.724998844787478,4.540756344795227e-05,7.719970461912453,2.9239803552627563e-05,6.381700030528009,5.001106786541641,4.198925217613578,1.4553777873516083e-05,0.003857571631669998,0.003695162944495678,0.00377495214343071,0.00324880238622427,1.0739102913066745,1.6300007700920105e-05,0.0020756619051098824,0.0018577603623270988,0.0016787583008408546,0.0014903228729963303,0.0015477892011404037,0.0008216463029384613,0.0006438139826059341,0.0003319159150123596,0.0,0.0,0.0,0.0,0.0,0.0,0.0,0.0,0.0,0.0,0.0,0.0,0.0,0.0,0.0,295.71508888714015

total time per move x,59.67255955003202,53.115215321071446,50.38147673942149,49.66081802826375,46.48568094801158,41.46179114282131,39.30333942733705,36.641702932305634,33.09847749117762,29.749201090075076,27.10268221050501,24.206093601882458,11.699177495203912,18.958788545802236,6.885547190904617e-05,7.726496037095785,0.006080767139792442,6.387452708557248,9.688080296851695,8.07198086567223,3.0003244327381253,2.733666902408004,0.0037190858274698257,1.4775829035788774,0.003269522450864315,1.0761398812755942,0.002014569006860256,0.40695672295987606,0.0018660342320799828,0.0028915870934724808,0.002782551571726799,0.0024219825863838196,0.0008216463029384613,0.0006438139826059341,0.0003319159150123596,0,0,0,0,0,0,0,0,0,0,0,0,0,0,0,562.1325976066291
average time per move x,29.83627977501601,26.557607660535723,25.190738369710743,24.830409014131874,23.24284047400579,20.730895571410656,19.651669713668525,18.320851466152817,16.54923874558881,14.874600545037538,13.551341105252504,12.103046800941229,5.849588747601956,9.479394272901118,3.4427735954523087e-05,3.8632480185478926,0.003040383569896221,3.193726354278624,4.844040148425847,4.035990432836115,1.5001622163690627,1.366833451204002,0.0018595429137349129,0.7387914517894387,0.0016347612254321575,0.5380699406377971,0.001007284503430128,0.20347836147993803,0.0009330171160399914,0.0014457935467362404,0.0013912757858633995,0.0012109912931919098,0.0008216463029384613,0.0006438139826059341,0.0003319159150123596,nan,nan,nan,nan,nan,nan,nan,nan,nan,nan,nan,nan,nan,nan,nan,281.06629880331457
std of time per move x,0.502342597576797,0.37921189739978056,0.9042172656941138,0.8041525347194575,0.5243366123952097,0.2553375753497951,0.7943901912492362,0.34621716328604224,0.1905993752732556,1.0523826499288376,1.3204183232869486,1.4102191909529733,8.272546451736881,0.347337316542529,1.552782095372454e-05,5.454229185714863,0.004258400352618312,4.5084756094402945,0.22212576981970203,0.23042458241462876,2.1215291699987575,1.9275389740785902,0.0025959587428655917,1.0394703023673837,0.002282598899820619,0.7577926911826816,0.0014014637139617085,0.2848264292372759,0.0013077844406121507,0.00032946191480965866,0.00014007373393694036,0.0004763041691996454,nan,nan,nan,nan,nan,nan,nan,nan,nan,nan,nan,nan,nan,nan,nan,nan,nan,nan,20.716517608902656
err of average time,0.3552098572254181,0.26814330415800214,0.639378160238266,0.568621710408479,0.37076197424903506,0.18055093102157116,0.5617186911404133,0.24481250392273066,0.1347741107456386,0.7441469081677495,0.9336767503991723,0.9971755528822541,5.84957369370386,0.24560457188636062,1.0979827493429184e-05,3.8567224433645606,0.003011143766343593,3.1879736762493844,0.15706663811579347,0.16293478477746248,1.5001476625911891,1.362975879572332,0.0018356200307607649,0.7350164996460079,0.0016140411607921124,0.5358403506688774,0.000990984495729208,0.20140269957482812,0.0009247432462871075,0.00023296475410461426,9.904708713293076e-05,0.00033679790794849396,nan,nan,nan,nan,nan,nan,nan,nan,nan,nan,nan,nan,nan,nan,nan,nan,nan,nan,14.648790083825588
