Contains move time for player Edax2; opponent is AlphaBeta1
Colums refer to move number, rows to game number
game,1,2,3,4,5,6,7,8,9,10,11,12,13,14,15,16,17,18,19,20,21,22,23,24,25,26,27,28,29,30,31,32,33,34,35,36,37,38,39,40,41,42,43,44,45,46,47,48,49,50,total
1,0.4058005977421999,0.12499185930937529,0.11205354053527117,0.11099137831479311,0.11062146630138159,0.11015128344297409,0.11022740136831999,0.11000911425799131,0.11038731876760721,0.10972612537443638,0.10934936441481113,0.10879476089030504,0.10846487525850534,0.10906296316534281,0.10830745566636324,0.10789179243147373,0.10766288638114929,0.10722804069519043,0.10713151656091213,0.1069678757339716,0.10642409510910511,0.10616542771458626,0.10600156150758266,0.10555628873407841,0.10511689819395542,0.10459113586694002,0.10417726542800665,0.10364147834479809,0.10320208501070738,0.10290850047022104,0.10336744505912066,0.00034211669117212296,0.0,0.0,0.0,0.0,0.0,0.0,0.0,0.0,0.0,0.0,0.0,0.0,0.0,0.0,0.0,0.0,0.0,0.0,3.6473159147426486
2,0.3819919414818287,0.11125152371823788,0.11116778012365103,0.11059750057756901,0.11039196979254484,0.11043449677526951,0.1098571540787816,0.10936678852885962,0.10979735758155584,0.10972204711288214,0.10930658224970102,0.10941021423786879,0.10913598351180553,0.1096076974645257,0.10871766041964293,0.10842532850801945,0.10796727798879147,0.0059881629422307014,0.0,0.0,0.0,0.0,0.0,0.0,0.0,0.0,0.0,0.0,0.0,0.0,0.0,0.0,0.0,0.0,0.0,0.0,0.0,0.0,0.0,0.0,0.0,0.0,0.0,0.0,0.0,0.0,0.0,0.0,0.0,0.0,2.1431374670937657

total time per move x,0.7877925392240286,0.23624338302761316,0.2232213206589222,0.22158887889236212,0.22101343609392643,0.2205857802182436,0.2200845554471016,0.21937590278685093,0.22018467634916306,0.21944817248731852,0.21865594666451216,0.21820497512817383,0.21760085877031088,0.2186706606298685,0.21702511608600616,0.21631712093949318,0.21563016436994076,0.11321620363742113,0.10713151656091213,0.1069678757339716,0.10642409510910511,0.10616542771458626,0.10600156150758266,0.10555628873407841,0.10511689819395542,0.10459113586694002,0.10417726542800665,0.10364147834479809,0.10320208501070738,0.10290850047022104,0.10336744505912066,0.00034211669117212296,0,0,0,0,0,0,0,0,0,0,0,0,0,0,0,0,0,0,5.790453381836414
average time per move x,0.3938962696120143,0.11812169151380658,0.1116106603294611,0.11079443944618106,0.11050671804696321,0.1102928901091218,0.1100422777235508,0.10968795139342546,0.11009233817458153,0.10972408624365926,0.10932797333225608,0.10910248756408691,0.10880042938515544,0.10933533031493425,0.10851255804300308,0.10815856046974659,0.10781508218497038,0.056608101818710566,0.10713151656091213,0.1069678757339716,0.10642409510910511,0.10616542771458626,0.10600156150758266,0.10555628873407841,0.10511689819395542,0.10459113586694002,0.10417726542800665,0.10364147834479809,0.10320208501070738,0.10290850047022104,0.10336744505912066,0.00034211669117212296,nan,nan,nan,nan,nan,nan,nan,nan,nan,nan,nan,nan,nan,nan,nan,nan,nan,nan,2.895226690918207
std of time per move x,0.016835262292648027,0.00971588447227213,0.0006263271935631887,0.00027851361894957555,0.00016227853765710167,0.00020026206778852896,0.00026180436914853,0.0004541928787996176,0.0004171655552937812,2.8837664004563275e-06,3.0251559063202175e-05,0.0004351912355662842,0.00047454519681882355,0.0003851853168971244,0.0002900585627190206,0.0003772669777331402,0.000215237369900056,0.07158740408561491,nan,nan,nan,nan,nan,nan,nan,nan,nan,nan,nan,nan,nan,nan,nan,nan,nan,nan,nan,nan,nan,nan,nan,nan,nan,nan,nan,nan,nan,nan,nan,nan,1.0636147804471794
err of average time,0.011904328130185602,0.006870167795568704,0.00044288020581007004,0.00019693886861205098,0.0001147482544183731,0.0001416066661477089,0.00018512364476919171,0.0003211628645658493,0.00029498059302568436,2.0391307771205898e-06,2.1391082555055618e-05,0.0003077266737818718,0.000335554126650095,0.00027236714959144587,0.000205102376639843,0.0002667680382728576,0.00015219580382108688,0.05061993887647986,nan,nan,nan,nan,nan,nan,nan,nan,nan,nan,nan,nan,nan,nan,nan,nan,nan,nan,nan,nan,nan,nan,nan,nan,nan,nan,nan,nan,nan,nan,nan,nan,0.7520892238244414
