Contains move time for player Gambler; opponent is Edax5
Colums refer to move number, rows to game number
game,1,2,3,4,5,6,7,8,9,10,11,12,13,14,15,16,17,18,19,20,21,22,23,24,25,26,27,28,29,30,31,32,33,34,35,36,37,38,39,40,41,42,43,44,45,46,47,48,49,50,total
1,0.01226153876632452,0.011760154739022255,0.01134504284709692,0.011218808591365814,0.010861438699066639,0.010470850393176079,0.00986315868794918,0.009617271833121777,0.009204029105603695,0.008754161186516285,0.008257261477410793,0.007818304933607578,0.007270778529345989,0.00706598162651062,0.006985506042838097,0.006472649052739143,0.006346435286104679,0.00619331281632185,0.005993186496198177,0.005951869301497936,0.005473540164530277,0.005120602436363697,0.004714442417025566,0.0041481321677565575,0.0038945265114307404,0.003895743750035763,0.003391176462173462,0.0030456092208623886,0.002609427087008953,0.002098262310028076,0.00196780264377594,0.0017683133482933044,0.0,0.0,0.0,0.0,0.0,0.0,0.0,0.0,0.0,0.0,0.0,0.0,0.0,0.0,0.0,0.0,0.0,0.0,0.21583931893110275
2,0.01212159264832735,0.01167040504515171,0.011425109580159187,0.009511241689324379,0.010663194581866264,0.010227756574749947,0.009697345085442066,0.009280964732170105,0.009275222197175026,0.0088040204718709,0.008140889927744865,0.007889731787145138,0.00778195820748806,0.00705840066075325,0.0068582892417907715,0.006500202231109142,0.0060013672336936,0.005538579076528549,0.005143843591213226,0.00464188028126955,0.004199585877358913,0.0037026628851890564,0.003251088783144951,0.0030444199219346046,0.002884245477616787,0.002915746532380581,0.002454436384141445,0.0,0.0,0.0,0.0,0.0,0.0,0.0,0.0,0.0,0.0,0.0,0.0,0.0,0.0,0.0,0.0,0.0,0.0,0.0,0.0,0.0,0.0,0.0,0.19068418070673943
3,0.010034162551164627,0.011669143103063107,0.01144338957965374,0.01108668465167284,0.01083473488688469,0.00908220186829567,0.010050386190414429,0.009479422122240067,0.008459972217679024,0.008655065670609474,0.008016828447580338,0.007639218121767044,0.0072312261909246445,0.006945354864001274,0.006487076170742512,0.006090621463954449,0.005729609169065952,0.005339258350431919,0.004944412969052792,0.004433595575392246,0.0042600128799676895,0.004030509851872921,0.003980455920100212,0.0035314755514264107,0.0030644992366433144,0.0029200995340943336,0.0027629733085632324,0.002634952776134014,0.002335716038942337,0.002303779125213623,0.0,0.0,0.0,0.0,0.0,0.0,0.0,0.0,0.0,0.0,0.0,0.0,0.0,0.0,0.0,0.0,0.0,0.0,0.0,0.0,0.19547683838754892
4,0.01195648591965437,0.011667649261653423,0.011329442262649536,0.010993444360792637,0.010595191270112991,0.010334569029510021,0.00972718931734562,0.00935236643999815,0.00882018357515335,0.008866415359079838,0.008544081822037697,0.008225913159549236,0.007665914483368397,0.007104971446096897,0.006613066419959068,0.006169633008539677,0.005999557673931122,0.005638656206429005,0.005053396336734295,0.004707111977040768,0.0042878855019807816,0.0038061272352933884,0.003361656330525875,0.002933337353169918,0.0023255515843629837,0.002006382681429386,0.0017975429072976112,0.0015932004898786545,0.0014943499118089676,0.0010692458599805832,0.000558643601834774,0.0003917934373021126,0.0,0.0,0.0,0.0,0.0,0.0,0.0,0.0,0.0,0.0,0.0,0.0,0.0,0.0,0.0,0.0,0.0,0.0,0.19499095622450113
5,0.011993709951639175,0.011632830835878849,0.011328655295073986,0.011152980849146843,0.010975101962685585,0.010657401755452156,0.00940911564975977,0.009749638848006725,0.009510128758847713,0.008842595852911472,0.00837962981313467,0.007759338244795799,0.007549908943474293,0.0074637290090322495,0.007073891349136829,0.00676462147384882,0.0066049788147211075,0.006516832858324051,0.0061804670840501785,0.0056437719613313675,0.0052424827590584755,0.004986562766134739,0.004617216065526009,0.004087216220796108,0.003675537183880806,0.0031846435740590096,0.0027277953922748566,0.002648603171110153,0.002061375416815281,0.0018372302874922752,0.0016396371647715569,0.001560276374220848,0.0010677296668291092,0.0009054364636540413,0.0,0.0,0.0,0.0,0.0,0.0,0.0,0.0,0.0,0.0,0.0,0.0,0.0,0.0,0.0,0.0,0.2154310718178749
6,0.01242150366306305,0.012031792663037777,0.011799979954957962,0.011447988450527191,0.01105225645005703,0.01084993313997984,0.010227027349174023,0.010202336125075817,0.009644151665270329,0.009288209490478039,0.008512420579791069,0.008315869607031345,0.007791921496391296,0.007397892884910107,0.006998402997851372,0.006472509354352951,0.00599636510014534,0.005586649291217327,0.005220427177846432,0.004823812283575535,0.004165179096162319,0.004069969058036804,0.003908212296664715,0.0037417830899357796,0.003583526238799095,0.0034143254160881042,0.003358098678290844,0.0,0.0,0.0,0.0,0.0,0.0,0.0,0.0,0.0,0.0,0.0,0.0,0.0,0.0,0.0,0.0,0.0,0.0,0.0,0.0,0.0,0.0,0.0,0.2023225435987115
7,0.012557155452668667,0.012053394690155983,0.011662566103041172,0.011399760842323303,0.011060352437198162,0.010901248082518578,0.010234897024929523,0.009991385973989964,0.00955053698271513,0.008959485217928886,0.008847822435200214,0.00842961948364973,0.007868755608797073,0.007229435257613659,0.00677056610584259,0.006266388110816479,0.006194225512444973,0.005694699473679066,0.0055716801434755325,0.005066432058811188,0.004833824001252651,0.004749426618218422,0.004294431768357754,0.004162798635661602,0.003713802434504032,0.0033084629103541374,0.0030425889417529106,0.0025997599586844444,0.0020727096125483513,0.0018702270463109016,0.0016301367431879044,0.00144178606569767,0.0013373959809541702,0.0008837273344397545,0.0,0.0,0.0,0.0,0.0,0.0,0.0,0.0,0.0,0.0,0.0,0.0,0.0,0.0,0.0,0.0,0.21625148504972458
8,0.012432899326086044,0.012045078910887241,0.011727562174201012,0.011410650797188282,0.011195294559001923,0.010590772144496441,0.010468082502484322,0.009744827635586262,0.009694509208202362,0.009243981912732124,0.008708755485713482,0.008224724791944027,0.007720304653048515,0.007243393920361996,0.00665795523673296,0.006598715670406818,0.00617987010627985,0.005674019455909729,0.005459818989038467,0.0053824856877326965,0.005027542822062969,0.004594430327415466,0.004138070158660412,0.003942006267607212,0.003809399902820587,0.003345952369272709,0.003200612962245941,0.0027874894440174103,0.002294382080435753,0.0021394575014710426,0.002008800394833088,0.0,0.0,0.0,0.0,0.0,0.0,0.0,0.0,0.0,0.0,0.0,0.0,0.0,0.0,0.0,0.0,0.0,0.0,0.0,0.21369184739887714
9,0.012404507026076317,0.012029342353343964,0.011663423851132393,0.011355837807059288,0.011084345169365406,0.010534384287893772,0.010059202089905739,0.009752629324793816,0.00938407238572836,0.008894888684153557,0.008369888179004192,0.007990225218236446,0.007648924365639687,0.007177718915045261,0.006700809113681316,0.006494528613984585,0.0063945697620511055,0.005866708233952522,0.0057167960330843925,0.005515946075320244,0.005347086116671562,0.005138138309121132,0.005006259307265282,0.004945679567754269,0.0,0.0,0.0,0.0,0.0,0.0,0.0,0.0,0.0,0.0,0.0,0.0,0.0,0.0,0.0,0.0,0.0,0.0,0.0,0.0,0.0,0.0,0.0,0.0,0.0,0.0,0.1954759107902646
10,0.012417883612215519,0.012060646899044514,0.011603602208197117,0.009599828161299229,0.010876686312258244,0.01048961840569973,0.010113428346812725,0.009648759849369526,0.009440334513783455,0.00924193486571312,0.008396223187446594,0.008427863009274006,0.007652078755199909,0.007417009212076664,0.00703303050249815,0.006505794823169708,0.006144391372799873,0.005485461093485355,0.0052866023033857346,0.00476723350584507,0.004792552441358566,0.00428601261228323,0.004146702587604523,0.0037040431052446365,0.003228476271033287,0.003114755265414715,0.0027374131605029106,0.002462746575474739,0.0018695993348956108,0.0016180630773305893,0.0016056988388299942,0.0011244947090744972,0.0006952136754989624,0.0,0.0,0.0,0.0,0.0,0.0,0.0,0.0,0.0,0.0,0.0,0.0,0.0,0.0,0.0,0.0,0.0,0.2079941825941205
11,0.012105699628591537,0.01175210066139698,0.011474967934191227,0.011230358853936195,0.010754715651273727,0.010373659431934357,0.010105025954544544,0.009675607085227966,0.009087806567549706,0.008513102307915688,0.008322409354150295,0.007818498648703098,0.007511765696108341,0.007181994616985321,0.006595885381102562,0.006149563007056713,0.005633901804685593,0.005547653883695602,0.005046038888394833,0.004904319532215595,0.004793069325387478,0.004389352165162563,0.004060796461999416,0.0036791255697607994,0.003335862420499325,0.0028756726533174515,0.002281743101775646,0.0020604804158210754,0.0021179858595132828,0.0016073929145932198,0.0010519344359636307,0.0008758967742323875,0.0006628036499023438,0.0003909571096301079,0.0,0.0,0.0,0.0,0.0,0.0,0.0,0.0,0.0,0.0,0.0,0.0,0.0,0.0,0.0,0.0,0.2039681477472186
12,0.012217462062835693,0.011774207465350628,0.011704367585480213,0.011198439635336399,0.01076571922749281,0.010318436659872532,0.009921383112668991,0.009705564007163048,0.00896857213228941,0.008778051473200321,0.00820145197212696,0.008081206120550632,0.007483780384063721,0.007082091644406319,0.006665337830781937,0.0063219228759408,0.005776458419859409,0.005616866052150726,0.00543356966227293,0.005296541377902031,0.004916712641716003,0.0044389329850673676,0.004239816218614578,0.004175873473286629,0.0037301331758499146,0.003627096302807331,0.0,0.0,0.0,0.0,0.0,0.0,0.0,0.0,0.0,0.0,0.0,0.0,0.0,0.0,0.0,0.0,0.0,0.0,0.0,0.0,0.0,0.0,0.0,0.0,0.19643999449908733
13,0.01219614315778017,0.011864778585731983,0.01159969624131918,0.011065193451941013,0.01094124000519514,0.01060316152870655,0.010064908303320408,0.009824537672102451,0.009138566441833973,0.00884957890957594,0.00866056326776743,0.008171574212610722,0.007609892636537552,0.00724257156252861,0.006825638934969902,0.006383292376995087,0.005878061056137085,0.005380738526582718,0.004973112605512142,0.004506993107497692,0.004336419515311718,0.004004407674074173,0.0035325204953551292,0.003054126165807247,0.002948002889752388,0.0025660190731287003,0.002115976996719837,0.0016381768509745598,0.0014191661030054092,0.0012639164924621582,0.0011550858616828918,0.000664079561829567,0.0,0.0,0.0,0.0,0.0,0.0,0.0,0.0,0.0,0.0,0.0,0.0,0.0,0.0,0.0,0.0,0.0,0.0,0.20047814026474953
14,0.012155309319496155,0.011782590299844742,0.011459463275969028,0.01119444239884615,0.010747367516160011,0.01054337341338396,0.010279071517288685,0.009624853730201721,0.009089037775993347,0.0089986277744174,0.00822687242180109,0.008183506317436695,0.007468578405678272,0.0069610318168997765,0.006942665204405785,0.0061827171593904495,0.0060355691239237785,0.005353241227567196,0.005068053491413593,0.004568149335682392,0.004030741751194,0.0038678962737321854,0.0036627892404794693,0.003439352847635746,0.003263356164097786,0.0031741829589009285,0.0026610661298036575,0.0024999501183629036,0.0022993991151452065,0.0021081259474158287,0.002106277272105217,0.0,0.0,0.0,0.0,0.0,0.0,0.0,0.0,0.0,0.0,0.0,0.0,0.0,0.0,0.0,0.0,0.0,0.0,0.0,0.20397765934467316
15,0.012148667126893997,0.01179666630923748,0.011516544967889786,0.01107010431587696,0.010289588011801243,0.009600321762263775,0.010069334879517555,0.009458095766603947,0.009281165897846222,0.00874740444123745,0.008364339359104633,0.007892702706158161,0.007188967429101467,0.007066376507282257,0.00654070358723402,0.00637441873550415,0.006011598743498325,0.005611622706055641,0.005138113163411617,0.00473090261220932,0.004536098800599575,0.004147219471633434,0.0037315357476472855,0.003281950019299984,0.0032096663489937782,0.0027702264487743378,0.002404863014817238,0.0018346887081861496,0.0018381960690021515,0.0013137422502040863,0.0008269436657428741,0.0006795153021812439,0.0,0.0,0.0,0.0,0.0,0.0,0.0,0.0,0.0,0.0,0.0,0.0,0.0,0.0,0.0,0.0,0.0,0.0,0.19947228487581015
16,0.012367808260023594,0.01185518503189087,0.011478716507554054,0.01132426131516695,0.011047410778701305,0.010745272971689701,0.0102263567969203,0.009653368964791298,0.00948270782828331,0.008548881858587265,0.008667878806591034,0.008240717463195324,0.007196428254246712,0.006953565403819084,0.006949041970074177,0.006494675762951374,0.005974608473479748,0.005454136058688164,0.005054982379078865,0.00487255584448576,0.004768778569996357,0.004127564840018749,0.004046891815960407,0.0034862393513321877,0.0030608894303441048,0.0025931065902113914,0.0024034827947616577,0.0023583825677633286,0.001828162930905819,0.0016376124694943428,0.0014314837753772736,0.0013871556147933006,0.0010217363014817238,0.0,0.0,0.0,0.0,0.0,0.0,0.0,0.0,0.0,0.0,0.0,0.0,0.0,0.0,0.0,0.0,0.0,0.20674004778265953
17,0.012282959185540676,0.01195691991597414,0.01164317224174738,0.011330131441354752,0.011002587154507637,0.010606390424072742,0.010015338659286499,0.009988861158490181,0.00924998614937067,0.008875763043761253,0.008499319665133953,0.008040523156523705,0.007737034000456333,0.006951957009732723,0.006850418634712696,0.006424969062209129,0.006032371893525124,0.005511272698640823,0.005028408952057362,0.004839565604925156,0.004613829776644707,0.004488243721425533,0.0043337661772966385,0.004116162657737732,0.004014883190393448,0.0034806961193680763,0.0032661128789186478,0.0031007127836346626,0.003054969944059849,0.0026312433183193207,0.0025293799117207527,0.0,0.0,0.0,0.0,0.0,0.0,0.0,0.0,0.0,0.0,0.0,0.0,0.0,0.0,0.0,0.0,0.0,0.0,0.0,0.2124979505315423
18,0.012317913584411144,0.01201421394944191,0.011684676632285118,0.011424588039517403,0.010969891212880611,0.010639507323503494,0.010214860551059246,0.00984668917953968,0.009965005330741405,0.009389945305883884,0.008880557492375374,0.008024892769753933,0.007522672414779663,0.0073364535346627235,0.006979840807616711,0.006559498608112335,0.00628283154219389,0.005831108428537846,0.00524163618683815,0.004829753190279007,0.0043794820085167885,0.004023386165499687,0.003549511544406414,0.0031861942261457443,0.002798093482851982,0.002471580170094967,0.001924063079059124,0.0017055869102478027,0.001447916030883789,0.0012470036745071411,0.0010104477405548096,0.0008036727085709572,0.0006341198459267616,0.0002859281376004219,0.0,0.0,0.0,0.0,0.0,0.0,0.0,0.0,0.0,0.0,0.0,0.0,0.0,0.0,0.0,0.0,0.20542352180927992
19,0.01231666561216116,0.012014148756861687,0.011527995578944683,0.01130332425236702,0.010815741494297981,0.010705988854169846,0.010327182710170746,0.009688220918178558,0.009271408431231976,0.008977812714874744,0.008601141162216663,0.007720869965851307,0.007478728890419006,0.007142156362533569,0.0069489432498812675,0.006382625550031662,0.005986901931464672,0.00558867584913969,0.0050998348742723465,0.004983091726899147,0.004479092545807362,0.004230799153447151,0.004049266688525677,0.003639073111116886,0.003523925319314003,0.0031011924147605896,0.0027359863743185997,0.002276894636452198,0.002059265971183777,0.0020195934921503067,0.001675151288509369,0.00112819392234087,0.0005872100591659546,0.0002952301874756813,0.0,0.0,0.0,0.0,0.0,0.0,0.0,0.0,0.0,0.0,0.0,0.0,0.0,0.0,0.0,0.0,0.20868233405053616
20,0.012534177862107754,0.011970859952270985,0.01160010788589716,0.01126591581851244,0.011003470048308372,0.01051611639559269,0.0103464899584651,0.009867851622402668,0.009501978754997253,0.008971012197434902,0.008557908236980438,0.008077546022832394,0.007755015976727009,0.006999979726970196,0.006777409464120865,0.006347850896418095,0.005956675857305527,0.0055490536615252495,0.005119643174111843,0.004649234935641289,0.004315415397286415,0.003881216049194336,0.003558502532541752,0.00307625625282526,0.0026081623509526253,0.002582356333732605,0.002021956257522106,0.001943330280482769,0.0014286329969763756,0.0012040156871080399,0.000996757298707962,0.0007970407605171204,0.0006532156839966774,0.0,0.0,0.0,0.0,0.0,0.0,0.0,0.0,0.0,0.0,0.0,0.0,0.0,0.0,0.0,0.0,0.0,0.20243515633046627
21,0.012070158496499062,0.011698662303388119,0.011321527883410454,0.011123275384306908,0.010695773176848888,0.010456380434334278,0.010171523317694664,0.009508546441793442,0.009046782739460468,0.008457986637949944,0.007976116612553596,0.007756923325359821,0.005929798819124699,0.007114691659808159,0.006936191581189632,0.0068203154951334,0.006342165172100067,0.005967546254396439,0.0056664422154426575,0.005229182541370392,0.004749373532831669,0.004562785848975182,0.0044481186196208,0.004017310217022896,0.0035700155422091484,0.0031257756054401398,0.0027996832504868507,0.002287149429321289,0.0019552698358893394,0.0015036556869745255,0.0014295754954218864,0.0008748797699809074,0.0006444994360208511,0.0003070244565606117,0.0,0.0,0.0,0.0,0.0,0.0,0.0,0.0,0.0,0.0,0.0,0.0,0.0,0.0,0.0,0.0,0.20656510721892118
22,0.012049693614244461,0.011780217289924622,0.011520130559802055,0.01126406155526638,0.01076760794967413,0.010546272620558739,0.01003234926611185,0.009704262018203735,0.009148979559540749,0.00856058206409216,0.008243665099143982,0.007825668901205063,0.00759741198271513,0.00713798962533474,0.0066194552928209305,0.006109582260251045,0.005841327831149101,0.005711869336664677,0.005631878972053528,0.005118612200021744,0.004952999763190746,0.004738455638289452,0.004640249535441399,0.004219232127070427,0.0037705162540078163,0.003542608581483364,0.003573148511350155,0.003054083324968815,0.002564055845141411,0.0024528000503778458,0.0020023100078105927,0.0018498925492167473,0.0017068665474653244,0.0010468903928995132,0.000913865864276886,0.0005547460168600082,0.0,0.0,0.0,0.0,0.0,0.0,0.0,0.0,0.0,0.0,0.0,0.0,0.0,0.0,0.21679433900862932
23,0.012104922905564308,0.01171922218054533,0.011462698690593243,0.011250793002545834,0.010903426446020603,0.010464536026120186,0.009777393192052841,0.009301429614424706,0.008879691362380981,0.008671472780406475,0.008110150694847107,0.007800455205142498,0.00748889334499836,0.007061272859573364,0.006546868942677975,0.006412073038518429,0.0062980251386761665,0.005400302819907665,0.005299622192978859,0.005103857256472111,0.005143878981471062,0.004647661931812763,0.004176176153123379,0.003703446127474308,0.003637721762061119,0.0031511494889855385,0.0030102403834462166,0.002861715853214264,0.0,0.0,0.0,0.0,0.0,0.0,0.0,0.0,0.0,0.0,0.0,0.0,0.0,0.0,0.0,0.0,0.0,0.0,0.0,0.0,0.0,0.0,0.2003890983760357
24,0.012085672467947006,0.011759018525481224,0.011524902656674385,0.011161270551383495,0.010827555321156979,0.010411936789751053,0.009891645051538944,0.009455395862460136,0.00896761566400528,0.008324538357555866,0.008033501915633678,0.007935822941362858,0.007294393144547939,0.006793571636080742,0.0065680453553795815,0.006145794875919819,0.00569017231464386,0.005252682603895664,0.005094509571790695,0.00469767302274704,0.0043651871383190155,0.003972756676375866,0.003616846166551113,0.00305794645100832,0.0030406126752495766,0.002459052950143814,0.0022703567519783974,0.0021120598539710045,0.002043440006673336,0.0015987670049071312,0.0010328330099582672,0.0008239764720201492,0.0006611263379454613,0.0003185998648405075,0.0,0.0,0.0,0.0,0.0,0.0,0.0,0.0,0.0,0.0,0.0,0.0,0.0,0.0,0.0,0.0,0.1992892799898982
25,0.012126325629651546,0.011759624816477299,0.01148658711463213,0.010295280255377293,0.010646121576428413,0.010214662179350853,0.009906444698572159,0.009696735069155693,0.009140171110630035,0.00861838273704052,0.008254658430814743,0.00786137580871582,0.007443252019584179,0.007053562439978123,0.006638881750404835,0.0060566989704966545,0.005856294184923172,0.005675658583641052,0.005516460165381432,0.005388446152210236,0.004927456378936768,0.004777782596647739,0.0043699732050299644,0.004011296667158604,0.0035490896552801132,0.0030582165345549583,0.002878558821976185,0.0027495864778757095,0.0023500891402363777,0.001888343133032322,0.0018047299236059189,0.0013000303879380226,0.0011732922866940498,0.0006168736144900322,0.000377800315618515,0.0,0.0,0.0,0.0,0.0,0.0,0.0,0.0,0.0,0.0,0.0,0.0,0.0,0.0,0.0,0.20946874283254147
26,0.012337205931544304,0.011983461678028107,0.011648026295006275,0.009543050080537796,0.011031568050384521,0.010606965981423855,0.01018757838755846,0.009665257297456264,0.00901491567492485,0.009052911773324013,0.008640015497803688,0.008174508810043335,0.00748031958937645,0.007304446771740913,0.006879699416458607,0.0063667576760053635,0.005977916531264782,0.005578296259045601,0.0053935786709189415,0.004904166795313358,0.004444359801709652,0.003960423171520233,0.003465062938630581,0.003256339579820633,0.003149709664285183,0.002784459851682186,0.00247211754322052,0.0019118431955575943,0.001530032604932785,0.0011428436264395714,0.0006973827257752419,0.0,0.0,0.0,0.0,0.0,0.0,0.0,0.0,0.0,0.0,0.0,0.0,0.0,0.0,0.0,0.0,0.0,0.0,0.0,0.20058522187173367
27,0.012521550990641117,0.012093879282474518,0.0116505678743124,0.011470122262835503,0.011219162493944168,0.009005249477922916,0.010375699028372765,0.009974905289709568,0.009559161961078644,0.00896582193672657,0.008469904772937298,0.008434406481683254,0.007924280129373074,0.0072086891159415245,0.006938082166016102,0.006430021487176418,0.006096096709370613,0.0056333523243665695,0.005158659070730209,0.004938195459544659,0.004787269979715347,0.004562373273074627,0.004487198777496815,0.00407161470502615,0.003582431934773922,0.0030812397599220276,0.0030630948022007942,0.00251080933958292,0.0023752599954605103,0.0018615899607539177,0.001750691793859005,0.0016049603000283241,0.0011403821408748627,0.0,0.0,0.0,0.0,0.0,0.0,0.0,0.0,0.0,0.0,0.0,0.0,0.0,0.0,0.0,0.0,0.0,0.2129467250779271
28,0.012429528869688511,0.011978073045611382,0.01174128893762827,0.011276795528829098,0.010897932574152946,0.010594615712761879,0.010435210540890694,0.009602767415344715,0.009237629361450672,0.009144790470600128,0.008623885922133923,0.008122843690216541,0.007573398761451244,0.007131301797926426,0.006667229346930981,0.00665083434432745,0.006211918778717518,0.005750092677772045,0.005331526510417461,0.005037848837673664,0.004722915589809418,0.004281619563698769,0.0037420587614178658,0.003400462679564953,0.002866680733859539,0.0026632528752088547,0.002594355493783951,0.0020867399871349335,0.0018932456150650978,0.00174794252961874,0.0016461368650197983,0.0011842399835586548,0.0008389204740524292,0.0,0.0,0.0,0.0,0.0,0.0,0.0,0.0,0.0,0.0,0.0,0.0,0.0,0.0,0.0,0.0,0.0,0.20810808427631855
29,0.01245875470340252,0.011948425322771072,0.011606982909142971,0.01118268072605133,0.01101024728268385,0.010646401904523373,0.010300162248313427,0.009833378717303276,0.0093953562900424,0.009294998832046986,0.008604546077549458,0.008048445917665958,0.007910982705652714,0.007498079910874367,0.006857750006020069,0.006367972120642662,0.006245427764952183,0.005587696097791195,0.0050760190933942795,0.0048591261729598045,0.004681138321757317,0.0047000702470541,0.004265636205673218,0.003795841708779335,0.0032610567286610603,0.0031345533207058907,0.0028040725737810135,0.0022517601028084755,0.0020562568679451942,0.001858140341937542,0.0016541825607419014,0.0014562243595719337,0.001314825378358364,0.0011965371668338776,0.0006579002365469933,0.0,0.0,0.0,0.0,0.0,0.0,0.0,0.0,0.0,0.0,0.0,0.0,0.0,0.0,0.0,0.2138216309249401
30,0.012370312586426735,0.012073391117155552,0.011785931885242462,0.011617821641266346,0.011230628937482834,0.010692968964576721,0.010476773604750633,0.009942419826984406,0.00990576483309269,0.009135409258306026,0.008813313208520412,0.008028019219636917,0.007748750038444996,0.00654536671936512,0.006713053211569786,0.00670978520065546,0.006139076314866543,0.0055841319262981415,0.005130709148943424,0.0049894144758582115,0.004617628641426563,0.00421283021569252,0.0037976428866386414,0.0033825626596808434,0.0029247431084513664,0.002445278689265251,0.00232790969312191,0.0018503526225686073,0.001651046797633171,0.0014206171035766602,0.0012527601793408394,0.0010927999392151833,0.000894639641046524,0.0005565052852034569,0.0,0.0,0.0,0.0,0.0,0.0,0.0,0.0,0.0,0.0,0.0,0.0,0.0,0.0,0.0,0.0,0.20806035958230495
31,0.012093473225831985,0.011842367239296436,0.011576095595955849,0.011023723520338535,0.010759231634438038,0.010226349346339703,0.010250999592244625,0.009594004601240158,0.008870743215084076,0.008436502888798714,0.0085788294672966,0.008109926246106625,0.007518229074776173,0.0069393860176205635,0.006707643158733845,0.006626681424677372,0.006199103780090809,0.005709625780582428,0.00550470594316721,0.005336916074156761,0.005146568641066551,0.004712141118943691,0.0044685304164886475,0.004301922395825386,0.004121178761124611,0.00400901585817337,0.0037229591980576515,0.0031619807705283165,0.00280079897493124,0.0022397534921765327,0.002040359191596508,0.0019373632967472076,0.0015011196956038475,0.001054360531270504,0.0009412467479705811,0.0003970423713326454,0.0,0.0,0.0,0.0,0.0,0.0,0.0,0.0,0.0,0.0,0.0,0.0,0.0,0.0,0.2184608792886138
32,0.01204551849514246,0.011841706931591034,0.011454686522483826,0.011097988113760948,0.010887413285672665,0.010502542369067669,0.010009421035647392,0.009783241897821426,0.009290168061852455,0.008799918927252293,0.008393467403948307,0.007959174923598766,0.006881642155349255,0.006991849280893803,0.006123979575932026,0.0062940288335084915,0.006179294548928738,0.005943856202065945,0.0057343486696481705,0.00557676050812006,0.005127444863319397,0.004927449859678745,0.004770027473568916,0.004358209669589996,0.004205923527479172,0.0040572891011834145,0.003908863291144371,0.0,0.0,0.0,0.0,0.0,0.0,0.0,0.0,0.0,0.0,0.0,0.0,0.0,0.0,0.0,0.0,0.0,0.0,0.0,0.0,0.0,0.0,0.0,0.20314621552824974
33,0.012244685553014278,0.011609704233705997,0.011644592508673668,0.011098173446953297,0.010926910676062107,0.010577656328678131,0.010004189796745777,0.009693942032754421,0.009414659813046455,0.008554138243198395,0.008320295251905918,0.007847786881029606,0.0071347421035170555,0.006926745176315308,0.006517952308058739,0.0063644275069236755,0.00600162148475647,0.00555806327611208,0.005154062062501907,0.004693589173257351,0.00460510328412056,0.0041739800944924355,0.003874516114592552,0.003461982123553753,0.0029145115986466408,0.002797633409500122,0.0025530196726322174,0.0019818702712655067,0.0016471082344651222,0.0010668188333511353,0.0008753873407840729,0.0006485031917691231,0.0003963662311434746,0.0,0.0,0.0,0.0,0.0,0.0,0.0,0.0,0.0,0.0,0.0,0.0,0.0,0.0,0.0,0.0,0.0,0.20128473825752735
34,0.01212545856833458,0.01184374000877142,0.01147899217903614,0.011156470514833927,0.01078206580132246,0.01050111185759306,0.010042951442301273,0.009935841895639896,0.009410961531102657,0.008913286030292511,0.008336387574672699,0.007831517606973648,0.00751020573079586,0.007131190970540047,0.00675695575773716,0.006092679686844349,0.005989545024931431,0.005644265562295914,0.005179266445338726,0.004668490029871464,0.004512515850365162,0.004401682876050472,0.0038773193955421448,0.0037637092173099518,0.003402656875550747,0.0029528457671403885,0.002440481446683407,0.002344115637242794,0.001943523995578289,0.0015499265864491463,0.0010994896292686462,0.0006520934402942657,0.0,0.0,0.0,0.0,0.0,0.0,0.0,0.0,0.0,0.0,0.0,0.0,0.0,0.0,0.0,0.0,0.0,0.0,0.20427174493670464
35,0.012206521816551685,0.011713942512869835,0.011564278043806553,0.011128047481179237,0.010670862160623074,0.010386074893176556,0.009953326545655727,0.009319928474724293,0.009187505580484867,0.008610311895608902,0.008286641910672188,0.007604627870023251,0.007475332356989384,0.0071789417415857315,0.006750688888132572,0.006335193291306496,0.005763868801295757,0.005620830692350864,0.00522209145128727,0.0046971626579761505,0.0046578506007790565,0.004316956736147404,0.0038038911297917366,0.003343583084642887,0.003011956810951233,0.0026014400646090508,0.0021536489948630333,0.0016389256343245506,0.0014311065897345543,0.0012499568983912468,0.0011744825169444084,0.000713396817445755,0.0,0.0,0.0,0.0,0.0,0.0,0.0,0.0,0.0,0.0,0.0,0.0,0.0,0.0,0.0,0.0,0.0,0.0,0.1997733749449253
36,0.01227863784879446,0.01217299047857523,0.011824628338217735,0.011379411444067955,0.0109857814386487,0.01061811950057745,0.010405628010630608,0.009705215692520142,0.00927188154309988,0.009122340939939022,0.008657308295369148,0.00810888409614563,0.007755476050078869,0.007009751163423061,0.005523037165403366,0.00634709931910038,0.0061027128249406815,0.005600885488092899,0.00504907313734293,0.0048662759363651276,0.004666351713240147,0.0045115286484360695,0.004333119839429855,0.0041531966999173164,0.004033677279949188,0.0038480600342154503,0.0037055984139442444,0.003588101826608181,0.0,0.0,0.0,0.0,0.0,0.0,0.0,0.0,0.0,0.0,0.0,0.0,0.0,0.0,0.0,0.0,0.0,0.0,0.0,0.0,0.0,0.0,0.20562477316707373
37,0.012333373539149761,0.011925682425498962,0.011619378812611103,0.011217564344406128,0.01083862129598856,0.010605191811919212,0.01009426824748516,0.009738718159496784,0.009294542483985424,0.008645076304674149,0.008738221600651741,0.008147223852574825,0.00745805911719799,0.0070514073595404625,0.00675163883715868,0.006648926995694637,0.006180888973176479,0.00569511204957962,0.005545696243643761,0.005320679396390915,0.005167026072740555,0.004696931689977646,0.004506728611886501,0.004420523531734943,0.003837532363831997,0.0037003858014941216,0.00353030301630497,0.0034441500902175903,0.003047209233045578,0.0025803400203585625,0.002076399512588978,0.0018874295055866241,0.0017974283546209335,0.0013342201709747314,0.0010726545006036758,0.000838172622025013,0.0006669498980045319,0.0,0.0,0.0,0.0,0.0,0.0,0.0,0.0,0.0,0.0,0.0,0.0,0.0,0.2224546568468213
38,0.012388740666210651,0.012022288516163826,0.011685194447636604,0.011266598477959633,0.010815422981977463,0.01079330500215292,0.010245162062346935,0.009708080440759659,0.009287852793931961,0.008984731510281563,0.008586056530475616,0.008031817153096199,0.007608871906995773,0.007103046402335167,0.006404455751180649,0.00630099605768919,0.006052378565073013,0.005897452123463154,0.005612029694020748,0.005191789008677006,0.0047103483229875565,0.00453371275216341,0.004430905915796757,0.004047916270792484,0.003585820086300373,0.0034469962120056152,0.0033699916675686836,0.0,0.0,0.0,0.0,0.0,0.0,0.0,0.0,0.0,0.0,0.0,0.0,0.0,0.0,0.0,0.0,0.0,0.0,0.0,0.0,0.0,0.0,0.0,0.2021119613200426
39,0.01235846895724535,0.011884218081831932,0.011617778800427914,0.011285996064543724,0.010878370143473148,0.010585502721369267,0.010448014363646507,0.009822358377277851,0.009574351832270622,0.0090675950050354,0.008366451598703861,0.008104304783046246,0.007661205716431141,0.0071879420429468155,0.006927952170372009,0.006387745961546898,0.00603129155933857,0.005673802457749844,0.00526692159473896,0.004848700016736984,0.004327720031142235,0.0038376199081540108,0.0037570763379335403,0.0033478541299700737,0.002878907136619091,0.002851545810699463,0.0023772967979311943,0.002010253258049488,0.001560622826218605,0.0010773604735732079,0.0009521571919322014,0.0004033064469695091,0.0,0.0,0.0,0.0,0.0,0.0,0.0,0.0,0.0,0.0,0.0,0.0,0.0,0.0,0.0,0.0,0.0,0.0,0.20336069259792566
40,0.012398596853017807,0.011987583711743355,0.01173880323767662,0.011288230307400227,0.010967585258185863,0.01073730830103159,0.010232709348201752,0.00986657477915287,0.009378129616379738,0.008994845673441887,0.008391537703573704,0.00787900947034359,0.0076628150418400764,0.007605348713696003,0.007222634740173817,0.0068298568949103355,0.006413972936570644,0.006127495318651199,0.005561019293963909,0.005105099640786648,0.0049311090260744095,0.0047655897215008736,0.004331376403570175,0.004171882756054401,0.0038038091734051704,0.0033924560993909836,0.002945519983768463,0.0028465697541832924,0.002396402880549431,0.0022726058959960938,0.0,0.0,0.0,0.0,0.0,0.0,0.0,0.0,0.0,0.0,0.0,0.0,0.0,0.0,0.0,0.0,0.0,0.0,0.0,0.0,0.21224647853523493
41,0.01217704825103283,0.011838754639029503,0.01147902850061655,0.011148803867399693,0.010730823501944542,0.009515819139778614,0.009738095104694366,0.009568084962666035,0.009141708724200726,0.00864333938807249,0.00814871583133936,0.007553445175290108,0.007577741518616676,0.00670296885073185,0.006757661700248718,0.006221366114914417,0.005780312232673168,0.00528329610824585,0.0050891488790512085,0.0049530332908034325,0.004759303294122219,0.004227166064083576,0.0037703393027186394,0.003278939053416252,0.003080069087445736,0.002863846719264984,0.002749931998550892,0.002365940250456333,0.001791972666978836,0.001640843227505684,0.0016048131510615349,0.0011101095005869865,0.0006587095558643341,0.0003106705844402313,0.0,0.0,0.0,0.0,0.0,0.0,0.0,0.0,0.0,0.0,0.0,0.0,0.0,0.0,0.0,0.0,0.20226185023784637
42,0.012090213596820831,0.011799016036093235,0.011537088081240654,0.011189062148332596,0.010891533456742764,0.010556420311331749,0.01018356904387474,0.009577090851962566,0.009170443750917912,0.008890608325600624,0.008393676020205021,0.007934218272566795,0.007294951938092709,0.007094922475516796,0.006897560320794582,0.006729429587721825,0.006519419141113758,0.006333884783089161,0.006133290007710457,0.006012633442878723,0.005663408897817135,0.004924657754600048,0.004937442019581795,0.004463362507522106,0.003965669311583042,0.0036123599857091904,0.0030989302322268486,0.002922710031270981,0.0028175190091133118,0.0024175001308321953,0.0019914498552680016,0.0015134867280721664,0.0013828268274664879,0.001012810505926609,0.0,0.0,0.0,0.0,0.0,0.0,0.0,0.0,0.0,0.0,0.0,0.0,0.0,0.0,0.0,0.0,0.21995316538959742
43,0.012176805175840855,0.01180761307477951,0.011592578142881393,0.011192523874342442,0.010652299970388412,0.010313277132809162,0.009794657118618488,0.009469916112720966,0.009405665099620819,0.008786926046013832,0.007843325845897198,0.007710013538599014,0.007345639169216156,0.00689300149679184,0.006723560392856598,0.006494391709566116,0.006521949544548988,0.006088275462388992,0.005658956244587898,0.005329186096787453,0.00477937888354063,0.004353176802396774,0.004035625606775284,0.003656645305454731,0.003041754476726055,0.002966189756989479,0.002722303383052349,0.002289939671754837,0.0018149558454751968,0.001380852423608303,0.0009771576151251793,0.0005749426782131195,0.0,0.0,0.0,0.0,0.0,0.0,0.0,0.0,0.0,0.0,0.0,0.0,0.0,0.0,0.0,0.0,0.0,0.0,0.20439348369836807
44,0.012072489596903324,0.011819764971733093,0.011441915296018124,0.011179415509104729,0.010732199996709824,0.010447705164551735,0.009860252030193806,0.009839288890361786,0.009026098065078259,0.008999405428767204,0.008568892255425453,0.007778439670801163,0.007589932531118393,0.007316668517887592,0.006807899102568626,0.0062859924510121346,0.0056888991966843605,0.005556153133511543,0.005174858495593071,0.004797155968844891,0.00433757621794939,0.003913586027920246,0.003685195930302143,0.0035249050706624985,0.0033276835456490517,0.003209635615348816,0.002685975283384323,0.002578822895884514,0.00208238884806633,0.0018734904006123543,0.0017825625836849213,0.0013747261837124825,0.000964646227657795,0.00031872373074293137,0.0,0.0,0.0,0.0,0.0,0.0,0.0,0.0,0.0,0.0,0.0,0.0,0.0,0.0,0.0,0.0,0.2066433448344469
45,0.012062234804034233,0.011127561330795288,0.011481874622404575,0.011110462248325348,0.01059896219521761,0.010509547777473927,0.009965069591999054,0.009661013260483742,0.008936570025980473,0.008580346591770649,0.008204326033592224,0.007912144996225834,0.007133251987397671,0.006852195598185062,0.0065485769882798195,0.006288031116127968,0.005802902393043041,0.005411076359450817,0.004863591864705086,0.004778449423611164,0.004408302716910839,0.003987765870988369,0.0035266363993287086,0.00328264944255352,0.002836373634636402,0.0023749154061079025,0.0019308356568217278,0.001467798836529255,0.001312190666794777,0.0011956598609685898,0.0005977656692266464,0.0,0.0,0.0,0.0,0.0,0.0,0.0,0.0,0.0,0.0,0.0,0.0,0.0,0.0,0.0,0.0,0.0,0.0,0.0,0.19474908336997032
46,0.012394113466143608,0.012020781636238098,0.011770828627049923,0.011454107239842415,0.011163388378918171,0.010864571668207645,0.010396330617368221,0.010129694826900959,0.009395662695169449,0.009244653396308422,0.008391347713768482,0.00796620361506939,0.007642042823135853,0.0071543557569384575,0.007121222093701363,0.006694319657981396,0.006111128255724907,0.00594156701117754,0.005745869129896164,0.005716459825634956,0.005195305682718754,0.004987242631614208,0.004755602218210697,0.004595316015183926,0.004485062323510647,0.004393024370074272,0.0,0.0,0.0,0.0,0.0,0.0,0.0,0.0,0.0,0.0,0.0,0.0,0.0,0.0,0.0,0.0,0.0,0.0,0.0,0.0,0.0,0.0,0.0,0.0,0.20573020167648792
47,0.012412944808602333,0.011964424513280392,0.01169830933213234,0.01129155419766903,0.010877656750380993,0.010772855952382088,0.010213315486907959,0.010087875649333,0.00922973733395338,0.008953932672739029,0.00863109901547432,0.008209235966205597,0.007981064729392529,0.00732188206166029,0.006918138824403286,0.006388891488313675,0.005942904390394688,0.005678903311491013,0.005655151791870594,0.005154096521437168,0.005102291703224182,0.004565490409731865,0.004508352838456631,0.004068789072334766,0.003589092753827572,0.003438158892095089,0.0033303797245025635,0.0,0.0,0.0,0.0,0.0,0.0,0.0,0.0,0.0,0.0,0.0,0.0,0.0,0.0,0.0,0.0,0.0,0.0,0.0,0.0,0.0,0.0,0.0,0.20398653019219637
48,0.012310059741139412,0.011934798210859299,0.011612357571721077,0.011218851432204247,0.01087264996021986,0.010465088300406933,0.01028438936918974,0.0099418256431818,0.009567905217409134,0.008498946204781532,0.008392979390919209,0.008092951960861683,0.007538264617323875,0.007177458144724369,0.006878746673464775,0.006587059237062931,0.0059753283858299255,0.005604992620646954,0.0052010901272296906,0.004805386066436768,0.004269042983651161,0.003971341997385025,0.0034649260342121124,0.003308509476482868,0.003194885328412056,0.0028571533039212227,0.0024014338850975037,0.0019935956224799156,0.0016116760671138763,0.0011125663295388222,0.0009139766916632652,0.00039757322520017624,0.0,0.0,0.0,0.0,0.0,0.0,0.0,0.0,0.0,0.0,0.0,0.0,0.0,0.0,0.0,0.0,0.0,0.0,0.20245780982077122
49,0.012364721857011318,0.011935151182115078,0.01166127435863018,0.011476878076791763,0.01089050155133009,0.010691927745938301,0.01031868439167738,0.009802908636629581,0.009087569080293179,0.008601567707955837,0.008311912417411804,0.007956652902066708,0.00762832909822464,0.007197544910013676,0.006213707849383354,0.006429241970181465,0.006302172318100929,0.006037348881363869,0.005579626187682152,0.005046742036938667,0.004929825663566589,0.004533752799034119,0.004111414775252342,0.0037902332842350006,0.0033511435613036156,0.0028737131506204605,0.0028099101036787033,0.0022972961887717247,0.002127976156771183,0.0020786654204130173,0.0016120830550789833,0.0010463027283549309,0.0008410932496190071,0.0006605107337236404,0.0,0.0,0.0,0.0,0.0,0.0,0.0,0.0,0.0,0.0,0.0,0.0,0.0,0.0,0.0,0.0,0.2105983840301633
50,0.012320765294134617,0.011915028095245361,0.011651813983917236,0.011338554322719574,0.01089018490165472,0.010751545429229736,0.010091415606439114,0.009878598153591156,0.009494023397564888,0.009184356778860092,0.00848654005676508,0.007920872420072556,0.007935424335300922,0.0072355205193161964,0.006858158856630325,0.006340255960822105,0.00596363190561533,0.0055406419560313225,0.005155858583748341,0.004765881225466728,0.004385818727314472,0.004036146216094494,0.0037083225324749947,0.0031975088641047478,0.0027024932205677032,0.0023977961391210556,0.0019235257059335709,0.0014798063784837723,0.001114984042942524,0.0006813807412981987,0.0,0.0,0.0,0.0,0.0,0.0,0.0,0.0,0.0,0.0,0.0,0.0,0.0,0.0,0.0,0.0,0.0,0.0,0.0,0.0,0.19934685435146093

total time per move x,0.6106532430276275,0.5932032028213143,0.5788986245170236,0.5563115533441305,0.5435788165777922,0.5228528752923012,0.5055070128291845,0.48596255388110876,0.46375162433832884,0.4429406635463238,0.4209540132433176,0.3996197674423456,0.3758593378588557,0.3559431657195091,0.3370319064706564,0.3207136485725641,0.30338209588080645,0.2840677034109831,0.26716008596122265,0.2510462552309036,0.23587383329868317,0.21887813974171877,0.20385024510324,0.1868289364501834,0.16539531853049994,0.1514382902532816,0.12944233510643244,0.09927854221314192,0.08015038724988699,0.06786133162677288,0.053162867203354836,0.03506845608353615,0.02257616724818945,0.011495006270706654,0.003963467665016651,0.0017899610102176666,0.0006669498980045319,0,0,0,0,0,0,0,0,0,0,0,0,0,10.287158384919167
average time per move x,0.012213064860552549,0.011864064056426286,0.011577972490340472,0.011126231066882611,0.010871576331555843,0.010457057505846024,0.01011014025658369,0.009719251077622176,0.009275032486766577,0.008858813270926476,0.008419080264866352,0.007992395348846913,0.007517186757177115,0.007118863314390183,0.006740638129413128,0.006414272971451283,0.006067641917616129,0.005681354068219662,0.005343201719224453,0.005020925104618073,0.004717476665973663,0.004377562794834375,0.0040770049020648,0.0037365787290036677,0.003375414663887754,0.0030905773521077875,0.002754092236307073,0.002363774814598617,0.002003759681247175,0.001696533290669322,0.0014368342487393198,0.0010958892526105046,0.0009815724890517151,0.0006761768394533326,0.0007926935330033302,0.0005966536700725555,0.0006669498980045319,nan,nan,nan,nan,nan,nan,nan,nan,nan,nan,nan,nan,nan,0.20574316769838333
std of time per move x,0.00034970446875860517,0.00017347727758606108,0.00012698172803323358,0.0004432159071893016,0.00017739276206270283,0.0003869586765485675,0.0002302931066453914,0.00020797576937334392,0.00027587881600800294,0.00025863014455987783,0.00023116745855844277,0.00020877421587789673,0.0003231908294589776,0.00019670499484664576,0.00027684402594401375,0.0001944749341789483,0.000226954435120861,0.0002602130858027337,0.00030787586930400995,0.0003578350189970639,0.00036561700999123515,0.00037730411827304963,0.00043779178014864673,0.0004700474005203473,0.00046229442048037684,0.0004954251102437524,0.0005232054305977182,0.0005291512461548167,0.0004737889866180075,0.00048141226196066217,0.000492452358226049,0.0004562871997588846,0.0003819748016700189,0.0003636238910290975,0.000276330666740314,0.00022353112326321608,nan,nan,nan,nan,nan,nan,nan,nan,nan,nan,nan,nan,nan,nan,0.007156795059866063
err of average time,4.945568025408977e-05,2.453339187257697e-05,1.7957928195817073e-05,6.268019470066053e-05,2.508712499758978e-05,5.4724220845292784e-05,3.25683634738946e-05,2.9412215369276194e-05,3.9015156316994943e-05,3.657582580750934e-05,3.269201550726702e-05,2.952513275683299e-05,4.570608542554961e-05,2.781828714986562e-05,3.9151657615199314e-05,2.750290894574836e-05,3.209620401886463e-05,3.6799687504917984e-05,4.354022298971373e-05,5.060551369576818e-05,5.1706053416390413e-05,5.335886012009691e-05,6.191310729816765e-05,6.647474087740934e-05,6.604206006862526e-05,7.077501574910748e-05,7.631735568578842e-05,8.164980991830373e-05,7.491261640079701e-05,7.611796206646648e-05,8.095866898849749e-05,8.066094327953203e-05,7.964725195479135e-05,8.819174768888559e-05,0.00012357883101983644,0.00012905575418827722,nan,nan,nan,nan,nan,nan,nan,nan,nan,nan,nan,nan,nan,nan,0.0010121236636787352
