Contains move time for player Edax1; opponent is MCTSRemMaxIter1
Colums refer to move number, rows to game number
game,1,2,3,4,5,6,7,8,9,10,11,12,13,14,15,16,17,18,19,20,21,22,23,24,25,26,27,28,29,30,31,32,33,34,35,36,37,38,39,40,41,42,43,44,45,46,47,48,49,50,total
1,0.5444377735257149,0.11595645546913147,0.1081283688545227,0.1105426661670208,0.10740474984049797,0.11526892706751823,0.11933209374547005,0.1187761090695858,0.11853102967143059,0.11487655341625214,0.10690928250551224,0.1177370436489582,0.1055634543299675,0.12315648049116135,0.10864637792110443,0.10955687612295151,0.12056157737970352,0.10743958875536919,0.11910108849406242,0.10714572668075562,0.10545854270458221,0.10711828246712685,0.10635636001825333,0.10582775622606277,0.10511776804924011,0.10519206523895264,0.10433981195092201,0.1155625469982624,0.11487826704978943,0.10370397195219994,0.1032823920249939,0.10294725000858307,0.11450597271323204,0.10222311690449715,0.00025955215096473694,0.00013632699847221375,0.0,0.0,0.0,0.0,0.0,0.0,0.0,0.0,0.0,0.0,0.0,0.0,0.0,0.0,4.195982206612825
2,0.39802930876612663,0.11106915771961212,0.11917398497462273,0.10699612274765968,0.120170708745718,0.11900673061609268,0.10623301565647125,0.11905936524271965,0.10641781985759735,0.10623014345765114,0.1184532679617405,0.10739313438534737,0.11807740107178688,0.11755841597914696,0.10566039383411407,0.10485747456550598,0.10518476739525795,0.11659760400652885,0.1169038750231266,0.11681878194212914,0.11644931137561798,0.1180807426571846,0.11628518626093864,0.10457098484039307,0.10429704189300537,0.10353503003716469,0.11570275202393532,0.10345496982336044,0.11610064655542374,0.11259092763066292,0.10296843200922012,0.10233428701758385,0.00020800530910491943,0.0,0.0,0.0,0.0,0.0,0.0,0.0,0.0,0.0,0.0,0.0,0.0,0.0,0.0,0.0,0.0,0.0,3.856469791382551
3,0.38267632573843,0.12032299861311913,0.1190175861120224,0.1192505992949009,0.10720014572143555,0.11922615766525269,0.11854654923081398,0.11857819929718971,0.11820222064852715,0.11382200196385384,0.1140284426510334,0.11353983730077744,0.11781811714172363,0.10887173190712929,0.10743597894906998,0.11776263639330864,0.11831757798790932,0.11662289127707481,0.107837975025177,0.11629252508282661,0.11549392342567444,0.10435326024889946,0.10578753799200058,0.11748813465237617,0.10541130974888802,0.1045132502913475,0.1040351614356041,0.10449592396616936,0.10370152071118355,0.10314305499196053,0.10286376252770424,0.10226860269904137,0.10197930410504341,0.0002779625356197357,0.0,0.0,0.0,0.0,0.0,0.0,0.0,0.0,0.0,0.0,0.0,0.0,0.0,0.0,0.0,0.0,3.951183207333088
4,0.39440346881747246,0.1202346421778202,0.1197529286146164,0.11940154805779457,0.10794840008020401,0.10654405876994133,0.11984682083129883,0.11509854346513748,0.11829838156700134,0.11850051581859589,0.11855039745569229,0.1054169349372387,0.11805468425154686,0.11762523278594017,0.1173929013311863,0.11780224740505219,0.11662415787577629,0.10914361104369164,0.10718563199043274,0.11201638728380203,0.11661897599697113,0.11640109866857529,0.1116056963801384,0.11559407040476799,0.11600101739168167,0.11575397849082947,0.1042039655148983,0.10366592183709145,0.1033761203289032,0.10308382287621498,0.11487863585352898,0.10235993564128876,0.0004252679646015167,0.0002574212849140167,0.0,0.0,0.0,0.0,0.0,0.0,0.0,0.0,0.0,0.0,0.0,0.0,0.0,0.0,0.0,0.0,3.904067423194647
5,0.3803821876645088,0.11983858048915863,0.10809698328375816,0.11817660182714462,0.11899203062057495,0.11870990321040154,0.11896615847945213,0.11876820400357246,0.11881856247782707,0.1175377368927002,0.10690822824835777,0.11823011934757233,0.11831852048635483,0.10915904864668846,0.006767015904188156,0.0,0.0,0.0,0.0,0.0,0.0,0.0,0.0,0.0,0.0,0.0,0.0,0.0,0.0,0.0,0.0,0.0,0.0,0.0,0.0,0.0,0.0,0.0,0.0,0.0,0.0,0.0,0.0,0.0,0.0,0.0,0.0,0.0,0.0,0.0,1.8976698815822601
6,0.12006786465644836,0.10695695132017136,0.1195436641573906,0.11521239578723907,0.11963200941681862,0.10651149228215218,0.11901259794831276,0.11907137930393219,0.11878439411520958,0.11818315461277962,0.11036651581525803,0.11825385317206383,0.10817176476120949,0.10775789991021156,0.10816514119505882,0.10777997970581055,0.10722099244594574,0.1177344024181366,0.10726546123623848,0.1072356216609478,0.10704969242215157,0.10663315281271935,0.11554360017180443,0.10550126060843468,0.10524605587124825,0.10486065596342087,0.10413236543536186,0.10546812042593956,0.10368651896715164,0.11624418944120407,0.102265115827322,0.10219275578856468,0.10235312581062317,0.10215891152620316,0.11404591426253319,0.00012845173478126526,0.0,0.0,0.0,0.0,0.0,0.0,0.0,0.0,0.0,0.0,0.0,0.0,0.0,0.0,3.860437422990799
7,0.10841463878750801,0.11961530894041061,0.11938856542110443,0.11494405195116997,0.11977531388401985,0.11872557923197746,0.11876369267702103,0.11915621533989906,0.11842360720038414,0.11894383653998375,0.11882980540394783,0.11814602091908455,0.117978785187006,0.11696553230285645,0.12244347110390663,0.11697863414883614,0.10722290351986885,0.1074216216802597,0.10805525630712509,0.10675669461488724,0.10444074496626854,0.10413800179958344,0.11203952133655548,0.11196307092905045,0.11659002304077148,0.10466938838362694,0.10301534831523895,0.1027284488081932,0.10277564451098442,0.11483033746480942,0.10205652937293053,0.00027483701705932617,0.0,0.0,0.0,0.0,0.0,0.0,0.0,0.0,0.0,0.0,0.0,0.0,0.0,0.0,0.0,0.0,0.0,0.0,3.496471431106329
8,0.12032444402575493,0.11933711543679237,0.11988688260316849,0.11948011070489883,0.11960852891206741,0.11500216275453568,0.1199192926287651,0.11867600679397583,0.11816278472542763,0.11844674125313759,0.11827518790960312,0.11824935674667358,0.11808054149150848,0.10715053975582123,0.1048586554825306,0.10462648421525955,0.11834415048360825,0.11308798938989639,0.11414280533790588,0.10453195497393608,0.1070464663207531,0.11631384864449501,0.11497366055846214,0.10393096506595612,0.11593566462397575,0.11169702187180519,0.1163347139954567,0.10396088287234306,0.1181681789457798,0.1025661788880825,0.1024235151708126,0.10236294567584991,0.1020657904446125,0.11456375569105148,0.00023218616843223572,0.0,0.0,0.0,0.0,0.0,0.0,0.0,0.0,0.0,0.0,0.0,0.0,0.0,0.0,0.0,3.842767510563135
9,0.12021996453404427,0.10839447006583214,0.11982661858201027,0.11990050226449966,0.11921166256070137,0.1149098351597786,0.11864223331212997,0.11904717981815338,0.11871733516454697,0.1191924475133419,0.1063285656273365,0.11264543607831001,0.11872373521327972,0.11784083023667336,0.11739888787269592,0.11698102205991745,0.10816860571503639,0.10727881267666817,0.11481019109487534,0.11612638831138611,0.1063702404499054,0.10606781765818596,0.10573482140898705,0.10560023784637451,0.11424337327480316,0.10516547784209251,0.10530582815408707,0.11555536091327667,0.10216949135065079,0.10393398255109787,0.10374195873737335,0.10268096253275871,0.10242002084851265,0.00017466768622398376,0.0,0.0,0.0,0.0,0.0,0.0,0.0,0.0,0.0,0.0,0.0,0.0,0.0,0.0,0.0,0.0,3.693528965115547
10,0.11981740221381187,0.12011110782623291,0.11978933215141296,0.11903005465865135,0.11878129467368126,0.1189890205860138,0.11912239342927933,0.11924849450588226,0.11821812763810158,0.11851509287953377,0.1095292903482914,0.12011003121733665,0.1145605742931366,0.11911860480904579,0.12171215936541557,0.10790624469518661,0.1079510785639286,0.10604976862668991,0.10735372826457024,0.10775209963321686,0.10747526958584785,0.10728271305561066,0.1069268137216568,0.10554560646414757,0.10693709179759026,0.11995435878634453,0.10521829128265381,0.0033579953014850616,0.0,0.0,0.0,0.0,0.0,0.0,0.0,0.0,0.0,0.0,0.0,0.0,0.0,0.0,0.0,0.0,0.0,0.0,0.0,0.0,0.0,0.0,3.076364040374756
11,0.38845811039209366,0.12007735297083855,0.11197103932499886,0.11896725744009018,0.11506463587284088,0.11909130960702896,0.11693669483065605,0.11841031163930893,0.11871280148625374,0.11800509318709373,0.10978188365697861,0.11804036796092987,0.11845925077795982,0.1174750030040741,0.11761276796460152,0.11323243007063866,0.11691821739077568,0.11725355684757233,0.11721361428499222,0.1116451770067215,0.10650457069277763,0.10488821193575859,0.10480883345007896,0.11537596583366394,0.11528877541422844,0.11594021692872047,0.10358623787760735,0.10318585857748985,0.10244783014059067,0.10245684534311295,0.10211853682994843,0.0003207959234714508,0.0,0.0,0.0,0.0,0.0,0.0,0.0,0.0,0.0,0.0,0.0,0.0,0.0,0.0,0.0,0.0,0.0,0.0,3.7802495546638966
12,0.3972138985991478,0.1198180727660656,0.11538774520158768,0.11964315548539162,0.11963585019111633,0.11983741074800491,0.11900992318987846,0.11874749511480331,0.1137758269906044,0.11439970135688782,0.11854385584592819,0.11777416244149208,0.11744299903512001,0.11820133030414581,0.11744093894958496,0.11757788807153702,0.1173161044716835,0.10888343676924706,0.1141880713403225,0.10992468893527985,0.10395374894142151,0.11679619923233986,0.11651642620563507,0.10646023228764534,0.10507772117853165,0.10358745604753494,0.10264560580253601,0.1030687503516674,0.10215786471962929,0.10276924446225166,0.10215630754828453,0.0,0.0,0.0,0.0,0.0,0.0,0.0,0.0,0.0,0.0,0.0,0.0,0.0,0.0,0.0,0.0,0.0,0.0,0.0,3.779952112585306
13,0.30101731047034264,0.12001431360840797,0.11933144927024841,0.1192394457757473,0.11917529255151749,0.11919881030917168,0.1194908395409584,0.11838316917419434,0.10598323866724968,0.11511608585715294,0.1200418658554554,0.11791252717375755,0.11751732602715492,0.11801082268357277,0.11783298850059509,0.1176844947040081,0.11669671535491943,0.11756261438131332,0.11737426370382309,0.11620262265205383,0.1159125491976738,0.10484262555837631,0.10566467046737671,0.11569271981716156,0.10821379721164703,0.10667271539568901,0.10391979292035103,0.10234453156590462,0.10246407985687256,0.10205899551510811,0.000703170895576477,0.0,0.0,0.0,0.0,0.0,0.0,0.0,0.0,0.0,0.0,0.0,0.0,0.0,0.0,0.0,0.0,0.0,0.0,0.0,3.6022758446633816
14,0.46950823068618774,0.11956623196601868,0.1203678660094738,0.11938446015119553,0.11933313310146332,0.11915747448801994,0.12586864829063416,0.11988741531968117,0.11845538020133972,0.10661977902054787,0.10621537268161774,0.11775273084640503,0.11806702613830566,0.11818259209394455,0.11744484677910805,0.11684589087963104,0.1170421652495861,0.11711437255144119,0.10755553096532822,0.10743290558457375,0.1048976294696331,0.11588357388973236,0.11578555405139923,0.11549421399831772,0.10306049510836601,0.11545371636748314,0.10242674872279167,0.10342264175415039,0.10276613011956215,0.10252971947193146,0.10275320708751678,0.00025488436222076416,0.0,0.0,0.0,0.0,0.0,0.0,0.0,0.0,0.0,0.0,0.0,0.0,0.0,0.0,0.0,0.0,0.0,0.0,3.866530567407608
15,0.3704797551035881,0.1201414056122303,0.11984417587518692,0.11957795545458794,0.11919887363910675,0.11935726180672646,0.11845248937606812,0.11930510401725769,0.11841816455125809,0.11099880933761597,0.11847379431128502,0.11798850074410439,0.11422673240303993,0.11789483204483986,0.11446176841855049,0.1224214918911457,0.10468454286456108,0.11545358598232269,0.12053783610463142,0.10439318791031837,0.10397960990667343,0.10434512421488762,0.10445545986294746,0.11362449452280998,0.10628805682063103,0.10542096570134163,0.10328515246510506,0.10382166877388954,0.10374941676855087,0.12461889907717705,0.10687519237399101,0.10222979262471199,0.00025603175163269043,0.0,0.0,0.0,0.0,0.0,0.0,0.0,0.0,0.0,0.0,0.0,0.0,0.0,0.0,0.0,0.0,0.0,3.8692601323127747
16,0.10752325505018234,0.120057363063097,0.1192413941025734,0.11524695158004761,0.11938859894871712,0.11870287731289864,0.10651637613773346,0.11837807670235634,0.11890247464179993,0.11871632561087608,0.11807774007320404,0.11765368655323982,0.11748870462179184,0.11588631570339203,0.11329534649848938,0.1054539903998375,0.10515005886554718,0.10531356558203697,0.1172228641808033,0.10474174097180367,0.11607861146330833,0.11628038063645363,0.11529472097754478,0.10480663552880287,0.11537987738847733,0.10297204554080963,0.10365356504917145,0.10250009968876839,0.1029827632009983,0.10245011001825333,0.0005418397486209869,0.0002505071461200714,0.0,0.0,0.0,0.0,0.0,0.0,0.0,0.0,0.0,0.0,0.0,0.0,0.0,0.0,0.0,0.0,0.0,0.0,3.3661488629877567
17,0.10740817710757256,0.11982760205864906,0.11916105076670647,0.11938466131687164,0.10694248601794243,0.11932827904820442,0.11863880604505539,0.11837989836931229,0.11873306706547737,0.11888419836759567,0.11865825206041336,0.11429351940751076,0.11405634507536888,0.10574524104595184,0.1178862452507019,0.12787055596709251,0.10849576443433762,0.1168428547680378,0.10391097888350487,0.11479733139276505,0.10475758090615273,0.10439020022749901,0.1121809370815754,0.10367627069354057,0.10318192094564438,0.10354434698820114,0.11227201670408249,0.10288636386394501,0.10354703664779663,0.10298416763544083,0.11481970548629761,0.11409125104546547,0.00015635788440704346,0.0,0.0,0.0,0.0,0.0,0.0,0.0,0.0,0.0,0.0,0.0,0.0,0.0,0.0,0.0,0.0,0.0,3.59173347055912
18,0.12034078314900398,0.11906793341040611,0.11924221366643906,0.11891171336174011,0.11879994720220566,0.11954082176089287,0.1190120093524456,0.11831352859735489,0.11300373077392578,0.1056426502764225,0.1066250242292881,0.11801524087786674,0.1095060408115387,0.11747871711850166,0.11315834149718285,0.12165724858641624,0.11724795401096344,0.11710451170802116,0.1068100668489933,0.11674084886908531,0.10586747154593468,0.11611297354102135,0.11615445092320442,0.11386918649077415,0.11518588289618492,0.10434673726558685,0.11513737216591835,0.1035085953772068,0.10274264216423035,0.1021602712571621,0.0,0.0,0.0,0.0,0.0,0.0,0.0,0.0,0.0,0.0,0.0,0.0,0.0,0.0,0.0,0.0,0.0,0.0,0.0,0.0,3.411304909735918
19,0.12484351545572281,0.11525524035096169,0.12000330165028572,0.11939951404929161,0.11917169764637947,0.11947383731603622,0.11926079913973808,0.11854073032736778,0.11878661066293716,0.11879942566156387,0.10957048460841179,0.10963959619402885,0.12453316152095795,0.11837919428944588,0.11784839257597923,0.10794305428862572,0.1084177978336811,0.10812093690037727,0.11786717921495438,0.1169947050511837,0.11752991750836372,0.10670285299420357,0.11593841388821602,0.10512130334973335,0.10546858608722687,0.10349910706281662,0.10498807579278946,0.10446280241012573,0.1027679443359375,0.10258545726537704,0.10223571583628654,0.0005236156284809113,0.0002980567514896393,0.0,0.0,0.0,0.0,0.0,0.0,0.0,0.0,0.0,0.0,0.0,0.0,0.0,0.0,0.0,0.0,0.0,3.5049710236489773
20,0.12011395394802094,0.11977957934141159,0.11947520449757576,0.11967913433909416,0.11900346726179123,0.11937151849269867,0.11920252442359924,0.11933552101254463,0.11767250299453735,0.11899473518133163,0.11800451204180717,0.1176467090845108,0.11747025698423386,0.11802174523472786,0.11792559549212456,0.11737029626965523,0.11741643026471138,0.11654087156057358,0.11653803661465645,0.11723843961954117,0.1179567351937294,0.10636955872178078,0.10358994081616402,0.10471810400485992,0.10301513597369194,0.10273000597953796,0.10380660369992256,0.11535538733005524,0.10304570198059082,0.10266657546162605,0.10225203260779381,0.0003493204712867737,0.0,0.0,0.0,0.0,0.0,0.0,0.0,0.0,0.0,0.0,0.0,0.0,0.0,0.0,0.0,0.0,0.0,0.0,3.5326561369001865
21,0.40900589525699615,0.12016632035374641,0.11955293267965317,0.11932410299777985,0.11945724487304688,0.118965283036232,0.11878297477960587,0.11843518912792206,0.11877141147851944,0.11868112906813622,0.11803999543190002,0.11792286112904549,0.11823368072509766,0.11979261040687561,0.11780480667948723,0.11817017942667007,0.10857052356004715,0.11707447841763496,0.11045491322875023,0.10591922700405121,0.10663479194045067,0.1066199541091919,0.10686070099473,0.10673700645565987,0.10581762343645096,0.10481294244527817,0.10453110560774803,0.10481461882591248,0.10456215217709541,0.1042746789753437,0.10400480404496193,0.10953395813703537,0.10312711074948311,0.0010273270308971405,0.0,0.0,0.0,0.0,0.0,0.0,0.0,0.0,0.0,0.0,0.0,0.0,0.0,0.0,0.0,0.0,4.006484534591436
22,0.36474788188934326,0.11962778493762016,0.11949944868683815,0.1195850670337677,0.12009333074092865,0.11916403099894524,0.11927695944905281,0.11885641887784004,0.1070077009499073,0.11871808767318726,0.11809248104691505,0.11852426826953888,0.11867693439126015,0.11826599761843681,0.11772342026233673,0.1174890585243702,0.11723912134766579,0.1078442931175232,0.10722706466913223,0.10788097605109215,0.11694822460412979,0.11728394031524658,0.1163618266582489,0.10531753674149513,0.11585373431444168,0.10473880171775818,0.1050909273326397,0.11580057814717293,0.11508976295590401,0.11299646645784378,0.10302696004509926,0.0007534325122833252,0.00024513155221939087,0.0,0.0,0.0,0.0,0.0,0.0,0.0,0.0,0.0,0.0,0.0,0.0,0.0,0.0,0.0,0.0,0.0,3.8050476498901844
23,0.3814772367477417,0.11291534826159477,0.12015043944120407,0.11930639296770096,0.1076030470430851,0.11863532289862633,0.11835380643606186,0.11902133747935295,0.11909061670303345,0.1187986508011818,0.11303180456161499,0.12692324817180634,0.11778949573636055,0.11757025495171547,0.11737628653645515,0.10762476176023483,0.10743364691734314,0.108314149081707,0.12055595219135284,0.10731763765215874,0.10698827728629112,0.1096828430891037,0.10454674437642097,0.10600754991173744,0.11566948890686035,0.10377935692667961,0.10428375005722046,0.11525407806038857,0.10235946252942085,0.1150617003440857,0.10830868035554886,0.10359599068760872,0.0004806444048881531,0.0,0.0,0.0,0.0,0.0,0.0,0.0,0.0,0.0,0.0,0.0,0.0,0.0,0.0,0.0,0.0,0.0,3.8753080032765865
24,0.40373557433485985,0.12012358382344246,0.11963922902941704,0.12423833459615707,0.11922420561313629,0.1192903183400631,0.11963161081075668,0.11831414699554443,0.1180763803422451,0.11887510493397713,0.11834996566176414,0.11851545423269272,0.11855152621865273,0.11814678832888603,0.11819146573543549,0.11752444878220558,0.11789039149880409,0.1170065775513649,0.11751075461506844,0.10706999525427818,0.10659727454185486,0.10612565651535988,0.10554757341742516,0.11581404879689217,0.11620909348130226,0.11603002995252609,0.11516282334923744,0.10719968378543854,0.10434238985180855,0.10341240465641022,0.10298658534884453,0.10307527333498001,0.10248227789998055,0.0007359683513641357,0.0004427284002304077,0.0,0.0,0.0,0.0,0.0,0.0,0.0,0.0,0.0,0.0,0.0,0.0,0.0,0.0,0.0,4.056069668382406
25,0.35828156769275665,0.12000157311558723,0.1262139193713665,0.11879092454910278,0.119314756244421,0.11889677494764328,0.11928826943039894,0.11923126876354218,0.11838077381253242,0.11849919706583023,0.11857432126998901,0.11773211508989334,0.1180158443748951,0.11772344633936882,0.10898438468575478,0.1054820753633976,0.11985450610518456,0.11738331988453865,0.1089714802801609,0.1058572456240654,0.10540173575282097,0.1090589202940464,0.10548215359449387,0.10548467189073563,0.10698473826050758,0.10547208040952682,0.003003336489200592,0.002393849194049835,0.0,0.0,0.0,0.0,0.0,0.0,0.0,0.0,0.0,0.0,0.0,0.0,0.0,0.0,0.0,0.0,0.0,0.0,0.0,0.0,0.0,0.0,3.218759249895811
26,0.1193578839302063,0.12020757049322128,0.11957977712154388,0.11893505603075027,0.11946896836161613,0.11901303753256798,0.11929912865161896,0.1186988614499569,0.11841830238699913,0.11825917661190033,0.1180771142244339,0.1175953783094883,0.11265693977475166,0.1101561076939106,0.11734769493341446,0.11732034757733345,0.10856384411454201,0.11752109229564667,0.10784758254885674,0.10799803584814072,0.10725148022174835,0.10671823844313622,0.10605775192379951,0.10565600171685219,0.10530003160238266,0.10485953837633133,0.10568591207265854,0.10407775267958641,0.10418958589434624,0.10373612120747566,0.10297396034002304,0.10282058641314507,0.00032893940806388855,0.0,0.0,0.0,0.0,0.0,0.0,0.0,0.0,0.0,0.0,0.0,0.0,0.0,0.0,0.0,0.0,0.0,3.5859778001904488
27,0.11946394294500351,0.10768717527389526,0.11920352280139923,0.1199510395526886,0.11908648163080215,0.11603682860732079,0.11937937140464783,0.11869313940405846,0.1184607520699501,0.11906618997454643,0.11816037073731422,0.1176643818616867,0.10836103186011314,0.1179022379219532,0.11743750423192978,0.11729755252599716,0.11669539660215378,0.11660447344183922,0.11722889542579651,0.11649180948734283,0.11574779823422432,0.11607922241091728,0.1030992716550827,0.11946726962924004,0.1056080013513565,0.10320096090435982,0.10266317427158356,0.10236014425754547,0.10245736688375473,0.10263867303729057,0.00016701966524124146,0.0,0.0,0.0,0.0,0.0,0.0,0.0,0.0,0.0,0.0,0.0,0.0,0.0,0.0,0.0,0.0,0.0,0.0,0.0,3.414361000061035
28,0.11933983117341995,0.11987340450286865,0.1196611300110817,0.12004976347088814,0.11917683482170105,0.1193092055618763,0.11844409257173538,0.11850829422473907,0.11934267356991768,0.11829552054405212,0.11795207485556602,0.11834627389907837,0.1182001642882824,0.11761577799916267,0.11473875120282173,0.11740218475461006,0.11369562149047852,0.10761746019124985,0.10755546018481255,0.10726877301931381,0.10682089999318123,0.11693799123167992,0.11660974100232124,0.10403570532798767,0.11575279757380486,0.10391600802540779,0.1171405278146267,0.11500734835863113,0.11188014224171638,0.11538053676486015,0.10218799486756325,0.0002981796860694885,0.0,0.0,0.0,0.0,0.0,0.0,0.0,0.0,0.0,0.0,0.0,0.0,0.0,0.0,0.0,0.0,0.0,0.0,3.558361165225506
29,0.11962516233325005,0.1192106120288372,0.11923853680491447,0.11893929168581963,0.10718584805727005,0.11906475573778152,0.11954095959663391,0.11893850937485695,0.11872919648885727,0.1065589040517807,0.11841101199388504,0.11849088221788406,0.1178763322532177,0.11818782612681389,0.10599413514137268,0.1067853532731533,0.10454535856842995,0.11664819344878197,0.11626247689127922,0.10587892308831215,0.10551271215081215,0.10455413535237312,0.1158946044743061,0.11584683880209923,0.10283734649419785,0.11480286344885826,0.1112608090043068,0.1024903915822506,0.10192704573273659,0.10208949446678162,0.00034560635685920715,0.0,0.0,0.0,0.0,0.0,0.0,0.0,0.0,0.0,0.0,0.0,0.0,0.0,0.0,0.0,0.0,0.0,0.0,0.0,3.3736741170287132
30,0.11961480602622032,0.11952890828251839,0.1193297952413559,0.11875488609075546,0.11937668174505234,0.11879285052418709,0.11902905628085136,0.11856361478567123,0.11850794404745102,0.11795978620648384,0.11855284124612808,0.11797766387462616,0.11219076439738274,0.11034628003835678,0.10581439360976219,0.11780856922268867,0.10828913748264313,0.11721514537930489,0.11707372590899467,0.11222970485687256,0.11644997075200081,0.11683277413249016,0.10576382279396057,0.11604022979736328,0.11212397366762161,0.10479659959673882,0.10427890345454216,0.11522013694047928,0.1082339845597744,0.10576361790299416,0.10261538997292519,0.10214339196681976,0.0002656318247318268,0.0,0.0,0.0,0.0,0.0,0.0,0.0,0.0,0.0,0.0,0.0,0.0,0.0,0.0,0.0,0.0,0.0,3.637484982609749
31,0.3904445357620716,0.11952187865972519,0.11990023031830788,0.11895876750349998,0.11935708671808243,0.11869089677929878,0.11940469592809677,0.11902012676000595,0.11894717440009117,0.11901910975575447,0.11791666224598885,0.10609249770641327,0.10975629836320877,0.11835361272096634,0.11839405074715614,0.11765602976083755,0.10790111497044563,0.11786625906825066,0.10846992209553719,0.10782307758927345,0.1175505593419075,0.11698347330093384,0.10607247427105904,0.10353779792785645,0.10318303853273392,0.10302318632602692,0.11562594026327133,0.11590614169836044,0.10239078104496002,0.10235001891851425,0.10219402238726616,0.10210702568292618,0.0002973116934299469,0.0,0.0,0.0,0.0,0.0,0.0,0.0,0.0,0.0,0.0,0.0,0.0,0.0,0.0,0.0,0.0,0.0,3.884715799242258
32,0.3733876310288906,0.12032463774085045,0.12003084272146225,0.11891930922865868,0.11964577063918114,0.11973874270915985,0.11914920434355736,0.1192387118935585,0.11900550499558449,0.11852878332138062,0.11828915774822235,0.11614325270056725,0.11802241951227188,0.11736879870295525,0.1176113486289978,0.11722977459430695,0.10733972862362862,0.10781888291239738,0.10745515301823616,0.10630335286259651,0.11705019697546959,0.10378572344779968,0.11676206812262535,0.10358545184135437,0.10481904447078705,0.10308688879013062,0.10250184312462807,0.10279601812362671,0.11631980910897255,0.10208890959620476,0.10246187448501587,0.00030529871582984924,0.0,0.0,0.0,0.0,0.0,0.0,0.0,0.0,0.0,0.0,0.0,0.0,0.0,0.0,0.0,0.0,0.0,0.0,3.7571141347289085
33,0.37133436650037766,0.11951598152518272,0.11906487494707108,0.12000104412436485,0.11939381435513496,0.11939892545342445,0.11972229927778244,0.11948851123452187,0.11845610290765762,0.11823807284235954,0.11855978891253471,0.11844490468502045,0.11765073612332344,0.11842573806643486,0.10724448785185814,0.11715251952409744,0.10662366449832916,0.11761985346674919,0.11711941659450531,0.11735641956329346,0.10590114817023277,0.10537197440862656,0.1052139513194561,0.11534873023629189,0.10337669774889946,0.11477164551615715,0.10462123900651932,0.10274779424071312,0.10228778421878815,0.10406774282455444,0.10240117460489273,0.0003413073718547821,0.0,0.0,0.0,0.0,0.0,0.0,0.0,0.0,0.0,0.0,0.0,0.0,0.0,0.0,0.0,0.0,0.0,0.0,3.76726271212101
34,0.720451433211565,0.11965407803654671,0.1192413978278637,0.11919291317462921,0.1195453330874443,0.11943035945296288,0.10659243911504745,0.1062588095664978,0.10610934719443321,0.11785199865698814,0.1180989146232605,0.10550745576620102,0.12499898299574852,0.11783265694975853,0.10861093550920486,0.10523594915866852,0.10504662990570068,0.10459872335195541,0.10422468557953835,0.10430608317255974,0.10440760850906372,0.10657833889126778,0.1059698574244976,0.10357709974050522,0.10434343293309212,0.10480381548404694,0.10441101714968681,0.10356302559375763,0.10345850884914398,0.10326116159558296,0.10218054801225662,0.0002779737114906311,0.0,0.0,0.0,0.0,0.0,0.0,0.0,0.0,0.0,0.0,0.0,0.0,0.0,0.0,0.0,0.0,0.0,0.0,3.9996215142309666
35,0.3475485146045685,0.12004787102341652,0.11812905222177505,0.11988405883312225,0.11904242262244225,0.11886896193027496,0.11815595254302025,0.1182987131178379,0.11805979534983635,0.11766999587416649,0.1172119528055191,0.1180839017033577,0.10494470223784447,0.11793624982237816,0.11720161139965057,0.11733293905854225,0.10822397470474243,0.11748529598116875,0.10738984122872353,0.10411576926708221,0.10354385897517204,0.11565624549984932,0.10301602631807327,0.10283848643302917,0.10272693634033203,0.1023624874651432,0.1021418534219265,0.1018284521996975,0.10209772363305092,0.10208084061741829,0.00035627931356430054,0.0,0.0,0.0,0.0,0.0,0.0,0.0,0.0,0.0,0.0,0.0,0.0,0.0,0.0,0.0,0.0,0.0,0.0,0.0,3.5842807665467262
36,0.11859475821256638,0.1193714439868927,0.11829206347465515,0.11884872242808342,0.1178797110915184,0.11856788024306297,0.11842675879597664,0.11742789298295975,0.11758948117494583,0.11805776134133339,0.11035297811031342,0.1096407063305378,0.10945973545312881,0.10930821672081947,0.10828332975506783,0.10868867114186287,0.1077621579170227,0.1078946702182293,0.10766248777508736,0.10735966265201569,0.10695867612957954,0.10671290755271912,0.1065342128276825,0.10609779134392738,0.10568558424711227,0.11529786139726639,0.10476895794272423,0.10237480327486992,0.10233060643076897,0.10233893990516663,0.10186810791492462,0.10178178176283836,0.00048517435789108276,0.0002962835133075714,0.0,0.0,0.0,0.0,0.0,0.0,0.0,0.0,0.0,0.0,0.0,0.0,0.0,0.0,0.0,0.0,3.5330007784068584
37,0.11830495670437813,0.11952146142721176,0.11919638141989708,0.11808765679597855,0.11890758201479912,0.1180429495871067,0.11861436814069748,0.11847873032093048,0.11804365739226341,0.11803711950778961,0.11738093569874763,0.11719006672501564,0.11726675182580948,0.10511471703648567,0.11656185984611511,0.10788195580244064,0.11748168990015984,0.11583127826452255,0.10380523651838303,0.10735607147216797,0.10357805714011192,0.10345768928527832,0.10575161874294281,0.10268419235944748,0.10426925495266914,0.10450154542922974,0.10408951342105865,0.10375145822763443,0.103106539696455,0.10213474184274673,0.1020994707942009,0.0,0.0,0.0,0.0,0.0,0.0,0.0,0.0,0.0,0.0,0.0,0.0,0.0,0.0,0.0,0.0,0.0,0.0,0.0,3.450529508292675
38,0.11894058808684349,0.11875296756625175,0.11882875859737396,0.11867503076791763,0.1180194690823555,0.11826261132955551,0.1181231439113617,0.11807821318507195,0.11731883883476257,0.11814303323626518,0.11688927561044693,0.1050790324807167,0.11736729368567467,0.10482073202729225,0.12177347019314766,0.10819463059306145,0.10830115899443626,0.10807289555668831,0.10691232979297638,0.10724993422627449,0.10706372931599617,0.10623505711555481,0.11649094894528389,0.10519934445619583,0.10500038787722588,0.10480045527219772,0.10432424396276474,0.002503741532564163,0.0,0.0,0.0,0.0,0.0,0.0,0.0,0.0,0.0,0.0,0.0,0.0,0.0,0.0,0.0,0.0,0.0,0.0,0.0,0.0,0.0,0.0,3.0394213162362576
39,0.11878770589828491,0.11932607740163803,0.1183072179555893,0.11881570890545845,0.11900709196925163,0.11810639500617981,0.11796804890036583,0.11848841607570648,0.11800936236977577,0.11760075762867928,0.1177903339266777,0.10504405945539474,0.10504230484366417,0.11785727739334106,0.11897187307476997,0.10833414644002914,0.11636046320199966,0.10427452996373177,0.10396107286214828,0.10706911981105804,0.1067284420132637,0.10347016900777817,0.10348958522081375,0.10352379828691483,0.10263320058584213,0.10446783900260925,0.10409573093056679,0.10219204798340797,0.10349391028285027,0.10203314945101738,0.10225549340248108,0.00036790966987609863,0.0,0.0,0.0,0.0,0.0,0.0,0.0,0.0,0.0,0.0,0.0,0.0,0.0,0.0,0.0,0.0,0.0,0.0,3.4278732389211655
40,0.11862478405237198,0.11850405856966972,0.11920399218797684,0.11811904236674309,0.11861568689346313,0.10572832822799683,0.11818067729473114,0.11870864033699036,0.11827343702316284,0.11783157289028168,0.11739207431674004,0.11073217913508415,0.11756189540028572,0.12794220447540283,0.11765218898653984,0.10866304859519005,0.12069082632660866,0.11724934354424477,0.11786501109600067,0.11619408801198006,0.1060011275112629,0.11653115227818489,0.11820895597338676,0.1169980838894844,0.11605033278465271,0.11570600420236588,0.1150442399084568,0.11420147866010666,0.10244613140821457,0.10244721919298172,0.10242818295955658,0.00032041966915130615,0.0,0.0,0.0,0.0,0.0,0.0,0.0,0.0,0.0,0.0,0.0,0.0,0.0,0.0,0.0,0.0,0.0,0.0,3.5701164081692696
41,0.3020242042839527,0.11926937475800514,0.11839837953448296,0.11873165890574455,0.11890065297484398,0.1187770701944828,0.11799509823322296,0.11863446608185768,0.11879073455929756,0.11849720031023026,0.11822269484400749,0.11812466755509377,0.117982879281044,0.11744094267487526,0.11805537343025208,0.11740215122699738,0.11691198125481606,0.11652351543307304,0.10379493981599808,0.10374079644680023,0.1035132072865963,0.11587315052747726,0.11589273437857628,0.10312860831618309,0.10264664515852928,0.10266786068677902,0.10244450345635414,0.10207643732428551,0.10236064717173576,0.1020403802394867,0.0,0.0,0.0,0.0,0.0,0.0,0.0,0.0,0.0,0.0,0.0,0.0,0.0,0.0,0.0,0.0,0.0,0.0,0.0,0.0,3.5708629563450813
42,0.30166150256991386,0.10657030716538429,0.11923907697200775,0.10604792460799217,0.11889002472162247,0.10576530545949936,0.1057303324341774,0.11803610995411873,0.11757234111428261,0.1054374985396862,0.11851933225989342,0.11818250268697739,0.11484438180923462,0.11735428497195244,0.11690763756632805,0.1089797355234623,0.10810381174087524,0.1076703667640686,0.10401882603764534,0.10379727557301521,0.10646746307611465,0.10327228531241417,0.1058819480240345,0.10534649714827538,0.1153709925711155,0.1026763878762722,0.10253753513097763,0.10357174277305603,0.10326584801077843,0.10294390469789505,0.10250465199351311,0.10216273367404938,0.00032514333724975586,0.0,0.0,0.0,0.0,0.0,0.0,0.0,0.0,0.0,0.0,0.0,0.0,0.0,0.0,0.0,0.0,0.0,3.6796557120978832
43,0.29580407217144966,0.10642437264323235,0.11857130751013756,0.10639692097902298,0.11883464455604553,0.11874010786414146,0.1192840114235878,0.1180296279489994,0.11837003007531166,0.11769973859190941,0.11756889149546623,0.11802491173148155,0.11848611757159233,0.11693144962191582,0.11721635237336159,0.11682769283652306,0.11621978878974915,0.11686793714761734,0.11618730053305626,0.11601824313402176,0.1152837686240673,0.1160418763756752,0.11592121794819832,0.10528533160686493,0.10468443855643272,0.1042223796248436,0.10375721752643585,0.10335826128721237,0.10285687819123268,0.10237208753824234,0.10215472802519798,0.0,0.0,0.0,0.0,0.0,0.0,0.0,0.0,0.0,0.0,0.0,0.0,0.0,0.0,0.0,0.0,0.0,0.0,0.0,3.684441704303026
44,0.29557568207383156,0.11861813440918922,0.11816995590925217,0.11815038695931435,0.10601630434393883,0.10619300603866577,0.11790790408849716,0.10538729280233383,0.10580862686038017,0.10534010455012321,0.10513627901673317,0.10495350882411003,0.10480104759335518,0.1046108789741993,0.10445094481110573,0.10770450159907341,0.10422198101878166,0.10423482209444046,0.10377177968621254,0.10578707978129387,0.10687293112277985,0.10664160922169685,0.10603398084640503,0.1058032438158989,0.10554291307926178,0.10507456213235855,0.10482518747448921,0.002881210297346115,0.0,0.0,0.0,0.0,0.0,0.0,0.0,0.0,0.0,0.0,0.0,0.0,0.0,0.0,0.0,0.0,0.0,0.0,0.0,0.0,0.0,0.0,3.090515859425068
45,0.30039365217089653,0.1070561595261097,0.10623938962817192,0.10619700327515602,0.10600614920258522,0.10577982291579247,0.1057998389005661,0.10581806674599648,0.10545732080936432,0.10544438660144806,0.10540316253900528,0.10508976131677628,0.10997669398784637,0.10494926199316978,0.10460076853632927,0.10918498039245605,0.10784192010760307,0.10433614626526833,0.10785262659192085,0.10756770148873329,0.10387064889073372,0.10353727638721466,0.10332664474844933,0.10307188704609871,0.10290784016251564,0.10410904884338379,0.10420769080519676,0.10395599156618118,0.10355904325842857,0.10303658992052078,0.10281557962298393,0.10222605615854263,0.0,0.0,0.0,0.0,0.0,0.0,0.0,0.0,0.0,0.0,0.0,0.0,0.0,0.0,0.0,0.0,0.0,0.0,3.561619110405445
46,0.12063877657055855,0.11992304399609566,0.11945115774869919,0.11884811893105507,0.11809555813670158,0.11772743239998817,0.11791672185063362,0.1181577704846859,0.11768423020839691,0.1051240861415863,0.10571272671222687,0.10475276038050652,0.10449312254786491,0.10462824255228043,0.10412659868597984,0.10414482280611992,0.10400708764791489,0.10746242851018906,0.10696978494524956,0.10349971801042557,0.10592992976307869,0.10289538279175758,0.10271284729242325,0.10367593541741371,0.10465697199106216,0.10233259946107864,0.10222850367426872,0.0008439905941486359,0.10222490504384041,0.10271131619811058,0.00068654865026474,0.000239446759223938,0.0,0.0,0.0,0.0,0.0,0.0,0.0,0.0,0.0,0.0,0.0,0.0,0.0,0.0,0.0,0.0,0.0,0.0,3.1545025669038296
47,0.11857278645038605,0.1192527636885643,0.1189756952226162,0.11877157539129257,0.11829296126961708,0.1188979260623455,0.11818410456180573,0.10545649006962776,0.10538684949278831,0.10541574656963348,0.10509775951504707,0.10457486286759377,0.10532625392079353,0.10474419966340065,0.10480138286948204,0.10781800746917725,0.11707144230604172,0.10391294956207275,0.10668357834219933,0.10665414109826088,0.1062355674803257,0.10579674690961838,0.10555290803313255,0.10283910483121872,0.10272238403558731,0.10263288393616676,0.10244655981659889,0.10311920568346977,0.10254308953881264,0.10194597020745277,0.0003306157886981964,0.0,0.0,0.0,0.0,0.0,0.0,0.0,0.0,0.0,0.0,0.0,0.0,0.0,0.0,0.0,0.0,0.0,0.0,0.0,3.2500565126538277
48,0.1185719221830368,0.10604890808463097,0.10618071258068085,0.1057656817138195,0.11919406428933144,0.10543441027402878,0.10537546873092651,0.11646876856684685,0.1051049679517746,0.10502179339528084,0.10609662532806396,0.10500843450427055,0.1087024062871933,0.1309312954545021,0.108758844435215,0.10491803288459778,0.10876880586147308,0.10781113803386688,0.10764231160283089,0.10762463510036469,0.10442188754677773,0.10680000483989716,0.10655205696821213,0.10672029480338097,0.1055494099855423,0.10584340244531631,0.1059776060283184,0.10573245584964752,0.10464609786868095,0.10501909628510475,0.10423687100410461,0.0022988691926002502,0.0,0.0,0.0,0.0,0.0,0.0,0.0,0.0,0.0,0.0,0.0,0.0,0.0,0.0,0.0,0.0,0.0,0.0,3.3532272800803185
49,0.1184423640370369,0.11910730972886086,0.1184178851544857,0.11820480972528458,0.11822234839200974,0.11799528822302818,0.11827746778726578,0.11814615875482559,0.11782152578234673,0.11728662624955177,0.11754058673977852,0.1176336295902729,0.11683927103877068,0.10467438399791718,0.11775726079940796,0.1083109974861145,0.10808061808347702,0.10759549587965012,0.10692236199975014,0.1069391593337059,0.10649564489722252,0.10600078478455544,0.10313840582966805,0.10283740237355232,0.1048802025616169,0.1045348308980465,0.10409630089998245,0.1020563617348671,0.1018851064145565,0.10203590244054794,0.10209732130169868,0.000312168151140213,0.0,0.0,0.0,0.0,0.0,0.0,0.0,0.0,0.0,0.0,0.0,0.0,0.0,0.0,0.0,0.0,0.0,0.0,3.4345859810709953
50,0.11959870532155037,0.11844409257173538,0.10602613165974617,0.10594527050852776,0.10569195821881294,0.105869609862566,0.11800691485404968,0.10551917925477028,0.10516414046287537,0.11745626851916313,0.1158960722386837,0.10481217131018639,0.11685769259929657,0.10456759855151176,0.10771283507347107,0.10471120849251747,0.10791507363319397,0.10750998184084892,0.10366661474108696,0.10665147379040718,0.10637897253036499,0.10584800690412521,0.1028163693845272,0.10502182692289352,0.10444222390651703,0.1022757887840271,0.10216646641492844,0.10189631208777428,0.10197443887591362,0.0005580931901931763,0.0,0.0,0.0,0.0,0.0,0.0,0.0,0.0,0.0,0.0,0.0,0.0,0.0,0.0,0.0,0.0,0.0,0.0,0.0,0.0,3.1214014925062656
51,0.29968175292015076,0.11940610408782959,0.11919468268752098,0.11819157376885414,0.11834800243377686,0.11931616812944412,0.11943937093019485,0.11813556775450706,0.118623536080122,0.11826035752892494,0.10488495975732803,0.11723515763878822,0.1047278419137001,0.11655239760875702,0.10507167503237724,0.10498569905757904,0.11673489958047867,0.11641523987054825,0.10741657018661499,0.11657708510756493,0.10679561272263527,0.10615760460495949,0.10605299472808838,0.10567613691091537,0.10541636124253273,0.10513492673635483,0.10450653359293938,0.10245230421423912,0.10215182974934578,0.10341142863035202,0.10285290330648422,0.1021876335144043,0.10215215384960175,0.00031169503927230835,0.0,0.0,0.0,0.0,0.0,0.0,0.0,0.0,0.0,0.0,0.0,0.0,0.0,0.0,0.0,0.0,3.8344587609171867
52,0.29995157197117805,0.11916768178343773,0.11847850307822227,0.10601141676306725,0.10560252889990807,0.1057036854326725,0.1054275631904602,0.10555946454405785,0.10516132786870003,0.11742383241653442,0.10492360219359398,0.11706295609474182,0.10480273887515068,0.11397547647356987,0.10441436618566513,0.10440725460648537,0.10404655709862709,0.1157914251089096,0.11602665856480598,0.10399821400642395,0.10357936099171638,0.11548355221748352,0.10343128442764282,0.10288232564926147,0.1026388630270958,0.10239605605602264,0.10380806028842926,0.10325907543301582,0.10279421135783195,0.10231087729334831,0.10200826078653336,0.00033706799149513245,0.0,0.0,0.0,0.0,0.0,0.0,0.0,0.0,0.0,0.0,0.0,0.0,0.0,0.0,0.0,0.0,0.0,0.0,3.5228658206760883
53,0.30247707292437553,0.10649427026510239,0.10666061192750931,0.11890187114477158,0.1181730180978775,0.11842925474047661,0.11800851300358772,0.11809542775154114,0.11760853976011276,0.10533640906214714,0.10521041229367256,0.10478733479976654,0.10490264743566513,0.12700966000556946,0.10811936855316162,0.10874107480049133,0.10884814336895943,0.10867836698889732,0.10798696056008339,0.1045609712600708,0.10766750574111938,0.10734306648373604,0.10669738054275513,0.10694245621562004,0.10676757991313934,0.10586898401379585,0.10611964017152786,0.1056552305817604,0.10492711514234543,0.10325894132256508,0.10305577889084816,0.10280388221144676,0.10253893211483955,0.10196773707866669,0.10223960131406784,0.00034546852111816406,0.0,0.0,0.0,0.0,0.0,0.0,0.0,0.0,0.0,0.0,0.0,0.0,0.0,0.0,3.993229229003191
54,0.21257779747247696,0.10630116239190102,0.10629133507609367,0.10615597665309906,0.1058560162782669,0.10583026334643364,0.10564633831381798,0.10567867755889893,0.10523737594485283,0.10514085367321968,0.10507063195109367,0.10483341291546822,0.10483356565237045,0.1046239472925663,0.10875596106052399,0.10845761373639107,0.10791893675923347,0.10747078061103821,0.10713480040431023,0.1069599986076355,0.10679534450173378,0.10646756738424301,0.10620110109448433,0.10592499747872353,0.10310695692896843,0.104654211550951,0.10255905240774155,0.10251957923173904,0.10228963941335678,0.10217748582363129,0.10192334279417992,0.10229501500725746,0.10194236040115356,0.00031967833638191223,0.0,0.0,0.0,0.0,0.0,0.0,0.0,0.0,0.0,0.0,0.0,0.0,0.0,0.0,0.0,0.0,3.5799517780542374
55,0.3000878542661667,0.11926034092903137,0.11861635744571686,0.11895404756069183,0.11824065819382668,0.11880135536193848,0.11815742775797844,0.11775968596339226,0.11743227764964104,0.11740375682711601,0.1180938147008419,0.11737730354070663,0.11731608584523201,0.11711933091282845,0.11657798662781715,0.10870708897709846,0.10425621271133423,0.11625770106911659,0.11607858538627625,0.1035938560962677,0.10342951491475105,0.10476602241396904,0.10314498096704483,0.1050274483859539,0.10459719970822334,0.10434017702937126,0.10397345572710037,0.11439261585474014,0.10273101180791855,0.1022004708647728,0.00036581605672836304,0.0,0.0,0.0,0.0,0.0,0.0,0.0,0.0,0.0,0.0,0.0,0.0,0.0,0.0,0.0,0.0,0.0,0.0,0.0,3.5490604415535927
56,0.11896039173007011,0.10631788149476051,0.10683062672615051,0.11814533919095993,0.10616932809352875,0.10584954172372818,0.10588071122765541,0.10555882006883621,0.10566456615924835,0.10556808486580849,0.10524648055434227,0.1050054281949997,0.10510136187076569,0.1047799251973629,0.10915575921535492,0.10796819254755974,0.10392943397164345,0.10695846006274223,0.10697293654084206,0.10682002827525139,0.10651420056819916,0.10600026696920395,0.10564394667744637,0.10555829107761383,0.1048259362578392,0.10463284328579903,0.10263394191861153,0.10359020531177521,0.10335943475365639,0.10275141522288322,0.10220169648528099,0.00030647218227386475,0.0,0.0,0.0,0.0,0.0,0.0,0.0,0.0,0.0,0.0,0.0,0.0,0.0,0.0,0.0,0.0,0.0,0.0,3.2949019484221935
57,0.11855736374855042,0.11904190108180046,0.11871575191617012,0.11797413975000381,0.11871922761201859,0.10574086382985115,0.11826065555214882,0.10600001364946365,0.10576342791318893,0.10552121698856354,0.10522929206490517,0.10482239350676537,0.10480626672506332,0.11763404682278633,0.10486125200986862,0.10467982664704323,0.11639672517776489,0.10688600316643715,0.103667002171278,0.10597996041178703,0.10327821969985962,0.10563307628035545,0.10296425223350525,0.10460277274250984,0.10252175852656364,0.10228394716978073,0.10214033350348473,0.10309631004929543,0.10264062136411667,0.1021454744040966,0.00039594992995262146,0.0,0.0,0.0,0.0,0.0,0.0,0.0,0.0,0.0,0.0,0.0,0.0,0.0,0.0,0.0,0.0,0.0,0.0,0.0,3.240960046648979
58,0.1183391660451889,0.1192120686173439,0.11854229494929314,0.11833334341645241,0.11898412182927132,0.11855195462703705,0.1179630383849144,0.11825717240571976,0.1172977052628994,0.11737357079982758,0.11698839068412781,0.10546694323420525,0.11704811826348305,0.1287122778594494,0.11793788149952888,0.10476342961192131,0.11750143393874168,0.10449409484863281,0.11684855446219444,0.10474786534905434,0.10344364866614342,0.1037425734102726,0.10542035102844238,0.10294940322637558,0.10494253784418106,0.10455022752285004,0.10371092334389687,0.10415718704462051,0.10225797072052956,0.10216829553246498,0.00046991556882858276,0.00028910115361213684,0.0,0.0,0.0,0.0,0.0,0.0,0.0,0.0,0.0,0.0,0.0,0.0,0.0,0.0,0.0,0.0,0.0,0.0,3.3554655611515045
59,0.11881643161177635,0.1069786585867405,0.11862363666296005,0.11851228028535843,0.11916303634643555,0.11822132393717766,0.1177641712129116,0.10583993047475815,0.11784243956208229,0.10554171726107597,0.10538595914840698,0.10500828549265862,0.11702461913228035,0.10478924214839935,0.10420464724302292,0.10403387993574142,0.104355588555336,0.1036871150135994,0.10348586365580559,0.10348349437117577,0.10363095998764038,0.1030605174601078,0.10529090091586113,0.10482518747448921,0.10433770343661308,0.10401626303792,0.10249254107475281,0.10310589894652367,0.1026323214173317,0.10201570391654968,0.00030899420380592346,0.0,0.0,0.0,0.0,0.0,0.0,0.0,0.0,0.0,0.0,0.0,0.0,0.0,0.0,0.0,0.0,0.0,0.0,0.0,3.2384793125092983
60,0.10644576698541641,0.10621440783143044,0.11842110008001328,0.11830033361911774,0.11802461370825768,0.11529302224516869,0.10616984590888023,0.10621403157711029,0.1175936684012413,0.10538013651967049,0.10497259721159935,0.10466613993048668,0.10448847338557243,0.10881175100803375,0.10472871363162994,0.10850098356604576,0.10459745675325394,0.1077875979244709,0.10731060802936554,0.10707582160830498,0.1067696213722229,0.10632206872105598,0.10575428605079651,0.10544415190815926,0.10518460720777512,0.10261151939630508,0.10249042883515358,0.1033354289829731,0.10329518467187881,0.10192929208278656,0.10281985998153687,0.1024787649512291,0.000299893319606781,0.0,0.0,0.0,0.0,0.0,0.0,0.0,0.0,0.0,0.0,0.0,0.0,0.0,0.0,0.0,0.0,0.0,3.4297321774065495
61,0.2840142585337162,0.11819283291697502,0.11865396797657013,0.11900749802589417,0.1187659464776516,0.1178683489561081,0.11842832341790199,0.11799287796020508,0.11802113801240921,0.11830402910709381,0.11752749234437943,0.10531110689043999,0.11745234206318855,0.13403083011507988,0.11031287163496017,0.10823097079992294,0.109003946185112,0.10735365748405457,0.1078392043709755,0.1070786714553833,0.10736372321844101,0.10636497288942337,0.10650117695331573,0.10604971647262573,0.10623254626989365,0.003696378320455551,0.0,0.0,0.0,0.0,0.0,0.0,0.0,0.0,0.0,0.0,0.0,0.0,0.0,0.0,0.0,0.0,0.0,0.0,0.0,0.0,0.0,0.0,0.0,0.0,3.0095988288521767
62,0.3011486902832985,0.11893835291266441,0.11898025497794151,0.11857709288597107,0.1184333898127079,0.11829280108213425,0.11762169748544693,0.118490070104599,0.11826499179005623,0.118098434060812,0.11726883426308632,0.10489620640873909,0.1291818954050541,0.12154532223939896,0.11732140555977821,0.10852987691760063,0.10809345170855522,0.10808518528938293,0.107943594455719,0.10744422301650047,0.10727996751666069,0.1070130243897438,0.10617358610033989,0.10631223022937775,0.10502021759748459,0.10557668656110764,0.0032713375985622406,0.0,0.0,0.0,0.0,0.0,0.0,0.0,0.0,0.0,0.0,0.0,0.0,0.0,0.0,0.0,0.0,0.0,0.0,0.0,0.0,0.0,0.0,0.0,3.1378028206527233
63,0.3147582747042179,0.11890712380409241,0.1182253472507,0.1191776916384697,0.11900138482451439,0.11945394799113274,0.11841465160250664,0.1179010272026062,0.11796263605356216,0.11791275069117546,0.11838008463382721,0.11758733168244362,0.11513883620500565,0.10557547211647034,0.1172785609960556,0.1174531877040863,0.10848989337682724,0.10769619047641754,0.10734623298048973,0.10669149458408356,0.1059952899813652,0.11562355235219002,0.11594514548778534,0.10306455940008163,0.10283941775560379,0.10275045409798622,0.10247530788183212,0.10226191207766533,0.1021052710711956,0.10230294987559319,0.10223866626620293,0.0004003383219242096,0.0,0.0,0.0,0.0,0.0,0.0,0.0,0.0,0.0,0.0,0.0,0.0,0.0,0.0,0.0,0.0,0.0,0.0,3.66135498508811
64,0.3027174808084965,0.1066095270216465,0.11814729869365692,0.118613600730896,0.11814446747303009,0.11823690310120583,0.11511547490954399,0.11800945550203323,0.11709760874509811,0.10510953888297081,0.11756930872797966,0.10482966899871826,0.1045755073428154,0.11671219021081924,0.10861685127019882,0.10865958407521248,0.10827726498246193,0.10800157487392426,0.11147775501012802,0.10727046057581902,0.10731431469321251,0.10750707983970642,0.10676920041441917,0.10684813186526299,0.1053728498518467,0.11581719294190407,0.1265302710235119,0.1038014255464077,0.10258739814162254,0.10271001234650612,0.10377500206232071,0.10278139635920525,0.10241872444748878,0.10277803987264633,0.0005430430173873901,0.000253874808549881,0.0,0.0,0.0,0.0,0.0,0.0,0.0,0.0,0.0,0.0,0.0,0.0,0.0,0.0,3.9315994791686535
65,0.3013690486550331,0.10635662078857422,0.10628904774785042,0.10641827434301376,0.10590628907084465,0.11809214949607849,0.10609914734959602,0.10536016896367073,0.11735168844461441,0.1052517518401146,0.104901272803545,0.108560960739851,0.1046719029545784,0.10471586510539055,0.10473470389842987,0.10438305512070656,0.1039801761507988,0.10722136497497559,0.10375182330608368,0.1070670410990715,0.10643326118588448,0.10299281403422356,0.10279877856373787,0.10465584322810173,0.10496432334184647,0.10248040780425072,0.10228567570447922,0.10342822596430779,0.10316776111721992,0.10278275981545448,0.10194025188684464,0.0003213658928871155,0.0,0.0,0.0,0.0,0.0,0.0,0.0,0.0,0.0,0.0,0.0,0.0,0.0,0.0,0.0,0.0,0.0,0.0,3.4707338213920593
66,0.11877546831965446,0.11833258718252182,0.10601833462715149,0.10583819821476936,0.10591191425919533,0.11832041293382645,0.10546984523534775,0.10546934232115746,0.11418090015649796,0.11816086620092392,0.10504646226763725,0.10474172979593277,0.10473781079053879,0.1045568510890007,0.10430298373103142,0.10407121852040291,0.11612243950366974,0.10779865086078644,0.10728482156991959,0.1069500744342804,0.1067752055823803,0.10632531717419624,0.10605565086007118,0.10287361219525337,0.10381538420915604,0.10500038415193558,0.10472730174660683,0.10446969047188759,0.10423477366566658,0.10396085307002068,0.10370990261435509,0.0018792077898979187,0.0,0.0,0.0,0.0,0.0,0.0,0.0,0.0,0.0,0.0,0.0,0.0,0.0,0.0,0.0,0.0,0.0,0.0,3.3359181955456734
67,0.10630199313163757,0.11874404922127724,0.11815379187464714,0.10584894567728043,0.11901557445526123,0.11795850470662117,0.10540042817592621,0.11767925322055817,0.11727505922317505,0.11838303133845329,0.11005330458283424,0.10937405750155449,0.10487346723675728,0.11721171438694,0.10846579447388649,0.10812702775001526,0.10777827724814415,0.10781831294298172,0.10736055299639702,0.10694053769111633,0.10679958015680313,0.10656856000423431,0.10631060972809792,0.10596625506877899,0.10536953434348106,0.10516935586929321,0.10473590716719627,0.10434336960315704,0.10389575734734535,0.10373369976878166,0.10218733921647072,0.10218242183327675,0.0010605640709400177,0.0,0.0,0.0,0.0,0.0,0.0,0.0,0.0,0.0,0.0,0.0,0.0,0.0,0.0,0.0,0.0,0.0,3.491086632013321
68,0.11897559836506844,0.11817324161529541,0.11857841163873672,0.11862783879041672,0.11830808222293854,0.1180390901863575,0.1055302582681179,0.11751081421971321,0.11795536801218987,0.1184377558529377,0.11750496178865433,0.10545825585722923,0.13204951211810112,0.11812378093600273,0.10510420799255371,0.11787387356162071,0.10501402616500854,0.10835837945342064,0.10396499559283257,0.10425452142953873,0.11751213669776917,0.10641131922602654,0.10358725488185883,0.10562582314014435,0.10519362986087799,0.10460113361477852,0.10367632284760475,0.10293346270918846,0.10328488424420357,0.10243093222379684,0.10255216062068939,0.0003270357847213745,0.0,0.0,0.0,0.0,0.0,0.0,0.0,0.0,0.0,0.0,0.0,0.0,0.0,0.0,0.0,0.0,0.0,0.0,3.445979069918394
69,0.11862960830330849,0.11832252517342567,0.1185019314289093,0.11853662133216858,0.11797645688056946,0.10556382685899734,0.1054483987390995,0.10534834489226341,0.10522449389100075,0.10536794736981392,0.10502031445503235,0.10479021444916725,0.10449643433094025,0.10439278185367584,0.10716555267572403,0.10830305516719818,0.10407155379652977,0.11590060964226723,0.10662515461444855,0.10365546867251396,0.10330307483673096,0.10306373983621597,0.10277794301509857,0.10256130620837212,0.10315534099936485,0.10412333905696869,0.10369117558002472,0.10345804318785667,0.10319936648011208,0.10289954394102097,0.10213634744286537,0.00043699145317077637,0.00022454559803009033,0.0,0.0,0.0,0.0,0.0,0.0,0.0,0.0,0.0,0.0,0.0,0.0,0.0,0.0,0.0,0.0,0.0,3.3183720521628857
70,0.11628471314907074,0.10664060339331627,0.10647447407245636,0.10574449971318245,0.11786923184990883,0.11890735849738121,0.1056479699909687,0.10522392019629478,0.10581016913056374,0.10541531443595886,0.10542340576648712,0.10543815419077873,0.11693640425801277,0.10462680831551552,0.1174178346991539,0.10411491990089417,0.10433223098516464,0.10747811570763588,0.1068405732512474,0.10652630031108856,0.10348508879542351,0.11548308655619621,0.10297467559576035,0.10420538112521172,0.10471726953983307,0.10439576953649521,0.10402312129735947,0.10346652567386627,0.10291555523872375,0.10257245227694511,0.10227822884917259,0.0002977736294269562,0.0,0.0,0.0,0.0,0.0,0.0,0.0,0.0,0.0,0.0,0.0,0.0,0.0,0.0,0.0,0.0,0.0,0.0,3.323967929929495
71,0.29928240925073624,0.11901633441448212,0.11925048753619194,0.1186913326382637,0.11798375099897385,0.10620776936411858,0.11795332655310631,0.11800384148955345,0.11771952360868454,0.11790259927511215,0.11725184321403503,0.117049440741539,0.10498994216322899,0.12502667680382729,0.11548666283488274,0.1167735904455185,0.10466582700610161,0.10447672009468079,0.11655934527516365,0.10420757904648781,0.10385677963495255,0.10376931354403496,0.11620074510574341,0.10394884273409843,0.10455990210175514,0.1046629287302494,0.10453115031123161,0.10393361747264862,0.10280486941337585,0.10308464244008064,0.10221479460597038,0.00034070760011672974,0.0,0.0,0.0,0.0,0.0,0.0,0.0,0.0,0.0,0.0,0.0,0.0,0.0,0.0,0.0,0.0,0.0,0.0,3.632407296448946
72,0.30348455533385277,0.11865397170186043,0.11893163993954659,0.11832563206553459,0.11899659037590027,0.10659174248576164,0.10598938167095184,0.10582661628723145,0.11789228022098541,0.11781461164355278,0.10572082176804543,0.11710037291049957,0.11735513806343079,0.117070022970438,0.10461973026394844,0.11695888638496399,0.10431140661239624,0.10440385714173317,0.1160714216530323,0.10364966094493866,0.10384218394756317,0.10320781916379929,0.1031377948820591,0.11501318216323853,0.10279301926493645,0.10237883031368256,0.10230579972267151,0.10190008580684662,0.10218865796923637,0.10213441401720047,0.1020803414285183,0.0003306381404399872,0.0,0.0,0.0,0.0,0.0,0.0,0.0,0.0,0.0,0.0,0.0,0.0,0.0,0.0,0.0,0.0,0.0,0.0,3.5810811072587967
73,0.30176498368382454,0.10669942572712898,0.10645269975066185,0.106338020414114,0.10657066106796265,0.1062670461833477,0.10582049190998077,0.10594411194324493,0.10607485100626945,0.10563827306032181,0.10539903119206429,0.10552819818258286,0.12425152212381363,0.11430370807647705,0.10523843392729759,0.10539560765028,0.10865571722388268,0.1079259067773819,0.10830256715416908,0.10748638212680817,0.10769660025835037,0.10723946988582611,0.10362812876701355,0.10573439300060272,0.10594543814659119,0.10543752834200859,0.10489289462566376,0.10315950214862823,0.10286220535635948,0.10227889567613602,0.10231137275695801,0.0005909763276576996,0.0,0.0,0.0,0.0,0.0,0.0,0.0,0.0,0.0,0.0,0.0,0.0,0.0,0.0,0.0,0.0,0.0,0.0,3.5018350444734097
74,0.3241022527217865,0.1063649132847786,0.1065974049270153,0.10644332692027092,0.10626992210745811,0.10574287548661232,0.10603846609592438,0.10581106320023537,0.10540775209665298,0.11778882518410683,0.10542608052492142,0.11779012903571129,0.11751727014780045,0.1283133439719677,0.10673251003026962,0.1052447035908699,0.10767814889550209,0.10463889315724373,0.10462051630020142,0.10414516553282738,0.10354066640138626,0.10372910648584366,0.11665735766291618,0.10549334436655045,0.10495832189917564,0.10425468161702156,0.1043127179145813,0.10293274372816086,0.10243602469563484,0.10331455990672112,0.10275964438915253,0.10205812379717827,0.00032234564423561096,0.0,0.0,0.0,0.0,0.0,0.0,0.0,0.0,0.0,0.0,0.0,0.0,0.0,0.0,0.0,0.0,0.0,3.6494432017207146
75,0.3002070337533951,0.10667403042316437,0.10693652555346489,0.10626890137791634,0.10668257251381874,0.11911352723836899,0.11909575760364532,0.10592164844274521,0.10555735975503922,0.10546011850237846,0.1054828092455864,0.10586297512054443,0.11026766896247864,0.10886948183178902,0.10481307283043861,0.10802582278847694,0.10813089460134506,0.10398576408624649,0.1060890331864357,0.1070096418261528,0.10670990869402885,0.10661739110946655,0.10596413165330887,0.10563642531633377,0.10546505823731422,0.10497263446450233,0.10287319868803024,0.1041678637266159,0.10222867503762245,0.10267061367630959,0.1028483659029007,0.10234551876783371,0.10210058093070984,0.0,0.0,0.0,0.0,0.0,0.0,0.0,0.0,0.0,0.0,0.0,0.0,0.0,0.0,0.0,0.0,0.0,3.7050550058484077
76,0.11927292868494987,0.10649843141436577,0.10645536705851555,0.1180770955979824,0.10560078546404839,0.11857977882027626,0.10584839433431625,0.1055108979344368,0.105095986276865,0.11048084869980812,0.10488341748714447,0.10970326140522957,0.10937107354402542,0.10894988104701042,0.10851239040493965,0.10823750495910645,0.1077476218342781,0.10738009959459305,0.10409729182720184,0.10347187146544456,0.10336831584572792,0.10315866395831108,0.10315367579460144,0.10307329148054123,0.10484816133975983,0.10447641089558601,0.10421402752399445,0.10373514145612717,0.10334968939423561,0.0015142709016799927,0.0,0.0,0.0,0.0,0.0,0.0,0.0,0.0,0.0,0.0,0.0,0.0,0.0,0.0,0.0,0.0,0.0,0.0,0.0,0.0,3.1086665764451027
77,0.11839112639427185,0.11911957710981369,0.10635516792535782,0.11931464076042175,0.11811810731887817,0.10645657777786255,0.10610473901033401,0.11814162507653236,0.10659890249371529,0.10562721639871597,0.10506443679332733,0.10491922870278358,0.10508627444505692,0.10491618141531944,0.10466769710183144,0.11806371808052063,0.1045372299849987,0.10405459627509117,0.10406430810689926,0.10363290458917618,0.1033717431128025,0.10557754710316658,0.10525264218449593,0.10492037609219551,0.1025061272084713,0.10232692584395409,0.10211575403809547,0.10289345681667328,0.10232412815093994,0.10201691091060638,0.00025093555450439453,0.0,0.0,0.0,0.0,0.0,0.0,0.0,0.0,0.0,0.0,0.0,0.0,0.0,0.0,0.0,0.0,0.0,0.0,0.0,3.2167908027768135
78,0.11919660866260529,0.11915376037359238,0.1184915155172348,0.11906173080205917,0.11909713223576546,0.11840243265032768,0.11857018619775772,0.11857521533966064,0.10579502955079079,0.11796138063073158,0.11824028193950653,0.10535512492060661,0.10511118173599243,0.11777867749333382,0.10733293369412422,0.11685516312718391,0.11638735979795456,0.10393764078617096,0.1037272959947586,0.10350373014807701,0.1031995639204979,0.10312215238809586,0.10280520096421242,0.10298068821430206,0.10251029953360558,0.10218507423996925,0.10211141407489777,0.10287773981690407,0.10255935043096542,0.0005744695663452148,0.00032827630639076233,0.0,0.0,0.0,0.0,0.0,0.0,0.0,0.0,0.0,0.0,0.0,0.0,0.0,0.0,0.0,0.0,0.0,0.0,0.0,3.1977886110544205
79,0.10684124007821083,0.1068849228322506,0.11913377419114113,0.11881209537386894,0.11905987188220024,0.11904849484562874,0.11806829646229744,0.11875222995877266,0.11863651126623154,0.11792665719985962,0.1173878088593483,0.1051744855940342,0.11772160604596138,0.10475532710552216,0.10790713876485825,0.11737168207764626,0.1075071357190609,0.10428283736109734,0.11685227230191231,0.1065186895430088,0.10639218613505363,0.1058763675391674,0.10558239370584488,0.10545869916677475,0.10469573363661766,0.1027478538453579,0.10251205414533615,0.10239404067397118,0.10207441821694374,0.1018500067293644,0.10215647146105766,0.0,0.0,0.0,0.0,0.0,0.0,0.0,0.0,0.0,0.0,0.0,0.0,0.0,0.0,0.0,0.0,0.0,0.0,0.0,3.410383302718401
80,0.10675567388534546,0.10638969764113426,0.10729081928730011,0.10638562589883804,0.10617499426007271,0.1059185266494751,0.10585019364953041,0.10596177726984024,0.11789156496524811,0.10528973489999771,0.10538329929113388,0.10878214985132217,0.1047850251197815,0.10456692054867744,0.10453708842396736,0.10434386506676674,0.1076938770711422,0.10396963730454445,0.10373618453741074,0.10596534237265587,0.10613932088017464,0.10570939630270004,0.10324979573488235,0.10268869623541832,0.10244058817625046,0.10351713746786118,0.10353240743279457,0.10283312574028969,0.10280995815992355,0.10237576439976692,0.00030632317066192627,0.0,0.0,0.0,0.0,0.0,0.0,0.0,0.0,0.0,0.0,0.0,0.0,0.0,0.0,0.0,0.0,0.0,0.0,0.0,3.163274511694908
81,0.28402477502822876,0.11867441982030869,0.10691352561116219,0.10616251453757286,0.10648293793201447,0.10593868792057037,0.10583257302641869,0.11793062463402748,0.11787431314587593,0.11860178411006927,0.10568834468722343,0.11739963293075562,0.11759887263178825,0.11786783114075661,0.10462013632059097,0.10827477648854256,0.10464746505022049,0.107440285384655,0.11628000065684319,0.10736680030822754,0.10718569904565811,0.10368379205465317,0.10631166398525238,0.10570918396115303,0.1031559482216835,0.10295961797237396,0.10253797471523285,0.10249393805861473,0.10297700390219688,0.103360615670681,0.1154070496559143,0.1156146414577961,0.10269614681601524,0.0003146342933177948,0.0,0.0,0.0,0.0,0.0,0.0,0.0,0.0,0.0,0.0,0.0,0.0,0.0,0.0,0.0,0.0,3.7700282111763954
82,0.30119163170456886,0.1189909316599369,0.11936094239354134,0.1182660311460495,0.11900952458381653,0.11776551231741905,0.1180693581700325,0.11770361661911011,0.11775302514433861,0.11800748482346535,0.10606276243925095,0.1184796467423439,0.10485227406024933,0.13326836377382278,0.1090223416686058,0.10918909683823586,0.10852456092834473,0.11761244013905525,0.10759825631976128,0.10769324004650116,0.1042698435485363,0.10741455107927322,0.10640610381960869,0.10671531036496162,0.10412286594510078,0.10553767904639244,0.10356088727712631,0.10425418242812157,0.1028982512652874,0.0025014542043209076,0.0,0.0,0.0,0.0,0.0,0.0,0.0,0.0,0.0,0.0,0.0,0.0,0.0,0.0,0.0,0.0,0.0,0.0,0.0,0.0,3.436102170497179
83,0.30197057127952576,0.10616236552596092,0.11837147548794746,0.11859147250652313,0.11903242394328117,0.10589545220136642,0.10543510690331459,0.1053772084414959,0.10509800165891647,0.10514827817678452,0.10500666126608849,0.11005706340074539,0.10505587980151176,0.12545296177268028,0.1184682734310627,0.10505599528551102,0.10881854593753815,0.10770042985677719,0.10439314693212509,0.11615002527832985,0.10584110766649246,0.10703526437282562,0.10385677963495255,0.10616890713572502,0.10545910522341728,0.10544348135590553,0.10271366685628891,0.1030404195189476,0.10318326950073242,0.10260371118783951,0.10275199264287949,0.10253552347421646,0.10215366259217262,0.0,0.0,0.0,0.0,0.0,0.0,0.0,0.0,0.0,0.0,0.0,0.0,0.0,0.0,0.0,0.0,0.0,3.7500282302498817
84,0.30218371003866196,0.10674532130360603,0.11836842447519302,0.11826232820749283,0.11858434975147247,0.11851970851421356,0.11811229959130287,0.1179092787206173,0.11727073043584824,0.11800510436296463,0.11736532300710678,0.11750096082687378,0.10484568029642105,0.12959439307451248,0.10518116503953934,0.11752242594957352,0.1075848639011383,0.10761015117168427,0.10782171785831451,0.10682234913110733,0.10721020773053169,0.10666940361261368,0.1063060499727726,0.10558615624904633,0.10579265654087067,0.10487304255366325,0.10514161735773087,0.1047663614153862,0.10409346595406532,0.10420502722263336,0.10387985780835152,0.10307759791612625,0.1027837023139,0.10291912779211998,0.0005417428910732269,0.0002486295998096466,0.0,0.0,0.0,0.0,0.0,0.0,0.0,0.0,0.0,0.0,0.0,0.0,0.0,0.0,3.943904932588339
85,0.30268552899360657,0.10630173236131668,0.11915891990065575,0.1189318336546421,0.11873068287968636,0.10655377060174942,0.10635287687182426,0.10598078742623329,0.10594599694013596,0.1061176285147667,0.11714764684438705,0.10476531460881233,0.10456298664212227,0.12708573415875435,0.10748369991779327,0.1082397885620594,0.10506264120340347,0.10498834401369095,0.10414960980415344,0.10406210273504257,0.10386424139142036,0.10576984658837318,0.10612653195858002,0.10550272092223167,0.10500440001487732,0.1055489107966423,0.1032821498811245,0.10405959561467171,0.10392709076404572,0.10343100130558014,0.10218441486358643,0.0004905536770820618,0.00030392780900001526,0.0,0.0,0.0,0.0,0.0,0.0,0.0,0.0,0.0,0.0,0.0,0.0,0.0,0.0,0.0,0.0,0.0,3.5338030122220516
86,0.11967199668288231,0.11836917325854301,0.11894775182008743,0.11813318729400635,0.11847154423594475,0.11830190569162369,0.11893361806869507,0.1177821233868599,0.11859492212533951,0.11797678098082542,0.1050945408642292,0.10500241070985794,0.10502549260854721,0.10894716158509254,0.10461681708693504,0.10720234364271164,0.10761421918869019,0.10412793979048729,0.10593555495142937,0.10362982749938965,0.10659365355968475,0.10615074262022972,0.10564976558089256,0.10519454628229141,0.10474949702620506,0.10279656201601028,0.10243603214621544,0.10204445198178291,0.102034792304039,0.1017889529466629,0.0001794286072254181,0.0,0.0,0.0,0.0,0.0,0.0,0.0,0.0,0.0,0.0,0.0,0.0,0.0,0.0,0.0,0.0,0.0,0.0,0.0,3.281997736543417
87,0.11908147484064102,0.1187194176018238,0.11829451844096184,0.11813656613230705,0.1184869222342968,0.11793352663516998,0.11798328906297684,0.11751126870512962,0.11743677034974098,0.11746400222182274,0.11703374236822128,0.11801882833242416,0.116567213088274,0.10913455858826637,0.10858568921685219,0.10816080495715141,0.10768286138772964,0.10755600407719612,0.10732622444629669,0.10356567427515984,0.1034000776708126,0.1034608818590641,0.11608925834298134,0.10282830521464348,0.10264218598604202,0.10227365791797638,0.10238330811262131,0.10330965742468834,0.10175617784261703,0.1020456999540329,0.00028880685567855835,0.0,0.0,0.0,0.0,0.0,0.0,0.0,0.0,0.0,0.0,0.0,0.0,0.0,0.0,0.0,0.0,0.0,0.0,0.0,3.3251573741436005
88,0.10692975670099258,0.11858371645212173,0.11839519813656807,0.11816798150539398,0.11836118251085281,0.11789333447813988,0.11783552914857864,0.10556615144014359,0.11130540817975998,0.11793339997529984,0.10501363128423691,0.11684990301728249,0.10464537888765335,0.11686113476753235,0.10430670529603958,0.10423696041107178,0.10378976911306381,0.11674807965755463,0.10703150555491447,0.10653552040457726,0.10610279813408852,0.10557065904140472,0.10276051610708237,0.10379137843847275,0.10416517406702042,0.10389775410294533,0.10344216600060463,0.10308583825826645,0.1024990901350975,0.0005148798227310181,0.0,0.0,0.0,0.0,0.0,0.0,0.0,0.0,0.0,0.0,0.0,0.0,0.0,0.0,0.0,0.0,0.0,0.0,0.0,0.0,3.1728205010294914
89,0.118503138422966,0.11854049190878868,0.11790142953395844,0.10600919276475906,0.11876319721341133,0.11889990046620369,0.11854740977287292,0.11751258373260498,0.11720336601138115,0.1168702095746994,0.11677904799580574,0.1046539694070816,0.11701482906937599,0.11642598733305931,0.10413071140646935,0.11622093990445137,0.11621876433491707,0.10373092070221901,0.10372115671634674,0.10615087300539017,0.11527566984295845,0.10306654870510101,0.10302425548434258,0.10500205308198929,0.10470966249704361,0.10443399846553802,0.10425673052668571,0.10363638401031494,0.10313260555267334,0.10223021358251572,0.10208731889724731,0.000314466655254364,0.0,0.0,0.0,0.0,0.0,0.0,0.0,0.0,0.0,0.0,0.0,0.0,0.0,0.0,0.0,0.0,0.0,0.0,3.4249680265784264
90,0.11875466629862785,0.11839441955089569,0.11832957342267036,0.11783658340573311,0.11846872791647911,0.11883768811821938,0.10534508526325226,0.10559749230742455,0.10559722408652306,0.11761145666241646,0.10535702109336853,0.10510898008942604,0.12822146341204643,0.11741408705711365,0.11778781563043594,0.10903976112604141,0.1047571673989296,0.1046418696641922,0.10721538588404655,0.11612320691347122,0.10519741848111153,0.10632838681340218,0.11897521838545799,0.10556980594992638,0.10328169912099838,0.10318728908896446,0.11491035670042038,0.11538714170455933,0.10298215970396996,0.10233793780207634,0.10235373675823212,0.0005105733871459961,0.00024296343326568604,0.0,0.0,0.0,0.0,0.0,0.0,0.0,0.0,0.0,0.0,0.0,0.0,0.0,0.0,0.0,0.0,0.0,3.441704362630844
91,0.3031032271683216,0.11920683458447456,0.10592474415898323,0.10592886805534363,0.11836881563067436,0.11836231127381325,0.11855685710906982,0.11730583757162094,0.11080589145421982,0.11014385148882866,0.10987607017159462,0.10487279668450356,0.11685789749026299,0.1092856228351593,0.10889017209410667,0.10843854770064354,0.10835510119795799,0.10818382352590561,0.10808225721120834,0.10778560489416122,0.10739418119192123,0.10706721618771553,0.10709382966160774,0.10691208392381668,0.10663777217268944,0.10641960799694061,0.10320095717906952,0.11492696404457092,0.10440889745950699,0.10471174493432045,0.10234132781624794,0.10320825129747391,0.10318940505385399,0.10295747220516205,0.001069817692041397,0.0,0.0,0.0,0.0,0.0,0.0,0.0,0.0,0.0,0.0,0.0,0.0,0.0,0.0,0.0,3.899874661117792
92,0.30032503604888916,0.1185302846133709,0.11818387731909752,0.11910801380872726,0.11839015409350395,0.11842331662774086,0.11793938279151917,0.11827552691102028,0.11784638836979866,0.11745704710483551,0.1176086962223053,0.11686333641409874,0.10472360998392105,0.11686589941382408,0.1043461374938488,0.11670491471886635,0.10402683168649673,0.10379855707287788,0.10721679776906967,0.10684579983353615,0.10661932826042175,0.10628531873226166,0.10577376186847687,0.10537388175725937,0.10518887266516685,0.1048610471189022,0.1046374961733818,0.10424022376537323,0.10408888012170792,0.10376722738146782,0.10353470593690872,0.10307442396879196,0.0013497509062290192,0.0010626241564750671,0.0,0.0,0.0,0.0,0.0,0.0,0.0,0.0,0.0,0.0,0.0,0.0,0.0,0.0,0.0,0.0,3.7233371511101723
93,0.2932334914803505,0.11924037337303162,0.11834880709648132,0.11861518770456314,0.11804386600852013,0.11786039918661118,0.1056702584028244,0.11820285394787788,0.11827376112341881,0.11090868711471558,0.10998939722776413,0.10518353059887886,0.10480998829007149,0.11777462810277939,0.11679035052657127,0.10447661206126213,0.10828336700797081,0.10781465470790863,0.10386710613965988,0.10750244185328484,0.10719076916575432,0.10696868598461151,0.11569072678685188,0.10329781845211983,0.10290948674082756,0.102903563529253,0.10266785323619843,0.10236561670899391,0.10244536772370338,0.10213694721460342,0.10213837772607803,0.10223592072725296,0.10212917998433113,0.10203777998685837,0.0,0.0,0.0,0.0,0.0,0.0,0.0,0.0,0.0,0.0,0.0,0.0,0.0,0.0,0.0,0.0,3.8820078559219837
94,0.28264497593045235,0.11470820382237434,0.11908595636487007,0.1181999109685421,0.1163623258471489,0.11879031360149384,0.11815221235156059,0.11774027347564697,0.11762948334217072,0.11740517616271973,0.11738406121730804,0.1049470603466034,0.11662530153989792,0.11643969640135765,0.11738845705986023,0.10438882187008858,0.11651557683944702,0.10406983643770218,0.10363344103097916,0.11603911966085434,0.10341628268361092,0.1029890738427639,0.10284465178847313,0.10254983603954315,0.10240893810987473,0.11534912884235382,0.1036437414586544,0.10316550731658936,0.10262421518564224,0.10222551971673965,0.00034224241971969604,0.0,0.0,0.0,0.0,0.0,0.0,0.0,0.0,0.0,0.0,0.0,0.0,0.0,0.0,0.0,0.0,0.0,0.0,0.0,3.499709341675043
95,0.3015524670481682,0.11847075819969177,0.11799511313438416,0.11850966885685921,0.11785267293453217,0.1181551106274128,0.1182229332625866,0.11770156398415565,0.11775799095630646,0.11768552660942078,0.11774970963597298,0.11728764697909355,0.1166066899895668,0.10458846390247345,0.1167447380721569,0.10444005206227303,0.11593000218272209,0.10741779580712318,0.10364773124456406,0.1032898984849453,0.11558300256729126,0.10304281115531921,0.10277614742517471,0.1145562045276165,0.10251839831471443,0.10220130905508995,0.1034066341817379,0.10325131192803383,0.10306006297469139,0.10280846804380417,0.10246030986309052,0.0005403123795986176,0.0003128722310066223,0.0,0.0,0.0,0.0,0.0,0.0,0.0,0.0,0.0,0.0,0.0,0.0,0.0,0.0,0.0,0.0,0.0,3.628124378621578
96,0.10679752379655838,0.1190650537610054,0.10633883252739906,0.10629980266094208,0.1057564839720726,0.10581063851714134,0.10574592649936676,0.10527737811207771,0.10520528629422188,0.10517949238419533,0.10505415126681328,0.10495125129818916,0.10520195588469505,0.10450784116983414,0.10443534702062607,0.10412760823965073,0.10417559370398521,0.10633466765284538,0.10697024688124657,0.10351574048399925,0.10562321171164513,0.1057671383023262,0.10546709597110748,0.10517407581210136,0.10468115285038948,0.1043921634554863,0.10414593666791916,0.002263527363538742,0.0,0.0,0.0,0.0,0.0,0.0,0.0,0.0,0.0,0.0,0.0,0.0,0.0,0.0,0.0,0.0,0.0,0.0,0.0,0.0,0.0,0.0,2.8582651242613792
97,0.11889119073748589,0.11841993778944016,0.11838525906205177,0.11815202981233597,0.11832671985030174,0.11841326206922531,0.11789318174123764,0.11773191019892693,0.11773251742124557,0.1185842826962471,0.11797082424163818,0.1174996942281723,0.11671717837452888,0.11699140816926956,0.10455328598618507,0.11680544540286064,0.10395760834217072,0.10398924350738525,0.11576391756534576,0.10354216396808624,0.10629252344369888,0.10567774996161461,0.10286546126008034,0.1026480607688427,0.10248178988695145,0.10345878824591637,0.10203566402196884,0.10248123109340668,0.1023365966975689,0.0003349967300891876,0.0,0.0,0.0,0.0,0.0,0.0,0.0,0.0,0.0,0.0,0.0,0.0,0.0,0.0,0.0,0.0,0.0,0.0,0.0,0.0,3.2309339232742786
98,0.11849627271294594,0.11862258985638618,0.11835651099681854,0.12011543288826942,0.11829031258821487,0.11807036772370338,0.1187438815832138,0.11570581048727036,0.11828995496034622,0.11779079958796501,0.11149300634860992,0.11733107641339302,0.10547194629907608,0.1182936392724514,0.10916361212730408,0.10853809490799904,0.10835113376379013,0.10792951285839081,0.1070755161345005,0.11640683189034462,0.10557115450501442,0.10649880021810532,0.11582435294985771,0.1038530170917511,0.1065869964659214,0.11595463007688522,0.10465411841869354,0.1167481280863285,0.10363252833485603,0.10436450317502022,0.11511242762207985,0.10275929793715477,0.10329839959740639,0.0005779936909675598,0.0,0.0,0.0,0.0,0.0,0.0,0.0,0.0,0.0,0.0,0.0,0.0,0.0,0.0,0.0,0.0,3.6979726515710354
99,0.1196008212864399,0.12000630050897598,0.11959919333457947,0.11982981115579605,0.11914259940385818,0.1187959723174572,0.11857764422893524,0.11546508967876434,0.1185738556087017,0.11924304813146591,0.1098734699189663,0.11823306977748871,0.12136396393179893,0.11726311594247818,0.10587996989488602,0.12090015783905983,0.11347221955657005,0.1169823482632637,0.11790315061807632,0.106685321778059,0.10622381418943405,0.10622037202119827,0.10572704672813416,0.11682860925793648,0.11605147644877434,0.11537142843008041,0.11571665853261948,0.11504010483622551,0.10216474533081055,0.1023598201572895,0.10214057192206383,0.00037584081292152405,0.0,0.0,0.0,0.0,0.0,0.0,0.0,0.0,0.0,0.0,0.0,0.0,0.0,0.0,0.0,0.0,0.0,0.0,3.541611611843109
100,0.12000912427902222,0.11961255967617035,0.11958355829119682,0.11946902051568031,0.11947343870997429,0.11886310949921608,0.1279630996286869,0.11843026056885719,0.11866994947195053,0.11821424961090088,0.11058736965060234,0.11790479347109795,0.11287873610854149,0.11419134959578514,0.1178702600300312,0.11911335960030556,0.11762234196066856,0.11722222715616226,0.11672565713524818,0.11681308969855309,0.10463862493634224,0.10509419441223145,0.10597288981080055,0.11642884090542793,0.10519757494330406,0.10361727327108383,0.10397697985172272,0.10323099046945572,0.10328159481287003,0.10247812420129776,0.11595970764756203,0.10268369689583778,0.10225949436426163,0.00047618523240089417,0.0002236776053905487,0.0,0.0,0.0,0.0,0.0,0.0,0.0,0.0,0.0,0.0,0.0,0.0,0.0,0.0,0.0,3.7367374040186405

total time per move x,22.915853589773178,11.598470978438854,11.64870036393404,11.61911978945136,11.617551419883966,11.562021743506193,11.515761226415634,11.498803157359362,11.47568079829216,11.429468341171741,11.247566845268011,11.216675978153944,11.310318995267153,11.490283951163292,11.02815593406558,10.994924131780863,10.883087530732155,10.882526203989983,10.834779907017946,10.695906646549702,10.628224693238735,10.651482596993446,10.668875083327293,10.565023746341467,10.507076676934958,10.36165039241314,10.10342650860548,9.587127767503262,9.549452420324087,8.937980491667986,7.054263740777969,3.5328150801360607,1.9664849042892456,0.8374383822083473,0.21959826350212097,0.0011127516627311707,0,0,0,0,0,0,0,0,0,0,0,0,0,0,352.63769103214145
average time per move x,0.22915853589773177,0.11598470978438855,0.1164870036393404,0.11619119789451361,0.11617551419883966,0.11562021743506193,0.11515761226415634,0.11498803157359362,0.1147568079829216,0.11429468341171742,0.11247566845268012,0.11216675978153944,0.11310318995267153,0.11490283951163292,0.11028155934065581,0.11105983971495821,0.10993017707810257,0.10992450711100993,0.10944222128300955,0.10803946107625961,0.10735580498220945,0.1075907333029641,0.10776641498310398,0.10671741157920674,0.10613208764580766,0.1046631352769004,0.10309618886332123,0.09883636873714703,0.10379839587308791,0.09715196186595637,0.08299133812679964,0.05272858328561285,0.0504226898535704,0.04187191911041736,0.024399807055791218,0.00022255033254623414,nan,nan,nan,nan,nan,nan,nan,nan,nan,nan,nan,nan,nan,nan,3.5263769103214146
std of time per move x,0.12549851450790214,0.005437063112299768,0.005105161158148853,0.005202835823111548,0.005104002920465766,0.005359882477083405,0.006004579495213585,0.00559732767140459,0.005442105912982383,0.005618416552269282,0.005836176025599461,0.006195479271791359,0.0067672879940469085,0.007416482559644585,0.011957023953928196,0.005769651281457495,0.0051514335008924035,0.005096493629872426,0.005152032510000451,0.004349203983273996,0.004244407633511488,0.0045200378018047755,0.00502011687978503,0.00443475924080587,0.004161808711869174,0.011080928888508926,0.015134501865282741,0.025266105369686175,0.003244839565864631,0.02580754739138643,0.04166734567523325,0.05191996005920319,0.05203489618722743,0.05207009412622786,0.04757014765902881,9.091100249677924e-05,nan,nan,nan,nan,nan,nan,nan,nan,nan,nan,nan,nan,nan,nan,0.31740487784287486
err of average time,0.012549851450790215,0.0005437063112299768,0.0005105161158148853,0.0005202835823111548,0.0005104002920465766,0.0005359882477083404,0.0006004579495213584,0.000559732767140459,0.0005442105912982383,0.0005618416552269282,0.0005836176025599461,0.0006195479271791359,0.0006767287994046908,0.0007416482559644585,0.0011957023953928197,0.0005798717718723555,0.0005177385471190016,0.0005122168823249474,0.0005177987497995288,0.000437111446946636,0.0004265790175053908,0.0004542808917214923,0.0005045407301205039,0.00044571007385801333,0.00041827751353037506,0.0011136752561149701,0.0015288155569745541,0.0025653843194972797,0.00033829791039273824,0.002690622811282565,0.004519458186708277,0.0063430326714344135,0.008332251859900096,0.0116432270061058,0.015856715886342937,4.06566362970903e-05,nan,nan,nan,nan,nan,nan,nan,nan,nan,nan,nan,nan,nan,nan,0.03174048778428749
