Contains move time for player MCTSMaxIter2; opponent is Edax2
Colums refer to move number, rows to game number
game,1,2,3,4,5,6,7,8,9,10,11,12,13,14,15,16,17,18,19,20,21,22,23,24,25,26,27,28,29,30,31,32,33,34,35,36,37,38,39,40,41,42,43,44,45,46,47,48,49,50,total
1,29.444310827180743,27.729227954521775,26.540520204231143,25.180917671881616,23.58235422614962,21.1955155916512,19.359691811725497,18.029528817161918,16.58667961601168,14.361431216821074,12.235382502898574,0.00623524934053421,0.007396470755338669,10.285600496456027,9.555517168715596,8.043658102862537,0.006009908393025398,0.005868216045200825,0.005700716748833656,0.0054847365245223045,5.27049945294857,0.003670433536171913,0.004444438964128494,0.004527726210653782,0.003859926015138626,2.00714348256588,0.0033233053982257843,0.003452618606388569,0.0027045132592320442,0.002585846930742264,0.0024641063064336777,0.0021465327590703964,0.0,0.0,0.0,0.0,0.0,0.0,0.0,0.0,0.0,0.0,0.0,0.0,0.0,0.0,0.0,0.0,0.0,0.0,269.4778538895771
2,29.91971540916711,28.799928411841393,26.769986359402537,25.610181033611298,23.528917868621647,21.815474279224873,20.797168099321425,19.25595254637301,17.574034358374774,15.995916436426342,14.317079559899867,12.480282411910594,11.471376185305417,10.350621530786157,9.019733780995011,8.03891446068883,0.0052108485251665115,0.005702023394405842,0.005290639586746693,4.361030148342252,3.366033025085926,0.00409394595772028,2.092281120829284,0.0023775361478328705,0.0028893128037452698,0.002467443235218525,0.0020965775474905968,0.14410373661667109,0.0013241264969110489,0.0008713426068425179,0.0,0.0,0.0,0.0,0.0,0.0,0.0,0.0,0.0,0.0,0.0,0.0,0.0,0.0,0.0,0.0,0.0,0.0,0.0,0.0,305.7410545591265

total time per move x,59.364026236347854,56.52915636636317,53.31050656363368,50.791098705492914,47.111272094771266,43.010989870876074,40.15685991104692,37.28548136353493,34.160713974386454,30.357347653247416,26.55246206279844,12.486517661251128,11.478772656060755,20.636222027242184,18.575250949710608,16.082572563551366,0.01122075691819191,0.011570239439606667,0.010991356335580349,4.366514884866774,8.636532478034496,0.007764379493892193,2.0967255597934127,0.006905262358486652,0.006749238818883896,2.0096109258010983,0.005419882945716381,0.14755635522305965,0.004028639756143093,0.0034571895375847816,0.0024641063064336777,0.0021465327590703964,0,0,0,0,0,0,0,0,0,0,0,0,0,0,0,0,0,0,575.2189084487036
average time per move x,29.682013118173927,28.264578183181584,26.65525328181684,25.395549352746457,23.555636047385633,21.505494935438037,20.07842995552346,18.642740681767464,17.080356987193227,15.178673826623708,13.27623103139922,6.243258830625564,5.739386328030378,10.318111013621092,9.287625474855304,8.041286281775683,0.005610378459095955,0.005785119719803333,0.0054956781677901745,2.183257442433387,4.318266239017248,0.0038821897469460964,1.0483627798967063,0.003452631179243326,0.003374619409441948,1.0048054629005492,0.0027099414728581905,0.07377817761152983,0.0020143198780715466,0.0017285947687923908,0.0024641063064336777,0.0021465327590703964,nan,nan,nan,nan,nan,nan,nan,nan,nan,nan,nan,nan,nan,nan,nan,nan,nan,nan,287.6094542243518
std of time per move x,0.3361618037297166,0.757099553990239,0.16225707437449752,0.3035350339939917,0.0377852107699373,0.4383769920388552,1.0164492307539443,0.8672125355332573,0.6981652337616412,1.1557555825320676,1.471982105381693,8.820483337494101,8.106257795543382,0.04597681429459796,0.37885606670432675,0.0033542615485510573,0.0005650206511370454,0.00011751595036050029,0.000289968342121427,3.07983569646227,1.3466611256837966,0.0002994685051935857,1.4763234757568722,0.0015204139742605951,0.0006863271836854943,1.4175200214929007,0.00086742758192525,0.09945535932654011,0.0009760808402973189,0.0012123376338031672,nan,nan,nan,nan,nan,nan,nan,nan,nan,nan,nan,nan,nan,nan,nan,nan,nan,nan,nan,nan,25.641955100966936
err of average time,0.23770229099318382,0.5353502286598086,0.11473307758569717,0.21463168086484072,0.026718178763985634,0.30997934378683567,0.7187381437979639,0.613211864605546,0.4936773711815476,0.8172426098026334,1.0408485285006464,6.23702358128503,5.731989857275039,0.03251051716506481,0.26789169386029243,0.002371821086853742,0.0003995299339294433,8.309632539749146e-05,0.0002050385810434818,2.1777727059088647,0.9522332139313221,0.00021175621077418325,1.0439183409325778,0.0010750950314104557,0.00048530660569667816,1.0023380196653306,0.0006133639253675938,0.07032555900514124,0.0006901933811604977,0.0008572521619498729,nan,nan,nan,nan,nan,nan,nan,nan,nan,nan,nan,nan,nan,nan,nan,nan,nan,nan,nan,nan,18.131600334774703
