Contains move time for player Edax4; opponent is MCTSMaxIter0
Colums refer to move number, rows to game number
game,1,2,3,4,5,6,7,8,9,10,11,12,13,14,15,16,17,18,19,20,21,22,23,24,25,26,27,28,29,30,31,32,33,34,35,36,37,38,39,40,41,42,43,44,45,46,47,48,49,50,total
1,0.4096747348085046,0.1064103888347745,0.10657093860208988,0.10699826199561357,0.1071062758564949,0.10662080440670252,0.10704286675900221,0.10676822997629642,0.1068141208961606,0.10604973137378693,0.10515201278030872,0.10574530810117722,0.11021850630640984,0.10571430437266827,0.10512281861156225,0.10476244799792767,0.10875151492655277,0.10880222544074059,0.10856651794165373,0.1081171091645956,0.10431211441755295,0.10411080624908209,0.10518868360668421,0.10366486385464668,0.10612016264349222,0.10590584576129913,0.10539687983691692,0.10497347638010979,0.10462707281112671,0.10447021014988422,0.10393052361905575,0.10441290773451328,0.1029117675498128,0.10240231454372406,0.0003270944580435753,0.0,0.0,0.0,0.0,0.0,0.0,0.0,0.0,0.0,0.0,0.0,0.0,0.0,0.0,0.0,3.903763842768967
2,0.10633181314915419,0.11850722134113312,0.11919872742146254,0.11989558674395084,0.10611442476511002,0.11990432720631361,0.1067339638248086,0.120056320913136,0.1076292572543025,0.12012457102537155,0.10769977979362011,0.12240995187312365,0.1078163105994463,0.10652889404445887,0.10674586612731218,0.1192883150652051,0.10555376205593348,0.10548285022377968,0.108323959633708,0.10799253825098276,0.10706944204866886,0.10380120668560266,0.10626665037125349,0.10530837718397379,0.10308613162487745,0.102832717821002,0.10410275682806969,0.10423075873404741,0.10345836356282234,0.10279285162687302,0.1060973834246397,0.0003063129261136055,0.0,0.0,0.0,0.0,0.0,0.0,0.0,0.0,0.0,0.0,0.0,0.0,0.0,0.0,0.0,0.0,0.0,0.0,3.391691394150257

total time per move x,0.5160065479576588,0.2249176101759076,0.22576966602355242,0.22689384873956442,0.21322070062160492,0.22652513161301613,0.2137768305838108,0.22682455088943243,0.2144433781504631,0.22617430239915848,0.21285179257392883,0.22815525997430086,0.21803481690585613,0.21224319841712713,0.21186868473887444,0.22405076306313276,0.21430527698248625,0.21428507566452026,0.21689047757536173,0.21610964741557837,0.2113815564662218,0.20791201293468475,0.2114553339779377,0.20897324103862047,0.20920629426836967,0.20873856358230114,0.2094996366649866,0.2092042351141572,0.20808543637394905,0.20726306177675724,0.21002790704369545,0.10471922066062689,0.1029117675498128,0.10240231454372406,0.0003270944580435753,0,0,0,0,0,0,0,0,0,0,0,0,0,0,0,7.295455236919224
average time per move x,0.2580032739788294,0.1124588050879538,0.11288483301177621,0.11344692436978221,0.10661035031080246,0.11326256580650806,0.1068884152919054,0.11341227544471622,0.10722168907523155,0.11308715119957924,0.10642589628696442,0.11407762998715043,0.10901740845292807,0.10612159920856357,0.10593434236943722,0.11202538153156638,0.10715263849124312,0.10714253783226013,0.10844523878768086,0.10805482370778918,0.1056907782331109,0.10395600646734238,0.10572766698896885,0.10448662051931024,0.10460314713418484,0.10436928179115057,0.1047498183324933,0.1046021175570786,0.10404271818697453,0.10363153088837862,0.10501395352184772,0.052359610330313444,0.1029117675498128,0.10240231454372406,0.0003270944580435753,nan,nan,nan,nan,nan,nan,nan,nan,nan,nan,nan,nan,nan,nan,nan,3.647727618459612
std of time per move x,0.2144958369302663,0.008553752296124043,0.008929195105570071,0.009119785788714365,0.0007013446326455321,0.009392869049651115,0.0002184273594967243,0.00939609921046277,0.0005763884464338431,0.009952414561748793,0.001801543331995878,0.011783682617201486,0.001698608874131131,0.0005760018808076572,0.0011476679045747562,0.010271339105886219,0.0022611527393736537,0.002347152725215625,0.0001715146243815593,8.808493775424458e-05,0.0019497250659151015,0.00021891995078869537,0.0007622376091206622,0.0011621394201376766,0.0021453839075928315,0.002173029606037946,0.0009150831552454195,0.0005251806840376148,0.0008264022347114505,0.0011860715861022764,0.0015322012624089778,0.07361447915525964,nan,nan,nan,nan,nan,nan,nan,nan,nan,nan,nan,nan,nan,nan,nan,nan,nan,nan,0.3620899008770898
err of average time,0.1516714608296752,0.006048416253179312,0.006313894409686327,0.0064486623741686335,0.0004959255456924438,0.006641761399805545,0.00015445146709680557,0.006644045468419789,0.0004075681790709495,0.007037419825792313,0.0012738835066556928,0.008332321885973215,0.0012010978534817696,0.00040729483589529986,0.0008115237578749657,0.007262933533638715,0.0015988764353096485,0.0016596876084804535,0.00012127915397286414,6.228545680642128e-05,0.0013786638155579565,0.00015479978173971176,0.0005389833822846413,0.0008217566646635532,0.0015170155093073845,0.0015365639701485632,0.0006470615044236183,0.00037135882303118706,0.0005843546241521835,0.0008386792615056037,0.001083429902791977,0.05205329740419983,nan,nan,nan,nan,nan,nan,nan,nan,nan,nan,nan,nan,nan,nan,nan,nan,nan,nan,0.256036224309355
