Contains move time for player StaticBoard3; opponent is Edax4
Colums refer to move number, rows to game number
game,1,2,3,4,5,6,7,8,9,10,11,12,13,14,15,16,17,18,19,20,21,22,23,24,25,26,27,28,29,30,31,32,33,34,35,36,37,38,39,40,41,42,43,44,45,46,47,48,49,50,total
1,0.11702167056500912,0.12751393113285303,0.2881114324554801,0.24938574898988008,0.25689178239554167,0.43594430293887854,0.2995905401185155,0.2945066364482045,0.20552042871713638,0.4075033459812403,0.32602657191455364,0.23574867751449347,0.11057155020534992,0.150114169344306,0.11120205279439688,0.06597942765802145,0.1297783302143216,0.005227925255894661,0.16990053746849298,0.11763671599328518,0.11279567517340183,0.003364007920026779,0.08845592103898525,0.0032213525846600533,0.0030014347285032272,0.0028055692091584206,0.0391601612791419,0.015474243089556694,0.010875127278268337,0.0014614062383770943,0.004982698708772659,0.002154812216758728,0.0003823069855570793,0.0,0.0,0.0,0.0,0.0,0.0,0.0,0.0,0.0,0.0,0.0,0.0,0.0,0.0,0.0,0.0,0.0,4.392310494557023
2,0.11190619226545095,0.12884181179106236,0.199967036023736,0.30717603489756584,0.33530342020094395,0.3244028678163886,0.3738540429621935,0.18171231914311647,0.24061559326946735,0.15224096458405256,0.34697243105620146,0.2678987355902791,0.2688914518803358,0.14481867384165525,0.14105744194239378,0.15074980538338423,0.229867790825665,0.11128452327102423,0.1726091457530856,0.1343878097832203,0.07940210308879614,0.07117773313075304,0.06485009659081697,0.0027656685560941696,0.002760578878223896,0.002571612596511841,0.0023727063089609146,0.023199699819087982,0.02156226709485054,0.0013744086027145386,0.001172015443444252,0.00098457932472229,0.002001446671783924,0.0003238702192902565,0.0,0.0,0.0,0.0,0.0,0.0,0.0,0.0,0.0,0.0,0.0,0.0,0.0,0.0,0.0,0.0,4.601076878607273

total time per move x,0.22892786283046007,0.2563557429239154,0.4880784684792161,0.5565617838874459,0.5921952025964856,0.7603471707552671,0.673444583080709,0.476218955591321,0.44613602198660374,0.5597443105652928,0.6729990029707551,0.5036474131047726,0.37946300208568573,0.29493284318596125,0.25225949473679066,0.21672923304140568,0.3596461210399866,0.11651244852691889,0.3425096832215786,0.25202452577650547,0.19219777826219797,0.07454174105077982,0.15330601762980223,0.005987021140754223,0.005762013606727123,0.005377181805670261,0.04153286758810282,0.038673942908644676,0.03243739437311888,0.002835814841091633,0.006154714152216911,0.003139391541481018,0.0023837536573410034,0.0003238702192902565,0,0,0,0,0,0,0,0,0,0,0,0,0,0,0,0,8.993387373164296
average time per move x,0.11446393141523004,0.1281778714619577,0.24403923423960805,0.27828089194372296,0.2960976012982428,0.38017358537763357,0.3367222915403545,0.2381094777956605,0.22306801099330187,0.2798721552826464,0.33649950148537755,0.2518237065523863,0.18973150104284286,0.14746642159298062,0.12612974736839533,0.10836461652070284,0.1798230605199933,0.058256224263459444,0.1712548416107893,0.12601226288825274,0.09609888913109899,0.03727087052538991,0.07665300881490111,0.0029935105703771114,0.0028810068033635616,0.0026885909028351307,0.02076643379405141,0.019336971454322338,0.01621869718655944,0.0014179074205458164,0.0030773570761084557,0.001569695770740509,0.0011918768286705017,0.0003238702192902565,nan,nan,nan,nan,nan,nan,nan,nan,nan,nan,nan,nan,nan,nan,nan,nan,4.496693686582148
std of time per move x,0.003617189394630206,0.0009389534180262691,0.062327500440481576,0.040863903052033974,0.05544540081614341,0.07887170515839197,0.05251222645543117,0.07975762664573491,0.024816028841810975,0.18049776086777825,0.014810959036837408,0.022733524080929348,0.11194907607116997,0.0037444807796672016,0.02111094812151187,0.05994170893334908,0.07077393632358475,0.07499333964607385,0.0019152752856135095,0.011844812011154983,0.02361282126906648,0.04795154495402568,0.01669183854279898,0.00032221726667734077,0.0001703108050209669,0.00016543230730583093,0.02601265887200974,0.0054627228412148215,0.007556949035794031,6.151661812418976e-05,0.0026945599778678123,0.0008274796135265103,0.0011449046518192606,nan,nan,nan,nan,nan,nan,nan,nan,nan,nan,nan,nan,nan,nan,nan,nan,nan,0.1476201258457269
err of average time,0.0025577391497790813,0.0006639403291046618,0.04407219821587205,0.02889514295384288,0.03920581890270114,0.05577071756124496,0.037131751421839,0.05639715865254402,0.017547582276165485,0.12763119069859385,0.010472929570823908,0.016075029037892815,0.07915995083749294,0.0026477477513253684,0.01492769457399845,0.04238518886268139,0.050044730305671685,0.05302829900756478,0.001354304142296314,0.008375546894967556,0.016696786042302847,0.03390686260536313,0.011802912224084137,0.00022784201428294182,0.00012042792513966559,0.00011697830632328987,0.018393727485090494,0.0038627283647656436,0.005343569908291101,4.349881783127785e-05,0.0019053416326642034,0.000585116446018219,0.0008095698431134223,nan,nan,nan,nan,nan,nan,nan,nan,nan,nan,nan,nan,nan,nan,nan,nan,nan,0.10438319202512501
