Contains move time for player Edax5; opponent is MCTSMaxIter3
Colums refer to move number, rows to game number
game,1,2,3,4,5,6,7,8,9,10,11,12,13,14,15,16,17,18,19,20,21,22,23,24,25,26,27,28,29,30,31,32,33,34,35,36,37,38,39,40,41,42,43,44,45,46,47,48,49,50,total
1,0.40854491386562586,0.1189689189195633,0.11930877435952425,0.11943620350211859,0.12001938186585903,0.12089176941663027,0.12042817939072847,0.1217512721195817,0.12178203277289867,0.12562053743749857,0.12629818450659513,0.12536137271672487,0.12444132473319769,0.12522124219685793,0.12059793621301651,0.11964821629226208,0.11043712124228477,0.10986579488962889,0.1097079562023282,0.1088231410831213,0.11251531168818474,0.11887183133512735,0.11705934721976519,0.11627980507910252,0.11703502386808395,0.10391007084399462,0.10982450749725103,0.10692505165934563,0.10550125781446695,0.10433124005794525,0.10336321592330933,0.10236876364797354,0.10210058558732271,0.00025772303342819214,0.0,0.0,0.0,0.0,0.0,0.0,0.0,0.0,0.0,0.0,0.0,0.0,0.0,0.0,0.0,0.0,4.097498008981347
2,0.11862101312726736,0.1189026152715087,0.004626596346497536,0.11854005418717861,0.11976536735892296,0.10597343184053898,0.10817035101354122,0.10721726808696985,0.10586885269731283,0.10802279785275459,0.1088092178106308,0.11148728616535664,0.11552204471081495,0.11707460321485996,0.11479781288653612,0.11150394473224878,0.11228247545659542,0.110660539008677,0.10716086253523827,0.10748674813657999,0.10523744765669107,0.10777042526751757,0.1063352907076478,0.10514009464532137,0.10460358206182718,0.10416603274643421,0.10417417250573635,0.10338334552943707,0.10322072263807058,0.0014901598915457726,0.0,0.0,0.0,0.0,0.0,0.0,0.0,0.0,0.0,0.0,0.0,0.0,0.0,0.0,0.0,0.0,0.0,0.0,0.0,0.0,3.0780151560902596

total time per move x,0.5271659269928932,0.237871534191072,0.12393537070602179,0.2379762576892972,0.239784749224782,0.22686520125716925,0.2285985304042697,0.22896854020655155,0.2276508854702115,0.23364333529025316,0.23510740231722593,0.2368486588820815,0.23996336944401264,0.2422958454117179,0.23539574909955263,0.23115216102451086,0.2227195966988802,0.2205263338983059,0.21686881873756647,0.2163098892197013,0.2177527593448758,0.22664225660264492,0.223394637927413,0.22141989972442389,0.22163860592991114,0.20807610359042883,0.21399868000298738,0.2103083971887827,0.20872198045253754,0.10582139994949102,0.10336321592330933,0.10236876364797354,0.10210058558732271,0.00025772303342819214,0,0,0,0,0,0,0,0,0,0,0,0,0,0,0,0,7.175513165071607
average time per move x,0.2635829634964466,0.118935767095536,0.06196768535301089,0.1189881288446486,0.119892374612391,0.11343260062858462,0.11429926520213485,0.11448427010327578,0.11382544273510575,0.11682166764512658,0.11755370115861297,0.11842432944104075,0.11998168472200632,0.12114792270585895,0.11769787454977632,0.11557608051225543,0.1113597983494401,0.11026316694915295,0.10843440936878324,0.10815494460985065,0.1088763796724379,0.11332112830132246,0.1116973189637065,0.11070994986221194,0.11081930296495557,0.10403805179521441,0.10699934000149369,0.10515419859439135,0.10436099022626877,0.05291069997474551,0.10336321592330933,0.10236876364797354,0.10210058558732271,0.00025772303342819214,nan,nan,nan,nan,nan,nan,nan,nan,nan,nan,nan,nan,nan,nan,nan,nan,3.5877565825358033
std of time per move x,0.20500715624014879,4.688375915681373e-05,0.08109254575425397,0.0006336732575497358,0.00017961538037425474,0.010548857664084234,0.008667593568129999,0.010277092809252465,0.011252317541689406,0.012443480993927405,0.01236656694666207,0.00981046068324156,0.006306883387128534,0.005760543668049434,0.004101306535872558,0.005758869647910143,0.0013048624786302313,0.0005619689558870535,0.0018010672043166065,0.0009449725148292311,0.005146227009222835,0.007849879511112365,0.0075830530815459585,0.007876964788181185,0.008790356801130106,0.00018099239694044662,0.003995390188475665,0.0025043644214283074,0.0016125818879643326,0.07271962517021043,nan,nan,nan,nan,nan,nan,nan,nan,nan,nan,nan,nan,nan,nan,nan,nan,nan,nan,nan,nan,0.7208832385826954
err of average time,0.14496195036917925,3.315182402729988e-05,0.05734108900651335,0.0004480746574699878,0.00012700725346803665,0.007459168788045645,0.006128914188593625,0.0072670020163059235,0.007956590037792921,0.008798869792371988,0.008744483347982166,0.006937043275684117,0.004459640011191368,0.0040733194909989825,0.002900061663240194,0.004072135780006647,0.0009226771071553229,0.00039737205952405924,0.0012735468335449696,0.0006681964732706546,0.003638932015746832,0.0055507030338048935,0.005362028256058693,0.005569855216890573,0.0062157209031283855,0.00012798095121979713,0.002825167495757341,0.0017708530649542809,0.001140267588198185,0.05142054008319973,nan,nan,nan,nan,nan,nan,nan,nan,nan,nan,nan,nan,nan,nan,nan,nan,nan,nan,nan,nan,0.5097414264455438
