Contains move time for player Edax2; opponent is AlphaBeta4
Colums refer to move number, rows to game number
game,1,2,3,4,5,6,7,8,9,10,11,12,13,14,15,16,17,18,19,20,21,22,23,24,25,26,27,28,29,30,31,32,33,34,35,36,37,38,39,40,41,42,43,44,45,46,47,48,49,50,total
1,0.40900335274636745,0.10672686714679003,0.10649189818650484,0.10629753116518259,0.10592336673289537,0.11604226287454367,0.10628710873425007,0.10568473674356937,0.10574666690081358,0.10535523574799299,0.10523717105388641,0.10549553576856852,0.10486460942775011,0.10464422032237053,0.10474498104304075,0.1041825357824564,0.1040383130311966,0.10399838723242283,0.1037598429247737,0.10381937026977539,0.10357595700770617,0.10326477512717247,0.10298776440322399,0.10284245293587446,0.10256900079548359,0.10253808181732893,0.1023035692051053,0.10258659534156322,0.10278164781630039,0.10260810609906912,0.00033591967076063156,0.0,0.0,0.0,0.0,0.0,0.0,0.0,0.0,0.0,0.0,0.0,0.0,0.0,0.0,0.0,0.0,0.0,0.0,0.0,3.4467378640547395
2,0.10830538161098957,0.10641894210129976,0.10615376103669405,0.105991180986166,0.105825106613338,0.10583812091499567,0.1057750703766942,0.10548150166869164,0.1051610317081213,0.10526986233890057,0.10486933309584856,0.10494846664369106,0.10476428084075451,0.1044342564418912,0.1045294851064682,0.10445523262023926,0.1053234813734889,0.10406682267785072,0.10387432388961315,0.10349108837544918,0.10350297298282385,0.11576559953391552,0.10330834612250328,0.10298579651862383,0.10274813789874315,0.10416915267705917,0.1034718994051218,0.1029057651758194,0.10281646810472012,0.1021858025342226,0.0,0.0,0.0,0.0,0.0,0.0,0.0,0.0,0.0,0.0,0.0,0.0,0.0,0.0,0.0,0.0,0.0,0.0,0.0,0.0,3.148836671374738

total time per move x,0.517308734357357,0.2131458092480898,0.2126456592231989,0.2122887121513486,0.21174847334623337,0.22188038378953934,0.21206217911094427,0.211166238412261,0.21090769860893488,0.21062509808689356,0.21010650414973497,0.21044400241225958,0.20962889026850462,0.20907847676426172,0.20927446614950895,0.20863776840269566,0.2093617944046855,0.20806520991027355,0.20763416681438684,0.20731045864522457,0.20707892999053001,0.219030374661088,0.20629611052572727,0.2058282494544983,0.20531713869422674,0.2067072344943881,0.2057754686102271,0.20549236051738262,0.2055981159210205,0.20479390863329172,0.00033591967076063156,0,0,0,0,0,0,0,0,0,0,0,0,0,0,0,0,0,0,0,6.595574535429478
average time per move x,0.2586543671786785,0.1065729046240449,0.10632282961159945,0.1061443560756743,0.10587423667311668,0.11094019189476967,0.10603108955547214,0.1055831192061305,0.10545384930446744,0.10531254904344678,0.10505325207486749,0.10522200120612979,0.10481444513425231,0.10453923838213086,0.10463723307475448,0.10431888420134783,0.10468089720234275,0.10403260495513678,0.10381708340719342,0.10365522932261229,0.10353946499526501,0.109515187330544,0.10314805526286364,0.10291412472724915,0.10265856934711337,0.10335361724719405,0.10288773430511355,0.10274618025869131,0.10279905796051025,0.10239695431664586,0.00033591967076063156,nan,nan,nan,nan,nan,nan,nan,nan,nan,nan,nan,nan,nan,nan,nan,nan,nan,nan,nan,3.297787267714739
std of time per move x,0.21262557447886243,0.00021773588776334243,0.00023909907160230186,0.00021662228900034365,6.948039685922478e-05,0.007215417975786573,0.0003620657948553751,0.00014370889962100496,0.0004141066160542015,6.036811650226789e-05,0.00026010071450637874,0.0003868362879786371,7.094302421145439e-05,0.0001484668836911801,0.00015237863806859747,0.0001928257832043881,0.0009087512498011656,4.839116753558618e-05,8.09502665547598e-05,0.0002321303536188287,5.160749891257378e-05,0.00883941770843031,0.00022668550762682758,0.00010135921940165224,0.0001266690604769521,0.0011533412655110274,0.0008261342070967015,0.0002256871541527258,2.4621662064457907e-05,0.0002986137144222241,nan,nan,nan,nan,nan,nan,nan,nan,nan,nan,nan,nan,nan,nan,nan,nan,nan,nan,nan,nan,0.2106479534675892
err of average time,0.15034898556768894,0.00015396252274513245,0.0001690685749053955,0.00015317508950829506,4.913005977869034e-05,0.005102070979773997,0.0002560191787779331,0.00010161753743886946,0.0002928175963461399,4.268670454621315e-05,0.0001839189790189266,0.00027353456243872637,5.016429349780082e-05,0.00010498194023966789,0.00010774796828627586,0.0001363484188914299,0.0006425841711461544,3.4217722713947296e-05,5.7240482419729226e-05,0.000164140947163105,3.6492012441158295e-05,0.006250412203371524,0.0001602908596396446,7.167179137468337e-05,8.956855162978172e-05,0.0008155354298651218,0.0005841651000082492,0.0001595849171280861,1.7410144209861755e-05,0.0002111517824232578,nan,nan,nan,nan,nan,nan,nan,nan,nan,nan,nan,nan,nan,nan,nan,nan,nan,nan,nan,nan,0.14895059634000063
