Contains move time for player AlphaBeta2; opponent is Edax4
Colums refer to move number, rows to game number
game,1,2,3,4,5,6,7,8,9,10,11,12,13,14,15,16,17,18,19,20,21,22,23,24,25,26,27,28,29,30,31,32,33,34,35,36,37,38,39,40,41,42,43,44,45,46,47,48,49,50,total
1,0.062414207495749,0.062678930349648,0.10887835081666708,0.08641473483294249,0.07581222616136074,0.10020325426012278,0.14742242451757193,0.13413798715919256,0.09891088679432869,0.12081486638635397,0.13802059274166822,0.14397414587438107,0.11415273416787386,0.10490387212485075,0.11386176757514477,0.09962591342628002,0.12961814925074577,0.07635031919926405,0.0532312486320734,0.04534514807164669,0.004230652004480362,0.0037582488730549812,0.0035274289548397064,0.04428665712475777,0.003024062141776085,0.004582539200782776,0.002122403122484684,0.0019793156534433365,0.01688301283866167,0.0012538665905594826,0.0008177701383829117,0.0,0.0,0.0,0.0,0.0,0.0,0.0,0.0,0.0,0.0,0.0,0.0,0.0,0.0,0.0,0.0,0.0,0.0,0.0,2.1032377164810896
2,0.06556171271950006,0.0893947733566165,0.11795858386904001,0.1419578893110156,0.1265626149252057,0.13780606258660555,0.10937536787241697,0.13498179521411657,0.18694991059601307,0.14599597454071045,0.2072670105844736,0.17316570226103067,0.18845897261053324,0.15480729937553406,0.09674695320427418,0.09311184007674456,0.06758270133286715,0.005558814853429794,0.005140028893947601,0.047133756801486015,0.004244126379489899,0.049450887367129326,0.04582761041820049,0.04335750360041857,0.0027321884408593178,0.0023868530988693237,0.001974758692085743,0.0014855517074465752,0.0013042138889431953,0.0008419835940003395,0.0007174229249358177,0.0,0.0,0.0,0.0,0.0,0.0,0.0,0.0,0.0,0.0,0.0,0.0,0.0,0.0,0.0,0.0,0.0,0.0,0.0,2.44984086509794

total time per move x,0.12797592021524906,0.1520737037062645,0.2268369346857071,0.2283726241439581,0.20237484108656645,0.23800931684672832,0.2567977923899889,0.26911978237330914,0.28586079739034176,0.2668108409270644,0.34528760332614183,0.31713984813541174,0.3026117067784071,0.2597111715003848,0.21060872077941895,0.19273775350302458,0.19720085058361292,0.08190913405269384,0.058371277526021004,0.0924789048731327,0.00847477838397026,0.05320913624018431,0.0493550393730402,0.08764416072517633,0.005756250582635403,0.0069693922996521,0.004097161814570427,0.0034648673608899117,0.018187226727604866,0.002095850184559822,0.0015351930633187294,0,0,0,0,0,0,0,0,0,0,0,0,0,0,0,0,0,0,0,4.55307858157903
average time per move x,0.06398796010762453,0.07603685185313225,0.11341846734285355,0.11418631207197905,0.10118742054328322,0.11900465842336416,0.12839889619499445,0.13455989118665457,0.14293039869517088,0.1334054204635322,0.17264380166307092,0.15856992406770587,0.15130585338920355,0.1298555857501924,0.10530436038970947,0.09636887675151229,0.09860042529180646,0.04095456702634692,0.029185638763010502,0.04623945243656635,0.00423738919198513,0.026604568120092154,0.0246775196865201,0.04382208036258817,0.0028781252913177013,0.00348469614982605,0.0020485809072852135,0.0017324336804449558,0.009093613363802433,0.001047925092279911,0.0007675965316593647,nan,nan,nan,nan,nan,nan,nan,nan,nan,nan,nan,nan,nan,nan,nan,nan,nan,nan,nan,2.276539290789515
std of time per move x,0.002225622287534462,0.01889095375534263,0.0064206943660871235,0.039274941179937455,0.03588594404276834,0.026589200759313942,0.026903331757977763,0.0005966623976565991,0.062252990739214885,0.017805732333737334,0.048964611629524826,0.02064154747438941,0.05254244508726897,0.035287051813407716,0.012102001300391569,0.004606145438603095,0.043865685896676866,0.050057152773336354,0.034005627592361094,0.0012647373617588442,9.527821941493982e-06,0.032309574529465444,0.029910745158163908,0.0006570107578236275,0.00020638587316826025,0.001552584532020059,0.00010440037793951645,0.0003491438345197382,0.011015874380087798,0.00029124525992240547,7.095619510161405e-05,nan,nan,nan,nan,nan,nan,nan,nan,nan,nan,nan,nan,nan,nan,nan,nan,nan,nan,nan,0.24508543676758363
err of average time,0.001573752611875534,0.013357921503484249,0.004540116526186466,0.027771577239036557,0.02537519438192248,0.018801404163241386,0.019023528322577477,0.0004219040274620056,0.04401951190084218,0.012590554077178238,0.034623208921402686,0.014595778193324804,0.03715311922132969,0.024951713625341654,0.008557407185435293,0.003257036674767732,0.03101772395893931,0.03539575217291713,0.024045609869062897,0.0008943043649196624,6.737187504768371e-06,0.02284631924703717,0.02115009073168039,0.0004645767621695995,0.00014593685045838353,0.001097843050956726,7.382221519947052e-05,0.00024688197299838066,0.007789399474859237,0.0002059414982795715,5.017360672354698e-05,nan,nan,nan,nan,nan,nan,nan,nan,nan,nan,nan,nan,nan,nan,nan,nan,nan,nan,nan,0.17330157430842516
