Contains move time for player Edax4; opponent is DynamicRoxanne
Colums refer to move number, rows to game number
game,1,2,3,4,5,6,7,8,9,10,11,12,13,14,15,16,17,18,19,20,21,22,23,24,25,26,27,28,29,30,31,32,33,34,35,36,37,38,39,40,41,42,43,44,45,46,47,48,49,50,total
1,0.4032441098242998,0.11248393729329109,0.11254008952528238,0.11215678974986076,0.11238563526421785,0.11269394401460886,0.11254539526998997,0.11237581819295883,0.12457239255309105,0.11145655997097492,0.11188353039324284,0.11173653975129128,0.11231362354010344,0.1098913662135601,0.11004978232085705,0.10955798625946045,0.10942635033279657,0.10896210931241512,0.1080379793420434,0.1076020197942853,0.10721672885119915,0.10636021662503481,0.10580908879637718,0.1052547488361597,0.10511727724224329,0.1046364102512598,0.10419937130063772,0.10451853182166815,0.10313999559730291,0.10260433983057737,0.0003470722585916519,0.0,0.0,0.0,0.0,0.0,0.0,0.0,0.0,0.0,0.0,0.0,0.0,0.0,0.0,0.0,0.0,0.0,0.0,0.0,3.575119740329683
2,0.30460756085813046,0.11237235739827156,0.11231458745896816,0.11196878273040056,0.11282298527657986,0.11271989438682795,0.11252375319600105,0.1122697489336133,0.11196994502097368,0.11096411850303411,0.11092416848987341,0.11063594184815884,0.11054064054042101,0.11040656547993422,0.1098364545032382,0.11048376187682152,0.10850642621517181,0.10825859941542149,0.10729432012885809,0.1072279354557395,0.10679927188903093,0.10628419648855925,0.1058697197586298,0.1053500035777688,0.1051512248814106,0.10483897943049669,0.10433485638350248,0.10392746236175299,0.10453537572175264,0.10334025975316763,0.1025924663990736,0.10206949058920145,0.0003409469500184059,0.0,0.0,0.0,0.0,0.0,0.0,0.0,0.0,0.0,0.0,0.0,0.0,0.0,0.0,0.0,0.0,0.0,3.664082801900804
3,0.30324762500822544,0.11237572506070137,0.11238379031419754,0.11284398846328259,0.11238352302461863,0.11162878479808569,0.11296125408262014,0.11167584266513586,0.11198058165609837,0.11120365280658007,0.11141309980303049,0.11079530604183674,0.11117693781852722,0.10965708270668983,0.10900185536593199,0.10927622579038143,0.10854069609194994,0.1099956501275301,0.10730818100273609,0.10738214198499918,0.10712526645511389,0.1067862706258893,0.10606926865875721,0.10563412308692932,0.1052388483658433,0.10485068056732416,0.10447667632251978,0.10408041533082724,0.10483953636139631,0.10270788241177797,0.10256838332861662,0.00036272965371608734,0.0,0.0,0.0,0.0,0.0,0.0,0.0,0.0,0.0,0.0,0.0,0.0,0.0,0.0,0.0,0.0,0.0,0.0,3.56197202578187
4,0.3059660540893674,0.11249332409352064,0.11248628236353397,0.11203458532691002,0.11280555371195078,0.11255103815346956,0.11256513651460409,0.11234243307262659,0.11211044155061245,0.11161876190453768,0.11197453364729881,0.11100699100643396,0.11107492633163929,0.10944678634405136,0.10898836888372898,0.10894174035638571,0.1095426119863987,0.10918023902922869,0.10859705973416567,0.1083512594923377,0.10772500559687614,0.10659917537122965,0.10652611218392849,0.10601941589266062,0.10507488995790482,0.10472299251705408,0.10432093311101198,0.10566665977239609,0.10392433591187,0.10333704203367233,0.10257513355463743,0.10208609607070684,0.0003447365015745163,0.0,0.0,0.0,0.0,0.0,0.0,0.0,0.0,0.0,0.0,0.0,0.0,0.0,0.0,0.0,0.0,0.0,3.673000656068325
5,0.30325638595968485,0.1122929248958826,0.11247144639492035,0.11228192038834095,0.11259265150874853,0.11254042852669954,0.11201730277389288,0.11199049558490515,0.11168698873370886,0.11219793558120728,0.11172725632786751,0.11052124481648207,0.11068613454699516,0.10990081168711185,0.10909312684088945,0.10862277634441853,0.1092688487842679,0.10874543897807598,0.10835892334580421,0.10781609546393156,0.10736484825611115,0.10718117374926805,0.10624220222234726,0.11855013575404882,0.10528914257884026,0.10481690615415573,0.10431330744177103,0.10423257201910019,0.10516930092126131,0.10395417734980583,0.10312120895832777,0.10259933955967426,0.10209185723215342,0.0003395071253180504,0.0,0.0,0.0,0.0,0.0,0.0,0.0,0.0,0.0,0.0,0.0,0.0,0.0,0.0,0.0,0.0,3.7833348168060184
6,0.2913421057164669,0.11238282918930054,0.11221844144165516,0.11237870808690786,0.11225038208067417,0.11157170496881008,0.11175072658807039,0.11207219026982784,0.11299947276711464,0.11148247215896845,0.11064894497394562,0.11034689471125603,0.1109536187723279,0.10989818256348372,0.11043977923691273,0.10866989847272635,0.10872252564877272,0.1086971340700984,0.1080040829256177,0.1075446829199791,0.10719746258109808,0.1063961423933506,0.1059997221454978,0.10511083994060755,0.10470201261341572,0.10412494651973248,0.1050484087318182,0.10310886986553669,0.10284587927162647,0.10232632700353861,0.00032390281558036804,0.0,0.0,0.0,0.0,0.0,0.0,0.0,0.0,0.0,0.0,0.0,0.0,0.0,0.0,0.0,0.0,0.0,0.0,0.0,3.441559291444719
7,0.29198734648525715,0.1122440779581666,0.11260280106216669,0.11268101818859577,0.11275667510926723,0.11234779376536608,0.11265966575592756,0.11216569505631924,0.11214211862534285,0.1109325997531414,0.11070900224149227,0.11001151893287897,0.11022104602307081,0.1086913924664259,0.10835911612957716,0.1080229077488184,0.1080540707334876,0.10875078849494457,0.10776401776820421,0.10782914981245995,0.10725371073931456,0.10674508847296238,0.10639645997434855,0.10572523530572653,0.10555642563849688,0.10499268304556608,0.10442289616912603,0.1040387861430645,0.1057538939639926,0.10403924621641636,0.10276267305016518,0.10255843959748745,0.0003309231251478195,0.0,0.0,0.0,0.0,0.0,0.0,0.0,0.0,0.0,0.0,0.0,0.0,0.0,0.0,0.0,0.0,0.0,3.6515092635527253
8,0.29285783506929874,0.1123140249401331,0.11236442252993584,0.11215285584330559,0.11259858682751656,0.11298014782369137,0.11282575130462646,0.11273636668920517,0.11301071476191282,0.11134067457169294,0.11172717344015837,0.11158842593431473,0.11184495687484741,0.11020537931472063,0.11027879919856787,0.10931046586483717,0.10855230875313282,0.10848465003073215,0.10742921568453312,0.10710396710783243,0.10707051679491997,0.10603080783039331,0.10560540296137333,0.10520358942449093,0.10451527871191502,0.10407696850597858,0.10531343426555395,0.10314491298049688,0.1024775579571724,0.0003511402755975723,0.0,0.0,0.0,0.0,0.0,0.0,0.0,0.0,0.0,0.0,0.0,0.0,0.0,0.0,0.0,0.0,0.0,0.0,0.0,0.0,3.3454963322728872
9,0.29160651564598083,0.11237670760601759,0.11232815682888031,0.11194528080523014,0.1119081387296319,0.11159119661897421,0.11210086662322283,0.11269340850412846,0.11131210345774889,0.11122818849980831,0.11043197941035032,0.1103267353028059,0.11173523589968681,0.11049805767834187,0.10994342435151339,0.10956850461661816,0.1090086754411459,0.12135182414203882,0.10744819231331348,0.10710476618260145,0.10675358586013317,0.10621239338070154,0.10561869945377111,0.10515701957046986,0.10472705867141485,0.10425453633069992,0.10474786628037691,0.10291777830570936,0.1024026870727539,0.0003306800499558449,0.0,0.0,0.0,0.0,0.0,0.0,0.0,0.0,0.0,0.0,0.0,0.0,0.0,0.0,0.0,0.0,0.0,0.0,0.0,0.0,3.349630263634026
10,0.2934959037229419,0.11239597573876381,0.11251677852123976,0.11207560542970896,0.11278287135064602,0.11258336529135704,0.11262330505996943,0.11249795649200678,0.1116254162043333,0.11199036613106728,0.11165907513350248,0.11105967499315739,0.11248984839767218,0.11049495451152325,0.1101169129833579,0.10911733843386173,0.10888622235506773,0.1080892514437437,0.10769806057214737,0.10781863331794739,0.10724287945777178,0.10688995849341154,0.10622441302984953,0.10556709952652454,0.10530254244804382,0.10490458738058805,0.10456430912017822,0.10415639262646437,0.1060485066846013,0.10448695998638868,0.10306598618626595,0.10237134899944067,0.00035780761390924454,0.0,0.0,0.0,0.0,0.0,0.0,0.0,0.0,0.0,0.0,0.0,0.0,0.0,0.0,0.0,0.0,0.0,3.663200307637453
11,0.30517269205302,0.11257403623312712,0.11265733931213617,0.11259349621832371,0.11280546057969332,0.11259536910802126,0.1126269930973649,0.11187779065221548,0.11204587575048208,0.11211474146693945,0.1106136767193675,0.11049961764365435,0.11115386057645082,0.10995625238865614,0.10957494843751192,0.10944528598338366,0.10934493876993656,0.10872216988354921,0.11098872870206833,0.10765830241143703,0.10756322275847197,0.10723349172621965,0.10648151021450758,0.10594987589865923,0.10562344919890165,0.10514993872493505,0.10474963672459126,0.10433346312493086,0.1049965126439929,0.10328641720116138,0.10271689854562283,0.1024203198030591,0.10214533098042011,0.00033880583941936493,0.0,0.0,0.0,0.0,0.0,0.0,0.0,0.0,0.0,0.0,0.0,0.0,0.0,0.0,0.0,0.0,3.778010449372232
12,0.30387353897094727,0.11272227205336094,0.11132027953863144,0.11233338620513678,0.11255445890128613,0.11221838928759098,0.11252377461642027,0.11297553591430187,0.11155577376484871,0.11127008032053709,0.11115764919668436,0.11098922602832317,0.11181455478072166,0.1106693260371685,0.1091376356780529,0.10872453823685646,0.10858203936368227,0.10881397500634193,0.10788162145763636,0.10743742529302835,0.1073817303404212,0.10734989307820797,0.1068925317376852,0.1067701829597354,0.10582685936242342,0.10543616767972708,0.10513731464743614,0.10570078622549772,0.10444898623973131,0.10417582001537085,0.10545951779931784,0.103467489592731,0.1026019286364317,0.0003534434363245964,0.0,0.0,0.0,0.0,0.0,0.0,0.0,0.0,0.0,0.0,0.0,0.0,0.0,0.0,0.0,0.0,3.779558132402599
13,0.3002974195405841,0.11245925072580576,0.11277846992015839,0.11238199286162853,0.11208565812557936,0.111846967600286,0.11225981824100018,0.11229728627949953,0.11177091579884291,0.11255780700594187,0.11172700207680464,0.11183404177427292,0.11244101542979479,0.11131720524281263,0.10987668484449387,0.1097704702988267,0.1090384516865015,0.10854153148829937,0.10779188200831413,0.1078038290143013,0.10773204267024994,0.10678676795214415,0.10637131705880165,0.10647912230342627,0.10596142616122961,0.10540094319730997,0.10493169538676739,0.10463953670114279,0.10432208981364965,0.10400280822068453,0.10429817251861095,0.10304365586489439,0.10216386523097754,0.000536150299012661,0.00024390965700149536,0.0,0.0,0.0,0.0,0.0,0.0,0.0,0.0,0.0,0.0,0.0,0.0,0.0,0.0,0.0,3.7777912029996514
14,0.30383988190442324,0.1124830599874258,0.11235584784299135,0.11207725200802088,0.1129020182415843,0.11271921824663877,0.11193835269659758,0.11201220285147429,0.11162333469837904,0.11217787489295006,0.11095024831593037,0.11045298166573048,0.11093776114284992,0.10958286002278328,0.1128634512424469,0.10962788201868534,0.108769241720438,0.1084915716201067,0.1077256090939045,0.10717132780700922,0.10740666184574366,0.10695300623774529,0.10629381332546473,0.10641645919531584,0.10577781312167645,0.10515049286186695,0.1047297902405262,0.10439888294786215,0.10597915295511484,0.10348981525748968,0.10271837841719389,0.10245935339480639,0.0003403136506676674,0.0,0.0,0.0,0.0,0.0,0.0,0.0,0.0,0.0,0.0,0.0,0.0,0.0,0.0,0.0,0.0,0.0,3.6728159114718437
15,0.30350194685161114,0.11246574483811855,0.1124851992353797,0.11219601426273584,0.11293937265872955,0.1125793531537056,0.11196362227201462,0.1119896275922656,0.11166293453425169,0.11178653594106436,0.11166924890130758,0.11001458764076233,0.1099846288561821,0.10950894001871347,0.110050393268466,0.10890896804630756,0.10838002152740955,0.10839230287820101,0.1082672756165266,0.10767444223165512,0.10750679299235344,0.10691279917955399,0.1063790824264288,0.10612221248447895,0.10575655288994312,0.10539599508047104,0.1048956522718072,0.1043330766260624,0.1038861433044076,0.10396631434559822,0.10326519794762135,0.10251764953136444,0.10211653914302588,0.00026488397270441055,0.0,0.0,0.0,0.0,0.0,0.0,0.0,0.0,0.0,0.0,0.0,0.0,0.0,0.0,0.0,0.0,3.769740052521229
16,0.2936675688251853,0.11251969542354345,0.11227744910866022,0.11188577394932508,0.11276405211538076,0.1126133156940341,0.1125735267996788,0.11264606658369303,0.111436584033072,0.11202397011220455,0.11192421428859234,0.11115352064371109,0.11099215503782034,0.1106660095974803,0.10948548372834921,0.10916528571397066,0.10976576339453459,0.10812739189714193,0.10746695846319199,0.10723237600177526,0.10683304443955421,0.10626630485057831,0.10574749298393726,0.10507884621620178,0.10473048035055399,0.1042026225477457,0.10635164007544518,0.10419924650341272,0.1031105425208807,0.10270177572965622,0.10233464371412992,0.0003379927948117256,0.0,0.0,0.0,0.0,0.0,0.0,0.0,0.0,0.0,0.0,0.0,0.0,0.0,0.0,0.0,0.0,0.0,0.0,3.5522817941382527
17,0.2924452032893896,0.11233058758080006,0.11229224596172571,0.11256021820008755,0.11227913573384285,0.11214263550937176,0.11258939560502768,0.1126521872356534,0.11248487699776888,0.11168777849525213,0.11197074130177498,0.11134456563740969,0.11136888898909092,0.11140169948339462,0.10946299508213997,0.10977907851338387,0.11039589904248714,0.1086434256285429,0.10848970618098974,0.10746170952916145,0.10688398964703083,0.10612804815173149,0.10571943037211895,0.10521046444773674,0.10453054402023554,0.10401458013802767,0.1036764932796359,0.10351157933473587,0.10304517298936844,0.10275920666754246,0.10254049953073263,0.0007169200107455254,0.00045394618064165115,0.0,0.0,0.0,0.0,0.0,0.0,0.0,0.0,0.0,0.0,0.0,0.0,0.0,0.0,0.0,0.0,0.0,3.5529738487675786
18,0.2927332539111376,0.11230405606329441,0.11231723986566067,0.11250052694231272,0.11282580066472292,0.11283261980861425,0.11219617165625095,0.11299134604632854,0.11124556325376034,0.11080691777169704,0.11154555901885033,0.11133109219372272,0.11201580334454775,0.1108549702912569,0.10988463182002306,0.1096845418214798,0.10848338529467583,0.10808880068361759,0.10806591901928186,0.10744288936257362,0.1071435920894146,0.10629313625395298,0.1054722098633647,0.1048943642526865,0.10446274559944868,0.10400563664734364,0.10467609576880932,0.10324977617710829,0.10296224616467953,0.10237066820263863,0.0003203395754098892,0.0,0.0,0.0,0.0,0.0,0.0,0.0,0.0,0.0,0.0,0.0,0.0,0.0,0.0,0.0,0.0,0.0,0.0,0.0,3.4460018994286656
19,0.29350326023995876,0.11243889108300209,0.11231988202780485,0.11179477721452713,0.11251039803028107,0.11217985022813082,0.1119352588430047,0.11141219176352024,0.11143429949879646,0.11245011910796165,0.1118239313364029,0.11127524264156818,0.1112428018823266,0.11028434429317713,0.10951891634613276,0.10911205224692822,0.10824304260313511,0.10819077584892511,0.10739824920892715,0.10730035603046417,0.10682675894349813,0.10616945568472147,0.10556768253445625,0.10506010241806507,0.10451649688184261,0.10418516024947166,0.105628059245646,0.10396615974605083,0.1031657662242651,0.10249288287013769,0.10215014684945345,0.00033210311084985733,0.0,0.0,0.0,0.0,0.0,0.0,0.0,0.0,0.0,0.0,0.0,0.0,0.0,0.0,0.0,0.0,0.0,0.0,3.5464294152334332
20,0.29157586582005024,0.11239844933152199,0.1135326474905014,0.11260396149009466,0.11254061479121447,0.11247753910720348,0.11220173444598913,0.11321199499070644,0.11221137270331383,0.11133779212832451,0.11059694923460484,0.11132627259939909,0.1112892022356391,0.11061172559857368,0.1137370616197586,0.11420133244246244,0.11390100885182619,0.11189647205173969,0.11278103664517403,0.11161216162145138,0.11224713549017906,0.11051248852163553,0.11013331916183233,0.11110280640423298,0.10921898577362299,0.10881519317626953,0.10922809597104788,0.10760550573468208,0.10778239462524652,0.10818147007375956,0.10701243299990892,0.10658359620720148,0.10618359316140413,0.0005164630711078644,0.00024395715445280075,0.0,0.0,0.0,0.0,0.0,0.0,0.0,0.0,0.0,0.0,0.0,0.0,0.0,0.0,0.0,3.841412632726133
21,0.3039432317018509,0.11254708282649517,0.11248440202325583,0.11219433322548866,0.11254677269607782,0.11269521992653608,0.11183497123420238,0.11180706601589918,0.11167348269373178,0.11223606951534748,0.11087663937360048,0.11039496585726738,0.1111252149567008,0.11048476584255695,0.10992276575416327,0.10934182442724705,0.10868262313306332,0.10789485182613134,0.10755299217998981,0.10713889915496111,0.10654649045318365,0.10651201196014881,0.10626218747347593,0.1055581159889698,0.10524960234761238,0.1049488689750433,0.1043787756934762,0.10568100214004517,0.10446242894977331,0.10325319692492485,0.10249907895922661,0.10210735909640789,0.0003528902307152748,0.0,0.0,0.0,0.0,0.0,0.0,0.0,0.0,0.0,0.0,0.0,0.0,0.0,0.0,0.0,0.0,0.0,3.66519018355757
22,0.3031828124076128,0.11249072663486004,0.1125001348555088,0.11252424493432045,0.11216037441045046,0.11171270161867142,0.11195882130414248,0.11208199430257082,0.1115761874243617,0.11058905255049467,0.1109124394133687,0.11005429644137621,0.11046584602445364,0.11094600614160299,0.11028257571160793,0.11024386435747147,0.10980613343417645,0.10900318436324596,0.10834895726293325,0.10781481210142374,0.10701534245163202,0.10646189283579588,0.10653485544025898,0.10596958920359612,0.10526373237371445,0.10468046274036169,0.10448068380355835,0.10455446317791939,0.10345644876360893,0.10283547081053257,0.10236092284321785,0.00034639425575733185,0.0,0.0,0.0,0.0,0.0,0.0,0.0,0.0,0.0,0.0,0.0,0.0,0.0,0.0,0.0,0.0,0.0,0.0,3.5626154243946075
23,0.30254628509283066,0.11244848929345608,0.11260269489139318,0.11239354219287634,0.11269220057874918,0.11275008041411638,0.11193905770778656,0.11220401432365179,0.1125055868178606,0.1111632464453578,0.11048210225999355,0.11048037651926279,0.11033203266561031,0.10933384113013744,0.10940573178231716,0.10901778843253851,0.10886368528008461,0.10862606670707464,0.10773684270679951,0.10777271538972855,0.10695642419159412,0.10673630610108376,0.1062168525531888,0.10591354593634605,0.10551787540316582,0.10528627969324589,0.10475792177021503,0.1046037096530199,0.10427313297986984,0.10407292284071445,0.10365921352058649,0.0013815052807331085,0.10372793208807707,0.00056412722915411,0.0003218371421098709,0.0,0.0,0.0,0.0,0.0,0.0,0.0,0.0,0.0,0.0,0.0,0.0,0.0,0.0,0.0,3.66928596701473
24,0.3032337436452508,0.1125661013647914,0.11244796868413687,0.11250121518969536,0.11228734254837036,0.1123109832406044,0.11340854875743389,0.1140180453658104,0.11342305317521095,0.11284108646214008,0.1125267893075943,0.11166216246783733,0.11072819214314222,0.11056110169738531,0.11030641850084066,0.10881166905164719,0.1094847721979022,0.10891653969883919,0.10810201521962881,0.10762341506779194,0.10752100963145494,0.10673324856907129,0.10649122670292854,0.10585702024400234,0.10510639660060406,0.10446627996861935,0.10421278327703476,0.10754639748483896,0.10510828252881765,0.1031203968450427,0.10271151829510927,0.10237447638064623,0.0003354530781507492,0.0,0.0,0.0,0.0,0.0,0.0,0.0,0.0,0.0,0.0,0.0,0.0,0.0,0.0,0.0,0.0,0.0,3.6793456533923745
25,0.3023328986018896,0.11251891031861305,0.11239574570208788,0.11230832058936357,0.11199532356113195,0.11180573888123035,0.11112555582076311,0.11277279909700155,0.11208027508109808,0.11240476928651333,0.1109702754765749,0.10981394350528717,0.11061873286962509,0.1095576724037528,0.10921001620590687,0.10887137893587351,0.1087586022913456,0.10821858514100313,0.10777666978538036,0.10694712493568659,0.10653494019061327,0.10629797168076038,0.1059199022129178,0.10550943296402693,0.10524279624223709,0.10499311797320843,0.10432535782456398,0.10383398924022913,0.10384509898722172,0.10281281266361475,0.10251966025680304,0.10208828002214432,0.00032986048609018326,0.0,0.0,0.0,0.0,0.0,0.0,0.0,0.0,0.0,0.0,0.0,0.0,0.0,0.0,0.0,0.0,0.0,3.6567365592345595
26,0.290380509570241,0.11228839214891195,0.1129579646512866,0.11260866932570934,0.11275447811931372,0.1125189010053873,0.11131892539560795,0.11144399829208851,0.11047211848199368,0.11172627657651901,0.11086937598884106,0.11099511291831732,0.11075294390320778,0.11006052885204554,0.11205187626183033,0.1092877322807908,0.10851673502475023,0.108880833722651,0.10844444949179888,0.10715008247643709,0.10684477165341377,0.106555150821805,0.10637497156858444,0.10608742665499449,0.10557126626372337,0.10509587544947863,0.10465743951499462,0.10442837979644537,0.10417220648378134,0.10461919195950031,0.10335725639015436,0.10260512586683035,0.10264835320413113,0.1020912230014801,0.00031676050275564194,0.0,0.0,0.0,0.0,0.0,0.0,0.0,0.0,0.0,0.0,0.0,0.0,0.0,0.0,0.0,3.860905303619802
27,0.2909399988129735,0.11235139705240726,0.11262242589145899,0.11279832106083632,0.11252166423946619,0.11239678505808115,0.11174292210489511,0.11193297989666462,0.11199411749839783,0.11137789208441973,0.1114768823608756,0.11066110990941525,0.11056047584861517,0.11035432945936918,0.10994948446750641,0.10928946547210217,0.10861468594521284,0.10820784885436296,0.10759006906300783,0.10723286867141724,0.10701186675578356,0.10684770345687866,0.10645572561770678,0.10557767283171415,0.10542081203311682,0.10515283606946468,0.10467602126300335,0.10446708370000124,0.10420126840472221,0.10558572504669428,0.10414939932525158,0.1032295385375619,0.1026856554672122,0.1025770977139473,0.10211899597197771,0.00034052319824695587,0.0,0.0,0.0,0.0,0.0,0.0,0.0,0.0,0.0,0.0,0.0,0.0,0.0,0.0,3.9651136491447687
28,0.2929709581658244,0.11594350077211857,0.11567968036979437,0.11553512141108513,0.11606269143521786,0.11549622658640146,0.11548100970685482,0.11606812477111816,0.1156604578718543,0.11496241390705109,0.11443532444536686,0.14397198893129826,0.11520221177488565,0.10897644702345133,0.1108253626152873,0.10789112467318773,0.10966587346047163,0.10754556301981211,0.10887467674911022,0.10844315402209759,0.10783813148736954,0.10726072546094656,0.1059813192114234,0.1074086232110858,0.10476006381213665,0.10592960566282272,0.10578677337616682,0.10367701947689056,0.10273179970681667,0.10216781124472618,0.0003287196159362793,0.0,0.0,0.0,0.0,0.0,0.0,0.0,0.0,0.0,0.0,0.0,0.0,0.0,0.0,0.0,0.0,0.0,0.0,0.0,3.52356250397861
29,0.2933336282148957,0.11229132674634457,0.11209556553512812,0.1124088205397129,0.1128794951364398,0.11318439058959484,0.11305370833724737,0.11239833943545818,0.11159385554492474,0.1113071646541357,0.11264357250183821,0.10978404060006142,0.10983505472540855,0.10944312438368797,0.10918430611491203,0.10870600119233131,0.1080205962061882,0.10781852342188358,0.10734838712960482,0.10686143208295107,0.10691866558045149,0.10633399337530136,0.1059031980112195,0.10494479350745678,0.1044331593438983,0.10399141907691956,0.10477806720882654,0.10380581300705671,0.10277289617806673,0.10235766600817442,0.10210056602954865,0.00027593597769737244,0.0,0.0,0.0,0.0,0.0,0.0,0.0,0.0,0.0,0.0,0.0,0.0,0.0,0.0,0.0,0.0,0.0,0.0,3.5428075063973665
30,0.2889418974518776,0.11224451195448637,0.11261691898107529,0.11205019894987345,0.11297267116606236,0.11144851613789797,0.11138726398348808,0.11162692867219448,0.11094193253666162,0.11077102459967136,0.11021597404032946,0.11005165707319975,0.1108675142750144,0.10952280554920435,0.10969646368175745,0.10902455728501081,0.1092858724296093,0.10816244222223759,0.10754585638642311,0.1071198470890522,0.10702847223728895,0.10614250879734755,0.10563784278929234,0.10531719774007797,0.10506628081202507,0.1048071626573801,0.10452163964509964,0.10406921897083521,0.10557426884770393,0.10425191838294268,0.10351616609841585,0.1028442531824112,0.10232559125870466,0.10213568434119225,0.00032501015812158585,0.0,0.0,0.0,0.0,0.0,0.0,0.0,0.0,0.0,0.0,0.0,0.0,0.0,0.0,0.0,3.850058070383966
31,0.3039222387596965,0.11245448421686888,0.11248017009347677,0.11271994933485985,0.11201985459774733,0.11165552213788033,0.11196140572428703,0.111969537101686,0.11183452606201172,0.11069670971482992,0.11085282359272242,0.11049309931695461,0.1114049581810832,0.10912065301090479,0.10989933740347624,0.10933737456798553,0.10841467417776585,0.10783190932124853,0.1079616155475378,0.10736303683370352,0.1069980226457119,0.10624412912875414,0.10619131289422512,0.10597659926861525,0.10538108367472887,0.1049700053408742,0.10434568673372269,0.10586833208799362,0.1046489393338561,0.10314259305596352,0.1023754570633173,0.0003450969234108925,0.0,0.0,0.0,0.0,0.0,0.0,0.0,0.0,0.0,0.0,0.0,0.0,0.0,0.0,0.0,0.0,0.0,0.0,3.5608811378479004
32,0.30463299062103033,0.11239656619727612,0.11244154628366232,0.11230761744081974,0.1128547927364707,0.11267744656652212,0.11234399676322937,0.11202763766050339,0.11164145451039076,0.11179451644420624,0.11366421077400446,0.11059723887592554,0.11124290619045496,0.11048463545739651,0.1097887959331274,0.10952214617282152,0.10912387631833553,0.1086964188143611,0.10798897221684456,0.10762000735849142,0.10727676656097174,0.10673516616225243,0.10633897874504328,0.10563417989760637,0.10527416784316301,0.10498117469251156,0.10464403964579105,0.10437184944748878,0.0021227728575468063,0.0,0.0,0.0,0.0,0.0,0.0,0.0,0.0,0.0,0.0,0.0,0.0,0.0,0.0,0.0,0.0,0.0,0.0,0.0,0.0,0.0,3.261226869188249
33,0.3031729497015476,0.1125361230224371,0.11239026486873627,0.11263415031135082,0.11177072674036026,0.11200934927910566,0.11224877741187811,0.11203008331358433,0.11224998999387026,0.11201236862689257,0.1129887318238616,0.11079833749681711,0.11099606938660145,0.11046218872070312,0.1100956266745925,0.10957001335918903,0.10865130368620157,0.10869299154728651,0.10838078055530787,0.10778895858675241,0.10733060259371996,0.10651727858930826,0.10591316316276789,0.10554731823503971,0.10526216309517622,0.10466577578336,0.1041996693238616,0.10527129285037518,0.10340470261871815,0.10269614588469267,0.1026062723249197,0.1021367097273469,0.0003402167931199074,0.0,0.0,0.0,0.0,0.0,0.0,0.0,0.0,0.0,0.0,0.0,0.0,0.0,0.0,0.0,0.0,0.0,3.6673710960894823
34,0.30559916980564594,0.11236317176371813,0.11251334100961685,0.11292966362088919,0.11272436287254095,0.11249277833849192,0.11138814967125654,0.11202480178326368,0.11250235512852669,0.1113096121698618,0.11235773004591465,0.11231256555765867,0.11233656480908394,0.11057541891932487,0.11002832092344761,0.10909726656973362,0.1094004949554801,0.10855233948677778,0.10778905265033245,0.10757895652204752,0.10721645597368479,0.10673775244504213,0.10622661001980305,0.10545341949909925,0.1051142318174243,0.10444519110023975,0.10582462325692177,0.10421688947826624,0.10337137244641781,0.10288843885064125,0.1027825428172946,0.10257987026125193,0.0003372328355908394,0.0,0.0,0.0,0.0,0.0,0.0,0.0,0.0,0.0,0.0,0.0,0.0,0.0,0.0,0.0,0.0,0.0,3.6730707474052906
35,0.30507306195795536,0.11241170205175877,0.11234471295028925,0.11276306118816137,0.11269599106162786,0.11260156147181988,0.11306317243725061,0.11234595905989408,0.11297955922782421,0.1189868850633502,0.11575345881283283,0.12296380382031202,0.1404520394280553,0.10961227212101221,0.10949618928134441,0.11079238448292017,0.10936498921364546,0.10997067205607891,0.10905453469604254,0.10975699499249458,0.10728571843355894,0.10751680377870798,0.10695793945342302,0.10674894601106644,0.10597748309373856,0.10465941578149796,0.10553139820694923,0.104410738684237,0.1031688991934061,0.10254453308880329,0.10215274337679148,0.0002625333145260811,0.0,0.0,0.0,0.0,0.0,0.0,0.0,0.0,0.0,0.0,0.0,0.0,0.0,0.0,0.0,0.0,0.0,0.0,3.629700157791376
36,0.292049172334373,0.11235909815877676,0.11252021230757236,0.11193260084837675,0.11311079747974873,0.11159241665154696,0.11175961419939995,0.11124697048217058,0.11165518593043089,0.11107231769710779,0.11065187305212021,0.11077208910137415,0.11055181920528412,0.10952098295092583,0.10930779296904802,0.1090446962043643,0.10857490729540586,0.10811781324446201,0.10770731884986162,0.10722108464688063,0.10704115312546492,0.10693155601620674,0.1063672136515379,0.10585911013185978,0.10564180556684732,0.1054638335481286,0.0032981662079691887,0.0,0.0,0.0,0.0,0.0,0.0,0.0,0.0,0.0,0.0,0.0,0.0,0.0,0.0,0.0,0.0,0.0,0.0,0.0,0.0,0.0,0.0,0.0,3.031371601857245
37,0.2943108035251498,0.11234621796756983,0.11205331888049841,0.11241408064961433,0.11359097249805927,0.11235415656119585,0.11254182457923889,0.11313907708972692,0.11252008192241192,0.11248314660042524,0.11130211036652327,0.11212253477424383,0.11071193777024746,0.10898486524820328,0.10916255507618189,0.10913542844355106,0.10882086865603924,0.10805943235754967,0.10770849883556366,0.10715210344642401,0.10682359151542187,0.10642937012016773,0.10600684210658073,0.1054545883089304,0.10504542011767626,0.10473386943340302,0.10415384732186794,0.1051063071936369,0.10365981236100197,0.10257969982922077,0.1023461390286684,0.0003348859027028084,0.0,0.0,0.0,0.0,0.0,0.0,0.0,0.0,0.0,0.0,0.0,0.0,0.0,0.0,0.0,0.0,0.0,0.0,3.5535883884876966
38,0.2926819445565343,0.11228201445192099,0.11208256334066391,0.11202834639698267,0.11262909695506096,0.11286694090813398,0.1123870275914669,0.11223263200372458,0.11254936177283525,0.11200733203440905,0.11183586157858372,0.11180531978607178,0.11151992902159691,0.11036903783679008,0.11004284769296646,0.10905983578413725,0.10842509102076292,0.10814647562801838,0.10779822338372469,0.10759465582668781,0.1064219893887639,0.10622719023376703,0.10572742484509945,0.10508779063820839,0.10450230911374092,0.10408733319491148,0.10513856820762157,0.10335182584822178,0.10253418236970901,0.102134526707232,0.0,0.0,0.0,0.0,0.0,0.0,0.0,0.0,0.0,0.0,0.0,0.0,0.0,0.0,0.0,0.0,0.0,0.0,0.0,0.0,3.445557678118348
39,0.2908503981307149,0.1122319046407938,0.11231968645006418,0.11260604858398438,0.11192778684198856,0.1115363147109747,0.12492860108613968,0.11123537551611662,0.11287305410951376,0.11216957867145538,0.11209731176495552,0.11199041549116373,0.11121547687798738,0.10988189931958914,0.10926396120339632,0.10945241339504719,0.10841336194425821,0.10780700016766787,0.107382046058774,0.10721011646091938,0.10675933957099915,0.1062859296798706,0.10583197977393866,0.10549178533256054,0.10481398273259401,0.10444255359470844,0.10417469404637814,0.10581681784242392,0.10340948309749365,0.10307089798152447,0.10282423160970211,0.10230026580393314,0.0002972874790430069,0.0,0.0,0.0,0.0,0.0,0.0,0.0,0.0,0.0,0.0,0.0,0.0,0.0,0.0,0.0,0.0,0.0,3.6629119999706745
40,0.2936762571334839,0.11223797313869,0.11212375108152628,0.11197968199849129,0.11288668680936098,0.11276229470968246,0.11230207607150078,0.11250764969736338,0.11273732502013445,0.11169078666716814,0.11052467115223408,0.11023826897144318,0.11076915450394154,0.10933062341064215,0.1083988631144166,0.1085331505164504,0.10846508480608463,0.1078808605670929,0.10769494529813528,0.10789175797253847,0.1072478499263525,0.10705734323710203,0.10638748575001955,0.10596482455730438,0.10562125779688358,0.1050925524905324,0.10448932275176048,0.10399892181158066,0.10465799272060394,0.10279452335089445,0.10271775536239147,0.10231291875243187,0.00032224319875240326,0.0,0.0,0.0,0.0,0.0,0.0,0.0,0.0,0.0,0.0,0.0,0.0,0.0,0.0,0.0,0.0,0.0,3.6532968543469906
41,0.3045418644323945,0.11253624968230724,0.11225755512714386,0.11239436268806458,0.1125381588935852,0.11252180486917496,0.11208063177764416,0.11233128793537617,0.11218014173209667,0.11244359333068132,0.11109859589487314,0.11045714188367128,0.11115782335400581,0.10950541216880083,0.10939245950430632,0.10867622215300798,0.10819257609546185,0.10829648561775684,0.10817321296781301,0.10800742916762829,0.10755617171525955,0.10710591170936823,0.10670570842921734,0.10644548572599888,0.10611224174499512,0.10581748653203249,0.1055749412626028,0.10501188691705465,0.10452061519026756,0.1042642630636692,0.10399045888334513,0.10527397319674492,0.10332600865513086,0.10303472634404898,0.10234228242188692,0.0005593299865722656,0.0002644667401909828,0.0,0.0,0.0,0.0,0.0,0.0,0.0,0.0,0.0,0.0,0.0,0.0,0.0,3.98668896779418
42,0.30389902740716934,0.11266813706606627,0.11240527965128422,0.11245989799499512,0.11279969569295645,0.11375151202082634,0.11225280445069075,0.11281648185104132,0.11414636950939894,0.11205532774329185,0.11201006080955267,0.11104256380349398,0.11079159285873175,0.10910900309681892,0.10851668566465378,0.1090269573032856,0.10906416177749634,0.10883268620818853,0.10782543383538723,0.1074818093329668,0.10726896952837706,0.10685108508914709,0.10643929336220026,0.10560120642185211,0.10521076619625092,0.10463192220777273,0.10437322594225407,0.10412944946438074,0.10576217714697123,0.1042691944167018,0.10333139076828957,0.1077863983809948,0.10428677592426538,0.00035543646663427353,0.0,0.0,0.0,0.0,0.0,0.0,0.0,0.0,0.0,0.0,0.0,0.0,0.0,0.0,0.0,0.0,3.783252779394388
43,0.30698824394494295,0.11234426219016314,0.11254187766462564,0.11268441844731569,0.11196252144873142,0.1118846470490098,0.11236166581511497,0.12496880814433098,0.11252008099108934,0.11108061484992504,0.11000538896769285,0.11146875470876694,0.11238318867981434,0.11018869932740927,0.10970199108123779,0.10975152254104614,0.10892680287361145,0.10858870204538107,0.10797481052577496,0.10763370338827372,0.1069096615538001,0.10677743423730135,0.10624033398926258,0.10576677229255438,0.10534087475389242,0.10494060441851616,0.10438241343945265,0.10411550104618073,0.10614693351089954,0.10337948892265558,0.10277462285012007,0.10254763532429934,0.0003265431150794029,0.0,0.0,0.0,0.0,0.0,0.0,0.0,0.0,0.0,0.0,0.0,0.0,0.0,0.0,0.0,0.0,0.0,3.685609524138272
44,0.3024801928550005,0.11247939709573984,0.11223182734102011,0.11259309574961662,0.11289450991898775,0.11275843903422356,0.11285203043371439,0.11205908097326756,0.11367688607424498,0.11322327237576246,0.11245777923613787,0.11108718905597925,0.11218420881778002,0.11022827588021755,0.11150299198925495,0.10977168660610914,0.10880895052105188,0.10839839652180672,0.10811489541083574,0.10703776311129332,0.1068272739648819,0.10624292399734259,0.10609585791826248,0.10566859692335129,0.10517918318510056,0.10474400129169226,0.10428415797650814,0.10600004717707634,0.10347024351358414,0.10259549971669912,0.10210336279124022,0.00035122036933898926,0.0,0.0,0.0,0.0,0.0,0.0,0.0,0.0,0.0,0.0,0.0,0.0,0.0,0.0,0.0,0.0,0.0,0.0,3.570403237827122
45,0.30484235379844904,0.11253817845135927,0.11255278624594212,0.11225290689617395,0.11196907889097929,0.11164677143096924,0.11110315751284361,0.11283117160201073,0.11155035998672247,0.11178343184292316,0.1112353028729558,0.1106106722727418,0.1107595656067133,0.1094759926199913,0.10973789170384407,0.10909614898264408,0.10936784092336893,0.10859608184546232,0.10820129606872797,0.10745374113321304,0.1069760350510478,0.10674502979964018,0.10635668504983187,0.1059488719329238,0.10569662973284721,0.10540878865867853,0.10524867568165064,0.10492047667503357,0.10459012072533369,0.00234774686396122,0.0,0.0,0.0,0.0,0.0,0.0,0.0,0.0,0.0,0.0,0.0,0.0,0.0,0.0,0.0,0.0,0.0,0.0,0.0,0.0,3.361843790858984
46,0.2899633292108774,0.11234292853623629,0.11160453502088785,0.11248559691011906,0.11260739900171757,0.11310592107474804,0.11282474640756845,0.11283119954168797,0.11279279459267855,0.11229058541357517,0.11162413749843836,0.11097677890211344,0.11093017272651196,0.11042351927608252,0.11049921903759241,0.10933986119925976,0.10852319654077291,0.10817048512399197,0.10795294586569071,0.10744409449398518,0.10652357060462236,0.10589238163083792,0.10566925257444382,0.10522307548671961,0.10464093647897243,0.10440321266651154,0.10420896578580141,0.10595876537263393,0.10447351261973381,0.10355535056442022,0.102779071778059,0.10253734700381756,0.0003608604893088341,0.0,0.0,0.0,0.0,0.0,0.0,0.0,0.0,0.0,0.0,0.0,0.0,0.0,0.0,0.0,0.0,0.0,3.654959749430418
47,0.29135230276733637,0.12540179677307606,0.11234461795538664,0.11233315989375114,0.11228284705430269,0.11163839977234602,0.11140785831958055,0.11130264960229397,0.11166266072541475,0.1112931128591299,0.11084437370300293,0.11027031857520342,0.11083785258233547,0.10938849672675133,0.10909206792712212,0.10851900279521942,0.10834170412272215,0.10995917860418558,0.1077390294522047,0.10728996898978949,0.10687425453215837,0.10706395469605923,0.10539458598941565,0.10490912664681673,0.1044819476082921,0.10393446311354637,0.10435541346669197,0.103253866545856,0.10308307595551014,0.10258054919540882,0.0007259706035256386,0.0004553338512778282,0.0,0.0,0.0,0.0,0.0,0.0,0.0,0.0,0.0,0.0,0.0,0.0,0.0,0.0,0.0,0.0,0.0,0.0,3.4504139414057136
48,0.29076678585261106,0.11220000497996807,0.11229057889431715,0.11187839414924383,0.1122392974793911,0.11216551624238491,0.11218126118183136,0.11225009895861149,0.1118683721870184,0.11253830511122942,0.11194506660103798,0.11134477704763412,0.11214818246662617,0.11177372001111507,0.10874373372644186,0.10935575794428587,0.10843739658594131,0.10792710445821285,0.10776967462152243,0.10763721819967031,0.10612521041184664,0.10685218498110771,0.10588063858449459,0.10586977284401655,0.10579008236527443,0.10527072288095951,0.1049879128113389,0.10724031552672386,0.10408662259578705,0.10315533354878426,0.10289424378424883,0.10261435899883509,0.1020788699388504,0.0003394000232219696,0.0,0.0,0.0,0.0,0.0,0.0,0.0,0.0,0.0,0.0,0.0,0.0,0.0,0.0,0.0,0.0,3.7606469159945846
49,0.28974947333335876,0.11234263237565756,0.11228558607399464,0.11227732431143522,0.12128106132149696,0.11258246283978224,0.11243805196136236,0.11185852624475956,0.11220988538116217,0.11189036816358566,0.11172489356249571,0.11146010924130678,0.11083332821726799,0.10923824459314346,0.10949342977255583,0.10906634572893381,0.10876101534813643,0.10828521568328142,0.10775577649474144,0.1072440855205059,0.1067844033241272,0.10639758594334126,0.10604977700859308,0.10574596468359232,0.10553054977208376,0.10518696904182434,0.10471310280263424,0.10444412473589182,0.10388106666505337,0.10395440272986889,0.10271892230957747,0.10230521392077208,0.00031693000346422195,0.0,0.0,0.0,0.0,0.0,0.0,0.0,0.0,0.0,0.0,0.0,0.0,0.0,0.0,0.0,0.0,0.0,3.660806829109788
50,0.29313107021152973,0.11231759935617447,0.11236383393406868,0.11226056143641472,0.11283273622393608,0.1126622874289751,0.11240804754197598,0.11317503545433283,0.11265621427446604,0.1122425040230155,0.10994395799934864,0.10954490583389997,0.11051365919411182,0.11001979187130928,0.11428639013320208,0.11483289953321218,0.11180617567151785,0.11422855965793133,0.11136103514581919,0.11064800526946783,0.11115346476435661,0.10919948201626539,0.10869283508509398,0.11025388352572918,0.10773014836013317,0.10863145161420107,0.1079196184873581,0.1072213463485241,0.1063952399417758,0.10647723730653524,0.10557702835649252,0.00026880763471126556,0.0,0.0,0.0,0.0,0.0,0.0,0.0,0.0,0.0,0.0,0.0,0.0,0.0,0.0,0.0,0.0,0.0,0.0,3.6127558136358857

total time per move x,14.997711667791009,5.636908808723092,5.6231149435043335,5.620704640634358,5.639985361136496,5.620999642647803,5.62746749073267,5.6304245395585895,5.62160943262279,5.597072312608361,5.577405699528754,5.588476960547268,5.590506290085614,5.500878266990185,5.496985973790288,5.471457561478019,5.450996580533683,5.446737349964678,5.4064520336687565,5.383735313080251,5.362890867516398,5.3377828216180205,5.3126714788377285,5.307451384142041,5.267059304751456,5.247839656658471,5.142170439474285,5.127106226049364,5.002821673639119,4.658412771299481,4.022075769491494,2.785591962747276,1.3438704926520586,0.4134469488635659,0.20591275300830603,0.0008998531848192215,0.0002644667401909828,0,0,0,0,0,0,0,0,0,0,0,0,0,181.06789974030107
average time per move x,0.29995423335582017,0.11273817617446184,0.11246229887008667,0.11241409281268716,0.11279970722272992,0.11241999285295606,0.1125493498146534,0.11260849079117179,0.1124321886524558,0.11194144625216723,0.11154811399057507,0.11176953921094537,0.11181012580171228,0.1100175653398037,0.10993971947580576,0.10942915122956037,0.10901993161067366,0.10893474699929356,0.10812904067337513,0.10767470626160502,0.10725781735032797,0.10675565643236042,0.10625342957675457,0.10614902768284082,0.10534118609502911,0.10495679313316941,0.1028434087894857,0.10463482093978294,0.10209840150283915,0.09705026606873919,0.09141081294298849,0.0696397990686819,0.046340361815588225,0.03180361145104353,0.029416107572615147,0.00044992659240961075,0.0002644667401909828,nan,nan,nan,nan,nan,nan,nan,nan,nan,nan,nan,nan,nan,3.6213579948060213
std of time per move x,0.01610875021787203,0.0018980004821006796,0.0005544085517415953,0.000530194314520555,0.001369751777402699,0.0006726287827628015,0.0019128959640579122,0.0019431921524724676,0.0019465410561973111,0.0012631522733891668,0.0010688865787863721,0.004993276315363752,0.004222979916566539,0.0006714088529443125,0.0011715767975199007,0.0011764546824405621,0.0009573942804167344,0.002086767373104643,0.001011057272590785,0.0008531227928926563,0.000986314987192299,0.0007517278241179997,0.0007567808237597145,0.002108551689148173,0.0007994894279522883,0.0009144309922321866,0.014395216639770185,0.0011368648760305296,0.01462675526389781,0.025086026013003523,0.0329747729445987,0.048639247317142455,0.051938615814811864,0.04902802312556979,0.049741848530788474,0.00015471976379447604,nan,nan,nan,nan,nan,nan,nan,nan,nan,nan,nan,nan,nan,nan,0.17378158690795098
err of average time,0.0022781213030995174,0.0002684178023177454,7.840520929685898e-05,7.498079902880755e-05,0.00019371215406875498,9.512407470256601e-05,0.0002705243415779456,0.0002748088696323531,0.0002752824761390286,0.0001786367076369367,0.0001511633896358265,0.0007061559085863773,0.00059721954716376,9.495155057312097e-05,0.0001656859796414281,0.00016637581674247757,0.0001353959975903776,0.00029511347205622625,0.00014298509072338392,0.00012064978240784075,0.00013948600316591946,0.00010631036840808918,0.00010702497047048712,0.0002981942395758045,0.00011306487919840336,0.00012932007110690445,0.0020357910605261847,0.00016240926800436138,0.002089536466271116,0.0036208559678763846,0.0049711340638362075,0.007690540259920217,0.009644758828179464,0.01359792702414432,0.018800651566444268,0.00010940339416265488,nan,nan,nan,nan,nan,nan,nan,nan,nan,nan,nan,nan,nan,nan,0.024576427709594298
