Contains move time for player MCTSRemMaxIter2; opponent is Edax3
Colums refer to move number, rows to game number
game,1,2,3,4,5,6,7,8,9,10,11,12,13,14,15,16,17,18,19,20,21,22,23,24,25,26,27,28,29,30,31,32,33,34,35,36,37,38,39,40,41,42,43,44,45,46,47,48,49,50,total
1,29.545487605966628,26.68294190056622,23.481708611361682,21.72172132320702,21.998652699403465,21.18492941837758,19.291606673039496,18.209983265027404,16.957034833729267,15.134459964931011,13.142186989076436,12.373485521413386,11.299070725217462,10.07456832472235,8.806472544558346,7.984111377038062,6.1202752366662025,4.172793252393603,3.994250330142677,3.2098702862858772,3.1782657727599144,1.8503224030137062,1.5776326358318329,3.660377115011215e-05,0.0022478029131889343,0.6506951227784157,0.28342614602297544,1.8510036170482635e-05,0.0012828707695007324,0.0010668905451893806,0.0008590938523411751,0.0009123142808675766,0.0,0.0,0.0,0.0,0.0,0.0,0.0,0.0,0.0,0.0,0.0,0.0,0.0,0.0,0.0,0.0,0.0,0.0,302.9323770496994
2,30.25323790125549,28.01848485134542,25.286351012066007,25.15313228033483,23.982594343833625,21.631194673478603,20.74892690964043,19.10744847357273,17.45570593699813,15.766311039216816,13.35658657271415,11.553403484635055,4.319380968809128e-05,10.01635517552495,4.812702536582947e-05,0.006264601834118366,7.265959357842803,6.239570001140237,5.505108312703669,4.533131550066173,4.267040640115738e-05,0.004025071859359741,0.004058828577399254,0.003435787744820118,1.7938528815284371,3.317650407552719e-05,0.0024667903780937195,0.0025541475042700768,0.0021463874727487564,0.001441926695406437,0.0015171905979514122,0.016744032502174377,1.7753802239894867e-05,0.0,0.0,0.0,0.0,0.0,0.0,0.0,0.0,0.0,0.0,0.0,0.0,0.0,0.0,0.0,0.0,0.0,287.71219444461167

total time per move x,59.798725507222116,54.70142675191164,48.76805962342769,46.87485360354185,45.98124704323709,42.81612409185618,40.04053358267993,37.317431738600135,34.412740770727396,30.900771004147828,26.498773561790586,23.92688900604844,11.29911391902715,20.0909235002473,8.806520671583712,7.99037597887218,13.386234594509006,10.41236325353384,9.499358642846346,7.74300183635205,3.1783084431663156,1.854347474873066,1.5816914644092321,0.00347239151597023,1.796100684441626,0.6507282992824912,0.28589293640106916,0.0025726575404405594,0.003429258242249489,0.0025088172405958176,0.0023762844502925873,0.017656346783041954,1.7753802239894867e-05,0,0,0,0,0,0,0,0,0,0,0,0,0,0,0,0,0,590.6445714943111
average time per move x,29.899362753611058,27.35071337595582,24.384029811713845,23.437426801770926,22.990623521618545,21.40806204592809,20.020266791339964,18.658715869300067,17.206370385363698,15.450385502073914,13.249386780895293,11.96344450302422,5.649556959513575,10.04546175012365,4.403260335791856,3.99518798943609,6.693117297254503,5.20618162676692,4.749679321423173,3.871500918176025,1.5891542215831578,0.927173737436533,0.7908457322046161,0.001736195757985115,0.898050342220813,0.3253641496412456,0.14294646820053458,0.0012863287702202797,0.0017146291211247444,0.0012544086202979088,0.0011881422251462936,0.008828173391520977,1.7753802239894867e-05,nan,nan,nan,nan,nan,nan,nan,nan,nan,nan,nan,nan,nan,nan,nan,nan,nan,295.32228574715555
std of time per move x,0.5004550331855349,0.9443714770618635,1.2760748791547984,2.4263739568228955,1.4028585902549568,0.31555718808987937,1.0304810216609053,0.6346037348413999,0.35261371870318925,0.44678617932749787,0.1516033994738002,0.5798855693352334,7.989618988271933,0.0411629125517055,6.2270824236443625,5.6411895540139385,0.8101210111817244,1.4614318542374298,1.0683379248787042,0.935687012900528,2.247343107797916,1.305529362945863,1.1126847098071433,0.002403586038282696,1.2668561002970995,0.460087474470623,0.1986682656142988,0.001792966448323911,0.0006105985165345294,0.0002651906050085772,0.00046534467149779695,0.011194715312120665,nan,nan,nan,nan,nan,nan,nan,nan,nan,nan,nan,nan,nan,nan,nan,nan,nan,nan,10.762294330955086
err of average time,0.35387514764443034,0.6677714753895998,0.9023212003521621,1.7157054785639045,0.9919708222150803,0.22313262755051252,0.7286601183004676,0.44873260427266354,0.24933555163443086,0.3159255371429026,0.10719979181885718,0.4100410183891654,5.649513765703887,0.029106574598699808,4.40321220876649,3.988923387601971,0.5728420605883002,1.0333883743733165,0.755428991280496,0.6616306318901479,1.5891115511767564,0.9231486655771731,0.7867869036272167,0.001699591986835003,0.895802539307624,0.3253309731371701,0.14047967782244086,0.0012678187340497968,0.000431758351624012,0.00018751807510852814,0.0003290483728051185,0.0079158591106534,nan,nan,nan,nan,nan,nan,nan,nan,nan,nan,nan,nan,nan,nan,nan,nan,nan,nan,7.6100913025438786
