Contains move time for player Edax1; opponent is MCTSMaxIter1
Colums refer to move number, rows to game number
game,1,2,3,4,5,6,7,8,9,10,11,12,13,14,15,16,17,18,19,20,21,22,23,24,25,26,27,28,29,30,31,32,33,34,35,36,37,38,39,40,41,42,43,44,45,46,47,48,49,50,total
1,0.41126837488263845,0.10644020326435566,0.10643632337450981,0.1061986731365323,0.11704617831856012,0.10631719138473272,0.10575367137789726,0.10565916448831558,0.11023808643221855,0.1105081932619214,0.11360397562384605,0.10513817332684994,0.10500714182853699,0.1097165634855628,0.10919678956270218,0.10482356324791908,0.10436679609119892,0.10430004633963108,0.11327655613422394,0.10421157535165548,0.103826142847538,0.1071626702323556,0.10659950692206621,0.10608071275055408,0.10313938278704882,0.10288884956389666,0.10282368119806051,0.10256105475127697,0.10242785234004259,0.10260381549596786,0.10226882435381413,0.10245202295482159,0.10218422021716833,0.00033789314329624176,0.0,0.0,0.0,0.0,0.0,0.0,0.0,0.0,0.0,0.0,0.0,0.0,0.0,0.0,0.0,0.0,3.806863870471716
2,0.10640323255211115,0.10617202147841454,0.10598500538617373,0.10586071852594614,0.11838484928011894,0.10561525262892246,0.10554216429591179,0.10549091268330812,0.10528464056551456,0.10522577725350857,0.10523220617324114,0.10523764416575432,0.11742278002202511,0.10925949737429619,0.10861850716173649,0.1083175865933299,0.10787815600633621,0.10538676008582115,0.10545388050377369,0.10356523841619492,0.10460214130580425,0.10620729252696037,0.10579974576830864,0.10565604642033577,0.10521727055311203,0.10491740703582764,0.1045465562492609,0.10409949347376823,0.10365928336977959,0.10241739917546511,0.1026263628154993,0.10231661610305309,0.0003096461296081543,0.0,0.0,0.0,0.0,0.0,0.0,0.0,0.0,0.0,0.0,0.0,0.0,0.0,0.0,0.0,0.0,0.0,3.398712092079222

total time per move x,0.5176716074347496,0.2126122247427702,0.21242132876068354,0.21205939166247845,0.23543102759867907,0.21193244401365519,0.21129583567380905,0.2111500771716237,0.21552272699773312,0.21573397051542997,0.2188361817970872,0.21037581749260426,0.2224299218505621,0.218976060859859,0.21781529672443867,0.213141149841249,0.21224495209753513,0.20968680642545223,0.21873043663799763,0.2077768137678504,0.20842828415334225,0.21336996275931597,0.21239925269037485,0.21173675917088985,0.20835665334016085,0.2078062565997243,0.20737023744732141,0.2066605482250452,0.20608713570982218,0.20502121467143297,0.20489518716931343,0.20476863905787468,0.10249386634677649,0.00033789314329624176,0,0,0,0,0,0,0,0,0,0,0,0,0,0,0,0,7.205575962550938
average time per move x,0.2588358037173748,0.1063061123713851,0.10621066438034177,0.10602969583123922,0.11771551379933953,0.10596622200682759,0.10564791783690453,0.10557503858581185,0.10776136349886656,0.10786698525771499,0.1094180908985436,0.10518790874630213,0.11121496092528105,0.1094880304299295,0.10890764836221933,0.1065705749206245,0.10612247604876757,0.10484340321272612,0.10936521831899881,0.1038884068839252,0.10421414207667112,0.10668498137965798,0.10619962634518743,0.10586837958544493,0.10417832667008042,0.10390312829986215,0.10368511872366071,0.1033302741125226,0.10304356785491109,0.10251060733571649,0.10244759358465672,0.10238431952893734,0.05124693317338824,0.00033789314329624176,nan,nan,nan,nan,nan,nan,nan,nan,nan,nan,nan,nan,nan,nan,nan,nan,3.602787981275469
std of time per move x,0.21557220948931782,0.00018963315942968788,0.0003191300100239178,0.00023896999687873723,0.0009465833146957568,0.0004963456542110835,0.00014955809194090746,0.00011897199226765008,0.0035026151625868643,0.0037352321805970926,0.005919734949053113,7.03365047196023e-05,0.008779181959374147,0.00032319454672718713,0.00040890740716367796,0.0024706476011641,0.0024829064071801984,0.0007684226591396359,0.005531466985314122,0.00045702922999549917,0.0005487137720303773,0.0006755540540794049,0.0005655165351515564,0.00030028444183897627,0.0014692885299278646,0.001434406744429036,0.001218256631840916,0.0010878404531135422,0.0008707532316905627,0.00013181624435134503,0.0002528178707925979,9.574710310462352e-05,0.07203620216780514,nan,nan,nan,nan,nan,nan,nan,nan,nan,nan,nan,nan,nan,nan,nan,nan,nan,0.2886068902546813
err of average time,0.15243257116526363,0.00013409089297056198,0.00022565899416804314,0.0001689773052930832,0.0006693354807794093,0.00035096937790513033,0.0001057535409927368,8.412590250372887e-05,0.002476722933351993,0.002641208004206419,0.004185884725302458,4.973541945219039e-05,0.00620781909674406,0.0002285330556333065,0.0002891412004828453,0.0017470116727054117,0.0017556799575686453,0.0005433568730950356,0.003911337815225124,0.00032316846773028374,0.00038799922913312907,0.0004776888526976108,0.0003998805768787861,0.00021233316510915754,0.0010389438830316067,0.0010142787359654903,0.0008614375256001949,0.0007692193612456322,0.0006157155148684978,9.3208160251379e-05,0.00017876923084259033,6.770342588424683e-05,0.05093728704378008,nan,nan,nan,nan,nan,nan,nan,nan,nan,nan,nan,nan,nan,nan,nan,nan,nan,0.20407588919624683
