Contains move time for player AlphaBeta1; opponent is Edax3
Colums refer to move number, rows to game number
game,1,2,3,4,5,6,7,8,9,10,11,12,13,14,15,16,17,18,19,20,21,22,23,24,25,26,27,28,29,30,31,32,33,34,35,36,37,38,39,40,41,42,43,44,45,46,47,48,49,50,total
1,0.018538658507168293,0.015932184644043446,0.0236284751445055,0.026911512948572636,0.032367018051445484,0.028151342645287514,0.031467655673623085,0.025937410071492195,0.02772131096571684,0.023587568663060665,0.021212651394307613,0.018463730812072754,0.014236126095056534,0.007041705772280693,0.012014658190310001,0.006390796042978764,0.006088449619710445,0.005636674351990223,0.010652358643710613,0.010200721211731434,0.014233492314815521,0.0042217569425702095,0.004075587727129459,0.00363721139729023,0.0035041682422161102,0.0030518509447574615,0.0029263831675052643,0.007227703928947449,0.0020716506987810135,0.0015959041193127632,0.006269580684602261,0.000920373946428299,0.0007192939519882202,0.0005387598648667336,0.0,0.0,0.0,0.0,0.0,0.0,0.0,0.0,0.0,0.0,0.0,0.0,0.0,0.0,0.0,0.0,0.4211747273802757
2,0.020872268825769424,0.022229761816561222,0.021805069409310818,0.023443189449608326,0.026899217627942562,0.02649892307817936,0.029741651378571987,0.025534902699291706,0.02941191289573908,0.024450045078992844,0.02598941419273615,0.025374632328748703,0.017306105233728886,0.0162470992654562,0.014615214429795742,0.010897498577833176,0.005879801698029041,0.005738524720072746,0.005573754198849201,0.005137687548995018,0.004747436381876469,0.004531177692115307,0.01288087759166956,0.012023801915347576,0.0036204876378178596,0.003208673559129238,0.0027746940031647682,0.0023570870980620384,0.0019782669842243195,0.0015267971903085709,0.0013473602011799812,0.0046692704781889915,0.0004566069692373276,0.0,0.0,0.0,0.0,0.0,0.0,0.0,0.0,0.0,0.0,0.0,0.0,0.0,0.0,0.0,0.0,0.0,0.4397692121565342

total time per move x,0.03941092733293772,0.03816194646060467,0.04543354455381632,0.05035470239818096,0.059266235679388046,0.05465026572346687,0.06120930705219507,0.0514723127707839,0.05713322386145592,0.04803761374205351,0.04720206558704376,0.04383836314082146,0.03154223132878542,0.023288805037736893,0.026629872620105743,0.01728829462081194,0.011968251317739487,0.01137519907206297,0.016226112842559814,0.015338408760726452,0.01898092869669199,0.008752934634685516,0.01695646531879902,0.015661013312637806,0.00712465588003397,0.0062605245038867,0.0057010771706700325,0.009584791027009487,0.004049917683005333,0.003122701309621334,0.007616940885782242,0.0055896444246172905,0.0011759009212255478,0.0005387598648667336,0,0,0,0,0,0,0,0,0,0,0,0,0,0,0,0,0.8609439395368099
average time per move x,0.01970546366646886,0.019080973230302334,0.02271677227690816,0.02517735119909048,0.029633117839694023,0.027325132861733437,0.030604653526097536,0.02573615638539195,0.02856661193072796,0.024018806871026754,0.02360103279352188,0.02191918157041073,0.01577111566439271,0.011644402518868446,0.013314936310052872,0.00864414731040597,0.005984125658869743,0.005687599536031485,0.008113056421279907,0.007669204380363226,0.009490464348345995,0.004376467317342758,0.00847823265939951,0.007830506656318903,0.003562327940016985,0.00313026225194335,0.0028505385853350163,0.004792395513504744,0.0020249588415026665,0.001561350654810667,0.003808470442891121,0.0027948222123086452,0.0005879504606127739,0.0005387598648667336,nan,nan,nan,nan,nan,nan,nan,nan,nan,nan,nan,nan,nan,nan,nan,nan,0.43047196976840496
std of time per move x,0.0016501116809297597,0.004453059523732924,0.0012893425602106025,0.0024524750654663172,0.0038663187576335927,0.0011684370812675153,0.0012204693413877378,0.00028461569236054346,0.0011954360890057908,0.0006098629223191127,0.0033776813668884467,0.00488674532655396,0.0021708030670564565,0.006509196162514921,0.0018388709517973545,0.003186719923186158,0.00014753636030140054,7.201908593749816e-05,0.003591115641925646,0.003580105436296683,0.0067076544768960855,0.00021879351024316267,0.006226280173529481,0.0059302150263531505,8.225023341351769e-05,0.00011089033406568614,0.00010726043673768539,0.0034440461896804056,6.603225781542726e-05,4.8865978125841716e-05,0.00348053548232322,0.002650870159574715,0.00018574774683258983,nan,nan,nan,nan,nan,nan,nan,nan,nan,nan,nan,nan,nan,nan,nan,nan,nan,0.013148286277962386
err of average time,0.0011668051593005657,0.003148788586258888,0.0009117028675973414,0.0017341617494821548,0.002733900211751461,0.0008262097835540771,0.0008630021475255488,0.00020125368610024452,0.0008453009650111198,0.0004312382079660892,0.0023883813992142673,0.003455450758337974,0.001534989569336176,0.004602696746587752,0.0013002781197428703,0.002253351267427206,0.00010432396084070206,5.0925184041261666e-05,0.0025393022224307056,0.0025315168313682075,0.004743027966469526,0.00015471037477254865,0.00440264493227005,0.004193295259028673,5.815969780087471e-05,7.841130718588828e-05,7.584458217024802e-05,0.002435308415442705,4.669185727834701e-05,3.4553464502096176e-05,0.0024611102417111397,0.0018744482658803463,0.00013134349137544632,nan,nan,nan,nan,nan,nan,nan,nan,nan,nan,nan,nan,nan,nan,nan,nan,nan,0.009297242388129234
