Contains move time for player MCTSMaxIter4; opponent is Edax4
Colums refer to move number, rows to game number
game,1,2,3,4,5,6,7,8,9,10,11,12,13,14,15,16,17,18,19,20,21,22,23,24,25,26,27,28,29,30,31,32,33,34,35,36,37,38,39,40,41,42,43,44,45,46,47,48,49,50,total
1,141.4636778878048,134.18338189739734,127.3255439158529,119.76470346469432,110.38571236468852,103.55846836324781,94.70692385546863,87.44533060118556,79.08576652780175,71.08788890577853,65.51880474295467,59.754279534332454,49.98627140931785,44.68228131532669,0.00506867840886116,34.041507720947266,26.444549373351038,0.004240898415446281,22.56775599345565,0.0042410194873809814,0.004443314857780933,0.003819715231657028,0.003910676576197147,0.0035324012860655785,5.8218878181651235,3.920944862999022,0.0023120129480957985,0.0016547618433833122,0.1917573818936944,0.00130535289645195,0.0005721431225538254,0.00036893412470817566,0.0,0.0,0.0,0.0,0.0,0.0,0.0,0.0,0.0,0.0,0.0,0.0,0.0,0.0,0.0,0.0,0.0,0.0,1381.9729078458622
2,146.00843106769025,138.08897743932903,132.44495025556535,122.99207659997046,115.5544363213703,105.4706702362746,98.35746148973703,87.49192531779408,81.98351579532027,73.79847974702716,66.28495919331908,59.80062834639102,55.58986690733582,49.68912988342345,43.135608457028866,35.99048416595906,32.32437833677977,0.005617768503725529,0.00524956826120615,0.004818728193640709,15.769178161397576,11.495851224288344,0.0025692638009786606,0.003285958431661129,3.5984343364834785,0.0022631529718637466,0.0020919451490044594,0.0021482696756720543,0.0016977833583950996,0.0013153590261936188,0.0008510062471032143,0.0,0.0,0.0,0.0,0.0,0.0,0.0,0.0,0.0,0.0,0.0,0.0,0.0,0.0,0.0,0.0,0.0,0.0,0.0,1475.9013520861045

total time per move x,287.47210895549506,272.27235933672637,259.77049417141825,242.75678006466478,225.94014868605882,209.0291385995224,193.06438534520566,174.93725591897964,161.06928232312202,144.8863686528057,131.80376393627375,119.55490788072348,105.57613831665367,94.37141119875014,43.14067713543773,70.03199188690633,58.76892771013081,0.00985866691917181,22.573005561716855,0.00905974768102169,15.773621476255357,11.499670939520001,0.006479940377175808,0.0068183597177267075,9.420322154648602,3.9232080159708858,0.004403958097100258,0.0038030315190553665,0.1934551652520895,0.002620711922645569,0.0014231493696570396,0.00036893412470817566,0,0,0,0,0,0,0,0,0,0,0,0,0,0,0,0,0,0,2857.8742599319667
average time per move x,143.73605447774753,136.13617966836318,129.88524708570912,121.37839003233239,112.97007434302941,104.5145692997612,96.53219267260283,87.46862795948982,80.53464116156101,72.44318432640284,65.90188196813688,59.77745394036174,52.788069158326834,47.18570559937507,21.570338567718863,35.01599594345316,29.384463855065405,0.004929333459585905,11.286502780858427,0.004529873840510845,7.886810738127679,5.749835469760001,0.003239970188587904,0.0034091798588633537,4.710161077324301,1.9616040079854429,0.002201979048550129,0.0019015157595276833,0.09672758262604475,0.0013103559613227844,0.0007115746848285198,0.00036893412470817566,nan,nan,nan,nan,nan,nan,nan,nan,nan,nan,nan,nan,nan,nan,nan,nan,nan,nan,1428.9371299659833
std of time per move x,3.213625792316125,2.761673092271846,3.619966938460069,2.2820974293730467,3.6548397598510554,1.3521309114148594,2.581319916167885,0.032947440081353,2.0490181572406967,1.916677164869056,0.5417530072889271,0.03277355930655426,3.962340375674913,3.5403765748753724,30.49789715369834,1.3781344606406902,4.157666932257528,0.0009735941762351761,15.954101293820038,0.0004085017437467606,11.147350913596156,8.126093409663456,0.000948522069727258,0.00017426141352435524,1.5722190345499303,2.7709264104719,0.00015561143305828462,0.00034896273478004293,0.13439243095390296,7.075402193766336e-06,0.00019718600639174167,nan,nan,nan,nan,nan,nan,nan,nan,nan,nan,nan,nan,nan,nan,nan,nan,nan,nan,nan,66.4174398685778
err of average time,2.2723765899427235,1.9527977709658444,2.55970316985622,1.6136865676380694,2.584361978340894,0.956100936513394,1.8252688171342015,0.02329735830426216,1.44887463375926,1.3552954206243157,0.3830772251822054,0.023174406029284,2.801797749008983,2.5034242840483785,21.565269889310002,0.9744882225058972,2.939914481714368,0.0006884350441396236,11.28125321259722,0.00028885435312986374,7.882367423269898,5.746015754528343,0.0006707063876092433,0.00012322142720222473,1.1117267408408225,1.9593408550135791,0.00011003389954566954,0.00024675391614437103,0.09502979926764965,5.003064870834351e-06,0.00013943156227469444,nan,nan,nan,nan,nan,nan,nan,nan,nan,nan,nan,nan,nan,nan,nan,nan,nan,nan,nan,46.96422212012112
