Contains move time for player Edax1; opponent is AlphaBeta2
Colums refer to move number, rows to game number
game,1,2,3,4,5,6,7,8,9,10,11,12,13,14,15,16,17,18,19,20,21,22,23,24,25,26,27,28,29,30,31,32,33,34,35,36,37,38,39,40,41,42,43,44,45,46,47,48,49,50,total
1,0.4085913570597768,0.10956071596592665,0.11024342197924852,0.10755345318466425,0.10741798672825098,0.10703530721366405,0.1072144927456975,0.10698513966053724,0.10687099397182465,0.10673606488853693,0.10638286732137203,0.10608784575015306,0.1059823576360941,0.10589546151459217,0.10572165902704,0.10588191263377666,0.10618357174098492,0.10560025833547115,0.10548347420990467,0.10519498214125633,0.10492647811770439,0.10447894036769867,0.10493267979472876,0.10435642767697573,0.10404023434966803,0.1042183618992567,0.10437087714672089,0.10372022539377213,0.10317690018564463,0.1028929129242897,0.10251414868980646,0.00029939692467451096,0.0,0.0,0.0,0.0,0.0,0.0,0.0,0.0,0.0,0.0,0.0,0.0,0.0,0.0,0.0,0.0,0.0,0.0,3.5805509071797132
2,0.33913546428084373,0.10879085026681423,0.10866236872971058,0.10782627202570438,0.10766618046909571,0.1072330716997385,0.10772770550101995,0.0063476720824837685,0.0,0.0,0.0,0.0,0.0,0.0,0.0,0.0,0.0,0.0,0.0,0.0,0.0,0.0,0.0,0.0,0.0,0.0,0.0,0.0,0.0,0.0,0.0,0.0,0.0,0.0,0.0,0.0,0.0,0.0,0.0,0.0,0.0,0.0,0.0,0.0,0.0,0.0,0.0,0.0,0.0,0.0,0.9933895850554109

total time per move x,0.7477268213406205,0.21835156623274088,0.2189057907089591,0.21537972521036863,0.2150841671973467,0.21426837891340256,0.21494219824671745,0.11333281174302101,0.10687099397182465,0.10673606488853693,0.10638286732137203,0.10608784575015306,0.1059823576360941,0.10589546151459217,0.10572165902704,0.10588191263377666,0.10618357174098492,0.10560025833547115,0.10548347420990467,0.10519498214125633,0.10492647811770439,0.10447894036769867,0.10493267979472876,0.10435642767697573,0.10404023434966803,0.1042183618992567,0.10437087714672089,0.10372022539377213,0.10317690018564463,0.1028929129242897,0.10251414868980646,0.00029939692467451096,0,0,0,0,0,0,0,0,0,0,0,0,0,0,0,0,0,0,4.573940492235124
average time per move x,0.37386341067031026,0.10917578311637044,0.10945289535447955,0.10768986260518432,0.10754208359867334,0.10713418945670128,0.10747109912335873,0.056666405871510506,0.10687099397182465,0.10673606488853693,0.10638286732137203,0.10608784575015306,0.1059823576360941,0.10589546151459217,0.10572165902704,0.10588191263377666,0.10618357174098492,0.10560025833547115,0.10548347420990467,0.10519498214125633,0.10492647811770439,0.10447894036769867,0.10493267979472876,0.10435642767697573,0.10404023434966803,0.1042183618992567,0.10437087714672089,0.10372022539377213,0.10317690018564463,0.1028929129242897,0.10251414868980646,0.00029939692467451096,nan,nan,nan,nan,nan,nan,nan,nan,nan,nan,nan,nan,nan,nan,nan,nan,nan,nan,2.286970246117562
std of time per move x,0.049112732777349316,0.0005443772564453111,0.0011179734741653075,0.00019291205253493384,0.00017549947719936276,0.00013984060918111448,0.0003628962194799413,0.07116143576588294,nan,nan,nan,nan,nan,nan,nan,nan,nan,nan,nan,nan,nan,nan,nan,nan,nan,nan,nan,nan,nan,nan,nan,nan,nan,nan,nan,nan,nan,nan,nan,nan,nan,nan,nan,nan,nan,nan,nan,nan,nan,nan,1.8293993148976482
err of average time,0.034727946389466524,0.00038493284955620766,0.0007905266247689724,0.00013640942052006721,0.00012409687042236328,9.888224303722382e-05,0.0002566063776612282,0.05031873378902674,nan,nan,nan,nan,nan,nan,nan,nan,nan,nan,nan,nan,nan,nan,nan,nan,nan,nan,nan,nan,nan,nan,nan,nan,nan,nan,nan,nan,nan,nan,nan,nan,nan,nan,nan,nan,nan,nan,nan,nan,nan,nan,1.2935806610621512
