Contains move time for player Edax5; opponent is MCTSMaxIter1
Colums refer to move number, rows to game number
game,1,2,3,4,5,6,7,8,9,10,11,12,13,14,15,16,17,18,19,20,21,22,23,24,25,26,27,28,29,30,31,32,33,34,35,36,37,38,39,40,41,42,43,44,45,46,47,48,49,50,total
1,0.4099403442814946,0.11915893666446209,0.11891948711127043,0.12065193708986044,0.12173701450228691,0.12160759791731834,0.12197306286543608,0.12182179465889931,0.12325786519795656,0.12107387091964483,0.10929323639720678,0.11965810507535934,0.1210974995046854,0.10937006957828999,0.11977816000580788,0.11152019537985325,0.11912604048848152,0.11211947537958622,0.10853230580687523,0.10774111561477184,0.10546392109245062,0.10839909501373768,0.10753328073769808,0.10399709548801184,0.10569209326058626,0.10544326156377792,0.10325464233756065,0.10740285087376833,0.1055750772356987,0.10394877567887306,0.10337313916534185,0.10198967438191175,0.10207172203809023,0.00046626385301351547,0.0,0.0,0.0,0.0,0.0,0.0,0.0,0.0,0.0,0.0,0.0,0.0,0.0,0.0,0.0,0.0,4.002989007160068
2,0.10635895561426878,0.10640898253768682,0.1199122229591012,0.10734092816710472,0.11959211342036724,0.11977153830230236,0.12016473989933729,0.11933574546128511,0.11913927923887968,0.1076372666284442,0.11102065816521645,0.11857603676617146,0.11159360781311989,0.11063679866492748,0.10952903423458338,0.10997078008949757,0.10961292870342731,0.1096466425806284,0.10953548364341259,0.11747522186487913,0.10883613955229521,0.10822901222854853,0.10779446177184582,0.10725686978548765,0.10668740887194872,0.1060817614197731,0.1059539457783103,0.10520130954682827,0.10495444852858782,0.10444686748087406,0.10410002153366804,0.10493330843746662,0.10363725107163191,0.10323785431683064,0.1028362289071083,0.0011377492919564247,0.0008792523294687271,0.0,0.0,0.0,0.0,0.0,0.0,0.0,0.0,0.0,0.0,0.0,0.0,0.0,3.849462855607271

total time per move x,0.5162992998957634,0.22556791920214891,0.23883171007037163,0.22799286525696516,0.24132912792265415,0.2413791362196207,0.24213780276477337,0.24115754012018442,0.24239714443683624,0.22871113754808903,0.22031389456242323,0.2382341418415308,0.2326911073178053,0.22000686824321747,0.22930719424039125,0.22149097546935081,0.22873896919190884,0.22176611796021461,0.21806778945028782,0.22521633747965097,0.21430006064474583,0.2166281072422862,0.2153277425095439,0.2112539652734995,0.21237950213253498,0.21152502298355103,0.20920858811587095,0.2126041604205966,0.21052952576428652,0.20839564315974712,0.2074731606990099,0.20692298281937838,0.20570897310972214,0.10370411816984415,0.1028362289071083,0.0011377492919564247,0.0008792523294687271,0,0,0,0,0,0,0,0,0,0,0,0,0,7.852451862767339
average time per move x,0.2581496499478817,0.11278395960107446,0.11941585503518581,0.11399643262848258,0.12066456396132708,0.12068956810981035,0.12106890138238668,0.12057877006009221,0.12119857221841812,0.11435556877404451,0.11015694728121161,0.1191170709207654,0.11634555365890265,0.11000343412160873,0.11465359712019563,0.11074548773467541,0.11436948459595442,0.11088305898010731,0.10903389472514391,0.11260816873982549,0.10715003032237291,0.1083140536211431,0.10766387125477195,0.10562698263674974,0.10618975106626749,0.10576251149177551,0.10460429405793548,0.1063020802102983,0.10526476288214326,0.10419782157987356,0.10373658034950495,0.10346149140968919,0.10285448655486107,0.051852059084922075,0.1028362289071083,0.0011377492919564247,0.0008792523294687271,nan,nan,nan,nan,nan,nan,nan,nan,nan,nan,nan,nan,nan,3.9262259313836694
std of time per move x,0.2146644585686243,0.009015579022860196,0.0007019702499281157,0.00941230467371521,0.0015166740999997613,0.0012982902044405638,0.0012786774319038224,0.0017579022459963713,0.0029122800605629632,0.009501114010428234,0.0012214716461288876,0.0007651378391338181,0.006720266262768462,0.0008957127270876157,0.007247226334066647,0.0010956020586846266,0.0067267858533974914,0.0017485568408835885,0.000709353850951618,0.006883052538241219,0.002384518540598564,0.0001202666907703441,0.00018468288036318177,0.0023050085108827626,0.0007037944182152278,0.0004514875779608246,0.0019086957674342543,0.0015567248013417462,0.0004388507673971442,0.00035220409084833385,0.0005139834517683846,0.0020814636020145046,0.0011069961957617435,0.0726704885302918,nan,nan,nan,nan,nan,nan,nan,nan,nan,nan,nan,nan,nan,nan,nan,nan,0.10855938285245591
err of average time,0.1517906943336129,0.0063749770633876315,0.0004963679239153862,0.006655504461377859,0.001072450540959835,0.0009180298075079917,0.0009041614830493926,0.0012430245988070965,0.0020592929795384403,0.006718302145600318,0.0008637108840048313,0.0005410341545939445,0.004751945845782756,0.0006333645433187484,0.0051245628856122485,0.0007747076451778412,0.004756555892527103,0.0012364163994789124,0.0005015889182686806,0.004867053125053643,0.0016861092299222944,8.504139259457587e-05,0.0001305905170738697,0.0016298871487379072,0.0004976578056812286,0.00031924992799758906,0.0013496517203748226,0.0011007706634700298,0.0003103143535554409,0.00024904590100049967,0.0003634411841630935,0.0014718170277774332,0.0007827645167708396,0.05138579523190855,nan,nan,nan,nan,nan,nan,nan,nan,nan,nan,nan,nan,nan,nan,nan,nan,0.07676307577639817
