Contains move time for player Edax1; opponent is MCTSRemMaxIter3
Colums refer to move number, rows to game number
game,1,2,3,4,5,6,7,8,9,10,11,12,13,14,15,16,17,18,19,20,21,22,23,24,25,26,27,28,29,30,31,32,33,34,35,36,37,38,39,40,41,42,43,44,45,46,47,48,49,50,total
1,0.4791332334280014,0.12004982680082321,0.11568210273981094,0.12149475514888763,0.11467408388853073,0.12842649966478348,0.1190229244530201,0.11909937113523483,0.12777455151081085,0.12843111529946327,0.1291753351688385,0.11399628221988678,0.11372413858771324,0.1140034981071949,0.11350810527801514,0.11754873394966125,0.11689326912164688,0.11726284772157669,0.1171647310256958,0.11651378124952316,0.11236128211021423,0.11603626608848572,0.11143965646624565,0.12460408359766006,0.12471012398600578,0.12437911704182625,0.11100628226995468,0.10712914913892746,0.11094894632697105,0.10207397863268852,0.1171499565243721,0.00012672320008277893,0.0,0.0,0.0,0.0,0.0,0.0,0.0,0.0,0.0,0.0,0.0,0.0,0.0,0.0,0.0,0.0,0.0,0.0,4.005544751882553
2,0.2907053232192993,0.14251941069960594,0.11971928179264069,0.11583268642425537,0.1152779571712017,0.11309053748846054,0.11535825952887535,0.11339152231812477,0.12721163406968117,0.11424994096159935,0.11496951803565025,0.12078014388680458,0.11374734342098236,0.11826195567846298,0.11378056928515434,0.11317330971360207,0.1126440092921257,0.11272350326180458,0.11289406940340996,0.11304056271910667,0.11660517007112503,0.11591679602861404,0.11163318157196045,0.1120244637131691,0.11092865094542503,0.11486773937940598,0.11091699078679085,0.1105601042509079,0.1109696589410305,0.11048441007733345,0.00016717612743377686,0.0,0.0,0.0,0.0,0.0,0.0,0.0,0.0,0.0,0.0,0.0,0.0,0.0,0.0,0.0,0.0,0.0,0.0,0.0,3.638445880264044
3,0.4780365601181984,0.11634716391563416,0.10845810547471046,0.11935554817318916,0.11574611440300941,0.1280130296945572,0.11907151341438293,0.11923757940530777,0.1279013827443123,0.1333194300532341,0.12670744210481644,0.11371750384569168,0.12792911380529404,0.11343508586287498,0.11350244656205177,0.11800695583224297,0.11133899539709091,0.1108824871480465,0.11132609099149704,0.11037799343466759,0.11291931942105293,0.1119786724448204,0.11206463724374771,0.11149450019001961,0.11754681169986725,0.11232292279601097,0.11092150956392288,0.11082778126001358,0.10273536294698715,0.11625558137893677,0.11466512829065323,0.110896285623312,0.11493325978517532,0.0,0.0,0.0,0.0,0.0,0.0,0.0,0.0,0.0,0.0,0.0,0.0,0.0,0.0,0.0,0.0,0.0,4.18227231502533
4,0.35178182274103165,0.12122436240315437,0.12857778370380402,0.1284807026386261,0.11564823612570763,0.11557652056217194,0.11525092273950577,0.11495966091752052,0.11842431873083115,0.11577023565769196,0.11432507261633873,0.11393719166517258,0.11766553670167923,0.11393990740180016,0.11788593977689743,0.11367857828736305,0.11311768740415573,0.11295364052057266,0.12346318364143372,0.11280445009469986,0.11238917335867882,0.11905128508806229,0.11939983814954758,0.11292079091072083,0.11224894225597382,0.1119191125035286,0.11173947155475616,0.1160854883491993,0.1159692034125328,0.001177184283733368,0.0009242333471775055,0.11208876594901085,0.1112523004412651,0.11531093716621399,0.11185283586382866,0.0002137608826160431,0.0,0.0,0.0,0.0,0.0,0.0,0.0,0.0,0.0,0.0,0.0,0.0,0.0,0.0,4.064009077847004
5,0.43349718302488327,0.11159661039710045,0.11713232845067978,0.11583755165338516,0.11576960235834122,0.12454429641366005,0.11543076485395432,0.11933521926403046,0.11888526380062103,0.11351902782917023,0.11455540731549263,0.11242078989744186,0.11832134425640106,0.11331416293978691,0.11370665207505226,0.11369093134999275,0.129201740026474,0.1131715439260006,0.11685332283377647,0.12018774822354317,0.1136639304459095,0.11240174248814583,0.11171804741024971,0.11545354872941971,0.11162527650594711,0.11074911803007126,0.11086684837937355,0.12417793273925781,0.11270575597882271,0.10985307767987251,0.00020613521337509155,0.0,0.0,0.0,0.0,0.0,0.0,0.0,0.0,0.0,0.0,0.0,0.0,0.0,0.0,0.0,0.0,0.0,0.0,0.0,3.7843929044902325
6,0.1201755739748478,0.11568507179617882,0.11535720899701118,0.11494174227118492,0.11928709223866463,0.11926522850990295,0.11500563099980354,0.11397837474942207,0.11299549788236618,0.11498308181762695,0.12805474549531937,0.11831262335181236,0.11378384009003639,0.11520342528820038,0.11729289591312408,0.10749425739049911,0.11698777973651886,0.11323792487382889,0.11445481702685356,0.11192532256245613,0.11178148165345192,0.11180028691887856,0.11275802180171013,0.1117810383439064,0.11538542807102203,0.11569610983133316,0.11467793211340904,0.11106031388044357,0.11489766463637352,0.11443178728222847,0.0,0.0,0.0,0.0,0.0,0.0,0.0,0.0,0.0,0.0,0.0,0.0,0.0,0.0,0.0,0.0,0.0,0.0,0.0,0.0,3.452692199498415
7,0.11650869995355606,0.1158459223806858,0.11573703214526176,0.12027646601200104,0.12976201623678207,0.1128961630165577,0.13132749870419502,0.12753259763121605,0.11899899691343307,0.12848025187849998,0.12726661190390587,0.11217404901981354,0.11403176188468933,0.11802800744771957,0.11763256043195724,0.11469114571809769,0.11330684274435043,0.11783574521541595,0.12786616012454033,0.11299838125705719,0.11293981596827507,0.11696462705731392,0.11152321100234985,0.11692516133189201,0.11187267303466797,0.11639988794922829,0.11131073534488678,0.11759671196341515,0.11632592231035233,0.11326927319169044,0.11169819161295891,0.11090530455112457,0.11000115424394608,0.00015975534915924072,0.0,0.0,0.0,0.0,0.0,0.0,0.0,0.0,0.0,0.0,0.0,0.0,0.0,0.0,0.0,0.0,3.8710893355309963
8,0.11600173264741898,0.11587858945131302,0.11554457992315292,0.11571918800473213,0.12847966700792313,0.11424368247389793,0.11501199379563332,0.11482864618301392,0.11494521424174309,0.11851006001234055,0.11867652460932732,0.11441236361861229,0.12691308185458183,0.1178564690053463,0.11351866275072098,0.12608050182461739,0.12143363803625107,0.11298562586307526,0.10679582506418228,0.12603973969817162,0.11604984104633331,0.12174582853913307,0.1202634759247303,0.10440066456794739,0.12860151007771492,0.10518275573849678,0.10401491448283195,0.11496074125170708,0.1243806816637516,0.12869330123066902,0.00029226019978523254,0.0,0.0,0.0,0.0,0.0,0.0,0.0,0.0,0.0,0.0,0.0,0.0,0.0,0.0,0.0,0.0,0.0,0.0,0.0,3.522461760789156
9,0.12869055196642876,0.1293463334441185,0.1290278136730194,0.12888390570878983,0.12828359752893448,0.12881828844547272,0.11563567444682121,0.11511324346065521,0.11647208034992218,0.11953569576144218,0.12210819497704506,0.11411146819591522,0.11385524645447731,0.11808213591575623,0.11329300701618195,0.11387795582413673,0.11289532482624054,0.11255704239010811,0.11295444518327713,0.11660684272646904,0.11663996428251266,0.1071842573583126,0.11228278279304504,0.11191146448254585,0.11145802214741707,0.11158580705523491,0.11082832887768745,0.11100968718528748,0.11024373769760132,0.11678939685225487,0.0,0.0,0.0,0.0,0.0,0.0,0.0,0.0,0.0,0.0,0.0,0.0,0.0,0.0,0.0,0.0,0.0,0.0,0.0,0.0,3.510082297027111
10,0.11584539711475372,0.11536609753966331,0.11472746729850769,0.11495444551110268,0.1332978568971157,0.11539686098694801,0.11502296105027199,0.1153232529759407,0.11815722659230232,0.12834327295422554,0.114012710750103,0.11875957623124123,0.11817120015621185,0.11359348148107529,0.12314582243561745,0.1135362833738327,0.11693130806088448,0.11298580840229988,0.11679880321025848,0.11238076910376549,0.1127486377954483,0.10381101444363594,0.11047910153865814,0.11206647753715515,0.11591323837637901,0.11210308223962784,0.11119065806269646,0.1152813583612442,0.11043709889054298,0.10995455831289291,0.00031670182943344116,0.0,0.0,0.0,0.0,0.0,0.0,0.0,0.0,0.0,0.0,0.0,0.0,0.0,0.0,0.0,0.0,0.0,0.0,0.0,3.461052529513836
11,0.2952464409172535,0.1163678914308548,0.1153002604842186,0.1201043464243412,0.12821251526474953,0.11944304779171944,0.11881351843476295,0.11855693906545639,0.11900516971945763,0.11880379542708397,0.11800345405936241,0.10956990346312523,0.1184539757668972,0.11789258196949959,0.1182829774916172,0.11687876284122467,0.10660849139094353,0.10752589628100395,0.10724122449755669,0.11895091831684113,0.10618523508310318,0.10601931437849998,0.10546506196260452,0.10490607097744942,0.10453993082046509,0.10370654240250587,0.10406328737735748,0.10361799225211143,0.11600974202156067,0.10307875275611877,0.10304120182991028,0.10283665731549263,0.10226687043905258,0.00025877729058265686,0.0,0.0,0.0,0.0,0.0,0.0,0.0,0.0,0.0,0.0,0.0,0.0,0.0,0.0,0.0,0.0,3.875257547944784
12,0.38342317566275597,0.12037349119782448,0.11988247558474541,0.11955134198069572,0.11918199434876442,0.10738683119416237,0.11935149505734444,0.11898009851574898,0.11916470527648926,0.12376313656568527,0.11846486106514931,0.11803865805268288,0.11820312961935997,0.117682795971632,0.11818630248308182,0.11805697903037071,0.11776232346892357,0.11691093817353249,0.11647044867277145,0.10566684603691101,0.10632495582103729,0.10391499474644661,0.11151797324419022,0.11190540716052055,0.1156180202960968,0.10438109934329987,0.10385344922542572,0.11619823798537254,0.10323205590248108,0.11452692374587059,0.10234929993748665,0.00028764456510543823,0.0001419447362422943,0.0,0.0,0.0,0.0,0.0,0.0,0.0,0.0,0.0,0.0,0.0,0.0,0.0,0.0,0.0,0.0,0.0,3.810754034668207
13,0.7863654755055904,0.12004352360963821,0.12011298537254333,0.120302215218544,0.11677878722548485,0.11910194158554077,0.11156345903873444,0.11893080547451973,0.11939717829227448,0.1188090555369854,0.1178196407854557,0.11816315725445747,0.11793867126107216,0.11683125793933868,0.11743132397532463,0.11791069805622101,0.11372192203998566,0.11730242148041725,0.11346788704395294,0.10592257604002953,0.10740097984671593,0.10671921074390411,0.10487407818436623,0.11610473319888115,0.10347433760762215,0.1056620329618454,0.11995143070816994,0.11242376267910004,0.11055415496230125,0.11465474218130112,0.11529546231031418,0.11454436555504799,0.00043803825974464417,0.0,0.0,0.0,0.0,0.0,0.0,0.0,0.0,0.0,0.0,0.0,0.0,0.0,0.0,0.0,0.0,0.0,4.340012311935425
14,0.3685484305024147,0.11000122874975204,0.11998523399233818,0.11905324831604958,0.11959299072623253,0.11107449978590012,0.11943481117486954,0.11581884324550629,0.11861621215939522,0.11163178086280823,0.11393673345446587,0.11887093633413315,0.12250185385346413,0.11800039559602737,0.12358779087662697,0.11620354652404785,0.1174716055393219,0.1161177009344101,0.10781749710440636,0.1202331893146038,0.11290021240711212,0.11213352903723717,0.11593959480524063,0.10526944696903229,0.1159454956650734,0.10368504002690315,0.10322532802820206,0.111109659075737,0.1108778603374958,0.12483999505639076,0.11483988538384438,0.11459512636065483,0.00019155070185661316,0.0,0.0,0.0,0.0,0.0,0.0,0.0,0.0,0.0,0.0,0.0,0.0,0.0,0.0,0.0,0.0,0.0,3.934051252901554
15,0.3268055431544781,0.11956137046217918,0.11983759701251984,0.11986753717064857,0.11648134514689445,0.11872665584087372,0.11872174963355064,0.119181077927351,0.11858348920941353,0.11890707165002823,0.11875969916582108,0.11818553507328033,0.11828380450606346,0.11741454526782036,0.11779683828353882,0.11413369700312614,0.11732848361134529,0.11709839850664139,0.11620678380131721,0.11890185624361038,0.10575045645236969,0.11580543965101242,0.11654436960816383,0.11554279923439026,0.11563889682292938,0.11570167541503906,0.11495841294527054,0.11481956392526627,0.10499348491430283,0.10208278521895409,0.10194849222898483,0.0001606680452823639,0.0,0.0,0.0,0.0,0.0,0.0,0.0,0.0,0.0,0.0,0.0,0.0,0.0,0.0,0.0,0.0,0.0,0.0,3.7947301231324673
16,0.1197785772383213,0.11919067427515984,0.11951393634080887,0.112885233014822,0.10683441162109375,0.11941670998930931,0.11848560348153114,0.12147393450140953,0.11843983083963394,0.1192425824701786,0.11482011526823044,0.10644514113664627,0.10627910867333412,0.11765476316213608,0.11784002929925919,0.11793576180934906,0.11700716242194176,0.11008491739630699,0.12101751565933228,0.10748101770877838,0.11186392605304718,0.10986975580453873,0.11724909022450447,0.10472987964749336,0.11724508181214333,0.11666026338934898,0.11573128402233124,0.1158660389482975,0.11403639614582062,0.000392671674489975,0.0002265237271785736,0.0,0.0,0.0,0.0,0.0,0.0,0.0,0.0,0.0,0.0,0.0,0.0,0.0,0.0,0.0,0.0,0.0,0.0,0.0,3.335697937756777
17,0.12048981338739395,0.12001983076334,0.11926427856087685,0.11985074728727341,0.11965592950582504,0.11541159823536873,0.11521092057228088,0.11314200609922409,0.11859043687582016,0.11763884127140045,0.11875471845269203,0.11450355499982834,0.1286899521946907,0.11755038425326347,0.11032669991254807,0.11375484615564346,0.1069386675953865,0.11746838688850403,0.10525565966963768,0.11795079708099365,0.11714804917573929,0.10576143115758896,0.10481179505586624,0.11701913177967072,0.10476938635110855,0.11591951921582222,0.11544626951217651,0.10526487976312637,0.10237889364361763,0.11529091000556946,0.0003114640712738037,0.0,0.0,0.0,0.0,0.0,0.0,0.0,0.0,0.0,0.0,0.0,0.0,0.0,0.0,0.0,0.0,0.0,0.0,0.0,3.4345897994935513
18,0.11964898183941841,0.11942794919013977,0.11981483176350594,0.11892034858465195,0.10774831101298332,0.11899381875991821,0.11437256261706352,0.11845194548368454,0.1092684380710125,0.10651655495166779,0.11847323179244995,0.11788763850927353,0.11780384182929993,0.117911696434021,0.11704130470752716,0.1178305633366108,0.11682334542274475,0.11681031063199043,0.11618749052286148,0.11728920787572861,0.10567028820514679,0.11669721826910973,0.11522142589092255,0.11592446267604828,0.1042242981493473,0.10302159190177917,0.11588501930236816,0.10463688150048256,0.10729357600212097,0.10285038501024246,0.1029544472694397,0.11083206906914711,0.10201467573642731,0.00026958808302879333,0.0,0.0,0.0,0.0,0.0,0.0,0.0,0.0,0.0,0.0,0.0,0.0,0.0,0.0,0.0,0.0,3.7347183004021645
19,0.12011346220970154,0.11006560176610947,0.11376390606164932,0.11977516487240791,0.11519182473421097,0.11880871653556824,0.1187935508787632,0.11880458891391754,0.11014147847890854,0.1057242713868618,0.10711347311735153,0.11578803136944771,0.12223705276846886,0.10503875464200974,0.12134476378560066,0.11763689294457436,0.11698929592967033,0.12586168199777603,0.11639781296253204,0.1041194312274456,0.10383578762412071,0.1052570752799511,0.10595269873738289,0.10551084950566292,0.1033947505056858,0.10320194810628891,0.10317271947860718,0.11270799860358238,0.11545511335134506,0.10274352505803108,0.10258488357067108,0.0007239691913127899,0.0,0.0,0.0,0.0,0.0,0.0,0.0,0.0,0.0,0.0,0.0,0.0,0.0,0.0,0.0,0.0,0.0,0.0,3.4682510755956173
20,0.11934155970811844,0.11961065605282784,0.1193227507174015,0.11941525712609291,0.11964192613959312,0.11984921246767044,0.11860714480280876,0.11865626275539398,0.1120162345468998,0.10588932037353516,0.11784978955984116,0.11815792694687843,0.1143011748790741,0.11840728670358658,0.11761879548430443,0.11787347868084908,0.1167306900024414,0.10681142285466194,0.10762035474181175,0.10710235685110092,0.1196926198899746,0.10667214915156364,0.11891157552599907,0.1111634336411953,0.11768685281276703,0.10572007298469543,0.10458281263709068,0.11668307334184647,0.1145625188946724,0.11506631970405579,0.10327466204762459,0.10245275124907494,0.11006122827529907,0.00020694732666015625,0.0,0.0,0.0,0.0,0.0,0.0,0.0,0.0,0.0,0.0,0.0,0.0,0.0,0.0,0.0,0.0,3.761560618877411
21,0.3653278052806854,0.11879345774650574,0.12041247263550758,0.11998581141233444,0.1196017861366272,0.11989760398864746,0.1193900778889656,0.11620230972766876,0.12714258581399918,0.1190192811191082,0.11811546236276627,0.11883743107318878,0.1177336648106575,0.1173226498067379,0.11772151663899422,0.11752354726195335,0.11770094558596611,0.11758675798773766,0.11665037274360657,0.11039934679865837,0.11636320874094963,0.11788073182106018,0.11590548232197762,0.11592283472418785,0.11578845232725143,0.11645203456282616,0.11516040563583374,0.10277729853987694,0.10208869352936745,0.10251002013683319,0.00024386495351791382,0.0,0.0,0.0,0.0,0.0,0.0,0.0,0.0,0.0,0.0,0.0,0.0,0.0,0.0,0.0,0.0,0.0,0.0,0.0,3.7364579141139984
22,0.4354032836854458,0.12022747471928596,0.12056832760572433,0.11896543577313423,0.11998071148991585,0.11879006400704384,0.11943018808960915,0.10737022385001183,0.11845627054572105,0.1185019239783287,0.10710795968770981,0.11763088405132294,0.11861203983426094,0.12151085212826729,0.1175464428961277,0.11822681874036789,0.10747841373085976,0.12133434414863586,0.11724438518285751,0.12003754451870918,0.10513810068368912,0.11364014074206352,0.11678978055715561,0.10941936075687408,0.11080047115683556,0.11601568013429642,0.1154535673558712,0.10467652603983879,0.11554336920380592,0.1041257195174694,0.10349391028285027,0.10387643799185753,0.11549993231892586,0.10277020931243896,0.0005353540182113647,0.0,0.0,0.0,0.0,0.0,0.0,0.0,0.0,0.0,0.0,0.0,0.0,0.0,0.0,0.0,4.202202148735523
23,0.5048639886081219,0.12027787417173386,0.1197049468755722,0.12006204202771187,0.11924998834729195,0.11133114248514175,0.11959309130907059,0.11972086504101753,0.11937063932418823,0.11861369758844376,0.11899189278483391,0.11838381737470627,0.11181385815143585,0.11113721877336502,0.11848299950361252,0.10499624162912369,0.11741112172603607,0.10931335389614105,0.11737270280718803,0.11661355942487717,0.11661506444215775,0.10977551341056824,0.11063242331147194,0.11617917567491531,0.11535704508423805,0.10922922939062119,0.11487354338169098,0.11483196169137955,0.10218696668744087,0.11485664919018745,0.0,0.0,0.0,0.0,0.0,0.0,0.0,0.0,0.0,0.0,0.0,0.0,0.0,0.0,0.0,0.0,0.0,0.0,0.0,0.0,3.8418426141142845
24,0.31763701513409615,0.11980420351028442,0.11068296805024147,0.12005287408828735,0.11986031383275986,0.11980687081813812,0.11929459869861603,0.11695419251918793,0.11911189183592796,0.11907573416829109,0.10647779330611229,0.11825428903102875,0.11810225248336792,0.1057918407022953,0.11765184998512268,0.11745399981737137,0.11715229973196983,0.11699196696281433,0.1166386678814888,0.1166168861091137,0.11925335973501205,0.11639047414064407,0.11587386205792427,0.10462098941206932,0.10508248955011368,0.1037578321993351,0.11557866260409355,0.10427215695381165,0.11507314443588257,0.10257519781589508,0.10212710872292519,0.10835922881960869,0.10212793946266174,0.1069655790925026,0.0,0.0,0.0,0.0,0.0,0.0,0.0,0.0,0.0,0.0,0.0,0.0,0.0,0.0,0.0,0.0,4.055470533668995
25,0.32830192148685455,0.11592032015323639,0.11994091048836708,0.11924158036708832,0.11514479666948318,0.10718901455402374,0.11580435186624527,0.1187509298324585,0.11894366145133972,0.11495745182037354,0.11479451134800911,0.10610581189393997,0.11534158140420914,0.11651530489325523,0.1181890144944191,0.10607605800032616,0.11836282536387444,0.10507609695196152,0.10622409731149673,0.10715781897306442,0.10476787388324738,0.10599678382277489,0.10577372834086418,0.10592260956764221,0.10515080392360687,0.11672427505254745,0.1141941174864769,0.11619603633880615,0.11654569208621979,0.11788778379559517,0.10513286665081978,0.0010804161429405212,0.0,0.0,0.0,0.0,0.0,0.0,0.0,0.0,0.0,0.0,0.0,0.0,0.0,0.0,0.0,0.0,0.0,0.0,3.7034110464155674
26,0.11330528929829597,0.12017698585987091,0.1193743348121643,0.11938904225826263,0.11149417981505394,0.11929668113589287,0.13483969494700432,0.1305077113211155,0.11854718253016472,0.11821820586919785,0.11792251840233803,0.10740340873599052,0.10823732987046242,0.10862962529063225,0.12025775387883186,0.12222835421562195,0.10755586624145508,0.11797810718417168,0.10794878751039505,0.11640190705657005,0.10730482265353203,0.10704782977700233,0.10664055123925209,0.10624287277460098,0.11619922518730164,0.10626736655831337,0.11723162606358528,0.11727460846304893,0.0029170699417591095,0.0,0.0,0.0,0.0,0.0,0.0,0.0,0.0,0.0,0.0,0.0,0.0,0.0,0.0,0.0,0.0,0.0,0.0,0.0,0.0,0.0,3.2268389388918877
27,0.11209206283092499,0.12015116214752197,0.11929613724350929,0.11987457051873207,0.11956033483147621,0.11906663328409195,0.10808411985635757,0.12696262076497078,0.11980726197361946,0.11908721551299095,0.1191301941871643,0.1191968135535717,0.11813915520906448,0.10695600882172585,0.12006453797221184,0.11611362174153328,0.10596645250916481,0.11769181862473488,0.1169622465968132,0.1063871942460537,0.11894335970282555,0.1116117425262928,0.11169617250561714,0.11602800339460373,0.105495635420084,0.1166030503809452,0.10484681650996208,0.1030268482863903,0.10339732095599174,0.11539848148822784,0.10561755672097206,0.10465065389871597,0.1020265743136406,0.0002936609089374542,0.0,0.0,0.0,0.0,0.0,0.0,0.0,0.0,0.0,0.0,0.0,0.0,0.0,0.0,0.0,0.0,3.7502260394394398
28,0.11942841857671738,0.11957181617617607,0.11986290663480759,0.12526212632656097,0.11969311907887459,0.11950815469026566,0.11948087066411972,0.11809976026415825,0.11859037727117538,0.11030654236674309,0.11862213909626007,0.11830903217196465,0.11841867119073868,0.11788006499409676,0.10910357162356377,0.10496562346816063,0.11763430386781693,0.10679877176880836,0.10558202490210533,0.11265091225504875,0.10437840968370438,0.11217618361115456,0.10428312420845032,0.11589810997247696,0.10468770563602448,0.10387186706066132,0.10289401561021805,0.11304784193634987,0.11533565819263458,0.11453933268785477,0.10520879551768303,0.11298220977187157,0.10715599358081818,0.0002264156937599182,0.0,0.0,0.0,0.0,0.0,0.0,0.0,0.0,0.0,0.0,0.0,0.0,0.0,0.0,0.0,0.0,3.7364548705518246
29,0.1202436052262783,0.11981666833162308,0.119448471814394,0.11977804824709892,0.11912940070033073,0.11956362798810005,0.11740824952721596,0.10648692026734352,0.11152931675314903,0.1178385391831398,0.11811060830950737,0.11878151446580887,0.11854128167033195,0.10840092226862907,0.11727309599518776,0.11718884110450745,0.12935348227620125,0.1114945188164711,0.10470125824213028,0.11655376106500626,0.10407793521881104,0.1043127216398716,0.11611572653055191,0.11571754142642021,0.11557673290371895,0.11537422612309456,0.11520909890532494,0.10219002515077591,0.10178329423069954,0.00031360238790512085,0.0,0.0,0.0,0.0,0.0,0.0,0.0,0.0,0.0,0.0,0.0,0.0,0.0,0.0,0.0,0.0,0.0,0.0,0.0,0.0,3.3223130367696285
30,0.10736222192645073,0.10784215480089188,0.11960229650139809,0.1191440038383007,0.10655422136187553,0.1198069415986538,0.1195705197751522,0.11872154101729393,0.1190032809972763,0.13136040791869164,0.1146874725818634,0.12510404735803604,0.1180015280842781,0.117690060287714,0.11227204650640488,0.11771167069673538,0.11726405471563339,0.11674237623810768,0.1173921562731266,0.11710507422685623,0.1161583662033081,0.10377510264515877,0.11594336852431297,0.11617790162563324,0.11513196304440498,0.10413059592247009,0.10557541623711586,0.10264063253998756,0.11522261425852776,0.11484699696302414,0.10189789533615112,0.0,0.0,0.0,0.0,0.0,0.0,0.0,0.0,0.0,0.0,0.0,0.0,0.0,0.0,0.0,0.0,0.0,0.0,0.0,3.554438930004835
31,0.3925037272274494,0.12045043706893921,0.1194208599627018,0.11976174637675285,0.1195450872182846,0.11924153938889503,0.10675113648176193,0.10953374579548836,0.10684648156166077,0.10787009075284004,0.11852013319730759,0.11631966382265091,0.11798179894685745,0.11777958273887634,0.11769162490963936,0.1100926399230957,0.10471387207508087,0.11773369088768959,0.11677185073494911,0.11685463041067123,0.11666014045476913,0.11581502109766006,0.11623524129390717,0.10442885011434555,0.10391571745276451,0.1151413731276989,0.11500765010714531,0.1022910512983799,0.1020522229373455,0.10222375020384789,0.0003063119947910309,0.0,0.0,0.0,0.0,0.0,0.0,0.0,0.0,0.0,0.0,0.0,0.0,0.0,0.0,0.0,0.0,0.0,0.0,0.0,3.670461669564247
32,0.43081752955913544,0.12097355723381042,0.12005829438567162,0.11972485110163689,0.11969003453850746,0.11962823942303658,0.11500759795308113,0.11895832046866417,0.11873216181993484,0.10735901817679405,0.11845976486802101,0.1181056760251522,0.118393424898386,0.11791710555553436,0.1179022490978241,0.11746922507882118,0.11768518760800362,0.11312367022037506,0.1101791262626648,0.10700910910964012,0.1161833330988884,0.1161910779774189,0.1056218147277832,0.1164216659963131,0.11539651080965996,0.11696338653564453,0.11529598385095596,0.11483274400234222,0.10262059792876244,0.10185792669653893,0.0002549998462200165,0.0,0.0,0.0,0.0,0.0,0.0,0.0,0.0,0.0,0.0,0.0,0.0,0.0,0.0,0.0,0.0,0.0,0.0,0.0,3.7688341848552227
33,0.3554387800395489,0.1283063180744648,0.11923465505242348,0.1209140196442604,0.12029602378606796,0.11913122236728668,0.11948149651288986,0.11899392306804657,0.11895645037293434,0.11913646757602692,0.11856338381767273,0.1182856447994709,0.11818962916731834,0.10884014889597893,0.10892415419220924,0.12110461294651031,0.10801458358764648,0.10695897042751312,0.1081097237765789,0.10579830780625343,0.10730111226439476,0.10676631703972816,0.11634617671370506,0.11636821925640106,0.10505806654691696,0.10565781593322754,0.1051936112344265,0.10449958965182304,0.10486672446131706,0.002915583550930023,0.0,0.0,0.0,0.0,0.0,0.0,0.0,0.0,0.0,0.0,0.0,0.0,0.0,0.0,0.0,0.0,0.0,0.0,0.0,0.0,3.5376517325639725
34,0.4083842821419239,0.11991947144269943,0.1196451336145401,0.1192825473845005,0.11944012343883514,0.11909634619951248,0.1069621741771698,0.11923297494649887,0.1144862212240696,0.11909513175487518,0.11805881559848785,0.11784012243151665,0.11746924743056297,0.11348791420459747,0.11822132766246796,0.118160430341959,0.1169513687491417,0.11731734126806259,0.11690328270196915,0.11748742684721947,0.11680386960506439,0.1061471551656723,0.10597333312034607,0.11436071619391441,0.11595303192734718,0.11791444197297096,0.10466081276535988,0.10426421463489532,0.1161261722445488,0.11490123346447945,0.11465268954634666,0.11472956463694572,0.11392568051815033,0.0002907887101173401,0.0,0.0,0.0,0.0,0.0,0.0,0.0,0.0,0.0,0.0,0.0,0.0,0.0,0.0,0.0,0.0,4.098145388066769
35,0.37382422015070915,0.12019240483641624,0.1199955977499485,0.11160698905587196,0.1199083998799324,0.11964839696884155,0.10881590098142624,0.11928478255867958,0.11865424737334251,0.11859941855072975,0.11858842894434929,0.11858770996332169,0.11861811205744743,0.11735314503312111,0.12080656737089157,0.11739553138613701,0.11704734712839127,0.11719746142625809,0.11762857064604759,0.1170119196176529,0.1165088564157486,0.10505126044154167,0.10589121654629707,0.10599478334188461,0.10447981581091881,0.11589740216732025,0.11513177305459976,0.10396132990717888,0.10316663607954979,0.10306857153773308,0.11510271951556206,0.11524862423539162,0.1149185337126255,0.0003813989460468292,0.0,0.0,0.0,0.0,0.0,0.0,0.0,0.0,0.0,0.0,0.0,0.0,0.0,0.0,0.0,0.0,4.035568073391914
36,0.12017828226089478,0.11946510151028633,0.11139573901891708,0.10696791484951973,0.11892874911427498,0.11890409514307976,0.11879565566778183,0.11845706030726433,0.11886119470000267,0.11903806775808334,0.11889602616429329,0.10548005998134613,0.11814159154891968,0.1084468886256218,0.10832468792796135,0.11167707294225693,0.11780891194939613,0.12119028344750404,0.11643123999238014,0.11605269834399223,0.11634645238518715,0.11704068630933762,0.1055385060608387,0.10528651252388954,0.10502241924405098,0.1047249399125576,0.10431400686502457,0.11229762062430382,0.11566141620278358,0.001246478408575058,0.0,0.0,0.0,0.0,0.0,0.0,0.0,0.0,0.0,0.0,0.0,0.0,0.0,0.0,0.0,0.0,0.0,0.0,0.0,0.0,3.300920359790325
37,0.12024857476353645,0.12570955604314804,0.11488894000649452,0.1197836771607399,0.11976516619324684,0.11952606961131096,0.1193152628839016,0.11908102408051491,0.1187657006084919,0.1183762401342392,0.11861510947346687,0.11815579235553741,0.11796959862112999,0.11770011857151985,0.11748173832893372,0.12326028943061829,0.11730435490608215,0.11701717600226402,0.1162031851708889,0.11793661117553711,0.11605390161275864,0.1157713271677494,0.11553750932216644,0.11620454117655754,0.11565709114074707,0.1024756021797657,0.10238945111632347,0.10207268968224525,0.10247397050261497,0.10207588598132133,0.0,0.0,0.0,0.0,0.0,0.0,0.0,0.0,0.0,0.0,0.0,0.0,0.0,0.0,0.0,0.0,0.0,0.0,0.0,0.0,3.4678161554038525
38,0.12212448567152023,0.1197110079228878,0.11995940282940865,0.11963272094726562,0.11910854279994965,0.11909599974751472,0.11894815042614937,0.11873721703886986,0.11834003403782845,0.11838700994849205,0.11812081187963486,0.1179465539753437,0.11763224378228188,0.12204097211360931,0.11811145022511482,0.1170550063252449,0.12143725901842117,0.10809574648737907,0.10765527188777924,0.1176801510155201,0.11705495417118073,0.10647526010870934,0.1055699959397316,0.10444901511073112,0.10540464520454407,0.11667021736502647,0.10289353504776955,0.10341743752360344,0.10203317925333977,0.10242605954408646,0.0005487799644470215,0.0,0.0,0.0,0.0,0.0,0.0,0.0,0.0,0.0,0.0,0.0,0.0,0.0,0.0,0.0,0.0,0.0,0.0,0.0,3.426763117313385
39,0.11942243203520775,0.11947311088442802,0.11963097378611565,0.11957021802663803,0.11857086792588234,0.11863012984395027,0.11901341378688812,0.11890598013997078,0.11848342418670654,0.11870710179209709,0.10980056971311569,0.11016558110713959,0.11680526658892632,0.11814001947641373,0.10866982489824295,0.10472691059112549,0.11740490049123764,0.1080801896750927,0.11678071692585945,0.11633205786347389,0.10552588105201721,0.10555606707930565,0.10574150457978249,0.10556988045573235,0.11619779095053673,0.10315742716193199,0.1035335436463356,0.001202419400215149,0.0,0.0,0.0,0.0,0.0,0.0,0.0,0.0,0.0,0.0,0.0,0.0,0.0,0.0,0.0,0.0,0.0,0.0,0.0,0.0,0.0,0.0,3.063798204064369
40,0.107418242841959,0.11550401896238327,0.11907125264406204,0.11924177408218384,0.11979950964450836,0.11960187554359436,0.12908075749874115,0.11899668723344803,0.11906028538942337,0.11849343031644821,0.11824586242437363,0.10796630755066872,0.10705830529332161,0.10764802247285843,0.11242951080203056,0.11058315634727478,0.1371920183300972,0.10936478152871132,0.11271636188030243,0.10822930559515953,0.10430558398365974,0.10431625694036484,0.11650225520133972,0.1179872564971447,0.10931471735239029,0.11149723455309868,0.11301706358790398,0.11627859249711037,0.10594750195741653,0.10284490883350372,0.10325497016310692,0.11159691214561462,0.1036316342651844,0.11177409812808037,0.0003196932375431061,0.00016283243894577026,0.0,0.0,0.0,0.0,0.0,0.0,0.0,0.0,0.0,0.0,0.0,0.0,0.0,0.0,3.8504529781639576
41,0.30777112394571304,0.12020973488688469,0.1192391999065876,0.11948222666978836,0.11973745003342628,0.11935975775122643,0.11851056665182114,0.11837057396769524,0.1148311011493206,0.11641931533813477,0.11853006109595299,0.11905588954687119,0.11872773244976997,0.1091957651078701,0.1178239956498146,0.11893493309617043,0.11952413246035576,0.11711898818612099,0.11780707538127899,0.1045541949570179,0.10664783418178558,0.10662281885743141,0.10608137771487236,0.10603583976626396,0.10545168071985245,0.11526398733258247,0.11083473265171051,0.11201077699661255,0.1087915226817131,0.11097778379917145,0.10388700291514397,0.10378533974289894,0.10396648943424225,0.0,0.0,0.0,0.0,0.0,0.0,0.0,0.0,0.0,0.0,0.0,0.0,0.0,0.0,0.0,0.0,0.0,3.935561005026102
42,0.3454962782561779,0.12050359696149826,0.11527331918478012,0.11956141889095306,0.1198185458779335,0.11958973854780197,0.11873626336455345,0.11887916550040245,0.11852331459522247,0.1179002970457077,0.11838968470692635,0.11797908321022987,0.11841849610209465,0.11796491220593452,0.11777636036276817,0.12298575043678284,0.11690601333975792,0.11662612855434418,0.11303337290883064,0.10404162108898163,0.10401763394474983,0.10374578833580017,0.10608483105897903,0.11559393256902695,0.10410088673233986,0.10463191941380501,0.11504833027720451,0.1151849813759327,0.11485046520829201,0.0006964653730392456,0.00044459104537963867,0.0003682039678096771,0.00026831403374671936,0.00019580870866775513,0.0,0.0,0.0,0.0,0.0,0.0,0.0,0.0,0.0,0.0,0.0,0.0,0.0,0.0,0.0,0.0,3.5636355131864548
43,0.3760811649262905,0.12025308236479759,0.11963826790452003,0.11917449533939362,0.11901100724935532,0.11969109997153282,0.11881958320736885,0.11886687949299812,0.11888668313622475,0.11140778288245201,0.11861551180481911,0.1176225021481514,0.11824192851781845,0.11804566532373428,0.11725836619734764,0.10532204061746597,0.10766176134347916,0.11311390623450279,0.11179250851273537,0.1074417270720005,0.11646661162376404,0.1039649024605751,0.11774157360196114,0.10756877809762955,0.11641301959753036,0.11621151119470596,0.11583307012915611,0.1050361841917038,0.10240930691361427,0.11504309624433517,0.10255889967083931,0.0002808086574077606,0.0,0.0,0.0,0.0,0.0,0.0,0.0,0.0,0.0,0.0,0.0,0.0,0.0,0.0,0.0,0.0,0.0,0.0,3.796473726630211
44,0.3515726439654827,0.1199110858142376,0.12002972513437271,0.11566101759672165,0.11908117681741714,0.11919054388999939,0.11934318393468857,0.11843513697385788,0.11898894235491753,0.12737858295440674,0.11303618550300598,0.12610413506627083,0.11746504530310631,0.11481458693742752,0.10809753835201263,0.11020215228199959,0.10997632518410683,0.1049177460372448,0.10506680980324745,0.10507476329803467,0.12189416214823723,0.1166861541569233,0.10522241145372391,0.105666633695364,0.1071525402367115,0.10689450055360794,0.1060001291334629,0.10707008093595505,0.11508329212665558,0.11336610093712807,0.10323458164930344,0.001308690756559372,0.0,0.0,0.0,0.0,0.0,0.0,0.0,0.0,0.0,0.0,0.0,0.0,0.0,0.0,0.0,0.0,0.0,0.0,3.753926604986191
45,0.38475603982806206,0.10783514380455017,0.1294575221836567,0.10819219052791595,0.12053260579705238,0.11044147610664368,0.11951082199811935,0.11299414187669754,0.11885262653231621,0.1148201934993267,0.11774365603923798,0.11846114322543144,0.11819804459810257,0.11806182190775871,0.1140560731291771,0.10705846920609474,0.11796192452311516,0.11307001113891602,0.11722273379564285,0.10668224841356277,0.1061878390610218,0.10529711470007896,0.10395963117480278,0.11660730838775635,0.1051182821393013,0.10449269786477089,0.10404351353645325,0.10310244932770729,0.11533667519688606,0.11556775122880936,0.1147414855659008,0.00016988441348075867,0.0,0.0,0.0,0.0,0.0,0.0,0.0,0.0,0.0,0.0,0.0,0.0,0.0,0.0,0.0,0.0,0.0,0.0,3.7705335207283497
46,0.11525691673159599,0.11924757435917854,0.11952788382768631,0.1196620725095272,0.11909662187099457,0.11948015913367271,0.11455998942255974,0.11920766904950142,0.11869926378130913,0.11503317579627037,0.11856038868427277,0.10632547736167908,0.1179104745388031,0.11749553680419922,0.11819988861680031,0.11097853630781174,0.10811009258031845,0.12905549630522728,0.11647526919841766,0.11687009409070015,0.11083248257637024,0.10373339429497719,0.1111908070743084,0.11210568249225616,0.10770611092448235,0.10337716341018677,0.10812334343791008,0.10268795862793922,0.1021840013563633,0.11006790399551392,0.0001596696674823761,0.0,0.0,0.0,0.0,0.0,0.0,0.0,0.0,0.0,0.0,0.0,0.0,0.0,0.0,0.0,0.0,0.0,0.0,0.0,3.4119210988283157
47,0.12011465057730675,0.11033520475029945,0.11926300078630447,0.11916017904877663,0.11958063766360283,0.11965684220194817,0.11869945004582405,0.11899146065115929,0.11930543929338455,0.1188581995666027,0.11859507486224174,0.11827225238084793,0.11832642555236816,0.11430534720420837,0.10897970199584961,0.11769017577171326,0.11324376240372658,0.11716292053461075,0.1293436512351036,0.1163044422864914,0.11638104543089867,0.11634153127670288,0.11566737294197083,0.11566831544041634,0.11543954536318779,0.1151198223233223,0.11496555432677269,0.11515410989522934,0.10300058498978615,0.10227944701910019,0.00028666481375694275,0.0,0.0,0.0,0.0,0.0,0.0,0.0,0.0,0.0,0.0,0.0,0.0,0.0,0.0,0.0,0.0,0.0,0.0,0.0,3.4864928126335144
48,0.12043050304055214,0.12890718504786491,0.11998486891388893,0.11963546648621559,0.11912611871957779,0.11889246106147766,0.11863439530134201,0.11869455873966217,0.11889232322573662,0.11932110041379929,0.11824623867869377,0.11879514530301094,0.11759632080793381,0.11800302937626839,0.11745183914899826,0.11769568920135498,0.11718875169754028,0.1173318438231945,0.11057812720537186,0.11668702960014343,0.11680609360337257,0.1161707378923893,0.11657175049185753,0.11522124707698822,0.11550017818808556,0.11495256423950195,0.10263172164559364,0.10283204540610313,0.10214133933186531,0.10200332850217819,0.0,0.0,0.0,0.0,0.0,0.0,0.0,0.0,0.0,0.0,0.0,0.0,0.0,0.0,0.0,0.0,0.0,0.0,0.0,0.0,3.4769240021705627
49,0.10837171599268913,0.12015817314386368,0.11933654919266701,0.11947787553071976,0.11921638995409012,0.11910445243120193,0.11507666110992432,0.11909709498286247,0.11884855479001999,0.1185949295759201,0.11873679980635643,0.117882639169693,0.11351598054170609,0.11754355579614639,0.11797391623258591,0.12909336760640144,0.11748994514346123,0.11714362725615501,0.10514619946479797,0.11851320415735245,0.10732246935367584,0.10358288511633873,0.10388056561350822,0.10591776669025421,0.10492562502622604,0.10460851341485977,0.11653167754411697,0.11649315431714058,0.10363370552659035,0.1026843823492527,0.10276546329259872,0.10359668359160423,0.0009009987115859985,0.0,0.0,0.0,0.0,0.0,0.0,0.0,0.0,0.0,0.0,0.0,0.0,0.0,0.0,0.0,0.0,0.0,3.627165522426367
50,0.1197085753083229,0.11960219219326973,0.11987759917974472,0.11990692093968391,0.11909790337085724,0.11923171579837799,0.11988541856408119,0.1189369298517704,0.11848799511790276,0.11877954006195068,0.11887232586741447,0.11820049956440926,0.11807695403695107,0.11841153353452682,0.11747481673955917,0.11721115931868553,0.11698156967759132,0.11733148247003555,0.1075405403971672,0.10733665525913239,0.10611287504434586,0.10602160543203354,0.11617222055792809,0.10476921126246452,0.10423602163791656,0.10422484204173088,0.11611243337392807,0.10681132227182388,0.10225677862763405,0.10284014418721199,0.10237931087613106,0.10220761597156525,0.10229228436946869,0.0003160908818244934,0.0,0.0,0.0,0.0,0.0,0.0,0.0,0.0,0.0,0.0,0.0,0.0,0.0,0.0,0.0,0.0,3.7277050837874413
51,0.35454538464546204,0.12012522295117378,0.11996535956859589,0.11896588280797005,0.11856770515441895,0.11892900988459587,0.11890111491084099,0.1192205511033535,0.10629578679800034,0.1178940013051033,0.11788686737418175,0.1058868020772934,0.10661661252379417,0.11724966019392014,0.1174311526119709,0.11584722995758057,0.10669104009866714,0.1320251040160656,0.10845246911048889,0.10439732670783997,0.10520748049020767,0.1146494559943676,0.10414037108421326,0.10441252589225769,0.11667704582214355,0.11161543801426888,0.1135929599404335,0.10311375930905342,0.1149691790342331,0.11466813459992409,0.11327140033245087,0.0003076307475566864,0.0,0.0,0.0,0.0,0.0,0.0,0.0,0.0,0.0,0.0,0.0,0.0,0.0,0.0,0.0,0.0,0.0,0.0,3.7625196650624275
52,0.3366544842720032,0.10737007483839989,0.11979597806930542,0.11895286291837692,0.11990231275558472,0.10702748596668243,0.1192626804113388,0.11485137045383453,0.11825091391801834,0.11860495805740356,0.11834114417433739,0.1135563850402832,0.1053084246814251,0.1173412948846817,0.10706683993339539,0.10621552914381027,0.11664097756147385,0.11673004552721977,0.11689090728759766,0.11684618517756462,0.11605209484696388,0.11630130931735039,0.10521304979920387,0.10541781038045883,0.11785328760743141,0.10467246174812317,0.10411171615123749,0.10362393409013748,0.10232514888048172,0.10309432819485664,0.10257922112941742,0.00033951178193092346,0.0,0.0,0.0,0.0,0.0,0.0,0.0,0.0,0.0,0.0,0.0,0.0,0.0,0.0,0.0,0.0,0.0,0.0,3.69719472900033
53,0.39684753492474556,0.1196499764919281,0.11942378059029579,0.11917853355407715,0.1196976788341999,0.11873606592416763,0.11877922341227531,0.11847304552793503,0.11895609647035599,0.11822513863444328,0.11838895455002785,0.11828331649303436,0.11788659915328026,0.11731511354446411,0.11767485365271568,0.11720223724842072,0.11704204231500626,0.11766157299280167,0.10674137994647026,0.10661798343062401,0.11616509035229683,0.10583389922976494,0.11819344386458397,0.11844206973910332,0.10509006306529045,0.11517351493239403,0.11618028953671455,0.10447248443961143,0.1037292331457138,0.11571397259831429,0.10330916568636894,0.10266393795609474,0.00029807165265083313,0.0,0.0,0.0,0.0,0.0,0.0,0.0,0.0,0.0,0.0,0.0,0.0,0.0,0.0,0.0,0.0,0.0,3.948046363890171
54,0.38278359174728394,0.11916949227452278,0.10699338838458061,0.10784484073519707,0.11910733208060265,0.11946069076657295,0.11735901609063148,0.1116803027689457,0.11916479468345642,0.11871630325913429,0.11827068030834198,0.11001129820942879,0.11809714883565903,0.1180805191397667,0.11730305105447769,0.11735795810818672,0.11721128970384598,0.11728561297059059,0.11571250855922699,0.11663458868861198,0.1065712720155716,0.11585171148180962,0.1167553961277008,0.11559969186782837,0.10421030223369598,0.10431325808167458,0.10421444848179817,0.10364331305027008,0.10333438590168953,0.10212046653032303,0.10262966901063919,0.10259199887514114,0.00032870471477508545,0.0,0.0,0.0,0.0,0.0,0.0,0.0,0.0,0.0,0.0,0.0,0.0,0.0,0.0,0.0,0.0,0.0,3.8704090267419815
55,0.39358071237802505,0.11873823404312134,0.11994655430316925,0.11895033717155457,0.1167180947959423,0.11974125728011131,0.11879707872867584,0.11926105991005898,0.11816935613751411,0.11818607524037361,0.11806970089673996,0.11855270341038704,0.11796320974826813,0.117693230509758,0.11749764531850815,0.11691033467650414,0.11686984822154045,0.11664528772234917,0.10737163573503494,0.10697589069604874,0.10675706714391708,0.10630840063095093,0.10606015846133232,0.10562950745224953,0.11537497490644455,0.10276399552822113,0.10342283919453621,0.10349435359239578,0.10292244702577591,0.10219205543398857,0.10241051018238068,0.0002899356186389923,0.0,0.0,0.0,0.0,0.0,0.0,0.0,0.0,0.0,0.0,0.0,0.0,0.0,0.0,0.0,0.0,0.0,0.0,3.7742644920945168
56,0.12009977549314499,0.11956749856472015,0.1197088472545147,0.11976145580410957,0.11925022304058075,0.11917301639914513,0.11897343397140503,0.11927951127290726,0.11834952607750893,0.11863748729228973,0.11766883730888367,0.11791902035474777,0.11834576725959778,0.11922212690114975,0.1174226924777031,0.11832104250788689,0.10835758224129677,0.11782074719667435,0.1169014610350132,0.10630635917186737,0.10646333917975426,0.10592356696724892,0.10335179045796394,0.1033366359770298,0.1049889363348484,0.1044883094727993,0.10433581471443176,0.10405471548438072,0.1038203276693821,0.10372212156653404,0.10325939953327179,0.1027253083884716,0.10224591940641403,0.0003084130585193634,0.0,0.0,0.0,0.0,0.0,0.0,0.0,0.0,0.0,0.0,0.0,0.0,0.0,0.0,0.0,0.0,3.704111009836197
57,0.12036687508225441,0.11975406855344772,0.11927736550569534,0.11999396607279778,0.11897880956530571,0.11918157711625099,0.11899488791823387,0.11839722469449043,0.11847689002752304,0.11877555400133133,0.11836613342165947,0.11805819720029831,0.11758727207779884,0.11772733181715012,0.117470633238554,0.10860424861311913,0.10777011141180992,0.1078316979110241,0.10721922665834427,0.10423091426491737,0.10393482819199562,0.10383370891213417,0.11584308743476868,0.10416422411799431,0.10488709807395935,0.10440346971154213,0.10414416342973709,0.10263386368751526,0.10327772423624992,0.11499715968966484,0.10217266529798508,0.0003028362989425659,0.0,0.0,0.0,0.0,0.0,0.0,0.0,0.0,0.0,0.0,0.0,0.0,0.0,0.0,0.0,0.0,0.0,0.0,3.481657814234495
58,0.11956639960408211,0.11933768540620804,0.11996817961335182,0.10678920149803162,0.10591820627450943,0.10597502067685127,0.1055070012807846,0.10532796755433083,0.1051568053662777,0.10501869022846222,0.10513266921043396,0.10503161326050758,0.12754754349589348,0.10743286833167076,0.10501305013895035,0.10482178628444672,0.10487352311611176,0.10445505380630493,0.10438808053731918,0.10406485199928284,0.10335441306233406,0.10377712175250053,0.103358905762434,0.10482503473758698,0.10484419018030167,0.10413066297769547,0.10385530441999435,0.10395226627588272,0.1032165065407753,0.10317710041999817,0.10267182067036629,0.0008680373430252075,0.0,0.0,0.0,0.0,0.0,0.0,0.0,0.0,0.0,0.0,0.0,0.0,0.0,0.0,0.0,0.0,0.0,0.0,3.313357561826706
59,0.11902133747935295,0.11893247067928314,0.10597813501954079,0.11820900812745094,0.11779503151774406,0.10566162317991257,0.11686377227306366,0.11801100894808769,0.11777349188923836,0.11736543849110603,0.11696027591824532,0.11694998294115067,0.11692497506737709,0.11780174449086189,0.11731746047735214,0.10449358448386192,0.11712430790066719,0.1040177009999752,0.11637843027710915,0.10344916209578514,0.10545098036527634,0.1059558317065239,0.10545507073402405,0.10520336776971817,0.1048172116279602,0.10265778005123138,0.10412123426795006,0.10379688069224358,0.10349259525537491,0.1028234250843525,0.10200352594256401,0.00027624890208244324,0.0,0.0,0.0,0.0,0.0,0.0,0.0,0.0,0.0,0.0,0.0,0.0,0.0,0.0,0.0,0.0,0.0,0.0,3.4330830946564674
60,0.11827756464481354,0.11834611743688583,0.11805649846792221,0.11868448555469513,0.11896877735853195,0.1177842915058136,0.1179799735546112,0.11801809817552567,0.11831027269363403,0.11770233511924744,0.11704368516802788,0.11718505993485451,0.10866803675889969,0.11638807132840157,0.11678525432944298,0.11651365831494331,0.1161712221801281,0.11603401601314545,0.11607585102319717,0.115555290132761,0.10587424039840698,0.10556353256106377,0.11529478430747986,0.10259299352765083,0.10236754640936852,0.1029769517481327,0.10318683460354805,0.10165046155452728,0.0006635710597038269,0.000235091894865036,0.0,0.0,0.0,0.0,0.0,0.0,0.0,0.0,0.0,0.0,0.0,0.0,0.0,0.0,0.0,0.0,0.0,0.0,0.0,0.0,3.178954567760229
61,0.29846182465553284,0.11883769184350967,0.11835537850856781,0.11809244379401207,0.11847338452935219,0.11880119144916534,0.11896909028291702,0.11867240816354752,0.11812728270888329,0.1053544320166111,0.10514668375253677,0.11823251843452454,0.10477323830127716,0.10481176525354385,0.11707886680960655,0.10457448288798332,0.10808474570512772,0.1079881340265274,0.10757148265838623,0.10708855092525482,0.11632539331912994,0.12649702280759811,0.11636470630764961,0.10489868745207787,0.10490985214710236,0.10485188663005829,0.10440851375460625,0.1036560945212841,0.10247217491269112,0.10298104211688042,0.10235531255602837,0.0006623081862926483,0.0,0.0,0.0,0.0,0.0,0.0,0.0,0.0,0.0,0.0,0.0,0.0,0.0,0.0,0.0,0.0,0.0,0.0,3.6278785914182663
62,0.29934579879045486,0.11887265741825104,0.11842411756515503,0.11829054728150368,0.11834146454930305,0.11803066730499268,0.11765872687101364,0.10536899417638779,0.10534849017858505,0.11773942783474922,0.10550379008054733,0.11724095046520233,0.10499780252575874,0.11683131754398346,0.11733110249042511,0.11779148504137993,0.1077498309314251,0.10797986015677452,0.1079232506453991,0.104826420545578,0.10715949535369873,0.1070670485496521,0.10667743533849716,0.10614221543073654,0.10348600894212723,0.10563445836305618,0.10535651445388794,0.1050863154232502,0.10475869476795197,0.10275184363126755,0.10370776429772377,0.10354659333825111,0.10338561609387398,0.0013114213943481445,0.0,0.0,0.0,0.0,0.0,0.0,0.0,0.0,0.0,0.0,0.0,0.0,0.0,0.0,0.0,0.0,3.8116681277751923
63,0.30753782019019127,0.11958712711930275,0.11902926862239838,0.11892553046345711,0.11954575031995773,0.11860110238194466,0.11923408880829811,0.11913261190056801,0.11908858269453049,0.11846298351883888,0.11875419318675995,0.10992886871099472,0.11846994236111641,0.12470408529043198,0.1174914725124836,0.11834486946463585,0.11122959852218628,0.11747435480356216,0.11782358214259148,0.11269193142652512,0.10658366233110428,0.10351859778165817,0.10343436524271965,0.10374440997838974,0.1156737357378006,0.10318043455481529,0.11590022221207619,0.12418133392930031,0.10271884128451347,0.11349403113126755,0.1153714656829834,0.10304517298936844,0.0005354844033718109,0.0002474859356880188,0.0,0.0,0.0,0.0,0.0,0.0,0.0,0.0,0.0,0.0,0.0,0.0,0.0,0.0,0.0,0.0,3.857687007635832
64,0.37487293034791946,0.1205032505095005,0.11622251570224762,0.11384818702936172,0.11881129816174507,0.10879971459507942,0.10878828912973404,0.11545933783054352,0.11853072419762611,0.11866660788655281,0.1145041398704052,0.1185561940073967,0.11848033219575882,0.118015818297863,0.10554373636841774,0.10523379221558571,0.11961683258414268,0.11019686982035637,0.10758913308382034,0.1078101135790348,0.11713012307882309,0.12019496783614159,0.10573956742882729,0.10704992711544037,0.10596359893679619,0.10598751902580261,0.11593779549002647,0.11773653328418732,0.10475701093673706,0.10444330424070358,0.10479184612631798,0.1043454259634018,0.11478225141763687,0.0015670619904994965,0.10378776863217354,0.0007551908493041992,0.000266246497631073,0.0,0.0,0.0,0.0,0.0,0.0,0.0,0.0,0.0,0.0,0.0,0.0,0.0,4.075285956263542
65,0.3682874031364918,0.12040207907557487,0.12510399892926216,0.10875511169433594,0.10813265293836594,0.11011161282658577,0.1066865548491478,0.13215406611561775,0.1073492094874382,0.11875632777810097,0.11452583223581314,0.10579859837889671,0.11392081528902054,0.10609934851527214,0.11058693006634712,0.10485463589429855,0.11291305348277092,0.10470905527472496,0.10412241145968437,0.11676505953073502,0.1165471076965332,0.11689099669456482,0.11390227824449539,0.11595306918025017,0.11586198210716248,0.11551949754357338,0.11349428817629814,0.10366206616163254,0.10257641226053238,0.10272252559661865,0.10802628472447395,0.10182216390967369,0.0,0.0,0.0,0.0,0.0,0.0,0.0,0.0,0.0,0.0,0.0,0.0,0.0,0.0,0.0,0.0,0.0,0.0,3.8270134292542934
66,0.11943003162741661,0.11617007851600647,0.11964699625968933,0.11477047204971313,0.11480463296175003,0.1071544885635376,0.11882609501481056,0.11828900128602982,0.11422813311219215,0.1255212537944317,0.11829118058085442,0.11837981268763542,0.11389186233282089,0.11716870591044426,0.11370167881250381,0.11280990019440651,0.1175014078617096,0.10450741276144981,0.11713125184178352,0.1160193532705307,0.11673986166715622,0.10433391854166985,0.11597055196762085,0.10455282032489777,0.11567691713571548,0.1036604568362236,0.11477167531847954,0.11460788175463676,0.10231346264481544,0.11505042389035225,0.10196500644087791,0.00018729642033576965,0.0,0.0,0.0,0.0,0.0,0.0,0.0,0.0,0.0,0.0,0.0,0.0,0.0,0.0,0.0,0.0,0.0,0.0,3.528074022382498
67,0.11643758416175842,0.1073659285902977,0.11993346363306046,0.11077617108821869,0.1102370135486126,0.10783493891358376,0.10791785642504692,0.10798569768667221,0.1188649907708168,0.10698827356100082,0.11803558841347694,0.10652019456028938,0.11812098324298859,0.11608903110027313,0.11749335005879402,0.1166038066148758,0.10927283018827438,0.10433870926499367,0.10431228578090668,0.10663295164704323,0.10558173805475235,0.10580235719680786,0.10377885773777962,0.10360721871256828,0.10359116643667221,0.10307697579264641,0.10309306904673576,0.1051100306212902,0.10517663508653641,0.1177418977022171,0.10336330533027649,0.10271055996417999,0.102607361972332,0.10229707881808281,0.0005457140505313873,0.0,0.0,0.0,0.0,0.0,0.0,0.0,0.0,0.0,0.0,0.0,0.0,0.0,0.0,0.0,3.699845615774393
68,0.12042129412293434,0.11987806856632233,0.11976122111082077,0.11901413649320602,0.11951002478599548,0.11973810195922852,0.11944768577814102,0.11918507143855095,0.11836444586515427,0.11835788562893867,0.11503594368696213,0.10748849809169769,0.12118243426084518,0.11871244758367538,0.10685800388455391,0.11856912076473236,0.10987630486488342,0.11802709102630615,0.11041780561208725,0.11312439292669296,0.11028037592768669,0.11232699453830719,0.10758445784449577,0.10509492829442024,0.0019983872771263123,0.0,0.0,0.0,0.0,0.0,0.0,0.0,0.0,0.0,0.0,0.0,0.0,0.0,0.0,0.0,0.0,0.0,0.0,0.0,0.0,0.0,0.0,0.0,0.0,0.0,2.770255122333765
69,0.12078800797462463,0.10788368806242943,0.10751944407820702,0.11903554946184158,0.11945850402116776,0.10742803290486336,0.10711962729692459,0.12376344203948975,0.1073458343744278,0.10620482638478279,0.11890711635351181,0.11861278489232063,0.1056235246360302,0.10925757139921188,0.11845237389206886,0.12043984979391098,0.10460235550999641,0.10462940484285355,0.11015856266021729,0.11149919405579567,0.12022671476006508,0.10544638335704803,0.11143951117992401,0.10384969785809517,0.11182697489857674,0.1041482612490654,0.10498999804258347,0.10506714135408401,0.10455384850502014,0.11538150906562805,0.10261832922697067,0.10835763067007065,0.10659515857696533,0.10434025898575783,0.0,0.0,0.0,0.0,0.0,0.0,0.0,0.0,0.0,0.0,0.0,0.0,0.0,0.0,0.0,0.0,3.7575711123645306
70,0.12014725804328918,0.11914623901247978,0.1073962077498436,0.10896173864603043,0.10680169984698296,0.10629376396536827,0.10678494721651077,0.11621355265378952,0.11851043254137039,0.1064273938536644,0.10654706507921219,0.11811133474111557,0.130627803504467,0.11779234558343887,0.10674528777599335,0.1216229610145092,0.11309847235679626,0.11737203970551491,0.10445677861571312,0.11883504316210747,0.12063928321003914,0.11539587751030922,0.1145976334810257,0.11655055731534958,0.11724939569830894,0.10661965981125832,0.11546261608600616,0.10380924865603447,0.11039669811725616,0.11127553507685661,0.11050821840763092,0.11494066566228867,0.00022712349891662598,0.0,0.0,0.0,0.0,0.0,0.0,0.0,0.0,0.0,0.0,0.0,0.0,0.0,0.0,0.0,0.0,0.0,3.6295648775994778
71,0.7526624165475368,0.11991116404533386,0.11554250493645668,0.10761316120624542,0.1196160539984703,0.11971058323979378,0.11927798762917519,0.11920491233468056,0.1186465471982956,0.10729330778121948,0.11816536262631416,0.11865301430225372,0.12134077399969101,0.11783919483423233,0.11788155138492584,0.10687492042779922,0.1141367182135582,0.12816544994711876,0.11678480729460716,0.11741140112280846,0.10830610245466232,0.10788792744278908,0.11628063768148422,0.11634617298841476,0.1164591796696186,0.11535941436886787,0.11513611301779747,0.11443546041846275,0.11530949175357819,0.11479164659976959,0.0005945675075054169,0.0003233961760997772,0.0,0.0,0.0,0.0,0.0,0.0,0.0,0.0,0.0,0.0,0.0,0.0,0.0,0.0,0.0,0.0,0.0,0.0,4.117961943149567
72,0.36040692031383514,0.11953548714518547,0.11989741399884224,0.12018940597772598,0.11919295787811279,0.1192954070866108,0.11938823387026787,0.11935073882341385,0.11886224150657654,0.1189991869032383,0.11914155632257462,0.11884331703186035,0.11849714815616608,0.11814379692077637,0.10573975741863251,0.11701827496290207,0.11723186448216438,0.10493405535817146,0.12036898732185364,0.10749471187591553,0.11705362796783447,0.11584341153502464,0.11690709367394447,0.11602983623743057,0.10555913671851158,0.11608036234974861,0.1045592613518238,0.11530919000506401,0.11512978374958038,0.11445579305291176,0.1021881215274334,0.0,0.0,0.0,0.0,0.0,0.0,0.0,0.0,0.0,0.0,0.0,0.0,0.0,0.0,0.0,0.0,0.0,0.0,0.0,3.8216470815241337
73,0.49870332702994347,0.11986606195569038,0.10751134529709816,0.11958248168230057,0.11345615610480309,0.11535384133458138,0.11955062299966812,0.1193188764154911,0.11508447676897049,0.11931636929512024,0.11857976764440536,0.11869607120752335,0.11782795190811157,0.11794761940836906,0.1086076945066452,0.11824731528759003,0.11701499670743942,0.10921841114759445,0.11670226603746414,0.10711822658777237,0.11698764190077782,0.11628152430057526,0.10444018617272377,0.11630713567137718,0.10412295907735825,0.1037895418703556,0.1039179116487503,0.10354531556367874,0.10315358638763428,0.10255901888012886,0.1120922639966011,0.11430863663554192,0.00021893903613090515,0.0,0.0,0.0,0.0,0.0,0.0,0.0,0.0,0.0,0.0,0.0,0.0,0.0,0.0,0.0,0.0,0.0,3.999428540468216
74,0.37951960414648056,0.1197749637067318,0.11944210156798363,0.11894474551081657,0.1192370057106018,0.1168869249522686,0.11043098568916321,0.10905130580067635,0.11842718347907066,0.11854948103427887,0.1179233007133007,0.11813637241721153,0.12111812084913254,0.1174299493432045,0.11727990955114365,0.11825014278292656,0.117708969861269,0.10711947083473206,0.10764317214488983,0.1074775904417038,0.11674857884645462,0.11724048852920532,0.10656386613845825,0.11874550580978394,0.11624271795153618,0.11553215980529785,0.10392938181757927,0.11549574136734009,0.11598578095436096,0.10277320444583893,0.10381824523210526,0.00044308602809906006,0.00021495670080184937,0.0,0.0,0.0,0.0,0.0,0.0,0.0,0.0,0.0,0.0,0.0,0.0,0.0,0.0,0.0,0.0,0.0,3.814085014164448
75,0.3636372946202755,0.10707397013902664,0.10820170864462852,0.11934768036007881,0.12004010379314423,0.10806063562631607,0.1192438155412674,0.1192132830619812,0.11840339377522469,0.11878003552556038,0.11948010697960854,0.11881339177489281,0.11844372376799583,0.10799526423215866,0.11768760532140732,0.1099017933011055,0.11754052713513374,0.11703592166304588,0.11896064504981041,0.10714424028992653,0.11614656448364258,0.11024706810712814,0.10554494708776474,0.11666028574109077,0.11569346114993095,0.11551984772086143,0.10355941578745842,0.10947374626994133,0.11666100472211838,0.10310165956616402,0.10335872322320938,0.10280830040574074,0.0010926462709903717,0.0,0.0,0.0,0.0,0.0,0.0,0.0,0.0,0.0,0.0,0.0,0.0,0.0,0.0,0.0,0.0,0.0,3.87487281113863
76,0.12007595598697662,0.11926637962460518,0.11909055709838867,0.12128448486328125,0.11949390172958374,0.11936939135193825,0.11945200338959694,0.1186513751745224,0.11900955438613892,0.11864794418215752,0.11809427291154861,0.11852291598916054,0.11812253296375275,0.11717251315712929,0.12658658996224403,0.12077507376670837,0.10854341462254524,0.11721432954072952,0.10782776772975922,0.10703308507800102,0.11795013770461082,0.10469604656100273,0.10598127171397209,0.10600771754980087,0.10561574622988701,0.10482040792703629,0.10488992556929588,0.10332181677222252,0.1033189408481121,0.10335120558738708,0.10311777517199516,0.1019919365644455,0.00033470988273620605,0.0,0.0,0.0,0.0,0.0,0.0,0.0,0.0,0.0,0.0,0.0,0.0,0.0,0.0,0.0,0.0,0.0,3.6196316815912724
77,0.10779232159256935,0.11921757087111473,0.12040402367711067,0.10747681558132172,0.11912543326616287,0.12184014171361923,0.13759732991456985,0.11877815425395966,0.1121918261051178,0.11892371997237206,0.004117093980312347,0.0,0.0,0.0,0.0,0.0,0.0,0.0,0.0,0.0,0.0,0.0,0.0,0.0,0.0,0.0,0.0,0.0,0.0,0.0,0.0,0.0,0.0,0.0,0.0,0.0,0.0,0.0,0.0,0.0,0.0,0.0,0.0,0.0,0.0,0.0,0.0,0.0,0.0,0.0,1.1874644309282303
78,0.12039333954453468,0.12247172370553017,0.12022479996085167,0.11895608901977539,0.11941609904170036,0.11495134979486465,0.11063672974705696,0.11852015927433968,0.10592073202133179,0.11900611966848373,0.1181810162961483,0.1181899756193161,0.12258747965097427,0.11873206496238708,0.10947578027844429,0.11467389762401581,0.11746760085225105,0.10708978772163391,0.11718226224184036,0.10448357835412025,0.10971277952194214,0.11141082271933556,0.11260280385613441,0.1115468442440033,0.1061101034283638,0.10318784415721893,0.10518428683280945,0.1144365705549717,0.11113793402910233,0.12028312683105469,0.0,0.0,0.0,0.0,0.0,0.0,0.0,0.0,0.0,0.0,0.0,0.0,0.0,0.0,0.0,0.0,0.0,0.0,0.0,0.0,3.424173701554537
79,0.11604283004999161,0.12039828300476074,0.11982990801334381,0.1792994998395443,0.11995406448841095,0.11893609538674355,0.11923546344041824,0.11877642944455147,0.10868144407868385,0.11829894036054611,0.11914210021495819,0.11856754496693611,0.12863587215542793,0.11856876686215401,0.11467798426747322,0.10911846905946732,0.11108719930052757,0.11687193065881729,0.11664751917123795,0.10436826199293137,0.10578760504722595,0.1060376837849617,0.11537207290530205,0.11669091135263443,0.11166980117559433,0.11602860316634178,0.11569312959909439,0.1042247973382473,0.11225330084562302,0.10256108269095421,0.00029348209500312805,0.0,0.0,0.0,0.0,0.0,0.0,0.0,0.0,0.0,0.0,0.0,0.0,0.0,0.0,0.0,0.0,0.0,0.0,0.0,3.503751076757908
80,0.11198411136865616,0.11934620887041092,0.11980902776122093,0.11911451816558838,0.11950555071234703,0.11895252764225006,0.10982689633965492,0.11920033395290375,0.11859799548983574,0.11902587115764618,0.1190299540758133,0.1143866591155529,0.11763689666986465,0.11748994141817093,0.11725616455078125,0.10773593559861183,0.10842150449752808,0.10754864290356636,0.10783498361706734,0.10716258361935616,0.10691309720277786,0.10623734071850777,0.10604182630777359,0.11845478042960167,0.10625487938523293,0.10783606022596359,0.10444910079240799,0.11650019884109497,0.10365917533636093,0.10356008261442184,0.10303545743227005,0.10279892385005951,0.10250933468341827,0.000449109822511673,0.0,0.0,0.0,0.0,0.0,0.0,0.0,0.0,0.0,0.0,0.0,0.0,0.0,0.0,0.0,0.0,3.6885656751692295
81,0.33656905218958855,0.11970076337456703,0.11996881663799286,0.12001048400998116,0.11930709704756737,0.11919991299510002,0.11909633129835129,0.1185455396771431,0.11919904872775078,0.11895229667425156,0.11888735741376877,0.11807329207658768,0.11786885187029839,0.11811022087931633,0.117843147367239,0.11757900565862656,0.10798455402255058,0.11738649755716324,0.11276359111070633,0.10611740499734879,0.11664333194494247,0.10531602427363396,0.10608331486582756,0.10547912120819092,0.11642910167574883,0.11588579788804054,0.10434241965413094,0.10563431307673454,0.10380750894546509,0.10357330366969109,0.10339232161641121,0.10269345715641975,0.00032810866832733154,0.0,0.0,0.0,0.0,0.0,0.0,0.0,0.0,0.0,0.0,0.0,0.0,0.0,0.0,0.0,0.0,0.0,3.8527713902294636
82,0.4431781657040119,0.12018503621220589,0.1193244494497776,0.11925172060728073,0.11988995969295502,0.11904897540807724,0.12086613848805428,0.11881759762763977,0.11865197122097015,0.1188315898180008,0.11826884374022484,0.11854806542396545,0.11113500595092773,0.10940264910459518,0.11777281016111374,0.1073930449783802,0.10478349030017853,0.10516883432865143,0.10662013292312622,0.11662813648581505,0.10399723052978516,0.1037471815943718,0.11865238472819328,0.10346788167953491,0.1108478531241417,0.10360068082809448,0.11527695134282112,0.11506687849760056,0.1025288850069046,0.10252692177891731,0.10263898968696594,0.10665680840611458,0.10203252732753754,0.0,0.0,0.0,0.0,0.0,0.0,0.0,0.0,0.0,0.0,0.0,0.0,0.0,0.0,0.0,0.0,0.0,4.024807792156935
83,0.3305015377700329,0.11999653279781342,0.119859978556633,0.11986476182937622,0.11937461420893669,0.11905992403626442,0.11880194395780563,0.11867189779877663,0.11813854798674583,0.11797156184911728,0.11858581751585007,0.11850810050964355,0.10929347202181816,0.11562326177954674,0.11898079887032509,0.10526877269148827,0.10752512514591217,0.10800949856638908,0.11759820207953453,0.10654338449239731,0.11698856577277184,0.1163775771856308,0.10655819624662399,0.10609665140509605,0.10630762577056885,0.10536651685833931,0.10347592458128929,0.10516318678855896,0.10519542172551155,0.11651815474033356,0.10327087342739105,0.10324489697813988,0.10308809578418732,0.10282038152217865,0.10261739045381546,0.0007620491087436676,0.0,0.0,0.0,0.0,0.0,0.0,0.0,0.0,0.0,0.0,0.0,0.0,0.0,0.0,4.132029242813587
84,0.3620152585208416,0.11722829192876816,0.11898203566670418,0.11984976381063461,0.1188780777156353,0.1192416176199913,0.11847145855426788,0.11950856819748878,0.11882859095931053,0.11634848639369011,0.11458667367696762,0.11810144409537315,0.11806463822722435,0.1084745042026043,0.11184046417474747,0.11817756667733192,0.11768531799316406,0.11764055490493774,0.11712902411818504,0.1179872527718544,0.11694725230336189,0.11738341301679611,0.11650489270687103,0.11592598631978035,0.11607104539871216,0.11638383567333221,0.11497534811496735,0.11451510339975357,0.11424380540847778,0.10284751281142235,0.00030765309929847717,0.0,0.0,0.0,0.0,0.0,0.0,0.0,0.0,0.0,0.0,0.0,0.0,0.0,0.0,0.0,0.0,0.0,0.0,0.0,3.735145438462496
85,0.3590416796505451,0.12076903134584427,0.11957570165395737,0.11990289390087128,0.12018296495079994,0.1195562407374382,0.11927903071045876,0.11901119351387024,0.11890604346990585,0.11831550300121307,0.10843773931264877,0.11847927421331406,0.1180734857916832,0.11796868219971657,0.11808700487017632,0.116993747651577,0.11764143034815788,0.10765843093395233,0.10612387210130692,0.10671531036496162,0.10610894113779068,0.10604283213615417,0.1056097075343132,0.1044263206422329,0.11567116156220436,0.11488711088895798,0.10304376482963562,0.10346297174692154,0.0014789998531341553,0.0,0.0,0.0,0.0,0.0,0.0,0.0,0.0,0.0,0.0,0.0,0.0,0.0,0.0,0.0,0.0,0.0,0.0,0.0,0.0,0.0,3.4314510710537434
86,0.11996989324688911,0.11976386606693268,0.11987804248929024,0.1198875941336155,0.11883857846260071,0.11894717812538147,0.11856739595532417,0.11896730214357376,0.1183592788875103,0.11796100065112114,0.11823152750730515,0.1179632693529129,0.11791493371129036,0.11768100410699844,0.11778559908270836,0.11707042157649994,0.11703664436936378,0.11682423949241638,0.11684926971793175,0.10523329302668571,0.11606481298804283,0.11614270508289337,0.10311796888709068,0.10304957628250122,0.1157846637070179,0.10260119661688805,0.1024128757417202,0.1023864895105362,0.10231783986091614,0.0003608018159866333,0.0,0.0,0.0,0.0,0.0,0.0,0.0,0.0,0.0,0.0,0.0,0.0,0.0,0.0,0.0,0.0,0.0,0.0,0.0,0.0,3.317969262599945
87,0.12040798738598824,0.11990490928292274,0.11913681030273438,0.11925667524337769,0.11896645650267601,0.11896860972046852,0.11928385123610497,0.1182001456618309,0.11888936534523964,0.11852828040719032,0.1183636412024498,0.11804141476750374,0.11759645491838455,0.11735332012176514,0.11744240298867226,0.10836166143417358,0.10798048973083496,0.10777770355343819,0.10749949142336845,0.10688810795545578,0.11663269251585007,0.11682126671075821,0.10590856894850731,0.105499267578125,0.1156856119632721,0.1037556380033493,0.10456883907318115,0.11500409245491028,0.10246000811457634,0.10226630419492722,0.10284877568483353,0.0010858289897441864,0.0,0.0,0.0,0.0,0.0,0.0,0.0,0.0,0.0,0.0,0.0,0.0,0.0,0.0,0.0,0.0,0.0,0.0,3.5113846734166145
88,0.11946157738566399,0.1205148734152317,0.11996155604720116,0.11903836205601692,0.11881493031978607,0.11879284679889679,0.1189415268599987,0.1193758137524128,0.11832396686077118,0.11861492693424225,0.11818253248929977,0.11777190864086151,0.1187858022749424,0.11771185323596,0.11791818961501122,0.11730579659342766,0.11677210405468941,0.11680011823773384,0.11671534180641174,0.116495531052351,0.11633144319057465,0.11586105823516846,0.1033705472946167,0.10431374609470367,0.10290399193763733,0.10376637801527977,0.10232384502887726,0.10251608118414879,0.10210386663675308,0.1022603027522564,0.0,0.0,0.0,0.0,0.0,0.0,0.0,0.0,0.0,0.0,0.0,0.0,0.0,0.0,0.0,0.0,0.0,0.0,0.0,0.0,3.422050818800926
89,0.11965862661600113,0.1191737912595272,0.11922234669327736,0.11615938320755959,0.11847700923681259,0.11903004348278046,0.11843552067875862,0.11829569190740585,0.1059507243335247,0.11778799816966057,0.11803730577230453,0.11803476139903069,0.11739949882030487,0.11717808246612549,0.11805123090744019,0.11770016700029373,0.11674685031175613,0.11649292707443237,0.11657318845391273,0.11611658334732056,0.1159530058503151,0.11576762050390244,0.11572235822677612,0.10477881133556366,0.10282609239220619,0.10415613651275635,0.10353007167577744,0.10300957038998604,0.10253160446882248,0.10231801122426987,0.0003304295241832733,0.0,0.0,0.0,0.0,0.0,0.0,0.0,0.0,0.0,0.0,0.0,0.0,0.0,0.0,0.0,0.0,0.0,0.0,0.0,3.4154454432427883
90,0.11923207715153694,0.11925478652119637,0.11885514855384827,0.11898542195558548,0.11915260925889015,0.10624475032091141,0.11617899313569069,0.1180567815899849,0.10593971982598305,0.10564367845654488,0.11027940362691879,0.10943129286170006,0.10516537353396416,0.1047401949763298,0.11625463888049126,0.10747954621911049,0.10777590796351433,0.10424741730093956,0.1162836030125618,0.10380852594971657,0.10371029376983643,0.11565239727497101,0.10315587371587753,0.10299293324351311,0.10273825377225876,0.10414731875061989,0.10378239303827286,0.10353369265794754,0.10293157771229744,0.10251005366444588,0.10221931710839272,0.0,0.0,0.0,0.0,0.0,0.0,0.0,0.0,0.0,0.0,0.0,0.0,0.0,0.0,0.0,0.0,0.0,0.0,0.0,3.380383975803852
91,0.3002795949578285,0.11909500136971474,0.11874713003635406,0.10670872032642365,0.11918759346008301,0.10627137497067451,0.11849361658096313,0.10605274513363838,0.11636551842093468,0.1057063564658165,0.10566147789359093,0.10533225908875465,0.1052507795393467,0.10958007350564003,0.10491209849715233,0.10461172088980675,0.1170833520591259,0.11630131676793098,0.1042327731847763,0.11611941456794739,0.10534944385290146,0.10618055984377861,0.10334260389208794,0.10528548434376717,0.10300552845001221,0.1027999296784401,0.10232888907194138,0.10219681262969971,0.10210008546710014,0.10287858545780182,0.00046003609895706177,0.0,0.0,0.0,0.0,0.0,0.0,0.0,0.0,0.0,0.0,0.0,0.0,0.0,0.0,0.0,0.0,0.0,0.0,0.0,3.4419208765029907
92,0.30259860306978226,0.10678582265973091,0.10648747533559799,0.10642196983098984,0.10653208196163177,0.10606736689805984,0.11883954703807831,0.11881615221500397,0.11847876012325287,0.11775514855980873,0.11797119304537773,0.11775251105427742,0.11844068393111229,0.11811000853776932,0.11711229756474495,0.11674613505601883,0.10806681960821152,0.10738332197070122,0.10726692155003548,0.10690057650208473,0.10399196669459343,0.1061767004430294,0.103583924472332,0.10300873965024948,0.1048225462436676,0.10472777485847473,0.10442832857370377,0.10251082479953766,0.10219576954841614,0.10192442685365677,0.10228828713297844,0.101985614746809,0.0,0.0,0.0,0.0,0.0,0.0,0.0,0.0,0.0,0.0,0.0,0.0,0.0,0.0,0.0,0.0,0.0,0.0,3.6861783005297184
93,0.29967325553297997,0.1178993321955204,0.11919062957167625,0.10659414902329445,0.11898430436849594,0.11853818222880363,0.10612422227859497,0.11903895065188408,0.11756724864244461,0.11772093921899796,0.11844820901751518,0.10521608963608742,0.10499509051442146,0.10493063926696777,0.10484369471669197,0.10464847087860107,0.11773209646344185,0.11661162599921227,0.10729808732867241,0.10674671456217766,0.11670541018247604,0.10620896890759468,0.10547586157917976,0.10479386523365974,0.10482406616210938,0.10454098507761955,0.10405843704938889,0.10377723351120949,0.1035568155348301,0.10317815095186234,0.10292864218354225,0.10218910872936249,0.10213004425168037,0.0003341585397720337,0.0,0.0,0.0,0.0,0.0,0.0,0.0,0.0,0.0,0.0,0.0,0.0,0.0,0.0,0.0,0.0,3.7975036799907684
94,0.2995438501238823,0.11919334158301353,0.11961016431450844,0.11858166009187698,0.11899936944246292,0.11855211108922958,0.11825302615761757,0.10592148825526237,0.10586787015199661,0.10572588071227074,0.10552475228905678,0.10534441098570824,0.10516665130853653,0.10590244457125664,0.10500948876142502,0.10485823079943657,0.10857867076992989,0.10807213932275772,0.10772384330630302,0.10736268758773804,0.1068500205874443,0.10371013358235359,0.10597313567996025,0.10570916160941124,0.10540265589952469,0.10513095185160637,0.10489128902554512,0.10280361399054527,0.10401163622736931,0.10228811204433441,0.10277597233653069,0.10253207385540009,0.10228027030825615,0.0003328658640384674,0.0,0.0,0.0,0.0,0.0,0.0,0.0,0.0,0.0,0.0,0.0,0.0,0.0,0.0,0.0,0.0,3.7484839744865894
95,0.29797975718975067,0.1070924922823906,0.10676262527704239,0.10668027773499489,0.10643454268574715,0.11871475353837013,0.10613372921943665,0.10626903176307678,0.11762161180377007,0.11777647584676743,0.10545102506875992,0.10537846386432648,0.10541505366563797,0.10501031577587128,0.10497665032744408,0.10480732098221779,0.10477063059806824,0.10429735481739044,0.10402446985244751,0.10371962189674377,0.10576080903410912,0.10608955100178719,0.10558512806892395,0.10513965785503387,0.10285720974206924,0.10262395814061165,0.1041077971458435,0.10345564410090446,0.10303449258208275,0.10207425430417061,0.10209696367383003,0.0003535039722919464,0.0,0.0,0.0,0.0,0.0,0.0,0.0,0.0,0.0,0.0,0.0,0.0,0.0,0.0,0.0,0.0,0.0,0.0,3.4824951738119125
96,0.1191353127360344,0.11895137280225754,0.10654344037175179,0.11887272447347641,0.11892323940992355,0.11930549889802933,0.1183488704264164,0.11839853227138519,0.11791625991463661,0.11764972656965256,0.11028449609875679,0.11747106164693832,0.12633078545331955,0.1054316945374012,0.10872699692845345,0.11729173734784126,0.10819466784596443,0.1170855462551117,0.11674686893820763,0.11721630394458771,0.11681320890784264,0.10315961018204689,0.11607689782977104,0.10340796038508415,0.10305696353316307,0.11504305526614189,0.10262815281748772,0.10254457220435143,0.10217302665114403,0.00036041438579559326,0.0,0.0,0.0,0.0,0.0,0.0,0.0,0.0,0.0,0.0,0.0,0.0,0.0,0.0,0.0,0.0,0.0,0.0,0.0,0.0,3.2840889990329742
97,0.10708337277173996,0.11917466670274734,0.11858221143484116,0.10642687976360321,0.10619639977812767,0.10596460476517677,0.11849776655435562,0.10581225156784058,0.11784162372350693,0.11802157387137413,0.11746533587574959,0.11738504096865654,0.11810576170682907,0.11801814287900925,0.11708297207951546,0.11752426251769066,0.1166287250816822,0.11724107712507248,0.10748755931854248,0.10704979673027992,0.11604046076536179,0.1061069555580616,0.10339077189564705,0.10539478808641434,0.10492657870054245,0.10470300912857056,0.10440481454133987,0.11488102748990059,0.10247323289513588,0.10209984332323074,0.1019340269267559,0.10240345820784569,0.10203585028648376,0.0003470964729785919,0.0,0.0,0.0,0.0,0.0,0.0,0.0,0.0,0.0,0.0,0.0,0.0,0.0,0.0,0.0,0.0,3.64873193949461
98,0.11925070360302925,0.11959902942180634,0.11885412782430649,0.11942863091826439,0.11820013448596,0.11831996589899063,0.10600985214114189,0.1058271937072277,0.1181873008608818,0.11803380399942398,0.11778197064995766,0.11800836771726608,0.10938021540641785,0.1170220635831356,0.11727922037243843,0.11667794734239578,0.11621158942580223,0.11643275991082191,0.11587729677557945,0.11590859293937683,0.10339636355638504,0.11540630087256432,0.11520441994071007,0.10282975807785988,0.1026175208389759,0.11456657946109772,0.10221067070960999,0.10199654474854469,0.10213300585746765,0.00031505152583122253,0.0,0.0,0.0,0.0,0.0,0.0,0.0,0.0,0.0,0.0,0.0,0.0,0.0,0.0,0.0,0.0,0.0,0.0,0.0,0.0,3.282966982573271
99,0.11919213086366653,0.11927805840969086,0.11898702755570412,0.11903103813529015,0.11866958811879158,0.11924390494823456,0.11876323819160461,0.11826364323496819,0.11803151294589043,0.11866594105958939,0.1181132011115551,0.1175328902900219,0.11743221431970596,0.11742179468274117,0.11713112890720367,0.11700403690338135,0.11627553403377533,0.11665467917919159,0.1170945018529892,0.11623108014464378,0.10369647666811943,0.11542511358857155,0.1156667098402977,0.1050003245472908,0.10438242182135582,0.10391157492995262,0.10359552130103111,0.10309204831719398,0.10251495987176895,0.1022530123591423,0.00032709911465644836,0.0,0.0,0.0,0.0,0.0,0.0,0.0,0.0,0.0,0.0,0.0,0.0,0.0,0.0,0.0,0.0,0.0,0.0,0.0,3.41888240724802
100,0.11958137527108192,0.11909258365631104,0.1187647357583046,0.11914093792438507,0.11930814757943153,0.118610680103302,0.11920414865016937,0.11825257539749146,0.11871157586574554,0.11865917965769768,0.11770887300372124,0.11783729493618011,0.11829592660069466,0.11812304705381393,0.10899803414940834,0.11670563369989395,0.11710411310195923,0.10769023001194,0.12017425522208214,0.10703105852007866,0.11626796796917915,0.10579399019479752,0.10329677537083626,0.11593450978398323,0.10480352863669395,0.10417663678526878,0.10391231998801231,0.10362822189927101,0.10337726026773453,0.1031065545976162,0.10283822566270828,0.10257283225655556,0.0007037743926048279,0.10218458250164986,0.0,0.0,0.0,0.0,0.0,0.0,0.0,0.0,0.0,0.0,0.0,0.0,0.0,0.0,0.0,0.0,3.711591586470604

total time per move x,24.96706886589527,11.85692472755909,11.798339061439037,11.813361681997776,11.806541696190834,11.695382129400969,11.71041802316904,11.72614135965705,11.697258248925209,11.705739334225655,11.552509054541588,11.447116013616323,11.539868663996458,11.395980317145586,11.404449291527271,11.315109368413687,11.313044715672731,11.237251862883568,11.168029639869928,11.0372006110847,11.046185154467821,10.910370457917452,10.916404101997614,10.866405092179775,10.765583030879498,10.665973257273436,10.63112036883831,10.509726483374834,10.088991444557905,9.186332706362009,6.426717404276133,4.263066731393337,2.7659903466701508,0.8559599705040455,0.3196587562561035,0.0018938332796096802,0.000266246497631073,0,0,0,0,0,0,0,0,0,0,0,0,0,364.40838005393744
average time per move x,0.2496706886589527,0.1185692472755909,0.11798339061439038,0.11813361681997776,0.11806541696190834,0.11695382129400969,0.1171041802316904,0.1172614135965705,0.11697258248925209,0.11705739334225655,0.11552509054541588,0.11562743448097297,0.11656432993935817,0.11511091229439986,0.11519645749017446,0.11429403402438068,0.1142731789461892,0.1135075945745815,0.11280838020070634,0.1114868748594414,0.11157762782290728,0.11020576220118639,0.110266708100986,0.1097616675977755,0.10874326293817674,0.10883646180891261,0.10848082009018684,0.1072421069732126,0.10401022107791655,0.09669823901433694,0.07934219017624855,0.06988633985890717,0.06746317918707685,0.03292153732707867,0.05327645937601725,0.00047345831990242004,0.000266246497631073,nan,nan,nan,nan,nan,nan,nan,nan,nan,nan,nan,nan,nan,3.6440838005393745
std of time per move x,0.14893865189628444,0.004925565613977124,0.004452576578257651,0.0077155628755916274,0.004665870882892186,0.005077454426492835,0.005385314319571185,0.004826027932373393,0.004623496093808357,0.0055257908417769355,0.012178265183484157,0.0047855670704251285,0.0055925727926037045,0.0046375164491669315,0.004691943294069158,0.005643330190652247,0.005603643006799142,0.005855242143304623,0.005563718804556225,0.0055463374203127734,0.005541460289032279,0.005558819185757564,0.005387292190373888,0.0056100118374040235,0.012344837111212035,0.005687496993410373,0.005433507431225859,0.012327164191025267,0.019220406813574016,0.03365939204073125,0.045687342715746745,0.05086119366514274,0.05171666718429402,0.04979348799933023,0.05793735669087155,0.0003299439641213562,nan,nan,nan,nan,nan,nan,nan,nan,nan,nan,nan,nan,nan,nan,0.3640326899219545
err of average time,0.014893865189628444,0.0004925565613977124,0.00044525765782576506,0.0007715562875591627,0.0004665870882892186,0.0005077454426492835,0.0005385314319571185,0.0004826027932373393,0.00046234960938083575,0.0005525790841776936,0.0012178265183484158,0.0004809675873236499,0.0005620747141156537,0.00046608794002993915,0.00047155804375913777,0.0005671760245599487,0.0005631873125045972,0.0005884739771520545,0.0005591747792047783,0.0005574278843601564,0.0005569377142234683,0.0005586823489874775,0.0005414432373176387,0.0005638274040642858,0.0012407028119983388,0.0005745239560026536,0.0005488671357496148,0.0012452316274677068,0.001951536635047046,0.00345338075781376,0.00507637141286075,0.006512108546547651,0.008076786466512222,0.009765306421478192,0.023652826823043368,0.0001649719820606781,nan,nan,nan,nan,nan,nan,nan,nan,nan,nan,nan,nan,nan,nan,0.036403268992195446
