Contains move time for player Edax5; opponent is MCTSMaxIter5
Colums refer to move number, rows to game number
game,1,2,3,4,5,6,7,8,9,10,11,12,13,14,15,16,17,18,19,20,21,22,23,24,25,26,27,28,29,30,31,32,33,34,35,36,37,38,39,40,41,42,43,44,45,46,47,48,49,50,total
1,0.4108820706605911,0.11979172192513943,0.11990328785032034,0.12000082340091467,0.12105951178818941,0.1223719622939825,0.12290399521589279,0.12287050299346447,0.12280575465410948,0.12168789096176624,0.12046079896390438,0.12103496864438057,0.12084289360791445,0.12198725715279579,0.11936795432120562,0.12011294160038233,0.12125027272850275,0.11140730045735836,0.11164119094610214,0.110172089189291,0.10852685570716858,0.1188047043979168,0.11654715426266193,0.10686955880373716,0.11686970572918653,0.10394043289124966,0.11115331947803497,0.10648236889392138,0.10567924380302429,0.10420908685773611,0.10293206293135881,0.10240278579294682,0.10212876461446285,0.0003338633105158806,0.0,0.0,0.0,0.0,0.0,0.0,0.0,0.0,0.0,0.0,0.0,0.0,0.0,0.0,0.0,0.0,4.08943509683013
2,0.11881462205201387,0.11883635446429253,0.11943789198994637,0.11937484703958035,0.1191327627748251,0.11877574305981398,0.11922828108072281,0.11938382871448994,0.11957486253231764,0.11929249856621027,0.11913727223873138,0.11091507785022259,0.11866987589746714,0.11036200076341629,0.11053304187953472,0.10930211190134287,0.117529665119946,0.1078588543459773,0.116936219856143,0.10633665323257446,0.11733916867524385,0.10697982739657164,0.10666130483150482,0.10634505935013294,0.10597675200551748,0.1054372787475586,0.10517219547182322,0.10298369452357292,0.10686419811099768,0.10578868258744478,0.10404183343052864,0.10282694548368454,0.10252707172185183,0.0005230363458395004,0.00025137048214673996,0.0,0.0,0.0,0.0,0.0,0.0,0.0,0.0,0.0,0.0,0.0,0.0,0.0,0.0,0.0,3.6991508845239878

total time per move x,0.529696692712605,0.23862807638943195,0.2393411798402667,0.23937567044049501,0.2401922745630145,0.24114770535379648,0.2421322762966156,0.2422543317079544,0.24238061718642712,0.2409803895279765,0.23959807120263577,0.23195004649460316,0.23951276950538158,0.23234925791621208,0.22990099620074034,0.2294150535017252,0.23877993784844875,0.21926615480333567,0.22857741080224514,0.21650874242186546,0.22586602438241243,0.22578453179448843,0.22320845909416676,0.2132146181538701,0.22284645773470402,0.20937771163880825,0.2163255149498582,0.2094660634174943,0.21254344191402197,0.2099977694451809,0.20697389636188745,0.20522973127663136,0.20465583633631468,0.000856899656355381,0.00025137048214673996,0,0,0,0,0,0,0,0,0,0,0,0,0,0,0,7.788585981354117
average time per move x,0.2648483463563025,0.11931403819471598,0.11967058992013335,0.11968783522024751,0.12009613728150725,0.12057385267689824,0.1210661381483078,0.1211271658539772,0.12119030859321356,0.12049019476398826,0.11979903560131788,0.11597502324730158,0.11975638475269079,0.11617462895810604,0.11495049810037017,0.1147075267508626,0.11938996892422438,0.10963307740166783,0.11428870540112257,0.10825437121093273,0.11293301219120622,0.11289226589724422,0.11160422954708338,0.10660730907693505,0.11142322886735201,0.10468885581940413,0.1081627574749291,0.10473303170874715,0.10627172095701098,0.10499888472259045,0.10348694818094373,0.10261486563831568,0.10232791816815734,0.0004284498281776905,0.00025137048214673996,nan,nan,nan,nan,nan,nan,nan,nan,nan,nan,nan,nan,nan,nan,nan,3.8942929906770587
std of time per move x,0.20652287347497847,0.0006755468100898171,0.00032908456880658457,0.00044263212996198094,0.001362417292994397,0.00254291100711406,0.002599122390681941,0.0024654510264516087,0.0022845857286012024,0.0016937982065003173,0.0009358747224514499,0.007155843405416425,0.0015365555586957596,0.008220297625962485,0.006247226498694887,0.007644410990443724,0.00263086687014474,0.0025091303080325782,0.0037441508488687022,0.002712062773800977,0.006231246257664179,0.008361450714348009,0.006990351170560368,0.0003708771203721839,0.0077024814451576405,0.0010584298553870338,0.004229293343909984,0.0024739363724369657,0.000837889226564193,0.0011169428520103144,0.0007847262455237641,0.00029992619362663366,0.0002816456566295414,0.00013376553609497388,nan,nan,nan,nan,nan,nan,nan,nan,nan,nan,nan,nan,nan,nan,nan,nan,0.2759726131117231
err of average time,0.14603372430428863,0.00047768373042345047,0.00023269793018698692,0.0003129881806671619,0.0009633745066821575,0.0017981096170842645,0.0018378570675849915,0.0017433371394872665,0.0016154460608959196,0.0011976961977779865,0.0006617633625864982,0.005059945397078991,0.0010865088552236557,0.005812628194689751,0.0044174562208354464,0.00540541484951973,0.0018603038042783737,0.0017742230556905267,0.0026475144550204273,0.0019177179783582685,0.004406156484037638,0.005912438500672579,0.004942924715578556,0.00026224972680211067,0.005446476861834526,0.0007484229281544684,0.002990562003105879,0.0017493371851742265,0.0005924771539866923,0.0007897978648543357,0.0005548852495849131,0.00021207984536886212,0.00019915355369448662,9.458651766180991e-05,nan,nan,nan,nan,nan,nan,nan,nan,nan,nan,nan,nan,nan,nan,nan,nan,0.19514210615307093
