Contains move time for player Edax4; opponent is MCTSRemMaxIter0
Colums refer to move number, rows to game number
game,1,2,3,4,5,6,7,8,9,10,11,12,13,14,15,16,17,18,19,20,21,22,23,24,25,26,27,28,29,30,31,32,33,34,35,36,37,38,39,40,41,42,43,44,45,46,47,48,49,50,total
1,0.41039061453193426,0.10664126835763454,0.10643772222101688,0.10668100323528051,0.10671970527619123,0.10598840937018394,0.10609489772468805,0.10649154894053936,0.10616648104041815,0.1065897224470973,0.10664191842079163,0.1056333314627409,0.10598000697791576,0.10679018497467041,0.10614335909485817,0.10569319780915976,0.10610606148838997,0.10480510164052248,0.10414250753819942,0.1038138521835208,0.1051027961075306,0.10661715921014547,0.10635375883430243,0.10604438371956348,0.10640344861894846,0.10536179132759571,0.10495803412050009,0.10466938465833664,0.10438350960612297,0.10412283893674612,0.10641978867352009,0.10432970710098743,0.10289397370070219,0.10263337381184101,0.10240516159683466,0.00034421682357788086,0.0,0.0,0.0,0.0,0.0,0.0,0.0,0.0,0.0,0.0,0.0,0.0,0.0,0.0,3.9969942215830088
2,0.11874229647219181,0.11864104215055704,0.1063471669331193,0.1182147953659296,0.11899656988680363,0.10680944379419088,0.11921066790819168,0.10711418651044369,0.11959023121744394,0.10870183166116476,0.12092290911823511,0.10729344561696053,0.10855802614241838,0.11948346067219973,0.1189594529569149,0.10490600857883692,0.10592448897659779,0.10534267872571945,0.11688778270035982,0.10406686551868916,0.10633475985378027,0.10706785786896944,0.11628283653408289,0.10348946135491133,0.10299722570925951,0.10270840302109718,0.10420377552509308,0.1044987142086029,0.10322252754122019,0.1020382633432746,0.10206598602235317,0.0003919703885912895,0.0,0.0,0.0,0.0,0.0,0.0,0.0,0.0,0.0,0.0,0.0,0.0,0.0,0.0,0.0,0.0,0.0,0.0,3.410015132278204

total time per move x,0.5291329110041261,0.22528231050819159,0.21278488915413618,0.22489579860121012,0.22571627516299486,0.21279785316437483,0.22530556563287973,0.21360573545098305,0.2257567122578621,0.21529155410826206,0.22756482753902674,0.21292677707970142,0.21453803312033415,0.22627364564687014,0.22510281205177307,0.21059920638799667,0.21203055046498775,0.21014778036624193,0.22103029023855925,0.20788071770220995,0.21143755596131086,0.21368501707911491,0.22263659536838531,0.2095338450744748,0.20940067432820797,0.2080701943486929,0.20916180964559317,0.20916809886693954,0.20760603714734316,0.2061611022800207,0.20848577469587326,0.10472167748957872,0.10289397370070219,0.10263337381184101,0.10240516159683466,0.00034421682357788086,0,0,0,0,0,0,0,0,0,0,0,0,0,0,7.407009353861213
average time per move x,0.26456645550206304,0.11264115525409579,0.10639244457706809,0.11244789930060506,0.11285813758149743,0.10639892658218741,0.11265278281643987,0.10680286772549152,0.11287835612893105,0.10764577705413103,0.11378241376951337,0.10646338853985071,0.10726901656016707,0.11313682282343507,0.11255140602588654,0.10529960319399834,0.10601527523249388,0.10507389018312097,0.11051514511927962,0.10394035885110497,0.10571877798065543,0.10684250853955746,0.11131829768419266,0.1047669225372374,0.10470033716410398,0.10403509717434645,0.10458090482279658,0.10458404943346977,0.10380301857367158,0.10308055114001036,0.10424288734793663,0.05236083874478936,0.10289397370070219,0.10263337381184101,0.10240516159683466,0.00034421682357788086,nan,nan,nan,nan,nan,nan,nan,nan,nan,nan,nan,nan,nan,nan,3.7035046769306064
std of time per move x,0.20622650342169493,0.008485121421680116,6.403225814468374e-05,0.008155622628378009,0.008681054217873166,0.0005805590088028977,0.009274250037239744,0.0004402712479008629,0.009492024779129058,0.0014934867478736897,0.01009818536422429,0.0011738779759924685,0.0018229348332486808,0.008975501321193383,0.009062346878183605,0.0005566268428382977,0.00012839115436532692,0.00038012440235327724,0.00901227049525209,0.00017890744502817332,0.0008711299191491289,0.0003186920779261093,0.007020918172442893,0.0018066029294507091,0.0024085633176740293,0.0018762288646461981,0.0005333413675805366,0.00012068223235488119,0.0008209382909287179,0.0014740175380396885,0.003078603378588095,0.07349507845051728,nan,nan,nan,nan,nan,nan,nan,nan,nan,nan,nan,nan,nan,nan,nan,nan,nan,nan,0.41505689446213156
err of average time,0.14582415902987123,0.005999886896461248,4.527764394879341e-05,0.005766896065324544,0.006138432305306196,0.00041051721200346947,0.006557885091751813,0.0003113187849521637,0.0067118750885128975,0.0010560546070337296,0.007140495348721742,0.0008300570771098137,0.0012890095822513103,0.006346637848764657,0.006408046931028366,0.0003935946151614189,9.078625589609146e-05,0.00026878854259848595,0.006372637581080197,0.00012650666758418083,0.0006159818731248379,0.0002253493294119835,0.004964538849890232,0.0012774611823260782,0.0017031114548444746,0.0013266941532492635,0.0003771292977035045,8.533522486686705e-05,0.0005804910324513911,0.0010422877967357635,0.002176901325583458,0.051968868356198065,nan,nan,nan,nan,nan,nan,nan,nan,nan,nan,nan,nan,nan,nan,nan,nan,nan,nan,0.2934895446524024
