Contains move time for player Edax3; opponent is MCTSMaxIter4
Colums refer to move number, rows to game number
game,1,2,3,4,5,6,7,8,9,10,11,12,13,14,15,16,17,18,19,20,21,22,23,24,25,26,27,28,29,30,31,32,33,34,35,36,37,38,39,40,41,42,43,44,45,46,47,48,49,50,total
1,0.4144611703231931,0.11884579621255398,0.11935887858271599,0.11879797838628292,0.11872231494635344,0.11874931305646896,0.11857166700065136,0.11779445689171553,0.11786856409162283,0.11776529904454947,0.1182552007958293,0.10515675414353609,0.11702979635447264,0.11776223685592413,0.10889725387096405,0.11687434837222099,0.10864482540637255,0.10794565360993147,0.10771985817700624,0.10746660735458136,0.10722019802778959,0.10695335827767849,0.10665696207433939,0.10625969059765339,0.11523823533207178,0.1032556714490056,0.10500162933021784,0.10483911726623774,0.10460788011550903,0.10394158773124218,0.10369936842471361,0.10363579075783491,0.10321882087737322,0.10316639393568039,0.0010725930333137512,0.0,0.0,0.0,0.0,0.0,0.0,0.0,0.0,0.0,0.0,0.0,0.0,0.0,0.0,0.0,4.075455270707607
2,0.11883841641247272,0.10679944977164268,0.11940222326666117,0.11847698595374823,0.1181688392534852,0.11840234510600567,0.11835951451212168,0.11879390478134155,0.11807622760534286,0.11832346487790346,0.11790866404771805,0.1174438027665019,0.11774725932627916,0.11746857315301895,0.11791002098470926,0.10854238923639059,0.11705487966537476,0.11646329332143068,0.11650873813778162,0.11675973515957594,0.1157609298825264,0.1155980946496129,0.10549093782901764,0.10483569372445345,0.10457220021635294,0.10416625812649727,0.10379184875637293,0.10417043138295412,0.10280306730419397,0.10257946886122227,0.0003283163532614708,0.0,0.0,0.0,0.0,0.0,0.0,0.0,0.0,0.0,0.0,0.0,0.0,0.0,0.0,0.0,0.0,0.0,0.0,0.0,3.4015459744259715

total time per move x,0.5332995867356658,0.22564524598419666,0.23876110184937716,0.23727496434003115,0.23689115419983864,0.23715165816247463,0.23693118151277304,0.23658836167305708,0.2359447916969657,0.23608876392245293,0.23616386484354734,0.222600556910038,0.2347770556807518,0.23523081000894308,0.2268072748556733,0.22541673760861158,0.2256997050717473,0.22440894693136215,0.22422859631478786,0.2242263425141573,0.222981127910316,0.2225514529272914,0.21214789990335703,0.21109538432210684,0.21981043554842472,0.20742192957550287,0.20879347808659077,0.20900954864919186,0.207410947419703,0.20652105659246445,0.10402768477797508,0.10363579075783491,0.10321882087737322,0.10316639393568039,0.0010725930333137512,0,0,0,0,0,0,0,0,0,0,0,0,0,0,0,7.477001245133579
average time per move x,0.2666497933678329,0.11282262299209833,0.11938055092468858,0.11863748217001557,0.11844557709991932,0.11857582908123732,0.11846559075638652,0.11829418083652854,0.11797239584848285,0.11804438196122646,0.11808193242177367,0.111300278455019,0.1173885278403759,0.11761540500447154,0.11340363742783666,0.11270836880430579,0.11284985253587365,0.11220447346568108,0.11211429815739393,0.11211317125707865,0.111490563955158,0.1112757264636457,0.10607394995167851,0.10554769216105342,0.10990521777421236,0.10371096478775144,0.10439673904329538,0.10450477432459593,0.1037054737098515,0.10326052829623222,0.05201384238898754,0.10363579075783491,0.10321882087737322,0.10316639393568039,0.0010725930333137512,nan,nan,nan,nan,nan,nan,nan,nan,nan,nan,nan,nan,nan,nan,nan,3.7385006225667894
std of time per move x,0.2090368539633123,0.008518053256890807,3.064931994602374e-05,0.00022697592575484797,0.0003913664156490502,0.000245343390626994,0.0001500144632849395,0.0007067163801971472,0.0001468402787564628,0.0003946828457912512,0.000245038484519798,0.008688255402067958,0.0005073229326146474,0.00020765159571260305,0.006372988743384348,0.005891584805514884,0.005946806396687267,0.0060228807997049225,0.0062146766192988255,0.006571233689344925,0.006039209410780354,0.006112751710164816,0.0008245036508949363,0.0010069178454281177,0.007542025758698635,0.000643882014512484,0.0008554440475134884,0.0004728323225535605,0.0012761953776532357,0.0009631634897732378,0.07309437189811152,nan,nan,nan,nan,nan,nan,nan,nan,nan,nan,nan,nan,nan,nan,nan,nan,nan,nan,nan,0.4765258333053988
err of average time,0.14781137695536015,0.006023173220455646,2.1672341972589493e-05,0.00016049621626734734,0.0002767378464341163,0.0001734839752316475,0.00010607624426484108,0.0004997239448130131,0.00010383175686001776,0.00027908291667699814,0.00017326837405562398,0.006143524311482906,0.0003587314859032631,0.00014683185145258904,0.004506383556872606,0.004165979567915201,0.004205027129501104,0.004258819855749607,0.004394439980387687,0.004646563902497291,0.0042703659273684025,0.004322368185967207,0.0005830121226608753,0.0007119984365999699,0.005333017557859421,0.00045529333874583244,0.0006048902869224547,0.00033434294164180756,0.0009024064056575298,0.0006810594350099563,0.05168552603572607,nan,nan,nan,nan,nan,nan,nan,nan,nan,nan,nan,nan,nan,nan,nan,nan,nan,nan,nan,0.3369546481408178
