Contains move time for player StaticBoard2; opponent is Edax2
Colums refer to move number, rows to game number
game,1,2,3,4,5,6,7,8,9,10,11,12,13,14,15,16,17,18,19,20,21,22,23,24,25,26,27,28,29,30,31,32,33,34,35,36,37,38,39,40,41,42,43,44,45,46,47,48,49,50,total
1,0.042631110176444054,0.03292966354638338,0.058080099523067474,0.07276408653706312,0.07149404566735029,0.0769100384786725,0.06534276064485312,0.07798581384122372,0.055204616859555244,0.06049542501568794,0.06995262484997511,0.061436852440238,0.07130896113812923,0.057036424055695534,0.05395832099020481,0.03099331632256508,0.018093259073793888,0.03273341339081526,0.02100849710404873,0.004415602423250675,0.014756244607269764,0.017382401041686535,0.011638243682682514,0.01033301092684269,0.005904422141611576,0.00513264536857605,0.004109838046133518,0.0030701542273163795,0.0031072180718183517,0.0013555269688367844,0.0,0.0,0.0,0.0,0.0,0.0,0.0,0.0,0.0,0.0,0.0,0.0,0.0,0.0,0.0,0.0,0.0,0.0,0.0,0.0,1.1115646371617913
2,0.051897197030484676,0.05839272029697895,0.05748041532933712,0.06423350237309933,0.07701368071138859,0.07480080146342516,0.08565194252878428,0.08475570660084486,0.0645160274580121,0.09277688805013895,0.07680947706103325,0.0688552288338542,0.04339900612831116,0.0584073681384325,0.06518949195742607,0.06805355101823807,0.05030167568475008,0.0558552211150527,0.04355522431433201,0.037319703958928585,0.03409295063465834,0.04226438608020544,0.029403368942439556,0.014050265774130821,0.00608742143958807,0.0075960224494338036,0.006376728415489197,0.0014127735048532486,0.004051147028803825,0.0007984871044754982,0.0005765669047832489,0.000407160259783268,0.0,0.0,0.0,0.0,0.0,0.0,0.0,0.0,0.0,0.0,0.0,0.0,0.0,0.0,0.0,0.0,0.0,0.0,1.426382108591497

total time per move x,0.09452830720692873,0.09132238384336233,0.1155605148524046,0.13699758891016245,0.14850772637873888,0.15171083994209766,0.1509947031736374,0.16274152044206858,0.11972064431756735,0.1532723130658269,0.14676210191100836,0.1302920812740922,0.11470796726644039,0.11544379219412804,0.11914781294763088,0.09904686734080315,0.06839493475854397,0.08858863450586796,0.06456372141838074,0.04173530638217926,0.0488491952419281,0.059646787121891975,0.04104161262512207,0.02438327670097351,0.011991843581199646,0.012728667818009853,0.010486566461622715,0.004482927732169628,0.007158365100622177,0.0021540140733122826,0.0005765669047832489,0.000407160259783268,0,0,0,0,0,0,0,0,0,0,0,0,0,0,0,0,0,0,2.5379467457532883
average time per move x,0.047264153603464365,0.045661191921681166,0.0577802574262023,0.06849879445508122,0.07425386318936944,0.07585541997104883,0.0754973515868187,0.08137076022103429,0.059860322158783674,0.07663615653291345,0.07338105095550418,0.0651460406370461,0.057353983633220196,0.05772189609706402,0.05957390647381544,0.04952343367040157,0.034197467379271984,0.04429431725293398,0.03228186070919037,0.02086765319108963,0.02442459762096405,0.029823393560945988,0.020520806312561035,0.012191638350486755,0.005995921790599823,0.006364333909004927,0.0052432832308113575,0.002241463866084814,0.0035791825503110886,0.0010770070366561413,0.0005765669047832489,0.000407160259783268,nan,nan,nan,nan,nan,nan,nan,nan,nan,nan,nan,nan,nan,nan,nan,nan,nan,nan,1.2689733728766441
std of time per move x,0.006552112849555647,0.018005100098084023,0.0004240407599571208,0.0060320339098213745,0.0039029713693143867,0.001491455796611071,0.014360760230478706,0.0047870370782338205,0.006584161576581134,0.02282644141828317,0.004848526696033183,0.005245584253320219,0.019735318450053815,0.000969403857530882,0.00794163715158763,0.026205543265675337,0.022774789796888562,0.01634958703509979,0.015942943703954555,0.02326671332472854,0.013673115957777246,0.017594220350118938,0.012561840539802631,0.002628496109916002,0.00012940004455155643,0.00174187063849404,0.0016029335523778778,0.0011719451478615392,0.0006674585664427733,0.0003938866654811001,nan,nan,nan,nan,nan,nan,nan,nan,nan,nan,nan,nan,nan,nan,nan,nan,nan,nan,nan,nan,0.22260956888394703
err of average time,0.0046330434270203105,0.012731528375297783,0.00029984209686517715,0.004265292081981897,0.0027598175220191474,0.0010546185076236725,0.01015459094196558,0.0033849463798105717,0.00465570529922843,0.016140731517225504,0.00342842610552907,0.0037091881968080993,0.013954977504909037,0.0006854720413684844,0.00561558548361063,0.018530117347836494,0.016104208305478096,0.011560903862118721,0.011273363605141638,0.01645205076783895,0.009668353013694286,0.012440992519259453,0.008882562629878521,0.0018586274236440659,9.14996489882469e-05,0.0012316885404288769,0.0011334451846778393,0.0008286903612315654,0.00047196447849273676,0.0002785199321806431,nan,nan,nan,nan,nan,nan,nan,nan,nan,nan,nan,nan,nan,nan,nan,nan,nan,nan,nan,nan,0.1574087357148528
