Contains move time for player Edax2; opponent is DynamicBoard4
Colums refer to move number, rows to game number
game,1,2,3,4,5,6,7,8,9,10,11,12,13,14,15,16,17,18,19,20,21,22,23,24,25,26,27,28,29,30,31,32,33,34,35,36,37,38,39,40,41,42,43,44,45,46,47,48,49,50,total
1,0.4052472738549113,0.10820714198052883,0.1078264256939292,0.10614874493330717,0.10601079650223255,0.1058620372787118,0.10577388294041157,0.11805941257625818,0.10575676802545786,0.10553038492798805,0.10528661124408245,0.10526433400809765,0.10502864606678486,0.10473223030567169,0.10562285035848618,0.11758983694016933,0.10527815390378237,0.11686176341027021,0.10465841926634312,0.10441278200596571,0.10400028713047504,0.10378678794950247,0.10398059897124767,0.10345757845789194,0.10383225604891777,0.10452808905392885,0.10362887475639582,0.1033075824379921,0.10293875075876713,0.10273675713688135,0.0005250200629234314,0.0,0.0,0.0,0.0,0.0,0.0,0.0,0.0,0.0,0.0,0.0,0.0,0.0,0.0,0.0,0.0,0.0,0.0,0.0,3.4858810789883137
2,0.1084019485861063,0.10780308488756418,0.10772223118692636,0.10598383471369743,0.10583637934178114,0.1058804802596569,0.10576495714485645,0.11750015150755644,0.10533165838569403,0.10539490170776844,0.1050437893718481,0.10509697999805212,0.10479793511331081,0.10457336250692606,0.10448165331035852,0.10422703437507153,0.10421277396380901,0.10393115039914846,0.10371461231261492,0.10415906086564064,0.10389797855168581,0.10372781381011009,0.10387125983834267,0.10334591660648584,0.10306099522858858,0.10315810702741146,0.10386562533676624,0.10353284515440464,0.10281506646424532,0.1025468185544014,0.0003314092755317688,0.0,0.0,0.0,0.0,0.0,0.0,0.0,0.0,0.0,0.0,0.0,0.0,0.0,0.0,0.0,0.0,0.0,0.0,0.0,3.1540118157863617

total time per move x,0.5136492224410176,0.216010226868093,0.21554865688085556,0.2121325796470046,0.2118471758440137,0.2117425175383687,0.21153884008526802,0.23555956408381462,0.21108842641115189,0.2109252866357565,0.21033040061593056,0.21036131400614977,0.20982658118009567,0.20930559281259775,0.2101045036688447,0.22181687131524086,0.20949092786759138,0.22079291380941868,0.20837303157895803,0.20857184287160635,0.20789826568216085,0.20751460175961256,0.20785185880959034,0.20680349506437778,0.20689325127750635,0.2076861960813403,0.20749450009316206,0.20684042759239674,0.20575381722301245,0.20528357569128275,0.0008564293384552002,0,0,0,0,0,0,0,0,0,0,0,0,0,0,0,0,0,0,0,6.639892894774675
average time per move x,0.2568246112205088,0.1080051134340465,0.10777432844042778,0.1060662898235023,0.10592358792200685,0.10587125876918435,0.10576942004263401,0.11777978204190731,0.10554421320557594,0.10546264331787825,0.10516520030796528,0.10518065700307488,0.10491329059004784,0.10465279640629888,0.10505225183442235,0.11090843565762043,0.10474546393379569,0.11039645690470934,0.10418651578947902,0.10428592143580317,0.10394913284108043,0.10375730087980628,0.10392592940479517,0.10340174753218889,0.10344662563875318,0.10384309804067016,0.10374725004658103,0.10342021379619837,0.10287690861150622,0.10264178784564137,0.0004282146692276001,nan,nan,nan,nan,nan,nan,nan,nan,nan,nan,nan,nan,nan,nan,nan,nan,nan,nan,nan,3.3199464473873377
std of time per move x,0.20990134246109846,0.0002857115104218267,7.367664246409067e-05,0.00011660913457300809,0.00012333155691049568,1.3041156891581789e-05,6.311490564506381e-06,0.00039545729413263886,0.0003005979090247761,9.58011037542781e-05,0.00017170099247731843,0.00011833715536195474,0.00016313727969551113,0.0001123364978052162,0.000806948171401133,0.009448928309437653,0.0007533373800952758,0.009143324145063192,0.0006673722971122276,0.0001794079388542402,7.234308983542566e-05,4.170101387898973e-05,7.73144423261872e-05,7.89568523290961e-05,0.0005453637561182692,0.0009687235810541359,0.00016740794082977908,0.00015928479432381223,8.745800338264502e-05,0.0001343068596805357,0.00013690350067551153,nan,nan,nan,nan,nan,nan,nan,nan,nan,nan,nan,nan,nan,nan,nan,nan,nan,nan,nan,0.2346670064774834
err of average time,0.1484226626344025,0.00020202854648232457,5.209725350141525e-05,8.24551098048687e-05,8.72085802257061e-05,9.22149047255516e-06,4.462897777557373e-06,0.00027963053435087204,0.00021255481988191605,6.774161010980606e-05,0.00012141093611717224,8.36770050227642e-05,0.00011535547673702239,7.943389937281609e-05,0.0005705985240638256,0.006681401282548904,0.0005326899699866771,0.006465306505560875,0.00047190347686409945,0.00012686057016253471,5.115428939461708e-05,2.9487069696187973e-05,5.46695664525032e-05,5.58309257030487e-05,0.00038563041016459465,0.0006849910132586956,0.00011837529018521309,0.00011263135820627211,6.18421472609043e-05,9.496929123997688e-05,9.680539369583129e-05,nan,nan,nan,nan,nan,nan,nan,nan,nan,nan,nan,nan,nan,nan,nan,nan,nan,nan,nan,0.16593463160097596
