Contains move time for player MCTSMaxIter2; opponent is Edax4
Colums refer to move number, rows to game number
game,1,2,3,4,5,6,7,8,9,10,11,12,13,14,15,16,17,18,19,20,21,22,23,24,25,26,27,28,29,30,31,32,33,34,35,36,37,38,39,40,41,42,43,44,45,46,47,48,49,50,total
1,30.06727274786681,27.69597030058503,26.254259605892003,24.789776876568794,22.88066042214632,21.044303016737103,19.518589633516967,17.717476297169924,16.03875965438783,14.00992622319609,13.137272777967155,11.523710750043392,10.237656801007688,0.007019907236099243,0.0066973743960261345,7.450535838492215,6.020067125558853,0.005465014837682247,0.00511461216956377,3.7000268548727036,2.931929649785161,0.0038558300584554672,0.003529018722474575,0.0031289374455809593,0.0024836817756295204,0.7180811082944274,0.0021396251395344734,0.20172485522925854,0.0005526561290025711,0.0008361432701349258,0.0008811876177787781,0.000333152711391449,0.0,0.0,0.0,0.0,0.0,0.0,0.0,0.0,0.0,0.0,0.0,0.0,0.0,0.0,0.0,0.0,0.0,0.0,275.9800376808271
2,30.363123146817088,28.545973548665643,26.839178279973567,25.273701415397227,23.43420215230435,21.994398918002844,20.674963270314038,18.696686844341457,17.303162178955972,15.42758372798562,14.11711801867932,0.007206064648926258,0.007657253183424473,0.007302651181817055,0.0068606967106461525,7.518431889824569,6.879617653787136,0.005679764784872532,0.005310690961778164,0.004895543679594994,0.004474075511097908,0.0038639726117253304,0.003908397629857063,0.0033096689730882645,0.0033899210393428802,0.002971596084535122,0.0022639045491814613,0.002074061892926693,0.002132810652256012,0.0014851363375782967,0.0013524200767278671,0.0010223789140582085,0.0,0.0,0.0,0.0,0.0,0.0,0.0,0.0,0.0,0.0,0.0,0.0,0.0,0.0,0.0,0.0,0.0,0.0,257.14530205447227

total time per move x,60.4303958946839,56.241943849250674,53.09343788586557,50.06347829196602,46.31486257445067,43.03870193473995,40.193552903831005,36.41416314151138,33.341921833343804,29.43750995118171,27.254390796646476,11.530916814692318,10.245314054191113,0.014322558417916298,0.013558071106672287,14.968967728316784,12.89968477934599,0.011144779622554779,0.010425303131341934,3.7049223985522985,2.936403725296259,0.007719802670180798,0.007437416352331638,0.006438606418669224,0.005873602814972401,0.7210527043789625,0.004403529688715935,0.20379891712218523,0.002685466781258583,0.0023212796077132225,0.002233607694506645,0.0013555316254496574,0,0,0,0,0,0,0,0,0,0,0,0,0,0,0,0,0,0,533.1253397352993
average time per move x,30.21519794734195,28.120971924625337,26.546718942932785,25.03173914598301,23.157431287225336,21.519350967369974,20.096776451915503,18.20708157075569,16.670960916671902,14.718754975590855,13.627195398323238,5.765458407346159,5.122657027095556,0.007161279208958149,0.0067790355533361435,7.484483864158392,6.449842389672995,0.0055723898112773895,0.005212651565670967,1.8524611992761493,1.4682018626481295,0.003859901335090399,0.003718708176165819,0.003219303209334612,0.0029368014074862003,0.36052635218948126,0.0022017648443579674,0.10189945856109262,0.0013427333906292915,0.0011606398038566113,0.0011168038472533226,0.0006777658127248287,nan,nan,nan,nan,nan,nan,nan,nan,nan,nan,nan,nan,nan,nan,nan,nan,nan,nan,266.5626698676497
std of time per move x,0.20919782331448755,0.6010430607483914,0.41359996088571793,0.3421863229881574,0.39141311106447774,0.6718192545625495,0.8176796401645583,0.6924064181143808,0.8940675992715224,1.002435235036678,0.6928552142209374,8.143398558609073,7.233702051801852,0.00019993016135650568,0.00011548631618689754,0.048009758312897825,0.6077940072826977,0.0001518511439177033,0.00013864864362166573,2.612852407519386,2.0700236881915486,5.757654633292914e-06,0.0002682613980493006,0.00012779648867461852,0.0006408079287492206,0.5056587853746191,8.787881332324599e-05,0.14117442983739423,0.0011173379787151041,0.0004589073989322659,0.00033321166723811223,0.00048735652167711935,nan,nan,nan,nan,nan,nan,nan,nan,nan,nan,nan,nan,nan,nan,nan,nan,nan,nan,13.318169283251343
err of average time,0.14792519947513938,0.42500162404030556,0.2924593370407819,0.24196226941421625,0.27677086507901544,0.47504795063287014,0.5781868183985353,0.48960527358576655,0.6322012622840701,0.7088287523947656,0.48992262035608286,5.758252342697232,5.114999773912132,0.0001413719728589058,8.1661157310009e-05,0.03394802566617727,0.4297752641141414,0.00010737497359514235,9.80393961071968e-05,1.8475656555965543,1.4637277871370313,4.071276634931564e-06,0.00018968945369124413,9.036576375365257e-05,0.00045311963185667986,0.35755475610494614,6.213970482349396e-05,0.09982539666816592,0.0007900772616267203,0.0003244965337216854,0.0002356162294745445,0.0003446131013333797,nan,nan,nan,nan,nan,nan,nan,nan,nan,nan,nan,nan,nan,nan,nan,nan,nan,nan,9.417367813177405
