Contains move time for player Edax5; opponent is StaticBoard1
Colums refer to move number, rows to game number
game,1,2,3,4,5,6,7,8,9,10,11,12,13,14,15,16,17,18,19,20,21,22,23,24,25,26,27,28,29,30,31,32,33,34,35,36,37,38,39,40,41,42,43,44,45,46,47,48,49,50,total
1,0.41268833074718714,0.1124644847586751,0.12594364024698734,0.11295016761869192,0.11187887378036976,0.11305946949869394,0.11218305584043264,0.11227377690374851,0.11245184857398272,0.11504522245377302,0.1131783202290535,0.11078366171568632,0.11148638743907213,0.11046799644827843,0.11249243747442961,0.10846041515469551,0.1096134940162301,0.10859529487788677,0.10818574763834476,0.10753885097801685,0.10799469705671072,0.1081759762018919,0.10699998028576374,0.1069082384929061,0.10637848917394876,0.10575044620782137,0.11073183175176382,0.10582637786865234,0.10460254549980164,0.10370323248207569,0.10309760179370642,0.10257368255406618,0.10214748606085777,0.00032087694853544235,0.0,0.0,0.0,0.0,0.0,0.0,0.0,0.0,0.0,0.0,0.0,0.0,0.0,0.0,0.0,0.0,3.916952938772738
2,0.3979295436292887,0.11236788518726826,0.11215452291071415,0.11255700141191483,0.11460786685347557,0.11577087175101042,0.11685431934893131,0.11421023868024349,0.11707634851336479,0.11357831675559282,0.11315582878887653,0.1146687837317586,0.11344356741756201,0.11409841757267714,0.11204777844250202,0.11061927769333124,0.11004342511296272,0.1112084174528718,0.10949135292321444,0.10839207656681538,0.10844170488417149,0.10846273321658373,0.10663611255586147,0.10560151189565659,0.10480680130422115,0.10773461777716875,0.10531783290207386,0.10432427749037743,0.1031839270144701,0.10262875910848379,0.10198795981705189,0.0003170464187860489,0.0,0.0,0.0,0.0,0.0,0.0,0.0,0.0,0.0,0.0,0.0,0.0,0.0,0.0,0.0,0.0,0.0,0.0,3.7037191251292825

total time per move x,0.8106178743764758,0.22483236994594336,0.2380981631577015,0.22550716903060675,0.22648674063384533,0.22883034124970436,0.22903737518936396,0.226484015583992,0.2295281970873475,0.22862353920936584,0.22633414901793003,0.22545244544744492,0.22492995485663414,0.22456641402095556,0.22454021591693163,0.21907969284802675,0.21965691912919283,0.21980371233075857,0.2176771005615592,0.21593092754483223,0.2164364019408822,0.21663870941847563,0.2136360928416252,0.21250975038856268,0.21118529047816992,0.21348506398499012,0.21604966465383768,0.21015065535902977,0.20778647251427174,0.20633199159055948,0.2050855616107583,0.10289072897285223,0.10214748606085777,0.00032087694853544235,0,0,0,0,0,0,0,0,0,0,0,0,0,0,0,0,7.6206720639020205
average time per move x,0.4053089371882379,0.11241618497297168,0.11904908157885075,0.11275358451530337,0.11324337031692266,0.11441517062485218,0.11451868759468198,0.113242007791996,0.11476409854367375,0.11431176960468292,0.11316707450896502,0.11272622272372246,0.11246497742831707,0.11228320701047778,0.11227010795846581,0.10953984642401338,0.10982845956459641,0.10990185616537929,0.1088385502807796,0.10796546377241611,0.1082182009704411,0.10831935470923781,0.1068180464208126,0.10625487519428134,0.10559264523908496,0.10674253199249506,0.10802483232691884,0.10507532767951488,0.10389323625713587,0.10316599579527974,0.10254278080537915,0.051445364486426115,0.10214748606085777,0.00032087694853544235,nan,nan,nan,nan,nan,nan,nan,nan,nan,nan,nan,nan,nan,nan,nan,nan,3.8103360319510102
std of time per move x,0.010436038453154666,6.830621200149159e-05,0.009750378375055758,0.0002780104909454768,0.0019296895078042354,0.0019172509191374577,0.0033030821035686725,0.0013692852536681488,0.003270015266733844,0.0010372589665444054,1.590384986778267e-05,0.002747196123301855,0.0013839352347927323,0.002567095395625217,0.00031442141679184133,0.0015265463407189302,0.0003040071939426026,0.0018477566928435654,0.0009232023504843384,0.0006033215997213203,0.00031608226604097373,0.0002027678296414032,0.0002572933392688484,0.0009239952380719496,0.0011113511505930333,0.0014030211717230875,0.003828275299951939,0.0010621453635010724,0.0010031147508945174,0.0007597674086712191,0.0007846353663816625,0.07230636083258193,nan,nan,nan,nan,nan,nan,nan,nan,nan,nan,nan,nan,nan,nan,nan,nan,nan,nan,0.15077907560555595
err of average time,0.007379393558949232,4.829978570342064e-05,0.006894558668136596,0.0001965831033885479,0.001364496536552906,0.0013557011261582372,0.0023356317542493343,0.0009682308882474898,0.002312249969691038,0.0007334528490900992,1.1245720088481901e-05,0.0019425610080361364,0.0009785899892449377,0.001815210562199354,0.0002223295159637928,0.0010794312693178654,0.0002149655483663082,0.0013065612874925137,0.0006528026424348354,0.0004266127943992614,0.0002235039137303829,0.00014337850734591484,0.0001819338649511337,0.0006533632986247538,0.0007858439348638058,0.0009920857846736908,0.0027069994248449802,0.0007510501891374587,0.0007093092426657676,0.0005372366867959499,0.0005548209883272648,0.05112831806764006,nan,nan,nan,nan,nan,nan,nan,nan,nan,nan,nan,nan,nan,nan,nan,nan,nan,nan,0.10661690682172775
