Contains move time for player AlphaBeta5; opponent is Edax1
Colums refer to move number, rows to game number
game,1,2,3,4,5,6,7,8,9,10,11,12,13,14,15,16,17,18,19,20,21,22,23,24,25,26,27,28,29,30,31,32,33,34,35,36,37,38,39,40,41,42,43,44,45,46,47,48,49,50,total
1,1.7749867150560021,1.9055044194683433,3.231225721538067,3.26322003826499,12.121142614632845,15.254372492432594,18.658917418681085,22.743429174646735,17.754024446941912,8.464298333972692,14.923254316672683,18.130824745632708,13.96027553640306,15.906690537929535,8.434264132753015,10.904544249176979,15.092798862606287,14.3809604216367,17.86728047579527,11.024311654269695,1.1161040300503373,0.3704885011538863,0.8014768604189157,0.002882033586502075,0.0025199782103300095,0.0021000541746616364,0.0016949670389294624,0.03500587772578001,0.003516383469104767,0.0004027700051665306,0.0,0.0,0.0,0.0,0.0,0.0,0.0,0.0,0.0,0.0,0.0,0.0,0.0,0.0,0.0,0.0,0.0,0.0,0.0,0.0,248.1325177643448
2,1.5993177322670817,2.277269557118416,2.4356895685195923,6.725945172831416,6.886337117291987,11.24288375955075,2.908099588006735,2.439989101141691,0.9838274288922548,0.0035933079198002815,0.0,0.0,0.0,0.0,0.0,0.0,0.0,0.0,0.0,0.0,0.0,0.0,0.0,0.0,0.0,0.0,0.0,0.0,0.0,0.0,0.0,0.0,0.0,0.0,0.0,0.0,0.0,0.0,0.0,0.0,0.0,0.0,0.0,0.0,0.0,0.0,0.0,0.0,0.0,0.0,37.502952333539724

total time per move x,3.374304447323084,4.182773976586759,5.666915290057659,9.989165211096406,19.007479731924832,26.497256251983345,21.56701700668782,25.183418275788426,18.737851875834167,8.467891641892493,14.923254316672683,18.130824745632708,13.96027553640306,15.906690537929535,8.434264132753015,10.904544249176979,15.092798862606287,14.3809604216367,17.86728047579527,11.024311654269695,1.1161040300503373,0.3704885011538863,0.8014768604189157,0.002882033586502075,0.0025199782103300095,0.0021000541746616364,0.0016949670389294624,0.03500587772578001,0.003516383469104767,0.0004027700051665306,0,0,0,0,0,0,0,0,0,0,0,0,0,0,0,0,0,0,0,0,285.63547009788454
average time per move x,1.687152223661542,2.0913869882933795,2.8334576450288296,4.994582605548203,9.503739865962416,13.248628125991672,10.78350850334391,12.591709137894213,9.368925937917084,4.233945820946246,14.923254316672683,18.130824745632708,13.96027553640306,15.906690537929535,8.434264132753015,10.904544249176979,15.092798862606287,14.3809604216367,17.86728047579527,11.024311654269695,1.1161040300503373,0.3704885011538863,0.8014768604189157,0.002882033586502075,0.0025199782103300095,0.0021000541746616364,0.0016949670389294624,0.03500587772578001,0.003516383469104767,0.0004027700051665306,nan,nan,nan,nan,nan,nan,nan,nan,nan,nan,nan,nan,nan,nan,nan,nan,nan,nan,nan,nan,142.81773504894227
std of time per move x,0.12421672897418852,0.2628776498411166,0.5625290084784222,2.4485164240370203,3.701566465362338,2.836550885674183,11.137510097303819,14.356700157390112,11.85832003329733,5.982621897541105,nan,nan,nan,nan,nan,nan,nan,nan,nan,nan,nan,nan,nan,nan,nan,nan,nan,nan,nan,nan,nan,nan,nan,nan,nan,nan,nan,nan,nan,nan,nan,nan,nan,nan,nan,nan,nan,nan,nan,nan,148.9375940344979
err of average time,0.08783449139446019,0.1858825688250363,0.39776807650923723,1.731362567283213,2.617402748670429,2.005744366440922,7.875408915337174,10.151720036752522,8.385098509024827,4.230352513026446,nan,nan,nan,nan,nan,nan,nan,nan,nan,nan,nan,nan,nan,nan,nan,nan,nan,nan,nan,nan,nan,nan,nan,nan,nan,nan,nan,nan,nan,nan,nan,nan,nan,nan,nan,nan,nan,nan,nan,nan,105.31478271540254
