Contains move time for player Greedy; opponent is Edax3
Colums refer to move number, rows to game number
game,1,2,3,4,5,6,7,8,9,10,11,12,13,14,15,16,17,18,19,20,21,22,23,24,25,26,27,28,29,30,31,32,33,34,35,36,37,38,39,40,41,42,43,44,45,46,47,48,49,50,total
1,0.012078564614057541,0.011846044100821018,0.011546594090759754,0.01133077684789896,0.011138876900076866,0.010581739246845245,0.010180439800024033,0.00981871411204338,0.00952269695699215,0.008792543783783913,0.008299804292619228,0.00786935817450285,0.007362582720816135,0.007298777811229229,0.006829428486526012,0.006302432157099247,0.006120024248957634,0.005905291065573692,0.0058608949184417725,0.005363674834370613,0.00527828186750412,0.004751967266201973,0.004426131956279278,0.0040540918707847595,0.0034353388473391533,0.0033020423725247383,0.0030735591426491737,0.002913909964263439,0.002816389314830303,0.0023482823744416237,0.002138330601155758,0.002057013101875782,0.0016116322949528694,0.00112251378595829,0.0009034425020217896,0.0,0.0,0.0,0.0,0.0,0.0,0.0,0.0,0.0,0.0,0.0,0.0,0.0,0.0,0.0,0.21828218642622232
2,0.012035565450787544,0.01163805928081274,0.011430395767092705,0.011073258705437183,0.01093836035579443,0.010507631115615368,0.010227343998849392,0.00957155879586935,0.00900993961840868,0.008777071721851826,0.008225898258388042,0.0077359238639473915,0.0072228023782372475,0.007318144664168358,0.0069592613726854324,0.006484647281467915,0.005993416532874107,0.00550509337335825,0.005190272815525532,0.004845995455980301,0.00426136888563633,0.004038174636662006,0.004136122763156891,0.0035680849105119705,0.0031088516116142273,0.0027372799813747406,0.002257722429931164,0.0019082305952906609,0.0014744726940989494,0.0010991264134645462,0.0006964299827814102,0.0,0.0,0.0,0.0,0.0,0.0,0.0,0.0,0.0,0.0,0.0,0.0,0.0,0.0,0.0,0.0,0.0,0.0,0.0,0.1999765057116747
3,0.01200851984322071,0.01169522199779749,0.011417441070079803,0.011074402369558811,0.010806666687130928,0.010513029992580414,0.010181889869272709,0.009654680266976357,0.009079319424927235,0.008779563941061497,0.008296969346702099,0.007868858054280281,0.007448178716003895,0.006987487897276878,0.006644899025559425,0.0061732446774840355,0.005730293691158295,0.0052503980696201324,0.004765130579471588,0.004795868881046772,0.004386077634990215,0.0038275448605418205,0.003743566572666168,0.0033077625557780266,0.0028784815222024918,0.0024242419749498367,0.0023131798952817917,0.00192215945571661,0.0013749757781624794,0.0012428462505340576,0.0010146694257855415,0.0009585553780198097,0.000345342792570591,0.0,0.0,0.0,0.0,0.0,0.0,0.0,0.0,0.0,0.0,0.0,0.0,0.0,0.0,0.0,0.0,0.0,0.1989114684984088
4,0.012040325440466404,0.011697497218847275,0.01158172357827425,0.011219039559364319,0.010749852284789085,0.010412225499749184,0.010127788409590721,0.00984305702149868,0.009402330033481121,0.008809627965092659,0.008339597843587399,0.008082163520157337,0.007545340806245804,0.007361427880823612,0.00692110788077116,0.006454480811953545,0.006094915792346001,0.005563938058912754,0.00517487246543169,0.004720465280115604,0.00404344592243433,0.0036105718463659286,0.003677993081510067,0.0030610254034399986,0.002853591926395893,0.0026598460972309113,0.0024339789524674416,0.0023726560175418854,0.00181551743298769,0.0018672933802008629,0.0013631004840135574,0.0007926933467388153,0.0007392298430204391,0.0,0.0,0.0,0.0,0.0,0.0,0.0,0.0,0.0,0.0,0.0,0.0,0.0,0.0,0.0,0.0,0.0,0.20343272108584642
5,0.011990716680884361,0.011640317738056183,0.011387993581593037,0.01133178360760212,0.010840509086847305,0.01062693353742361,0.010134781710803509,0.00928748119622469,0.009293321520090103,0.008827674202620983,0.00813209731131792,0.007793971337378025,0.007385808043181896,0.00688525103032589,0.006777751259505749,0.0063684256747365,0.006103130988776684,0.005540902726352215,0.005197792313992977,0.0047312648966908455,0.00412306934595108,0.00444777961820364,0.004028741270303726,0.003530639223754406,0.0033383388072252274,0.0032540354877710342,0.003166365437209606,0.002721428871154785,0.0022406959906220436,0.002018098719418049,0.0,0.0,0.0,0.0,0.0,0.0,0.0,0.0,0.0,0.0,0.0,0.0,0.0,0.0,0.0,0.0,0.0,0.0,0.0,0.0,0.2031471012160182
6,0.01261062826961279,0.012102687731385231,0.011806400492787361,0.011499665677547455,0.01108813751488924,0.010690470226109028,0.010274995118379593,0.009946903213858604,0.009428611025214195,0.00881517119705677,0.008539041504263878,0.008094297721982002,0.007853534072637558,0.007396514527499676,0.006896705366671085,0.00639556348323822,0.005992407910525799,0.005533947609364986,0.004993794485926628,0.005124328657984734,0.005013665184378624,0.004545755684375763,0.004089542664587498,0.003909301944077015,0.003736198879778385,0.003617282025516033,0.0032246755436062813,0.002802829258143902,0.0023419857025146484,0.002079480327665806,0.0016313623636960983,0.0010576490312814713,0.0008948268368840218,0.0006840592250227928,0.0,0.0,0.0,0.0,0.0,0.0,0.0,0.0,0.0,0.0,0.0,0.0,0.0,0.0,0.0,0.0,0.21471242047846317
7,0.012462686747312546,0.011994447559118271,0.011809086427092552,0.011444268748164177,0.01119956187903881,0.010666719637811184,0.010392557829618454,0.00983614381402731,0.009408080019056797,0.009082368575036526,0.008462464436888695,0.007470030337572098,0.007713372819125652,0.007342967204749584,0.00683196447789669,0.006325478665530682,0.0062213679775595665,0.0058624278753995895,0.005299694836139679,0.005169285461306572,0.005066581070423126,0.004666522145271301,0.0041967350989580154,0.004005668684840202,0.003977859392762184,0.003376562148332596,0.0029270919039845467,0.002983180806040764,0.0028229905292391777,0.0,0.0,0.0,0.0,0.0,0.0,0.0,0.0,0.0,0.0,0.0,0.0,0.0,0.0,0.0,0.0,0.0,0.0,0.0,0.0,0.0,0.20901816710829735
8,0.01253784354776144,0.011916174553334713,0.011704626493155956,0.01151121687144041,0.011159392073750496,0.01071132905781269,0.010250997729599476,0.009688260033726692,0.009228077717125416,0.008982720784842968,0.008675540797412395,0.0082616051658988,0.007815580815076828,0.0072864508256316185,0.006805595010519028,0.006250566802918911,0.0061574773862957954,0.005979254841804504,0.005585565231740475,0.005093954503536224,0.004993574693799019,0.004508874379098415,0.00421352032572031,0.00411405973136425,0.003965192474424839,0.0035529620945453644,0.0031634559854865074,0.0027283187955617905,0.0023873494938015938,0.0018385322764515877,0.0015704892575740814,0.001622975803911686,0.0011044088751077652,0.0009576436132192612,0.000394466333091259,0.0,0.0,0.0,0.0,0.0,0.0,0.0,0.0,0.0,0.0,0.0,0.0,0.0,0.0,0.0,0.21671805437654257
9,0.012578863650560379,0.011990517377853394,0.011717863380908966,0.011503608897328377,0.011164391413331032,0.010706894099712372,0.010245376266539097,0.009934267029166222,0.00966027844697237,0.00935057457536459,0.008918973617255688,0.008553590625524521,0.007995177991688251,0.007492894306778908,0.00703810341656208,0.006677464582026005,0.005892844870686531,0.005979858338832855,0.005562121979892254,0.005019797943532467,0.004618905484676361,0.004297048784792423,0.0038456320762634277,0.0033599892631173134,0.0029665594920516014,0.002552174963057041,0.0021533817052841187,0.0016585560515522957,0.0014488399028778076,0.001376895233988762,0.0008740173652768135,0.00035111699253320694,0.0,0.0,0.0,0.0,0.0,0.0,0.0,0.0,0.0,0.0,0.0,0.0,0.0,0.0,0.0,0.0,0.0,0.0,0.20748658012598753
10,0.012481944635510445,0.01201574131846428,0.011695528402924538,0.011487680487334728,0.011134902946650982,0.010723354294896126,0.010263456963002682,0.009715759195387363,0.009554148651659489,0.008971113711595535,0.008665305562317371,0.008356078527867794,0.007942690514028072,0.007585254497826099,0.006958330050110817,0.006410595960915089,0.006093560717999935,0.005638018250465393,0.005552073009312153,0.004988146014511585,0.004562262445688248,0.004035938531160355,0.003583412617444992,0.003149256110191345,0.002833212725818157,0.0023600924760103226,0.0018511991947889328,0.0016478896141052246,0.0014222096651792526,0.0012366930022835732,0.001117536798119545,0.0006695063784718513,0.0,0.0,0.0,0.0,0.0,0.0,0.0,0.0,0.0,0.0,0.0,0.0,0.0,0.0,0.0,0.0,0.0,0.0,0.20470289327204227
11,0.012235171161592007,0.011885600164532661,0.01155763864517212,0.01125098392367363,0.010847103781998158,0.01048227772116661,0.010227840393781662,0.009954131208360195,0.009547759778797626,0.009120102971792221,0.008448881097137928,0.008093757554888725,0.007628500461578369,0.00731897447258234,0.006798167712986469,0.006379230879247189,0.005823404528200626,0.005476605147123337,0.004980877041816711,0.004569634795188904,0.004215791821479797,0.003740936517715454,0.003736797720193863,0.0033663688227534294,0.0028399284929037094,0.002469785511493683,0.001962444745004177,0.0014518769457936287,0.0012517860159277916,0.0009317100048065186,0.0004623960703611374,0.0,0.0,0.0,0.0,0.0,0.0,0.0,0.0,0.0,0.0,0.0,0.0,0.0,0.0,0.0,0.0,0.0,0.0,0.0,0.19905646611005068
12,0.01219036802649498,0.011753705330193043,0.011667546816170216,0.011200841516256332,0.010895135812461376,0.010470514185726643,0.010023717768490314,0.009751919656991959,0.009311874397099018,0.00877443514764309,0.010253933258354664,0.007725323550403118,0.007782413624227047,0.007218005135655403,0.006720618344843388,0.006306694820523262,0.005929884500801563,0.005552845075726509,0.005136262625455856,0.004651239141821861,0.004457114264369011,0.004224575124680996,0.004058252088725567,0.003966035321354866,0.003495626151561737,0.0033869463950395584,0.0028770267963409424,0.0027984147891402245,0.002292882651090622,0.002072586677968502,0.0019169021397829056,0.0017103031277656555,0.0016205860301852226,0.0011428501456975937,0.0,0.0,0.0,0.0,0.0,0.0,0.0,0.0,0.0,0.0,0.0,0.0,0.0,0.0,0.0,0.0,0.21333738043904305
13,0.012254146859049797,0.011716975830495358,0.011553020216524601,0.011300228536128998,0.010916280560195446,0.010596874170005322,0.010174237191677094,0.009716510772705078,0.009262937121093273,0.008849057368934155,0.008273155428469181,0.0076901912689208984,0.007620520889759064,0.007102524861693382,0.007103674113750458,0.006428499706089497,0.006440840661525726,0.005953995510935783,0.005598231218755245,0.00535669457167387,0.004716391675174236,0.004436502233147621,0.0038621220737695694,0.0037499861791729927,0.0036199484020471573,0.0031866123899817467,0.002740034833550453,0.002402455545961857,0.0024780789390206337,0.0023243334144353867,0.0,0.0,0.0,0.0,0.0,0.0,0.0,0.0,0.0,0.0,0.0,0.0,0.0,0.0,0.0,0.0,0.0,0.0,0.0,0.0,0.20742506254464388
14,0.012195336632430553,0.011871560476720333,0.011685959994792938,0.011384434998035431,0.011083737015724182,0.010535616427659988,0.010053885169327259,0.009672417305409908,0.009413540363311768,0.007590897381305695,0.008532593958079815,0.007897509261965752,0.007793456315994263,0.007363101467490196,0.00679690670222044,0.006208701990544796,0.005949035286903381,0.005437497980892658,0.0047883540391922,0.00476699136197567,0.0043928613886237144,0.003850681707262993,0.0037161922082304955,0.0035445652902126312,0.0031917421147227287,0.0028105154633522034,0.0023230062797665596,0.0018807295709848404,0.0018500154837965965,0.0014287186786532402,0.0008754227310419083,0.0006578760221600533,0.0003812769427895546,0.0,0.0,0.0,0.0,0.0,0.0,0.0,0.0,0.0,0.0,0.0,0.0,0.0,0.0,0.0,0.0,0.0,0.20192513801157475
15,0.01214403286576271,0.011873137205839157,0.011542822234332561,0.011226355098187923,0.010991150513291359,0.010485314764082432,0.010128756985068321,0.00973283126950264,0.009353194385766983,0.010476725175976753,0.00790339708328247,0.008094322867691517,0.007490107789635658,0.006891696713864803,0.006675467826426029,0.006232177838683128,0.00579832773655653,0.0052961548790335655,0.005126091651618481,0.004957978613674641,0.00484384223818779,0.004393698647618294,0.003933289088308811,0.0037657786160707474,0.003672395832836628,0.0032698828727006912,0.002696375362575054,0.0025032786652445793,0.0022864723578095436,0.0021157460287213326,0.0019097300246357918,0.001743505708873272,0.0016908729448914528,0.0011853724718093872,0.0,0.0,0.0,0.0,0.0,0.0,0.0,0.0,0.0,0.0,0.0,0.0,0.0,0.0,0.0,0.0,0.21243028435856104
16,0.012555700726807117,0.01208989042788744,0.011681136675179005,0.01139638852328062,0.011133517138659954,0.01062684040516615,0.01029511634260416,0.009858811274170876,0.009383243508636951,0.008166848681867123,0.008218302391469479,0.008245033212006092,0.007865840569138527,0.007429353892803192,0.006830533966422081,0.006820914335548878,0.006457180716097355,0.006096991710364819,0.005701000802218914,0.0051308609545230865,0.004804662428796291,0.004368391819298267,0.0039380015805363655,0.003644482232630253,0.0031647589057683945,0.002672826871275902,0.0024998392909765244,0.00238843634724617,0.0019296696409583092,0.0014708470553159714,0.0013716192916035652,0.0008486760780215263,0.0006437962874770164,0.0,0.0,0.0,0.0,0.0,0.0,0.0,0.0,0.0,0.0,0.0,0.0,0.0,0.0,0.0,0.0,0.0,0.20972951408475637
17,0.01255959365516901,0.012111087329685688,0.011639035306870937,0.011553500778973103,0.010919389314949512,0.01056191697716713,0.010198035277426243,0.009600253775715828,0.009575397707521915,0.008929596282541752,0.008423073217272758,0.007906628772616386,0.007597829215228558,0.007433006539940834,0.007409100420773029,0.007213651202619076,0.006799965165555477,0.006290190853178501,0.005810994654893875,0.005637647584080696,0.005176061764359474,0.005028365179896355,0.00457488838583231,0.004393856041133404,0.004284721799194813,0.0037574833258986473,0.003391575999557972,0.003326031379401684,0.003263886086642742,0.0027372632175683975,0.0026414962485432625,0.0,0.0,0.0,0.0,0.0,0.0,0.0,0.0,0.0,0.0,0.0,0.0,0.0,0.0,0.0,0.0,0.0,0.0,0.0,0.22074552346020937
18,0.012518119998276234,0.012049549259245396,0.011665407568216324,0.011454811319708824,0.01114815566688776,0.010710163041949272,0.010309632867574692,0.009892234578728676,0.009395528584718704,0.008851896040141582,0.007626512087881565,0.007959005422890186,0.008153220638632774,0.007688967511057854,0.007288187742233276,0.006811928004026413,0.006494802422821522,0.006112414412200451,0.005698652006685734,0.0050840191543102264,0.004886722192168236,0.004746085032820702,0.00459631159901619,0.004109956324100494,0.003886021673679352,0.0037058591842651367,0.003642232157289982,0.003309152089059353,0.002924712374806404,0.0024262992665171623,0.0020906496793031693,0.0016552703455090523,0.0012044161558151245,0.0006821770220994949,0.0,0.0,0.0,0.0,0.0,0.0,0.0,0.0,0.0,0.0,0.0,0.0,0.0,0.0,0.0,0.0,0.22077907342463732
19,0.01255053747445345,0.012018307112157345,0.01175992377102375,0.011367851868271828,0.01120076235383749,0.010768580250442028,0.010164043866097927,0.009830118156969547,0.009577171877026558,0.008446487598121166,0.008476019836962223,0.008284550160169601,0.0076345717534422874,0.007074426859617233,0.006910531781613827,0.006730061024427414,0.006260411813855171,0.006288615055382252,0.005710781551897526,0.0053479550406336784,0.005109865218400955,0.004970829002559185,0.004880884662270546,0.0045199086889624596,0.004042956046760082,0.003878805786371231,0.0037608183920383453,0.0,0.0,0.0,0.0,0.0,0.0,0.0,0.0,0.0,0.0,0.0,0.0,0.0,0.0,0.0,0.0,0.0,0.0,0.0,0.0,0.0,0.0,0.0,0.2075657770037651
20,0.012482617050409317,0.012061051093041897,0.011699168011546135,0.01152507308870554,0.01117714960128069,0.01067101676017046,0.010241474956274033,0.009835540316998959,0.009482346475124359,0.00914306752383709,0.008696271106600761,0.008152997121214867,0.007798748090863228,0.007470507174730301,0.006733388639986515,0.006522167474031448,0.006019894964993,0.005647814832627773,0.005217267200350761,0.004861636087298393,0.00447422917932272,0.004273886792361736,0.0037358496338129044,0.0031882785260677338,0.002697732299566269,0.0025000618770718575,0.0023043304681777954,0.0021301060914993286,0.002112286165356636,0.0016292855143547058,0.0,0.0,0.0,0.0,0.0,0.0,0.0,0.0,0.0,0.0,0.0,0.0,0.0,0.0,0.0,0.0,0.0,0.0,0.0,0.0,0.2044852441176772
21,0.0122299212962389,0.011973985470831394,0.011678533628582954,0.011216243728995323,0.011029340326786041,0.010624253191053867,0.010122471489012241,0.009883147664368153,0.009341194294393063,0.008976122364401817,0.008788790553808212,0.007962633855640888,0.007565181702375412,0.007273138500750065,0.006951101124286652,0.006642051041126251,0.00561925396323204,0.005504476837813854,0.005087061785161495,0.0046297889202833176,0.004238514229655266,0.0037949923425912857,0.003420138731598854,0.0030290652066469193,0.0024577127769589424,0.0022903047502040863,0.002028116025030613,0.0019458597525954247,0.0014328667894005775,0.0012411028146743774,0.001225380226969719,0.0005999067798256874,0.000372529961168766,0.0,0.0,0.0,0.0,0.0,0.0,0.0,0.0,0.0,0.0,0.0,0.0,0.0,0.0,0.0,0.0,0.0,0.20117518212646246
22,0.012111936695873737,0.01182690728455782,0.011496065184473991,0.011302750557661057,0.011006556451320648,0.010655300691723824,0.010429798625409603,0.009875589981675148,0.00932950060814619,0.008923040702939034,0.00855301134288311,0.008279371075332165,0.007572646252810955,0.007367531768977642,0.0068628787994384766,0.006290314719080925,0.006011751480400562,0.005520042032003403,0.0049324240535497665,0.004921223036944866,0.00442805141210556,0.003911257721483707,0.0035597188398241997,0.0031324662268161774,0.0026783524081110954,0.0022997166961431503,0.001919272355735302,0.0014895321801304817,0.0010181497782468796,0.0008912766352295876,0.00035617314279079437,0.0,0.0,0.0,0.0,0.0,0.0,0.0,0.0,0.0,0.0,0.0,0.0,0.0,0.0,0.0,0.0,0.0,0.0,0.0,0.19895260874181986
23,0.012204235419631004,0.011790125630795956,0.01170227862894535,0.011296520009636879,0.011012813076376915,0.010521851480007172,0.009927094914019108,0.00976843386888504,0.009327726438641548,0.0087736826390028,0.008433884009718895,0.008082048036158085,0.007538114674389362,0.007105352357029915,0.006562971509993076,0.006174507550895214,0.0057312119752168655,0.005549568682909012,0.0053387852385640144,0.00525765772908926,0.004735034890472889,0.004507745616137981,0.004396871663630009,0.004186219535768032,0.004129065200686455,0.0035411426797509193,0.003463265486061573,0.003422222100198269,0.0029540853574872017,0.0,0.0,0.0,0.0,0.0,0.0,0.0,0.0,0.0,0.0,0.0,0.0,0.0,0.0,0.0,0.0,0.0,0.0,0.0,0.0,0.0,0.2074345164000988
24,0.012204218655824661,0.01023474708199501,0.01160278357565403,0.0112072192132473,0.010997598990797997,0.010511495172977448,0.009956493973731995,0.009630762040615082,0.009284204803407192,0.00764493178576231,0.008575864136219025,0.00827180128544569,0.00794250052422285,0.007319611497223377,0.006907028146088123,0.006268560886383057,0.005871165543794632,0.005661921575665474,0.007009661756455898,0.00464806891977787,0.004204762168228626,0.0038893846794962883,0.003422671929001808,0.0029498934745788574,0.0024787792935967445,0.0023615146055817604,0.0018650293350219727,0.0016525927931070328,0.0014525828883051872,0.0012830765917897224,0.0012099836021661758,0.0006044330075383186,0.0004010302945971489,0.0,0.0,0.0,0.0,0.0,0.0,0.0,0.0,0.0,0.0,0.0,0.0,0.0,0.0,0.0,0.0,0.0,0.19952637422829866
25,0.012324697338044643,0.011911259964108467,0.01158334594219923,0.011363978497684002,0.010870099067687988,0.010526823811233044,0.010112866759300232,0.00970383919775486,0.00915851816534996,0.008631523698568344,0.008105617947876453,0.007981991395354271,0.00774874072521925,0.007721775211393833,0.007361921481788158,0.006847904995083809,0.006362435407936573,0.005626697093248367,0.0055829547345638275,0.005218119360506535,0.0046809157356619835,0.004553535021841526,0.004526602104306221,0.004005954600870609,0.003736501559615135,0.0033591557294130325,0.0028856033459305763,0.0024015624076128006,0.0019839350134134293,0.0015920689329504967,0.001181705854833126,0.0006817029789090157,0.00029036030173301697,0.0,0.0,0.0,0.0,0.0,0.0,0.0,0.0,0.0,0.0,0.0,0.0,0.0,0.0,0.0,0.0,0.0,0.21062471438199282
26,0.012678342871367931,0.012137415818870068,0.011791598983108997,0.011560440994799137,0.011262670159339905,0.010984920896589756,0.010408103466033936,0.00975982565432787,0.00954783521592617,0.00912983063608408,0.0086161307990551,0.008074904792010784,0.007595648989081383,0.007678890600800514,0.0070267971605062485,0.006785987876355648,0.006199227645993233,0.0058099981397390366,0.0054290443658828735,0.0046803029254078865,0.004581118933856487,0.004136155359447002,0.003991898149251938,0.0035488223657011986,0.003090626560151577,0.0030452096834778786,0.002665542997419834,0.0021552853286266327,0.001774636097252369,0.0012915702536702156,0.0012206453830003738,0.0006687073037028313,0.0003182739019393921,0.0,0.0,0.0,0.0,0.0,0.0,0.0,0.0,0.0,0.0,0.0,0.0,0.0,0.0,0.0,0.0,0.0,0.20964641030877829
27,0.012471843510866165,0.012121498584747314,0.011709284037351608,0.011457172222435474,0.01114560291171074,0.010643813759088516,0.010442543774843216,0.009905373677611351,0.009596504271030426,0.00900404341518879,0.008518677204847336,0.007878532633185387,0.00789282750338316,0.007485776208341122,0.007133287377655506,0.006507043726742268,0.0062764352187514305,0.006174894981086254,0.005712567828595638,0.005567898042500019,0.005272563546895981,0.005155646242201328,0.005131158046424389,0.004712837748229504,0.004147169180214405,0.003976919688284397,0.0037553953006863594,0.003513622097671032,0.0033648861572146416,0.0032079797238111496,0.0030627036467194557,0.002901565283536911,0.0,0.0,0.0,0.0,0.0,0.0,0.0,0.0,0.0,0.0,0.0,0.0,0.0,0.0,0.0,0.0,0.0,0.0,0.22584806755185127
28,0.01251533254981041,0.01199372485280037,0.011655088514089584,0.011446872726082802,0.011174472980201244,0.010679480619728565,0.01041380688548088,0.009948624297976494,0.009436444379389286,0.009121674112975597,0.00860604364424944,0.008312334306538105,0.007727203890681267,0.007418271154165268,0.007049777545034885,0.006567768752574921,0.006236955523490906,0.005719635635614395,0.0054442621767520905,0.004773201420903206,0.00423786137253046,0.004099829122424126,0.003972535952925682,0.0034501831978559494,0.0032882560044527054,0.0031769433990120888,0.002637842670083046,0.0024536121636629105,0.0022263359278440475,0.002125520259141922,0.001699809916317463,0.0012130234390497208,0.0011265100911259651,0.0007154857739806175,0.0,0.0,0.0,0.0,0.0,0.0,0.0,0.0,0.0,0.0,0.0,0.0,0.0,0.0,0.0,0.0,0.21266472525894642
29,0.012509593740105629,0.01197893638163805,0.011726141907274723,0.011297592893242836,0.010923313908278942,0.010657662525773048,0.01020581554621458,0.00969864334911108,0.009175366722047329,0.009195667691528797,0.00888124667108059,0.008368294686079025,0.008185804821550846,0.007855727337300777,0.00752517394721508,0.0069661373272538185,0.006335058249533176,0.005976155400276184,0.005402951501309872,0.005065481178462505,0.004632439464330673,0.004265588708221912,0.003951229155063629,0.003562409430742264,0.0030353618785738945,0.0025495560839772224,0.0023890193551778793,0.0018931496888399124,0.00177011638879776,0.0014528501778841019,0.0009118765592575073,0.0003768233582377434,0.0,0.0,0.0,0.0,0.0,0.0,0.0,0.0,0.0,0.0,0.0,0.0,0.0,0.0,0.0,0.0,0.0,0.0,0.2087211860343814
30,0.012680374085903168,0.012064333073794842,0.011758138425648212,0.011441397480666637,0.010901662521064281,0.010533167980611324,0.010083932429552078,0.009956493973731995,0.009333904832601547,0.00911269336938858,0.008305155672132969,0.008086545392870903,0.0069314343854784966,0.007093412801623344,0.006759259849786758,0.006361349485814571,0.005903388373553753,0.005675614811480045,0.005543031729757786,0.00540972501039505,0.0050221821293234825,0.004626662470400333,0.004088092595338821,0.0038715889677405357,0.0037718629464507103,0.003232089802622795,0.003044651821255684,0.002963690087199211,0.0024300962686538696,0.002256259322166443,0.002108492888510227,0.0019291769713163376,0.0017745988443493843,0.0,0.0,0.0,0.0,0.0,0.0,0.0,0.0,0.0,0.0,0.0,0.0,0.0,0.0,0.0,0.0,0.0,0.21505446080118418
31,0.01220575999468565,0.011860758997499943,0.011549287475645542,0.01126190461218357,0.010962608270347118,0.010346928611397743,0.00996523629873991,0.009583724662661552,0.009185824543237686,0.008742046542465687,0.008241341449320316,0.00789222028106451,0.007452474907040596,0.007089558988809586,0.0065018851310014725,0.006319073960185051,0.006119557656347752,0.006001807749271393,0.0056863706558942795,0.005240768194198608,0.004712468944489956,0.004486125893890858,0.00447884202003479,0.003982376307249069,0.003558533266186714,0.00316784530878067,0.0026997029781341553,0.0026084743440151215,0.002055996097624302,0.0019805990159511566,0.0014156466349959373,0.0012218598276376724,0.0010516699403524399,0.0008952729403972626,0.0005591465160250664,0.0,0.0,0.0,0.0,0.0,0.0,0.0,0.0,0.0,0.0,0.0,0.0,0.0,0.0,0.0,0.21108369901776314
32,0.0122459027916193,0.011872328817844391,0.011597497388720512,0.011299599893391132,0.010868948884308338,0.010474803857505322,0.010077593848109245,0.009691487066447735,0.009142981842160225,0.008621687069535255,0.00807860679924488,0.008005334995687008,0.007507935166358948,0.007470117881894112,0.006906014867126942,0.0067166853696107864,0.0062949322164058685,0.00591569859534502,0.005599770694971085,0.005156705155968666,0.004798193462193012,0.004308671690523624,0.004126771353185177,0.0038989996537566185,0.0035383906215429306,0.0032651666551828384,0.0032589128240942955,0.002789449878036976,0.002383248880505562,0.001925789751112461,0.001804552972316742,0.0,0.0,0.0,0.0,0.0,0.0,0.0,0.0,0.0,0.0,0.0,0.0,0.0,0.0,0.0,0.0,0.0,0.0,0.0,0.209642780944705
33,0.012247814796864986,0.011951587162911892,0.01154098380357027,0.011251945979893208,0.010955294594168663,0.010573698207736015,0.010100891813635826,0.00927662756294012,0.009376284666359425,0.008887848816812038,0.008476898074150085,0.007978590205311775,0.007706162519752979,0.00711564626544714,0.006813148036599159,0.006278041750192642,0.0058396486565470695,0.005331294611096382,0.0052245380356907845,0.0048842597752809525,0.004394697956740856,0.004058622755110264,0.003579525277018547,0.003158075734972954,0.002808098681271076,0.002314225770533085,0.001982126384973526,0.0016446299850940704,0.001170421950519085,0.0006636660546064377,0.0,0.0,0.0,0.0,0.0,0.0,0.0,0.0,0.0,0.0,0.0,0.0,0.0,0.0,0.0,0.0,0.0,0.0,0.0,0.0,0.19758529588580132
34,0.01220836490392685,0.010263863019645214,0.01162105705589056,0.011260813102126122,0.01105747651308775,0.010576466098427773,0.010220294818282127,0.009880303405225277,0.009430229663848877,0.008755453862249851,0.008321987465023994,0.0077957650646567345,0.007890427485108376,0.007402273826301098,0.007091235369443893,0.006636221893131733,0.006192886270582676,0.005682637915015221,0.005239452235400677,0.004956359043717384,0.004381989128887653,0.004178258590400219,0.004012914374470711,0.003885159268975258,0.003341122530400753,0.003203996457159519,0.002643529325723648,0.002378392033278942,0.001986593008041382,0.0017082653939723969,0.001271858811378479,0.0005547627806663513,0.0,0.0,0.0,0.0,0.0,0.0,0.0,0.0,0.0,0.0,0.0,0.0,0.0,0.0,0.0,0.0,0.0,0.0,0.2060304107144475
35,0.012179763056337833,0.01186266727745533,0.01158453430980444,0.011208037845790386,0.011031054891645908,0.0104959262534976,0.010246316902339458,0.009913221932947636,0.009337017312645912,0.008285748772323132,0.008474147878587246,0.008123321458697319,0.007672947831451893,0.007214890792965889,0.006656238809227943,0.006243671290576458,0.005850545130670071,0.005403077229857445,0.004853741265833378,0.004691895097494125,0.004612150602042675,0.004124019294977188,0.0037592286244034767,0.0033631063997745514,0.002941438928246498,0.002466825768351555,0.0023638829588890076,0.001985459588468075,0.0015283888205885887,0.0009950492531061172,0.0009025726467370987,0.00034881290048360825,0.0,0.0,0.0,0.0,0.0,0.0,0.0,0.0,0.0,0.0,0.0,0.0,0.0,0.0,0.0,0.0,0.0,0.0,0.20071970112621784
36,0.012634353712201118,0.011991706676781178,0.011687381193041801,0.011490504257380962,0.010948543436825275,0.010685724206268787,0.010167928412556648,0.00990806519985199,0.009471707977354527,0.009150165133178234,0.008607862517237663,0.008273164741694927,0.007671414874494076,0.0074387844651937485,0.006924135610461235,0.006563674658536911,0.0060109952464699745,0.00567113421857357,0.005303368903696537,0.004431980662047863,0.0070131756365299225,0.004027151502668858,0.003559666685760021,0.0031611984595656395,0.0027634697034955025,0.0023716986179351807,0.0020075999200344086,0.0014327531680464745,0.0012184400111436844,0.0010110335424542427,0.0008896142244338989,0.0004556206986308098,0.0,0.0,0.0,0.0,0.0,0.0,0.0,0.0,0.0,0.0,0.0,0.0,0.0,0.0,0.0,0.0,0.0,0.0,0.20494401827454567
37,0.012505237013101578,0.012094673700630665,0.011681594885885715,0.011528024449944496,0.011221311055123806,0.01057849358767271,0.010286017321050167,0.009771697223186493,0.009530548006296158,0.009066504426300526,0.008715897798538208,0.008251044899225235,0.007843305356800556,0.007371128536760807,0.006845033727586269,0.006623832508921623,0.0060332296416163445,0.005555775016546249,0.005201321095228195,0.004853435792028904,0.004473998211324215,0.004068021662533283,0.003613969311118126,0.0032116789370775223,0.002714402973651886,0.0022340593859553337,0.0020460356026887894,0.0018056193366646767,0.0016122963279485703,0.0014624260365962982,0.0012582670897245407,0.001092289574444294,0.0,0.0,0.0,0.0,0.0,0.0,0.0,0.0,0.0,0.0,0.0,0.0,0.0,0.0,0.0,0.0,0.0,0.0,0.20515117049217224
38,0.01257480587810278,0.012013065628707409,0.011838534846901894,0.011431163176894188,0.011090444400906563,0.0107071902602911,0.010342655703425407,0.0100238136947155,0.009354121051728725,0.009011919610202312,0.008693882264196873,0.008320710621774197,0.007826478220522404,0.007293735630810261,0.006844785064458847,0.006605770438909531,0.006085383705794811,0.005593415349721909,0.005345071665942669,0.004925159737467766,0.00440345611423254,0.003976679407060146,0.0034697744995355606,0.00337104219943285,0.002956598997116089,0.0025514429435133934,0.002027529291808605,0.0018486026674509048,0.0016246968880295753,0.0015219561755657196,0.0011043800041079521,0.000651039183139801,0.0,0.0,0.0,0.0,0.0,0.0,0.0,0.0,0.0,0.0,0.0,0.0,0.0,0.0,0.0,0.0,0.0,0.0,0.20542930532246828
39,0.012445797212421894,0.012045718729496002,0.011677676811814308,0.011331499554216862,0.010978066362440586,0.010479390621185303,0.010135571472346783,0.00966760702431202,0.009495064616203308,0.008890083990991116,0.008434584364295006,0.007913017645478249,0.007579918019473553,0.0073049431666731834,0.007066622376441956,0.006918261758983135,0.006639797240495682,0.0066865915432572365,0.0062734344974160194,0.005714168772101402,0.005285011604428291,0.005085368640720844,0.004937155172228813,0.00492868572473526,0.004445068538188934,0.0038982881233096123,0.003782551735639572,0.0033636558800935745,0.0029253996908664703,0.002890685573220253,0.0023906370624899864,0.002251729369163513,0.001843172125518322,0.001333463005721569,0.0010026535019278526,0.0,0.0,0.0,0.0,0.0,0.0,0.0,0.0,0.0,0.0,0.0,0.0,0.0,0.0,0.0,0.22804134152829647
40,0.012563416734337807,0.012084320187568665,0.011869440786540508,0.011526537127792835,0.01140019204467535,0.010838639922440052,0.010463180020451546,0.010070225223898888,0.009572937153279781,0.009189191274344921,0.00857535284012556,0.008324714377522469,0.00776942353695631,0.007563954219222069,0.007021772675216198,0.006515701301395893,0.006186698563396931,0.005643552169203758,0.005547298118472099,0.005054814741015434,0.004634948447346687,0.004120354540646076,0.0036514652892947197,0.00324143934994936,0.0027778763324022293,0.0023610303178429604,0.0018498525023460388,0.0017453692853450775,0.0013266559690237045,0.0007804865017533302,0.0006697103381156921,0.0,0.0,0.0,0.0,0.0,0.0,0.0,0.0,0.0,0.0,0.0,0.0,0.0,0.0,0.0,0.0,0.0,0.0,0.0,0.20494055189192295
41,0.012298081070184708,0.011844778433442116,0.011589358560740948,0.011191900819540024,0.01103241927921772,0.010551691986620426,0.010290518403053284,0.00978840608149767,0.00922331865876913,0.008913430385291576,0.008381078019738197,0.008006000891327858,0.007626947946846485,0.007148469798266888,0.006714224815368652,0.006302001886069775,0.005829485133290291,0.0053313784301280975,0.0049081118777394295,0.004478229209780693,0.004227848723530769,0.003986516036093235,0.0034798355773091316,0.003350205719470978,0.0028502987697720528,0.0027718637138605118,0.002244420349597931,0.0021604225039482117,0.0018009087070822716,0.0013802796602249146,0.0009686658158898354,0.00038674287497997284,0.0,0.0,0.0,0.0,0.0,0.0,0.0,0.0,0.0,0.0,0.0,0.0,0.0,0.0,0.0,0.0,0.0,0.0,0.20105784013867378
42,0.012246968224644661,0.011874732561409473,0.011679220013320446,0.011297794058918953,0.010854721069335938,0.01044469978660345,0.009992806240916252,0.00983459036797285,0.009324860759079456,0.008725825697183609,0.008278217166662216,0.007195820100605488,0.007341234013438225,0.007127921096980572,0.0066799139603972435,0.006106361746788025,0.006116674281656742,0.005864662118256092,0.005456766113638878,0.005021658726036549,0.004587871953845024,0.004053832031786442,0.005577714182436466,0.003247195854783058,0.0028102854266762733,0.002309775911271572,0.0020791059359908104,0.001909489743411541,0.0017127124592661858,0.0014585694298148155,0.0012424923479557037,0.0010646060109138489,0.0008939029648900032,0.0005507227033376694,0.0,0.0,0.0,0.0,0.0,0.0,0.0,0.0,0.0,0.0,0.0,0.0,0.0,0.0,0.0,0.0,0.20496372506022453
43,0.012276051566004753,0.011857046745717525,0.011653858236968517,0.01135591883212328,0.010727944783866405,0.010574910789728165,0.010154702700674534,0.009677653200924397,0.009257137775421143,0.008894908241927624,0.008353251032531261,0.007917521521449089,0.007534348405897617,0.007169920019805431,0.006607610732316971,0.0061121294274926186,0.006057417951524258,0.0057120611891150475,0.005086135119199753,0.0051430705934762955,0.004574003629386425,0.00417755264788866,0.0037360889837145805,0.0036141835153102875,0.0032341163605451584,0.0027902452275156975,0.0022833505645394325,0.0020572692155838013,0.0019338689744472504,0.0017023822292685509,0.001483340747654438,0.001268785446882248,0.001077735796570778,0.0009021898731589317,0.0,0.0,0.0,0.0,0.0,0.0,0.0,0.0,0.0,0.0,0.0,0.0,0.0,0.0,0.0,0.0,0.20695871207863092
44,0.012264209799468517,0.011829106137156487,0.011525224894285202,0.011317768134176731,0.011045188643038273,0.010525587014853954,0.010183589532971382,0.009731327183544636,0.009395752102136612,0.00900229997932911,0.008453854359686375,0.007920468226075172,0.007512968964874744,0.007030067965388298,0.0067305536940693855,0.0063592856749892235,0.005844702012836933,0.005422993563115597,0.0049617113545536995,0.004922209307551384,0.0046882061287760735,0.004331248812377453,0.0038563990965485573,0.00338166207075119,0.0033322731032967567,0.0028811730444431305,0.0025060083717107773,0.002134953625500202,0.0018207784742116928,0.0012006359174847603,0.000645083375275135,0.0004009883850812912,0.0,0.0,0.0,0.0,0.0,0.0,0.0,0.0,0.0,0.0,0.0,0.0,0.0,0.0,0.0,0.0,0.0,0.0,0.20315827894955873
45,0.012206833809614182,0.011872596107423306,0.011573509313166142,0.011216199025511742,0.011013147421181202,0.010226995684206486,0.010320118628442287,0.009403683245182037,0.009431646205484867,0.008731011301279068,0.008236102759838104,0.007765144109725952,0.007319202646613121,0.007413941435515881,0.007080570794641972,0.006673150695860386,0.0061594340950250626,0.005626427009701729,0.005368351005017757,0.004776116460561752,0.004536204971373081,0.004382419399917126,0.004159628413617611,0.004086889326572418,0.0036490848287940025,0.0032004350796341896,0.002718311734497547,0.0026021720841526985,0.0021821195259690285,0.002020062878727913,0.0015525799244642258,0.0010389406234025955,0.0008226064965128899,0.0005699926987290382,0.00036294013261795044,0.0,0.0,0.0,0.0,0.0,0.0,0.0,0.0,0.0,0.0,0.0,0.0,0.0,0.0,0.0,0.21029856987297535
46,0.012561535462737083,0.01206450816243887,0.011734540574252605,0.01140567846596241,0.011053061112761497,0.010622839443385601,0.01033478882163763,0.009644346311688423,0.00928869005292654,0.008996370248496532,0.00859113596379757,0.008293256163597107,0.007854830473661423,0.007386717014014721,0.007016913965344429,0.006690097041428089,0.006150021217763424,0.005859521217644215,0.005190975032746792,0.004897295497357845,0.0044089024886488914,0.004107029177248478,0.003813931718468666,0.003384089097380638,0.0028713149949908257,0.002454463392496109,0.0019386429339647293,0.0015064356848597527,0.0011067399755120277,0.0007318127900362015,0.0,0.0,0.0,0.0,0.0,0.0,0.0,0.0,0.0,0.0,0.0,0.0,0.0,0.0,0.0,0.0,0.0,0.0,0.0,0.0,0.20196048449724913
47,0.012538282200694084,0.012089837342500687,0.011830763891339302,0.011530344374477863,0.011157559230923653,0.010783561505377293,0.01044252049177885,0.009947049431502819,0.009489300660789013,0.008856906555593014,0.008414734154939651,0.008144921623170376,0.008246427401900291,0.007696133106946945,0.007352512329816818,0.006809873506426811,0.006526610814034939,0.006069504655897617,0.00563725084066391,0.005067094229161739,0.004917684942483902,0.004722030833363533,0.0046502985060215,0.004059784114360809,0.0039182258769869804,0.0037453854456543922,0.003673831932246685,0.0033087357878684998,0.0029331548139452934,0.002552088350057602,0.0020745722576975822,0.0016206856817007065,0.0011974526569247246,0.0006728572770953178,0.0,0.0,0.0,0.0,0.0,0.0,0.0,0.0,0.0,0.0,0.0,0.0,0.0,0.0,0.0,0.0,0.2226779768243432
48,0.012500516138970852,0.012255307286977768,0.011821753345429897,0.011569131165742874,0.01098579727113247,0.010664098896086216,0.010379859246313572,0.00986478291451931,0.009557320736348629,0.009078330360352993,0.00886312685906887,0.00830773077905178,0.007928521372377872,0.0072196004912257195,0.007081901654601097,0.006572389975190163,0.006409367546439171,0.006236838176846504,0.00606869999319315,0.0055836839601397514,0.005566081032156944,0.005108560435473919,0.0047300588339567184,0.004178835079073906,0.004099959507584572,0.003723565489053726,0.003260284662246704,0.0026982566341757774,0.002491142600774765,0.0023367488756775856,0.002155075781047344,0.0019406462088227272,0.001715146005153656,0.0015267590060830116,0.0013416409492492676,0.0,0.0,0.0,0.0,0.0,0.0,0.0,0.0,0.0,0.0,0.0,0.0,0.0,0.0,0.0,0.22582151927053928
49,0.012506947852671146,0.012180820107460022,0.011697123758494854,0.011395920068025589,0.011045511811971664,0.010750407353043556,0.010232868604362011,0.009884229861199856,0.009573187679052353,0.009089627303183079,0.008675001561641693,0.008288957178592682,0.007933131419122219,0.007434244267642498,0.006893300451338291,0.00627640075981617,0.006035216152667999,0.005919881165027618,0.005721983499825001,0.005680077709257603,0.00542326457798481,0.004783782176673412,0.004386058077216148,0.004056287929415703,0.003528694622218609,0.003336738795042038,0.0030626291409134865,0.0026135286316275597,0.002087005414068699,0.0018561100587248802,0.0016698949038982391,0.0016025491058826447,0.0010485192760825157,0.0008553992956876755,0.0006528375670313835,0.0,0.0,0.0,0.0,0.0,0.0,0.0,0.0,0.0,0.0,0.0,0.0,0.0,0.0,0.0,0.2181781381368637
50,0.012559032067656517,0.012108073569834232,0.011691772378981113,0.011472093872725964,0.011162024922668934,0.01074464526027441,0.010296202264726162,0.009838081896305084,0.009436851367354393,0.008962946943938732,0.008869627490639687,0.008051285520195961,0.007762391120195389,0.007288345135748386,0.006846854463219643,0.006337686441838741,0.006268267519772053,0.005826205015182495,0.005483286455273628,0.004926628433167934,0.004773038439452648,0.004405784420669079,0.003909001126885414,0.003818787634372711,0.003418336622416973,0.002949599176645279,0.002914329059422016,0.0024926653131842613,0.0020295996218919754,0.0014717932790517807,0.001390126533806324,0.0009730793535709381,0.0004057725891470909,0.0,0.0,0.0,0.0,0.0,0.0,0.0,0.0,0.0,0.0,0.0,0.0,0.0,0.0,0.0,0.0,0.0,0.21088421531021595

total time per move x,0.6182114537805319,0.5940180039033294,0.5826976848766208,0.5680691385641694,0.5514484792947769,0.5300349108874798,0.5108329579234123,0.4886732501909137,0.4692957801744342,0.44390306156128645,0.42452894523739815,0.40220264438539743,0.3843308733776212,0.3664456168189645,0.3457451490685344,0.3245688658207655,0.3055709423497319,0.28748571779578924,0.27059110905975103,0.2507945168763399,0.23587141558527946,0.21619695704430342,0.20292323175817728,0.18413821887224913,0.1663607358932495,0.1493056770414114,0.13275867141783237,0.11482710484415293,0.0988730750977993,0.07923618331551552,0.05953999515622854,0.03997361846268177,0.02457567024976015,0.013796758837997913,0.005217127501964569,0,0,0,0,0,0,0,0,0,0,0,0,0,0,0,10.443043543025851
average time per move x,0.012364229075610638,0.011880360078066587,0.011653953697532415,0.011361382771283388,0.011028969585895538,0.010600698217749595,0.010216659158468247,0.009773465003818274,0.009385915603488684,0.008878061231225729,0.008490578904747963,0.008044052887707948,0.007686617467552424,0.00732891233637929,0.0069149029813706875,0.00649137731641531,0.006111418846994638,0.005749714355915785,0.005411822181195021,0.0050158903375267985,0.004717428311705589,0.004323939140886068,0.004058464635163545,0.0036827643774449827,0.0033272147178649903,0.002986113540828228,0.0026551734283566473,0.0023434103029418966,0.0020178178591387613,0.0016858762407556494,0.0014176189322911558,0.001110378290630049,0.000983026809990406,0.0009197839225331942,0.0007453039288520813,nan,nan,nan,nan,nan,nan,nan,nan,nan,nan,nan,nan,nan,nan,nan,0.20886087086051702
std of time per move x,0.00019661512994160804,0.00036527779155016613,0.00010906214425145825,0.00012817348664567353,0.00013888319920750953,0.0001296078827399399,0.0001328808745111722,0.00016499555346280372,0.0001450413244957428,0.00040689696174684673,0.00035683244892612995,0.0002502595011287883,0.00024717868138289214,0.00021057508823736206,0.00021813536601918433,0.00024645052087386514,0.0002453851761347641,0.00029816237043703997,0.00039869383872511246,0.0003099668325779515,0.00048557876621945666,0.0003755491025459923,0.00047202572959998036,0.00045565843926361247,0.0005138651917131183,0.0005220969288100263,0.0005780333389428204,0.0005809552816179657,0.0005866898757318307,0.0005869141738290062,0.0005919503758943211,0.0006284686421759004,0.0005125279830202709,0.00029040946261652033,0.0003557499483886683,nan,nan,nan,nan,nan,nan,nan,nan,nan,nan,nan,nan,nan,nan,nan,0.007669129591798732
err of average time,2.780557833311705e-05,5.165808068439373e-05,1.5423716354190313e-05,1.8126468315095825e-05,1.9641050390502427e-05,1.8329322556128478e-05,1.8792193491369705e-05,2.333389494383521e-05,2.0511940820643648e-05,5.754392017907971e-05,5.046372887661377e-05,3.539203806090573e-05,3.495634435411841e-05,2.977981456831886e-05,3.0848999305754966e-05,3.4853366907373366e-05,3.470270440950941e-05,4.216652680613727e-05,5.638382339596455e-05,4.3835929851756956e-05,6.867120767879501e-05,5.311066341575865e-05,6.675451885893474e-05,6.443983446163579e-05,7.267151233521425e-05,7.383565575964794e-05,8.174625874367407e-05,8.299361165970938e-05,8.381283939026154e-05,8.56102309755618e-05,9.133992601181329e-05,0.0001047447736959834,0.00010250559660405419,7.498340081965524e-05,0.0001344608417657828,nan,nan,nan,nan,nan,nan,nan,nan,nan,nan,nan,nan,nan,nan,nan,0.0010845787080318605
