Contains move time for player Edax4; opponent is MCTSMaxIter2
Colums refer to move number, rows to game number
game,1,2,3,4,5,6,7,8,9,10,11,12,13,14,15,16,17,18,19,20,21,22,23,24,25,26,27,28,29,30,31,32,33,34,35,36,37,38,39,40,41,42,43,44,45,46,47,48,49,50,total
1,0.411539108492434,0.11861574649810791,0.11917050555348396,0.11944219097495079,0.11901563592255116,0.11970178503543139,0.1194274565204978,0.11938725039362907,0.11815294530242682,0.11838749703019857,0.11776381637901068,0.11772351153194904,0.11825646739453077,0.11699891649186611,0.10865979734808207,0.10842615365982056,0.11669082846492529,0.10543745942413807,0.10733168758451939,0.10714176390320063,0.1165428776293993,0.10462619084864855,0.10590102802962065,0.10562759265303612,0.10522106289863586,0.10476716794073582,0.10254322085529566,0.10498747788369656,0.10179715324193239,0.10220120754092932,0.10234785825014114,0.0002508563920855522,0.0,0.0,0.0,0.0,0.0,0.0,0.0,0.0,0.0,0.0,0.0,0.0,0.0,0.0,0.0,0.0,0.0,0.0,3.764084218069911
2,0.11921635549515486,0.1185820521786809,0.11949705798178911,0.11896119825541973,0.10832803975790739,0.10768777783960104,0.10831006150692701,0.10845404304563999,0.10814378410577774,0.10609608050435781,0.105600799433887,0.1122543215751648,0.1463966779410839,0.10903027094900608,0.11086900159716606,0.10471914429217577,0.10564713552594185,0.10824010614305735,0.10752438753843307,0.10860759764909744,0.10647278092801571,0.10702972207218409,0.10639438778162003,0.10514420829713345,0.10565018560737371,0.10505379550158978,0.10410641599446535,0.10448154620826244,0.10378325916826725,0.1028345488011837,0.001119900494813919,0.0008464697748422623,0.0,0.0,0.0,0.0,0.0,0.0,0.0,0.0,0.0,0.0,0.0,0.0,0.0,0.0,0.0,0.0,0.0,0.0,3.2950831139460206

total time per move x,0.5307554639875889,0.2371977986767888,0.23866756353527308,0.23840338923037052,0.22734367568045855,0.22738956287503242,0.2277375180274248,0.22784129343926907,0.22629672940820456,0.2244835775345564,0.22336461581289768,0.22997783310711384,0.2646531453356147,0.2260291874408722,0.21952879894524813,0.21314529795199633,0.22233796399086714,0.21367756556719542,0.21485607512295246,0.21574936155229807,0.223015658557415,0.21165591292083263,0.21229541581124067,0.21077180095016956,0.21087124850600958,0.2098209634423256,0.206649636849761,0.209469024091959,0.20558041241019964,0.20503575634211302,0.10346775874495506,0.0010973261669278145,0,0,0,0,0,0,0,0,0,0,0,0,0,0,0,0,0,0,7.059167332015932
average time per move x,0.26537773199379444,0.1185988993383944,0.11933378176763654,0.11920169461518526,0.11367183784022927,0.11369478143751621,0.1138687590137124,0.11392064671963453,0.11314836470410228,0.1122417887672782,0.11168230790644884,0.11498891655355692,0.13232657266780734,0.1130145937204361,0.10976439947262406,0.10657264897599816,0.11116898199543357,0.10683878278359771,0.10742803756147623,0.10787468077614903,0.1115078292787075,0.10582795646041632,0.10614770790562034,0.10538590047508478,0.10543562425300479,0.1049104817211628,0.1033248184248805,0.1047345120459795,0.10279020620509982,0.10251787817105651,0.05173387937247753,0.0005486630834639072,nan,nan,nan,nan,nan,nan,nan,nan,nan,nan,nan,nan,nan,nan,nan,nan,nan,nan,3.529583666007966
std of time per move x,0.20670340093949627,2.38254817543068e-05,0.0002309074364675048,0.00034011321368177113,0.007557271722602943,0.008495185957395615,0.007861185403225413,0.0077309450558816694,0.007077545756139819,0.008691343975810397,0.008600551761583834,0.003867301306039503,0.019898133701484924,0.0056346833002282855,0.001562143305553428,0.002621251461783684,0.007809070166497184,0.0019817705002180487,0.00013625944414670445,0.0010365009818157174,0.0071206336647526205,0.0016995532269555784,0.00034885802620327367,0.00034180435597827076,0.0003034355773096736,0.00020267629195479362,0.0011053458832247388,0.0003577477185165324,0.0014043889686661676,0.0004478398999311083,0.07157897537445725,0.00042116226191272837,nan,nan,nan,nan,nan,nan,nan,nan,nan,nan,nan,nan,nan,nan,nan,nan,nan,nan,0.33163386110998094
err of average time,0.14616137649863958,1.68471597135067e-05,0.00016327621415257454,0.0002404963597655296,0.005343798082321881,0.006007003597915172,0.005558697506785393,0.00546660367399454,0.005004580598324537,0.00614570826292038,0.006081508472561835,0.002734594978392124,0.014070105273276566,0.0039843227714300156,0.001104602124541998,0.0018535046838223932,0.00552184646949172,0.0014013233594596386,9.634997695684433e-05,0.0007329168729484081,0.0050350483506917945,0.0012017656117677689,0.0002466798759996891,0.00024169217795133588,0.0002145613543689251,0.00014331378042697906,0.0007815975695848464,0.0002529658377170563,0.0009930529631674288,0.00031667063012719154,0.05061397887766361,0.000297806691378355,nan,nan,nan,nan,nan,nan,nan,nan,nan,nan,nan,nan,nan,nan,nan,nan,nan,nan,0.23450055206194517
