Contains move time for player DynamicBoard2; opponent is Edax3
Colums refer to move number, rows to game number
game,1,2,3,4,5,6,7,8,9,10,11,12,13,14,15,16,17,18,19,20,21,22,23,24,25,26,27,28,29,30,31,32,33,34,35,36,37,38,39,40,41,42,43,44,45,46,47,48,49,50,total
1,0.04232509061694145,0.03271544445306063,0.06568846572190523,0.07872126810252666,0.09592094458639622,0.09900019131600857,0.10687980148941278,0.0840549673885107,0.08224005065858364,0.06047471333295107,0.07620603125542402,0.07313484605401754,0.07101387716829777,0.053615761920809746,0.032874610275030136,0.01946972031146288,0.03427596855908632,0.02592451125383377,0.0038879113271832466,0.0,0.0,0.0,0.0,0.0,0.0,0.0,0.0,0.0,0.0,0.0,0.0,0.0,0.0,0.0,0.0,0.0,0.0,0.0,0.0,0.0,0.0,0.0,0.0,0.0,0.0,0.0,0.0,0.0,0.0,0.0,1.1384241757914424
2,0.04137653857469559,0.058845169842243195,0.05741531774401665,0.07118028122931719,0.0972743071615696,0.08472820557653904,0.07490648049861193,0.07064054068177938,0.05559350736439228,0.0614159032702446,0.039157383143901825,0.05170640256255865,0.02368239499628544,0.029313616454601288,0.02840491570532322,0.04406396113336086,0.04158429428935051,0.043483112938702106,0.027220994234085083,0.026252740994095802,0.01951573323458433,0.013279209844768047,0.008054007776081562,0.010902351699769497,0.006112965755164623,0.005028688348829746,0.004190870560705662,0.001421482302248478,0.0012045064941048622,0.004181738011538982,0.0009685093536973,0.0,0.0,0.0,0.0,0.0,0.0,0.0,0.0,0.0,0.0,0.0,0.0,0.0,0.0,0.0,0.0,0.0,0.0,0.0,1.1031061317771673

total time per move x,0.08370162919163704,0.09156061429530382,0.12310378346592188,0.14990154933184385,0.1931952517479658,0.1837283968925476,0.1817862819880247,0.1546955080702901,0.13783355802297592,0.12189061660319567,0.11536341439932585,0.1248412486165762,0.0946962721645832,0.08292937837541103,0.061279525980353355,0.06353368144482374,0.07586026284843683,0.06940762419253588,0.03110890556126833,0.026252740994095802,0.01951573323458433,0.013279209844768047,0.008054007776081562,0.010902351699769497,0.006112965755164623,0.005028688348829746,0.004190870560705662,0.001421482302248478,0.0012045064941048622,0.004181738011538982,0.0009685093536973,0,0,0,0,0,0,0,0,0,0,0,0,0,0,0,0,0,0,0,2.2415303075686097
average time per move x,0.04185081459581852,0.04578030714765191,0.06155189173296094,0.07495077466592193,0.0965976258739829,0.0918641984462738,0.09089314099401236,0.07734775403514504,0.06891677901148796,0.060945308301597834,0.057681707199662924,0.0624206243082881,0.0473481360822916,0.04146468918770552,0.030639762990176678,0.03176684072241187,0.037930131424218416,0.03470381209626794,0.015554452780634165,0.026252740994095802,0.01951573323458433,0.013279209844768047,0.008054007776081562,0.010902351699769497,0.006112965755164623,0.005028688348829746,0.004190870560705662,0.001421482302248478,0.0012045064941048622,0.004181738011538982,0.0009685093536973,nan,nan,nan,nan,nan,nan,nan,nan,nan,nan,nan,nan,nan,nan,nan,nan,nan,nan,nan,1.1207651537843049
std of time per move x,0.0006707275813803995,0.018476506013233293,0.005849999036924791,0.00533228295488516,0.0009569718543091843,0.010091817897376607,0.02260855208964947,0.009485432090059642,0.018841951458503637,0.0006655217870447962,0.026197350313451523,0.015152197703083322,0.0334684120074401,0.01718421185653791,0.0031605513400724487,0.01739075446329907,0.0051677666829899336,0.012415806319523938,0.01649898114945821,nan,nan,nan,nan,nan,nan,nan,nan,nan,nan,nan,nan,nan,nan,nan,nan,nan,nan,nan,nan,nan,nan,nan,nan,nan,nan,nan,nan,nan,nan,nan,0.024973628420738858
err of average time,0.0004742760211229324,0.013064862694591282,0.004136573988944292,0.003770493436604738,0.000676681287586689,0.007135992869734764,0.01598666049540043,0.006707213353365659,0.01332327164709568,0.00047059496864676476,0.018524324055761095,0.010714221745729446,0.023665741086006165,0.012151072733104227,0.0022348472848534584,0.01229712041094899,0.003654162865132093,0.008779300842434166,0.011666541453450918,nan,nan,nan,nan,nan,nan,nan,nan,nan,nan,nan,nan,nan,nan,nan,nan,nan,nan,nan,nan,nan,nan,nan,nan,nan,nan,nan,nan,nan,nan,nan,0.017659022007137534
