Contains move time for player DynamicBoard2; opponent is Edax4
Colums refer to move number, rows to game number
game,1,2,3,4,5,6,7,8,9,10,11,12,13,14,15,16,17,18,19,20,21,22,23,24,25,26,27,28,29,30,31,32,33,34,35,36,37,38,39,40,41,42,43,44,45,46,47,48,49,50,total
1,0.04230807442218065,0.0324630131945014,0.0658484660089016,0.07879118528217077,0.09560139942914248,0.10033086314797401,0.10821952950209379,0.08384681772440672,0.08285141550004482,0.08013878855854273,0.07019003387540579,0.04949220363050699,0.05342844221740961,0.03342018462717533,0.03819294273853302,0.051986703649163246,0.04070247616618872,0.03250952623784542,0.026897920295596123,0.020857135765254498,0.014359673485159874,0.012884236872196198,0.003178577870130539,0.007038744166493416,0.006255614571273327,0.0052360594272613525,0.0018660975620150566,0.0036714719608426094,0.001265052706003189,0.0010100072249770164,0.0016402732580900192,0.00041084643453359604,0.0,0.0,0.0,0.0,0.0,0.0,0.0,0.0,0.0,0.0,0.0,0.0,0.0,0.0,0.0,0.0,0.0,0.0,1.246893777512014
2,0.04860865976661444,0.05807298142462969,0.07268122583627701,0.08075307309627533,0.08933936338871717,0.06800830829888582,0.07385037839412689,0.05841861665248871,0.058900714851915836,0.05420102830976248,0.03984547685831785,0.05014776438474655,0.04134648758918047,0.040699999779462814,0.044633081182837486,0.031229239888489246,0.024156500585377216,0.03152369428426027,0.021293962374329567,0.024597786366939545,0.013858096674084663,0.008630300872027874,0.0034263385459780693,0.007135961204767227,0.009524347260594368,0.005583195015788078,0.004707979038357735,0.0037692049518227577,0.0025902455672621727,0.0007957043126225471,0.0005976269021630287,0.0003806706517934799,0.0,0.0,0.0,0.0,0.0,0.0,0.0,0.0,0.0,0.0,0.0,0.0,0.0,0.0,0.0,0.0,0.0,0.0,1.0733080143108964

total time per move x,0.09091673418879509,0.09053599461913109,0.1385296918451786,0.1595442583784461,0.18494076281785965,0.16833917144685984,0.18206990789622068,0.14226543437689543,0.14175213035196066,0.1343398168683052,0.11003551073372364,0.09963996801525354,0.09477492980659008,0.07412018440663815,0.0828260239213705,0.08321594353765249,0.06485897675156593,0.0640332205221057,0.04819188266992569,0.04545492213219404,0.028217770159244537,0.02151453774422407,0.006604916416108608,0.014174705371260643,0.015779961831867695,0.01081925444304943,0.006574076600372791,0.007440676912665367,0.003855298273265362,0.0018057115375995636,0.002237900160253048,0.000791517086327076,0,0,0,0,0,0,0,0,0,0,0,0,0,0,0,0,0,0,2.3202017918229103
average time per move x,0.045458367094397545,0.045267997309565544,0.0692648459225893,0.07977212918922305,0.09247038140892982,0.08416958572342992,0.09103495394811034,0.07113271718844771,0.07087606517598033,0.0671699084341526,0.05501775536686182,0.04981998400762677,0.04738746490329504,0.03706009220331907,0.04141301196068525,0.041607971768826246,0.03242948837578297,0.03201661026105285,0.024095941334962845,0.02272746106609702,0.014108885079622269,0.010757268872112036,0.003302458208054304,0.0070873526856303215,0.007889980915933847,0.005409627221524715,0.0032870383001863956,0.0037203384563326836,0.001927649136632681,0.0009028557687997818,0.001118950080126524,0.000395758543163538,nan,nan,nan,nan,nan,nan,nan,nan,nan,nan,nan,nan,nan,nan,nan,nan,nan,nan,1.1601008959114552
std of time per move x,0.004455186622493708,0.018108982201495757,0.004831490808156177,0.001387264177280585,0.004427928148219288,0.022855497719064383,0.024302659812068538,0.017980453411328264,0.016935702842461046,0.018340766160703386,0.021456842038884715,0.00046355145480256,0.008543232047609019,0.005147606659967058,0.004553865565747871,0.014677743385406599,0.011699771534538836,0.0006970884594904398,0.003962596647611651,0.002645039406501036,0.0003546683643972052,0.0030079869924526,0.0001751932540031508,6.874282701028413e-05,0.0023113430505050485,0.0002454619286384309,0.0020095136632503445,6.910766066770655e-05,0.0009370528585762309,0.0001515350425538716,0.0007372623086554177,2.1337500603148086e-05,nan,nan,nan,nan,nan,nan,nan,nan,nan,nan,nan,nan,nan,nan,nan,nan,nan,nan,0.12274367027695246
err of average time,0.0031502926722168922,0.012804984115064142,0.0034163799136877056,0.0009809439070522785,0.0031310180202126503,0.016161277424544093,0.01718457555398345,0.012714100535959005,0.011975350324064493,0.012968880124390124,0.015172278508543968,0.00032778037711977953,0.006040977314114571,0.003639907576143741,0.003220069222152233,0.010378731880336998,0.00827298779040575,0.0004929159767925739,0.002801978960633278,0.0018703253008425236,0.0002507884055376053,0.0021269680000841618,0.00012388033792376518,4.860851913690567e-05,0.0016343663446605206,0.00017356779426336288,0.0014209407381713388,4.886649549007415e-05,0.0006625964306294917,0.00010715145617723464,0.0005213231779634953,1.5087891370058058e-05,nan,nan,nan,nan,nan,nan,nan,nan,nan,nan,nan,nan,nan,nan,nan,nan,nan,nan,0.08679288160055876
