Contains move time for player AlphaBeta3; opponent is Edax2
Colums refer to move number, rows to game number
game,1,2,3,4,5,6,7,8,9,10,11,12,13,14,15,16,17,18,19,20,21,22,23,24,25,26,27,28,29,30,31,32,33,34,35,36,37,38,39,40,41,42,43,44,45,46,47,48,49,50,total
1,0.19936484470963478,0.1550582805648446,0.2921836394816637,0.32658919505774975,0.45311681274324656,0.43732122145593166,0.6823753109201789,0.28013051208108664,0.6090247221291065,0.2912215795367956,0.49974781461060047,0.515463225543499,0.4049072153866291,0.44916229136288166,0.5418194765225053,0.28446691296994686,0.3371983962133527,0.1666597742587328,0.19291837327182293,0.28608120139688253,0.1846833098679781,0.35030190739780664,0.19564488716423512,0.20097360759973526,0.1237435219809413,0.059905548579990864,0.039441490545868874,0.0013967528939247131,0.0009368527680635452,0.0007030703127384186,0.0005640164017677307,0.0,0.0,0.0,0.0,0.0,0.0,0.0,0.0,0.0,0.0,0.0,0.0,0.0,0.0,0.0,0.0,0.0,0.0,0.0,8.563105765730143
2,0.17208226025104523,0.2568662781268358,0.31535437889397144,0.457547590136528,0.3870135135948658,0.43596279341727495,0.29577165096998215,0.4421905381605029,0.32220741361379623,0.3224277049303055,0.47707938496023417,0.4273088648915291,0.3722393335774541,0.5400772094726562,0.26340988650918007,0.006369033828377724,0.14868009183555841,0.10527423862367868,0.004803691990673542,0.005001969635486603,0.0045395903289318085,0.004372539930045605,0.11689746100455523,0.003489452414214611,0.0031718797981739044,0.0026722801849246025,0.0024802200496196747,0.002384052611887455,0.0020527252927422523,0.02421345841139555,0.011571548879146576,0.0006845593452453613,0.0004997765645384789,0.0,0.0,0.0,0.0,0.0,0.0,0.0,0.0,0.0,0.0,0.0,0.0,0.0,0.0,0.0,0.0,0.0,5.936697372235358

total time per move x,0.37144710496068,0.41192455869168043,0.6075380183756351,0.7841367851942778,0.8401303263381124,0.8732840148732066,0.978146961890161,0.7223210502415895,0.9312321357429028,0.6136492844671011,0.9768271995708346,0.9427720904350281,0.7771465489640832,0.9892395008355379,0.8052293630316854,0.2908359467983246,0.4858784880489111,0.2719340128824115,0.19772206526249647,0.29108317103236914,0.1892229001969099,0.35467444732785225,0.31254234816879034,0.20446306001394987,0.1269154017791152,0.06257782876491547,0.04192171059548855,0.003780805505812168,0.0029895780608057976,0.02491652872413397,0.012135565280914307,0.0006845593452453613,0.0004997765645384789,0,0,0,0,0,0,0,0,0,0,0,0,0,0,0,0,0,14.4998031379655
average time per move x,0.18572355248034,0.20596227934584022,0.3037690091878176,0.3920683925971389,0.4200651631690562,0.4366420074366033,0.4890734809450805,0.3611605251207948,0.4656160678714514,0.30682464223355055,0.4884135997854173,0.47138604521751404,0.3885732744820416,0.49461975041776896,0.4026146815158427,0.1454179733991623,0.24293924402445555,0.13596700644120574,0.09886103263124824,0.14554158551618457,0.09461145009845495,0.17733722366392612,0.15627117408439517,0.10223153000697494,0.0634577008895576,0.03128891438245773,0.020960855297744274,0.001890402752906084,0.0014947890304028988,0.012458264362066984,0.006067782640457153,0.0006845593452453613,0.0004997765645384789,nan,nan,nan,nan,nan,nan,nan,nan,nan,nan,nan,nan,nan,nan,nan,nan,nan,7.24990156898275
std of time per move x,0.019291700478963385,0.07198912545510748,0.0163841869635492,0.0926015692135111,0.046742091086622965,0.0009605536778881023,0.2733700695823222,0.11459374340002398,0.20281046381285,0.022066062880308546,0.016029000324624215,0.062334546208172484,0.023099680754268312,0.06428655510644127,0.19686530904578878,0.19664489617460046,0.13330257140332794,0.043406128514315225,0.13301716677464684,0.19875303082918827,0.1273808456742272,0.2446090015480269,0.05568283903849658,0.13964238530857814,0.0852570258062328,0.04047003219162106,0.026135565009168076,0.0006981263256350206,0.0007890410291400669,0.01662435485288796,0.007783500858885738,nan,nan,nan,nan,nan,nan,nan,nan,nan,nan,nan,nan,nan,nan,nan,nan,nan,nan,nan,1.8571511852054285
err of average time,0.013641292229294775,0.0509039987809956,0.011585369706153868,0.06547919753938913,0.03305164957419038,0.0006792140193283557,0.19330182997509834,0.08103001303970812,0.14340865425765514,0.015603062696754932,0.011334214825183153,0.044077180325984955,0.016333940904587504,0.045457459054887295,0.1392047950066626,0.13904893957078454,0.09425915218889713,0.030692767817527056,0.0940573406405747,0.14053961588069797,0.09007185976952314,0.1729646837338805,0.039373713079839945,0.09874207759276031,0.06028582109138369,0.028616634197533127,0.018480635248124596,0.0004936498589813708,0.0005579362623393535,0.011755194049328566,0.005503766238689422,nan,nan,nan,nan,nan,nan,nan,nan,nan,nan,nan,nan,nan,nan,nan,nan,nan,nan,nan,1.3132041967473922
