Contains move time for player DynamicBoard1; opponent is Edax2
Colums refer to move number, rows to game number
game,1,2,3,4,5,6,7,8,9,10,11,12,13,14,15,16,17,18,19,20,21,22,23,24,25,26,27,28,29,30,31,32,33,34,35,36,37,38,39,40,41,42,43,44,45,46,47,48,49,50,total
1,0.012274491600692272,0.011806774884462357,0.011675812304019928,0.011455346830189228,0.011180227622389793,0.010765409097075462,0.010536312125623226,0.010311972349882126,0.009971645660698414,0.009826808236539364,0.009256674908101559,0.00913737528026104,0.008458588272333145,0.007667239755392075,0.007113664411008358,0.007029271684587002,0.006392034702003002,0.005569580011069775,0.005345105193555355,0.005226951092481613,0.004594714380800724,0.0038982396945357323,0.003401094116270542,0.005033537745475769,0.0026022857055068016,0.002022547647356987,0.0019805599004030228,0.0016218237578868866,0.0010488275438547134,0.001116456463932991,0.0003427034243941307,0.0,0.0,0.0,0.0,0.0,0.0,0.0,0.0,0.0,0.0,0.0,0.0,0.0,0.0,0.0,0.0,0.0,0.0,0.0,0.2086640764027834
2,0.012536324560642242,0.01199076883494854,0.011739654466509819,0.011451653204858303,0.011315994895994663,0.011122798547148705,0.011142464354634285,0.01040059607475996,0.010477887466549873,0.00981123186647892,0.00921150203794241,0.008875655010342598,0.008254176005721092,0.007830707356333733,0.007284360937774181,0.0067192744463682175,0.006008841097354889,0.005515941418707371,0.005469170399010181,0.005144520662724972,0.004715112037956715,0.004172264598309994,0.0037298211827874184,0.003142373636364937,0.002712201327085495,0.0024514012038707733,0.00197709072381258,0.001578664407134056,0.0010250406339764595,0.0008209841325879097,0.0008680131286382675,0.0,0.0,0.0,0.0,0.0,0.0,0.0,0.0,0.0,0.0,0.0,0.0,0.0,0.0,0.0,0.0,0.0,0.0,0.0,0.20949649065732956

total time per move x,0.024810816161334515,0.023797543719410896,0.023415466770529747,0.02290700003504753,0.022496222518384457,0.021888207644224167,0.02167877648025751,0.020712568424642086,0.020449533127248287,0.019638040103018284,0.018468176946043968,0.018013030290603638,0.016712764278054237,0.015497947111725807,0.01439802534878254,0.01374854613095522,0.012400875799357891,0.011085521429777145,0.010814275592565536,0.010371471755206585,0.009309826418757439,0.008070504292845726,0.0071309152990579605,0.008175911381840706,0.005314487032592297,0.00447394885122776,0.003957650624215603,0.0032004881650209427,0.002073868177831173,0.0019374405965209007,0.0012107165530323982,0,0,0,0,0,0,0,0,0,0,0,0,0,0,0,0,0,0,0,0.41816056706011295
average time per move x,0.012405408080667257,0.011898771859705448,0.011707733385264874,0.011453500017523766,0.011248111259192228,0.010944103822112083,0.010839388240128756,0.010356284212321043,0.010224766563624144,0.009819020051509142,0.009234088473021984,0.009006515145301819,0.008356382139027119,0.007748973555862904,0.00719901267439127,0.00687427306547761,0.0062004378996789455,0.005542760714888573,0.005407137796282768,0.0051857358776032925,0.004654913209378719,0.004035252146422863,0.0035654576495289803,0.004087955690920353,0.0026572435162961483,0.00223697442561388,0.0019788253121078014,0.0016002440825104713,0.0010369340889155865,0.0009687202982604504,0.0006053582765161991,nan,nan,nan,nan,nan,nan,nan,nan,nan,nan,nan,nan,nan,nan,nan,nan,nan,nan,nan,0.20908028353005648
std of time per move x,0.00018514386151876968,0.000130103370086082,4.514322602221541e-05,2.6117875186594647e-06,9.600195982921283e-05,0.0002527125036713206,0.0004286143515650608,6.266643683512759e-05,0.00035796701383769065,1.1014156896010979e-05,3.1942042815193814e-05,0.00018506417763330377,0.00014454129987909512,0.00011558904913014285,0.00012070067160110472,0.00021920114929360399,0.0002709587963539978,3.792821239275673e-05,8.772734808640997e-05,5.82871158570425e-05,8.513399981397402e-05,0.00019376486767277144,0.00023244513789364443,0.0013372549658888853,7.772208137662851e-05,0.0003032452579468666,2.453078292235629e-06,3.0518269588935175e-05,1.681988527838663e-05,0.0002089304891471055,0.00037145005409412886,nan,nan,nan,nan,nan,nan,nan,nan,nan,nan,nan,nan,nan,nan,nan,nan,nan,nan,nan,0.0005886057641459385
err of average time,0.00013091647997498512,9.199697524309158e-05,3.1921081244945526e-05,1.846812665462494e-06,6.788363680243492e-05,0.0001786947250366211,0.0003030761145055294,4.431186243891716e-05,0.00025312090292572975,7.788185030221939e-06,2.258643507957458e-05,0.00013086013495922089,0.00010220613330602646,8.173380047082901e-05,8.534826338291168e-05,0.00015499861910939217,0.0001915968023240566,2.681929618120193e-05,6.203260272741318e-05,4.1215214878320694e-05,6.01988285779953e-05,0.0001370124518871307,0.00016436353325843808,0.000945582054555416,5.4957810789346695e-05,0.00021442677825689316,1.7345882952213285e-06,2.1579675376415253e-05,1.1893454939126967e-05,0.00014773616567254066,0.0002626548521220684,nan,nan,nan,nan,nan,nan,nan,nan,nan,nan,nan,nan,nan,nan,nan,nan,nan,nan,nan,0.00041620712727308273
