Contains move time for player StaticBoard2; opponent is Edax3
Colums refer to move number, rows to game number
game,1,2,3,4,5,6,7,8,9,10,11,12,13,14,15,16,17,18,19,20,21,22,23,24,25,26,27,28,29,30,31,32,33,34,35,36,37,38,39,40,41,42,43,44,45,46,47,48,49,50,total
1,0.04190913401544094,0.021424011327326298,0.06360839772969484,0.07813160493969917,0.09329310618340969,0.0981688080355525,0.10610116086900234,0.08210700657218695,0.0836756806820631,0.06187030021101236,0.07432383950799704,0.07240755204111338,0.06847046408802271,0.05271039716899395,0.03235416114330292,0.018594542518258095,0.03290904127061367,0.02585137728601694,0.003900524228811264,0.0,0.0,0.0,0.0,0.0,0.0,0.0,0.0,0.0,0.0,0.0,0.0,0.0,0.0,0.0,0.0,0.0,0.0,0.0,0.0,0.0,0.0,0.0,0.0,0.0,0.0,0.0,0.0,0.0,0.0,0.0,1.1118111098185182
2,0.041293790563941,0.05847050342708826,0.05578103382140398,0.0699344789609313,0.09504988323897123,0.08269598428159952,0.07426838390529156,0.07070616073906422,0.05520402919501066,0.06077780947089195,0.03984746336936951,0.0500177014619112,0.021936007775366306,0.028286876156926155,0.028003397397696972,0.043721060268580914,0.041167895309627056,0.04306262359023094,0.02685337048023939,0.02592484839260578,0.019021193496882915,0.013021365739405155,0.007779471576213837,0.010650573298335075,0.002544993534684181,0.0023555755615234375,0.007608747109770775,0.0063404543325304985,0.0013543423265218735,0.0011157393455505371,0.0018889829516410828,0.0008597709238529205,0.0,0.0,0.0,0.0,0.0,0.0,0.0,0.0,0.0,0.0,0.0,0.0,0.0,0.0,0.0,0.0,0.0,0.0,1.0875445120036602

total time per move x,0.08320292457938194,0.07989451475441456,0.11938943155109882,0.14806608390063047,0.18834298942238092,0.18086479231715202,0.1803695447742939,0.15281316731125116,0.13887970987707376,0.12264810968190432,0.11417130287736654,0.12242525350302458,0.09040647186338902,0.0809972733259201,0.06035755854099989,0.06231560278683901,0.07407693658024073,0.06891400087624788,0.030753894709050655,0.02592484839260578,0.019021193496882915,0.013021365739405155,0.007779471576213837,0.010650573298335075,0.002544993534684181,0.0023555755615234375,0.007608747109770775,0.0063404543325304985,0.0013543423265218735,0.0011157393455505371,0.0018889829516410828,0.0008597709238529205,0,0,0,0,0,0,0,0,0,0,0,0,0,0,0,0,0,0,2.1993556218221784
average time per move x,0.04160146228969097,0.03994725737720728,0.05969471577554941,0.07403304195031524,0.09417149471119046,0.09043239615857601,0.09018477238714695,0.07640658365562558,0.06943985493853688,0.06132405484095216,0.05708565143868327,0.06121262675151229,0.04520323593169451,0.04049863666296005,0.030178779270499945,0.031157801393419504,0.03703846829012036,0.03445700043812394,0.015376947354525328,0.02592484839260578,0.019021193496882915,0.013021365739405155,0.007779471576213837,0.010650573298335075,0.002544993534684181,0.0023555755615234375,0.007608747109770775,0.0063404543325304985,0.0013543423265218735,0.0011157393455505371,0.0018889829516410828,0.0008597709238529205,nan,nan,nan,nan,nan,nan,nan,nan,nan,nan,nan,nan,nan,nan,nan,nan,nan,nan,1.0996778109110892
std of time per move x,0.00043511352731434225,0.026195825782915544,0.005534782098367307,0.005796243365827178,0.001242228969020503,0.010940938600524445,0.022509172455038813,0.008061615399863477,0.02013249783807483,0.0007725076107226528,0.024378479358361606,0.015832015174307407,0.032904829617508485,0.01727003732808527,0.0030764545478585473,0.01776713108885742,0.0058398916958162725,0.012170188974381624,0.016230113231917056,nan,nan,nan,nan,nan,nan,nan,nan,nan,nan,nan,nan,nan,nan,nan,nan,nan,nan,nan,nan,nan,nan,nan,nan,nan,nan,nan,nan,nan,nan,nan,0.01715907587121272
err of average time,0.00030767172574996943,0.01852324604988098,0.0039136819541454315,0.004098562989383936,0.0008783885277807713,0.00773641187697649,0.015916388481855392,0.005700422916561365,0.01423582574352622,0.0005462453700602055,0.017238188069313765,0.011194925289601088,0.023267228156328198,0.012211760506033897,0.002175381872802973,0.01256325887516141,0.004129427019506693,0.008605623152107,0.011476423125714062,nan,nan,nan,nan,nan,nan,nan,nan,nan,nan,nan,nan,nan,nan,nan,nan,nan,nan,nan,nan,nan,nan,nan,nan,nan,nan,nan,nan,nan,nan,nan,0.012133298907428978
