Contains move time for player MCTSRemMaxIter0; opponent is Edax1
Colums refer to move number, rows to game number
game,1,2,3,4,5,6,7,8,9,10,11,12,13,14,15,16,17,18,19,20,21,22,23,24,25,26,27,28,29,30,31,32,33,34,35,36,37,38,39,40,41,42,43,44,45,46,47,48,49,50,total
1,7.75591341778636,6.94547660741955,6.5984796192497015,6.1637539975345135,5.751908777281642,5.328391741961241,4.86694450955838,4.600106875412166,4.127418989315629,3.7682420574128628,3.5097095342352986,3.1114416606724262,2.725124011747539,2.5509206047281623,2.2124516488984227,1.8529843930155039,3.8350000977516174e-05,0.005504777655005455,0.0055831726640462875,0.004880078136920929,1.1033780006691813,0.8688964797183871,3.5678036510944366e-05,0.0036221491172909737,0.003454785794019699,0.0035898489877581596,0.0029665594920516014,0.42751835007220507,2.9667280614376068e-05,0.0022859564051032066,0.0015341630205512047,0.0014075832441449165,0.0,0.0,0.0,0.0,0.0,0.0,0.0,0.0,0.0,0.0,0.0,0.0,0.0,0.0,0.0,0.0,0.0,0.0,74.30399404652417
2,7.812919100746512,5.555091544054449,6.238157283514738,6.029928243719041,5.989147495478392,5.558880659751594,5.012086852453649,4.785915080457926,4.382834520190954,3.9419932262971997,3.606543092057109,3.1518833031877875,3.283936530351639e-05,0.006967857480049133,0.006770340725779533,0.006871070712804794,0.006172267720103264,0.005986463278532028,1.8341061705723405,2.4585053324699402e-05,0.005182551220059395,0.005000363104045391,0.004821734502911568,0.004701821133494377,0.004534834995865822,0.0043775346130132675,0.8135644430294633,2.6839785277843475e-05,0.0036422163248062134,0.003494979813694954,0.0,0.0,0.0,0.0,0.0,0.0,0.0,0.0,0.0,0.0,0.0,0.0,0.0,0.0,0.0,0.0,0.0,0.0,0.0,0.0,64.78165931534022

total time per move x,15.568832518532872,12.500568151473999,12.83663690276444,12.193682241253555,11.741056272760034,10.887272401712835,9.879031362012029,9.386021955870092,8.510253509506583,7.7102352837100625,7.1162526262924075,6.263324963860214,2.7251568511128426,2.5578884622082114,2.2192219896242023,1.8598554637283087,0.00621061772108078,0.011491240933537483,1.8396893432363868,0.004904663190245628,1.1085605518892407,0.8738968428224325,0.004857412539422512,0.00832397025078535,0.007989620789885521,0.007967383600771427,0.8165310025215149,0.4275451898574829,0.0036718836054205894,0.0057809362187981606,0.0015341630205512047,0.0014075832441449165,0,0,0,0,0,0,0,0,0,0,0,0,0,0,0,0,0,0,139.0856533618644
average time per move x,7.784416259266436,6.2502840757369995,6.41831845138222,6.096841120626777,5.870528136380017,5.443636200856417,4.939515681006014,4.693010977935046,4.255126754753292,3.8551176418550313,3.5581263131462038,3.131662481930107,1.3625784255564213,1.2789442311041057,1.1096109948121011,0.9299277318641543,0.00310530886054039,0.005745620466768742,0.9198446716181934,0.002452331595122814,0.5542802759446204,0.43694842141121626,0.002428706269711256,0.004161985125392675,0.0039948103949427605,0.003983691800385714,0.40826550126075745,0.21377259492874146,0.0018359418027102947,0.0028904681093990803,0.0015341630205512047,0.0014075832441449165,nan,nan,nan,nan,nan,nan,nan,nan,nan,nan,nan,nan,nan,nan,nan,nan,nan,nan,69.5428266809322
std of time per move x,0.04030910498729434,0.9831507067659511,0.25478636701116847,0.09462909802032182,0.1677531063969261,0.1629802767579075,0.10263113489854811,0.13138624178795713,0.18060605390230444,0.12286062975720372,0.06847166538222167,0.028596559664934167,1.9269304473430777,1.798846238597288,1.559652210145291,1.305399249039065,0.004337334814434136,0.0003406031707957103,1.29296101137651,0.003433352085415274,0.7765414493736825,0.6108668022987255,0.0033842529825336065,0.0007634434041147786,0.0007637101146405116,0.0005569778470610524,0.5731792602647672,0.302282145823565,0.002554457926517029,0.0008549086508284984,nan,nan,nan,nan,nan,nan,nan,nan,nan,nan,nan,nan,nan,nan,nan,nan,nan,nan,nan,nan,6.733307461148349
err of average time,0.02850284148007631,0.6951925316825509,0.18016116786748168,0.06691287690773605,0.11861935909837483,0.11524445889517665,0.0725711714476347,0.09290410252287983,0.12770776543766257,0.08687558444216847,0.048416778910905116,0.020220821257680655,1.3625455861911178,1.2719763736240566,1.1028406540863214,0.9230566611513494,0.0030669588595628734,0.00024084281176328656,0.914261498954147,0.0024277465417981148,0.549097724724561,0.4319480583071708,0.0023930282332003117,0.0005398360081017016,0.0005400246009230614,0.0003938428126275539,0.40529894176870584,0.2137457551434636,0.0018062745220959184,0.0006045117042958735,nan,nan,nan,nan,nan,nan,nan,nan,nan,nan,nan,nan,nan,nan,nan,nan,nan,nan,nan,nan,4.761167365591973
