Contains move time for player Edax5; opponent is StaticBoard3
Colums refer to move number, rows to game number
game,1,2,3,4,5,6,7,8,9,10,11,12,13,14,15,16,17,18,19,20,21,22,23,24,25,26,27,28,29,30,31,32,33,34,35,36,37,38,39,40,41,42,43,44,45,46,47,48,49,50,total
1,0.4112719986587763,0.10807550046592951,0.1086991336196661,0.10993506293743849,0.1103487629443407,0.1110473582521081,0.10997740179300308,0.11047379765659571,0.10921481158584356,0.1082815583795309,0.10855383239686489,0.11200039274990559,0.11126443091779947,0.10753640532493591,0.10604817140847445,0.10555935651063919,0.1077772369608283,0.10683152917772532,0.10609144438058138,0.10551365837454796,0.10517129395157099,0.10483098682016134,0.10467733722180128,0.10492415074259043,0.10482130851596594,0.10943252686411142,0.10622975323349237,0.1034224284812808,0.10283708944916725,0.10253956262022257,0.0003435034304857254,0.0,0.0,0.0,0.0,0.0,0.0,0.0,0.0,0.0,0.0,0.0,0.0,0.0,0.0,0.0,0.0,0.0,0.0,0.0,3.523731785826385
2,0.2994312662631273,0.1080770893022418,0.10854836367070675,0.10853561665862799,0.10936613753437996,0.1107871038839221,0.11061332188546658,0.11273960955440998,0.11519560217857361,0.11084561422467232,0.10954573005437851,0.10818029567599297,0.10755786765366793,0.10563087835907936,0.10630779340863228,0.10647267289459705,0.10551833268254995,0.1064124796539545,0.10646026208996773,0.1058863690122962,0.10605600848793983,0.10522079840302467,0.10740887932479382,0.1049512717872858,0.10434924997389317,0.10487698670476675,0.106898651458323,0.10585058853030205,0.10376328229904175,0.10288928728550673,0.10269607044756413,0.10251385066658258,0.0003193635493516922,0.0,0.0,0.0,0.0,0.0,0.0,0.0,0.0,0.0,0.0,0.0,0.0,0.0,0.0,0.0,0.0,0.0,3.619906695559621

total time per move x,0.7107032649219036,0.2161525897681713,0.21724749729037285,0.21847067959606647,0.21971490047872066,0.2218344621360302,0.22059072367846966,0.2232134072110057,0.22441041376441717,0.21912717260420322,0.2180995624512434,0.22018068842589855,0.2188222985714674,0.21316728368401527,0.21235596481710672,0.21203202940523624,0.21329556964337826,0.21324400883167982,0.2125517064705491,0.21140002738684416,0.21122730243951082,0.21005178522318602,0.2120862165465951,0.20987542252987623,0.2091705584898591,0.21430951356887817,0.21312840469181538,0.20927301701158285,0.206600371748209,0.2054288499057293,0.10303957387804985,0.10251385066658258,0.0003193635493516922,0,0,0,0,0,0,0,0,0,0,0,0,0,0,0,0,0,7.143638481386006
average time per move x,0.3553516324609518,0.10807629488408566,0.10862374864518642,0.10923533979803324,0.10985745023936033,0.1109172310680151,0.11029536183923483,0.11160670360550284,0.11220520688220859,0.10956358630210161,0.1090497812256217,0.11009034421294928,0.1094111492857337,0.10658364184200764,0.10617798240855336,0.10601601470261812,0.10664778482168913,0.10662200441583991,0.10627585323527455,0.10570001369342208,0.10561365121975541,0.10502589261159301,0.10604310827329755,0.10493771126493812,0.10458527924492955,0.10715475678443909,0.10656420234590769,0.10463650850579143,0.1033001858741045,0.10271442495286465,0.051519786939024925,0.10251385066658258,0.0003193635493516922,nan,nan,nan,nan,nan,nan,nan,nan,nan,nan,nan,nan,nan,nan,nan,nan,nan,3.571819240693003
std of time per move x,0.07908334028983337,1.123476930618519e-06,0.00010661045330830646,0.0009895579536531851,0.0006948210907494553,0.00018402762857773895,0.0004496634096737125,0.0016021709578376336,0.004229057584976126,0.0018130612754404959,0.0007013775598709313,0.0027012165457545017,0.0026209360189643604,0.001347411039290995,0.0001835804768568187,0.0006458122084653813,0.0015972865332219259,0.0002963127599113325,0.00026079350332877655,0.00026354621937214434,0.0006255876480807241,0.00027563841362772303,0.001931491944122584,1.9177474616964768e-05,0.0003337957962166929,0.0032212533386402637,0.00047298247070138053,0.0017169684364691813,0.0006549172448327504,0.0002472926823706228,0.0723741942096267,nan,nan,nan,nan,nan,nan,nan,nan,nan,nan,nan,nan,nan,nan,nan,nan,nan,nan,nan,0.06800593085237515
err of average time,0.05592036619782448,7.944181561470031e-07,7.538497447967529e-05,0.0006997231394052504,0.0004913127049803734,0.00013012718409299848,0.0003179600462317467,0.0011329059489071367,0.0029903952963650227,0.0012820279225707054,0.0004959488287568092,0.00191004853695631,0.0018532816320657728,0.0009527634829282761,0.00012981100007891655,0.00045665819197893137,0.0011294521391391754,0.00020952476188540456,0.00018440885469317434,0.0001863553188741207,0.00044235726818442345,0.00019490579143166542,0.001365771051496267,1.3560522347688675e-05,0.00023602927103638646,0.0022777700796723366,0.00033444911241531367,0.0012140800245106218,0.0004630964249372482,0.00017486233264207837,0.05117628350853919,nan,nan,nan,nan,nan,nan,nan,nan,nan,nan,nan,nan,nan,nan,nan,nan,nan,nan,nan,0.04808745486661791
