Contains move time for player MCTSRemMaxIter3; opponent is Edax1
Colums refer to move number, rows to game number
game,1,2,3,4,5,6,7,8,9,10,11,12,13,14,15,16,17,18,19,20,21,22,23,24,25,26,27,28,29,30,31,32,33,34,35,36,37,38,39,40,41,42,43,44,45,46,47,48,49,50,total
1,86.84856018796563,75.00711368024349,71.36532893031836,66.0513088107109,63.02964447811246,59.3239755704999,58.218692399561405,51.101181499660015,44.95698531717062,42.539176639169455,39.059107817709446,34.9840976819396,3.4421682357788086e-05,0.0034491829574108124,24.185440104454756,3.0975788831710815e-05,0.0027434304356575012,0.0027589313685894012,13.295537751168013,10.514487847685814,9.610033757984638,7.210299473255873,5.108434934169054,3.894546255469322,3.173257425427437,1.8440931923687458,0.7647842280566692,2.2027641534805298e-05,0.0005129985511302948,0.000760931521654129,0.00023137405514717102,0.0,0.0,0.0,0.0,0.0,0.0,0.0,0.0,0.0,0.0,0.0,0.0,0.0,0.0,0.0,0.0,0.0,0.0,0.0,772.0966322571039
2,88.8846533447504,76.9269404001534,71.35105130821466,70.09666972607374,69.81491281464696,61.39054675027728,35.62863536924124,50.0285772010684,42.02670768648386,45.97298001125455,42.51506706699729,36.043353497982025,32.078655540943146,27.260216239839792,25.303746078163385,24.238227430731058,19.51825238391757,3.34717333316803e-05,13.800900612026453,9.282338134944439,2.9481947422027588e-05,5.86431897059083,5.580893870443106,2.5577843189239502e-05,2.073104001581669,2.2951513528823853e-05,0.509519699960947,2.872571349143982e-05,0.0004474744200706482,0.0004578307271003723,0.0,0.0,0.0,0.0,0.0,0.0,0.0,0.0,0.0,0.0,0.0,0.0,0.0,0.0,0.0,0.0,0.0,0.0,0.0,0.0,856.1913136541843
3,90.28862325102091,83.10678716376424,74.80525969341397,76.81520960852504,68.48801966011524,61.05296126008034,58.01352319121361,53.2919287532568,48.46505764126778,45.62388323247433,40.75707434862852,36.47904126346111,32.235470183193684,27.39445808902383,25.187247950583696,20.241348430514336,4.538148641586304e-05,0.0026334747672080994,0.0025662556290626526,14.79084849730134,3.125891089439392e-05,9.515930444002151,6.0264608934521675,2.792850136756897e-05,0.0015092715620994568,0.0015418678522109985,0.0012234188616275787,0.001263115555047989,0.0019792690873146057,0.15002208575606346,1.8090009689331055e-05,0.0005398206412792206,0.0003666728734970093,0.0,0.0,0.0,0.0,0.0,0.0,0.0,0.0,0.0,0.0,0.0,0.0,0.0,0.0,0.0,0.0,0.0,872.7429014667869
4,84.62827870994806,79.09165542200208,71.06440408527851,69.39739004522562,65.87030206993222,60.53476472944021,56.59688309952617,52.03752755373716,46.91616601124406,40.05655788257718,3.493949770927429e-05,36.15376166254282,30.153454076498747,4.519522190093994e-05,0.0032760612666606903,0.0029511190950870514,0.0030145086348056793,0.0029806382954120636,0.0026093460619449615,0.0025065504014492035,0.0025079473853111267,0.0023417845368385315,9.900251049548388,3.588944673538208e-05,0.0016426965594291687,0.0016171447932720184,0.0014968030154705048,0.0024470165371894836,0.001314699649810791,0.0012645609676837921,0.0011210404336452484,0.21105283126235008,0.018725097179412842,1.9993633031845093e-05,0.00982629880309105,0.0,0.0,0.0,0.0,0.0,0.0,0.0,0.0,0.0,0.0,0.0,0.0,0.0,0.0,0.0,702.6742285601795
5,88.72787465527654,74.13810856640339,73.37363691627979,74.2561350800097,68.46131138131022,63.68052130565047,59.11054592579603,52.662135150283575,50.541727390140295,45.688964173197746,42.81062066555023,38.580577835440636,34.40565402433276,30.14423082023859,25.199492320418358,22.712415143847466,20.916864100843668,15.69327475503087,12.516850408166647,4.546716809272766e-05,9.082434959709644,7.2981819324195385,7.151531204581261,3.799385040998459,2.6220197044312954,1.272026389837265,0.8063567876815796,0.10329365357756615,0.029544688761234283,1.228228211402893e-05,0.0,0.0,0.0,0.0,0.0,0.0,0.0,0.0,0.0,0.0,0.0,0.0,0.0,0.0,0.0,0.0,0.0,0.0,0.0,0.0,925.785772729665
6,89.87576737999916,74.61005756631494,69.50257735326886,76.30705357715487,67.13872838392854,64.83558169007301,58.33102724328637,53.399024337530136,39.76168232038617,44.7028261013329,40.0681508295238,36.31933847442269,32.76301558688283,26.393132984638214,25.41540189087391,23.884059000760317,20.03756894543767,18.105461113154888,2.728402614593506e-05,0.0024439245462417603,0.0022515468299388885,0.0020745396614074707,0.0017235204577445984,0.0017621815204620361,0.0015678219497203827,2.5623012334108353,1.1912937834858894,0.34686092659831047,2.3748725652694702e-05,0.0005480088293552399,0.00034937262535095215,0.0,0.0,0.0,0.0,0.0,0.0,0.0,0.0,0.0,0.0,0.0,0.0,0.0,0.0,0.0,0.0,0.0,0.0,0.0,865.5636826716363
7,90.69065415486693,76.36273984611034,74.46351431682706,65.66134551167488,66.71299292892218,63.027534030377865,56.84908499196172,53.92363838478923,50.32387303188443,46.47948541492224,42.5887953042984,37.33550991117954,36.17082357034087,32.16590491682291,23.934475891292095,5.0555914640426636e-05,0.0031147971749305725,19.36083510890603,15.128380455076694,11.334458719938993,9.946576684713364,2.880766987800598e-05,0.00182250514626503,6.200108155608177,1.9412487745285034e-05,3.3461735919117928,2.0731240510940552e-05,0.0010997094213962555,0.0010255947709083557,0.001198992133140564,0.6292366124689579,1.9747763872146606e-05,0.00045815855264663696,0.0004676990211009979,0.0,0.0,0.0,0.0,0.0,0.0,0.0,0.0,0.0,0.0,0.0,0.0,0.0,0.0,0.0,0.0,882.6454682461917
8,94.03720254823565,77.77094127982855,81.03531916439533,73.52931356802583,68.80509357899427,62.92874559387565,58.55326605215669,56.84407352656126,52.60099906101823,46.909413285553455,42.6592832505703,39.387960866093636,33.348055366426706,28.191822566092014,3.201887011528015e-05,23.579997964203358,19.070632588118315,14.467943638563156,3.378093242645264e-05,11.392594911158085,8.490526087582111,3.943592309951782e-05,7.226101163774729,2.7354806661605835e-05,2.8906405717134476,2.6516616344451904e-05,0.0009266473352909088,0.4775744341313839,0.026547592133283615,2.2374093532562256e-05,0.01568760722875595,0.0,0.0,0.0,0.0,0.0,0.0,0.0,0.0,0.0,0.0,0.0,0.0,0.0,0.0,0.0,0.0,0.0,0.0,0.0,904.2408443950117
9,86.12642639875412,73.41126462444663,70.63287455588579,66.95398323982954,65.09223966300488,55.77846661582589,60.10862786695361,55.14185590296984,53.78489277511835,48.212355617433786,42.57397796213627,37.80820644646883,32.26803696155548,30.63343259692192,26.376180548220873,23.425998013466597,19.98493668809533,17.804400131106377,15.606955170631409,12.280507426708937,9.69350703805685,7.227532655000687,3.6463141441345215e-05,0.0014974996447563171,0.0015159659087657928,0.001364048570394516,0.0011365152895450592,0.0009585842490196228,0.0007340572774410248,0.024678576737642288,1.438334584236145e-05,0.0,0.0,0.0,0.0,0.0,0.0,0.0,0.0,0.0,0.0,0.0,0.0,0.0,0.0,0.0,0.0,0.0,0.0,0.0,910.9585949927568
10,92.21144719049335,76.83651600405574,77.43156970664859,66.31053775921464,68.10082144662738,65.29139481112361,60.66487269476056,55.30571852624416,49.1498420201242,44.54506530612707,39.984263494610786,36.36928032711148,32.54660454764962,28.514392971992493,26.737749326974154,19.854413203895092,3.746151924133301e-05,0.0028609707951545715,15.934183962643147,12.630557477474213,10.683236967772245,2.2485852241516113e-05,0.0018766559660434723,7.1666275560855865,2.4221837520599365e-05,4.00312364846468,2.662449922412634,1.5477911531925201,0.4693928100168705,0.05000052973628044,0.013411711901426315,7.908791303634644e-06,0.0,0.0,0.0,0.0,0.0,0.0,0.0,0.0,0.0,0.0,0.0,0.0,0.0,0.0,0.0,0.0,0.0,0.0,895.020094782114
11,88.64762442186475,75.23632957786322,73.57511631026864,69.15043548494577,66.30187320709229,61.50384755060077,56.7184925340116,48.44183373078704,44.98037488386035,39.38765116035938,4.075095057487488e-05,32.92288913950324,28.34425661340356,25.93455344066024,21.409836538136005,3.108009696006775e-05,0.005871035158634186,0.005519889295101166,0.005092501640319824,0.004685845226049423,0.004056032747030258,0.0036134831607341766,0.003710869699716568,0.0028599128127098083,0.002622753381729126,0.0029150880873203278,0.002647262066602707,0.0022252611815929413,0.0015073493123054504,0.0013020187616348267,0.0011262819170951843,0.000918172299861908,0.0009503290057182312,0.00033438950777053833,0.0,0.0,0.0,0.0,0.0,0.0,0.0,0.0,0.0,0.0,0.0,0.0,0.0,0.0,0.0,0.0,732.6071448996663
12,83.47439598292112,72.00643872469664,69.41627140715718,66.67092985287309,62.28037812933326,56.58477158099413,55.046027544885874,43.066704485565424,4.566088318824768e-05,41.70858808606863,35.49766939505935,31.93077116087079,28.30047306418419,23.44681766629219,22.36596477776766,20.208923932164907,17.247975576668978,14.546420555561781,2.9459595680236816e-05,0.004385374486446381,8.629896581172943,5.775188248604536,2.501159906387329e-05,3.8492803126573563,2.812594175338745e-05,0.0024627819657325745,0.001993965357542038,0.001817561686038971,0.43041926994919777,2.0287930965423584e-05,0.01155184954404831,6.277114152908325e-06,0.0,0.0,0.0,0.0,0.0,0.0,0.0,0.0,0.0,0.0,0.0,0.0,0.0,0.0,0.0,0.0,0.0,0.0,762.5066726915538
13,83.66178957372904,71.51359979063272,73.23992179334164,70.9076693020761,64.30489947274327,61.78046240285039,57.115199733525515,52.24456136673689,48.66787364706397,44.414111737161875,38.719822105020285,34.50705190747976,3.3661723136901855e-05,0.0034965239465236664,24.09514405950904,21.00732033699751,18.416430488228798,14.474852479994297,12.32599264010787,2.6453286409378052e-05,0.004596725106239319,0.0034228824079036713,5.380505599081516,2.7157366275787354e-05,0.002464182674884796,2.1717460863292217,2.485513687133789e-05,0.0009118728339672089,0.000832732766866684,0.001497846096754074,0.0005565807223320007,0.0009957775473594666,0.00048237666487693787,0.0,0.0,0.0,0.0,0.0,0.0,0.0,0.0,0.0,0.0,0.0,0.0,0.0,0.0,0.0,0.0,0.0,798.9683241508901
14,84.14728227630258,73.67127042636275,71.44205970317125,69.63521942868829,65.95488066226244,61.403518818318844,55.59713404253125,50.555038414895535,46.66090492531657,42.31538737937808,31.439636636525393,5.6292861700057983e-05,33.01026967167854,28.125611148774624,24.738271482288837,21.837455056607723,4.123896360397339e-05,0.00373024120926857,0.0047565847635269165,0.0025217682123184204,0.0023107044398784637,0.002024218440055847,0.001883380115032196,6.341990865767002,2.4840235710144043e-05,0.0016301348805427551,2.6111556328833103,2.50302255153656e-05,0.8256849944591522,0.14263621345162392,0.028506014496088028,0.005687136203050613,0.00029004737734794617,0.0,0.0,0.0,0.0,0.0,0.0,0.0,0.0,0.0,0.0,0.0,0.0,0.0,0.0,0.0,0.0,0.0,770.5088954120874
15,84.24055671319366,71.03192234411836,69.75607827678323,67.67411084473133,66.51551444083452,61.90419439971447,57.11866968497634,51.80343433469534,47.355051182210445,42.412270579487085,36.12060071900487,34.29412319138646,28.861980736255646,26.981282725930214,24.360593982040882,20.345885407179594,16.746898241341114,11.693565759807825,3.1497329473495483e-05,0.004109688103199005,8.586137250065804,6.610371544957161,6.484404690563679,3.562240220606327,2.4294037967920303,1.472019225358963,0.36193056777119637,1.9859522581100464e-05,0.04179462045431137,1.9863247871398926e-05,0.00045199692249298096,0.0,0.0,0.0,0.0,0.0,0.0,0.0,0.0,0.0,0.0,0.0,0.0,0.0,0.0,0.0,0.0,0.0,0.0,0.0,848.7696683853865
16,86.15469355136156,72.81387867033482,72.84841667115688,67.03941358998418,65.81701811775565,62.31745368242264,57.60724847018719,54.24036816135049,49.70748230442405,45.474676337093115,42.5612869001925,37.180088829249144,33.62343222647905,28.634765904396772,26.6511103361845,23.03017946332693,19.631731007248163,16.6859415397048,15.044841039925814,10.623792864382267,8.52261297404766,2.7395784854888916e-05,0.001736905425786972,0.003046758472919464,0.00290830060839653,0.0020744316279888153,0.0013257302343845367,0.0011017844080924988,0.0015011057257652283,0.015150859951972961,0.0005700439214706421,0.0,0.0,0.0,0.0,0.0,0.0,0.0,0.0,0.0,0.0,0.0,0.0,0.0,0.0,0.0,0.0,0.0,0.0,0.0,896.2398759573698
17,85.85902459919453,74.54517475515604,63.81261810660362,70.15510841086507,69.24167460203171,61.68011897429824,55.58264243230224,50.77909876033664,47.460389371961355,44.60923747718334,41.245924439281225,37.3646585047245,33.554922726005316,29.745573569089174,25.90618735924363,23.009688712656498,20.245671294629574,16.45890563726425,13.572286643087864,10.60533133149147,9.181335262954235,3.0238181352615356e-05,0.002795737236738205,0.0028052404522895813,0.002840999513864517,4.320168346166611,1.152285449206829,2.935156226158142e-05,0.0012055635452270508,0.03357786312699318,2.329796552658081e-05,0.0,0.0,0.0,0.0,0.0,0.0,0.0,0.0,0.0,0.0,0.0,0.0,0.0,0.0,0.0,0.0,0.0,0.0,0.0,890.1313350573182
18,86.06324709951878,72.58841124549508,66.27779849991202,70.44034761935472,65.88796023279428,63.202020436525345,58.00493237376213,52.902084559202194,48.60845597460866,44.76044314354658,40.14657886698842,37.066115882247686,32.10197350755334,28.66507662460208,26.946682319045067,21.586443435400724,3.334507346153259e-05,16.027322206646204,12.457500610500574,13.251060824841261,3.707408905029297e-05,7.214669574052095,4.947142813354731,2.643093466758728e-05,0.001377549022436142,0.0013060830533504486,0.0011929459869861603,0.001681894063949585,0.0009510815143585205,0.0008809752762317657,0.0011271722614765167,0.0015589222311973572,0.0010720901191234589,0.0003795251250267029,0.0,0.0,0.0,0.0,0.0,0.0,0.0,0.0,0.0,0.0,0.0,0.0,0.0,0.0,0.0,0.0,869.1578929387033
19,86.62573852390051,72.51397350430489,66.87325854226947,73.1540751606226,64.98262770846486,63.066101647913456,56.79226478934288,54.37189455702901,48.46321712806821,45.67139846459031,40.94490860775113,35.35904774814844,5.009397864341736e-05,0.003505568951368332,0.007225509732961655,24.941367231309414,20.11974471434951,18.757465921342373,14.953258909285069,4.502385854721069e-05,0.002450462430715561,0.003633454442024231,0.003923799842596054,0.0035606734454631805,0.0017239898443222046,0.00163346529006958,0.0015414394438266754,0.001574438065290451,0.001745961606502533,0.001148279756307602,0.0010774843394756317,0.0012596584856510162,0.0008050985634326935,0.0,0.0,0.0,0.0,0.0,0.0,0.0,0.0,0.0,0.0,0.0,0.0,0.0,0.0,0.0,0.0,0.0,787.6272475607693
20,86.13303942978382,74.31942619383335,73.38959336653352,70.41650286316872,66.31013482436538,59.120854530483484,55.512828174978495,53.08006231114268,48.039923809468746,45.35263781994581,39.03952633216977,36.88098379969597,32.587346114218235,29.785789530724287,26.389183189719915,22.47924204543233,20.20701578631997,3.293529152870178e-05,0.005038022994995117,0.004859045147895813,0.004901032894849777,0.004298679530620575,0.003823898732662201,0.003682956099510193,0.0028658099472522736,0.003486841917037964,0.002289731055498123,3.79570384696126,2.29514903947711,1.080880131572485,2.0701438188552856e-05,0.001191411167383194,0.014989800751209259,1.3969838619232178e-05,0.0,0.0,0.0,0.0,0.0,0.0,0.0,0.0,0.0,0.0,0.0,0.0,0.0,0.0,0.0,0.0,846.2673179768026
21,83.77466681972146,73.24005931988358,68.99057816714048,70.97319174185395,63.60222500935197,59.9223288372159,55.57611871510744,51.97018816322088,46.95939435437322,41.58451695740223,36.89641488716006,33.15002469345927,28.851569283753633,27.17829953879118,22.81945026293397,20.156221266835928,16.958259169012308,16.481223925948143,12.865646213293076,10.723604019731283,8.633710790425539,5.945484232157469,5.839467935264111,3.073177244514227,2.211573328822851,0.9392168447375298,2.6453286409378052e-05,0.06509903445839882,2.086162567138672e-05,0.0006483308970928192,0.0,0.0,0.0,0.0,0.0,0.0,0.0,0.0,0.0,0.0,0.0,0.0,0.0,0.0,0.0,0.0,0.0,0.0,0.0,0.0,869.3824064023793
22,83.69040450453758,72.96551632881165,69.05264857411385,69.17902405932546,67.73213661834598,59.11162691563368,56.332582123577595,49.76708184927702,43.86068680882454,34.78469508886337,3.1810253858566284e-05,0.00393657386302948,0.007003337144851685,29.869465611875057,2.886354923248291e-05,0.0033568255603313446,0.00456603616476059,0.002840336412191391,0.005847673863172531,0.0036499835550785065,0.0024623610079288483,0.002421993762254715,0.003975413739681244,0.004453230649232864,0.0018941573798656464,0.0015171244740486145,0.002939566969871521,0.001746736466884613,0.0020586028695106506,0.0015875138342380524,0.0009731389582157135,0.0012669526040554047,0.00109119713306427,0.0011555366218090057,0.0005555078387260437,0.0,0.0,0.0,0.0,0.0,0.0,0.0,0.0,0.0,0.0,0.0,0.0,0.0,0.0,0.0,636.4072289578617
23,84.03077743947506,73.30503099411726,68.74008440971375,68.30035242065787,65.19987346604466,58.2051174081862,52.99993424490094,50.93715738132596,47.017950274050236,41.15343886613846,38.976157903671265,34.62322774156928,31.858264584094286,27.119604274630547,24.891558907926083,22.045698761940002,18.984797663986683,15.815627381205559,14.36109984666109,11.077322825789452,8.516497533768415,6.129482537508011,5.106382083147764,3.557830039411783,3.942438527941704,1.3560305945575237,0.42111795395612717,2.1319836378097534e-05,0.019920889288187027,1.6786158084869385e-05,0.0,0.0,0.0,0.0,0.0,0.0,0.0,0.0,0.0,0.0,0.0,0.0,0.0,0.0,0.0,0.0,0.0,0.0,0.0,0.0,878.6928150616586
24,84.2808574847877,70.78821507841349,67.82192141190171,67.51925395801663,62.611168690025806,62.973430048674345,56.333361111581326,52.81147708743811,48.17292332649231,44.9051755592227,40.087730769068,37.011103216558695,32.50855392217636,28.9776230789721,26.386801790446043,22.016486879438162,19.015146419405937,16.955394100397825,13.623349711298943,10.23833329230547,7.96352906152606,5.396284852176905,3.913417458534241e-05,0.0029477551579475403,0.002023175358772278,0.0016735568642616272,0.001954052597284317,1.432449784129858,1.886114478111267e-05,0.0009767338633537292,0.0007844306528568268,0.00047974660992622375,0.0004464089870452881,0.000421278178691864,0.0,0.0,0.0,0.0,0.0,0.0,0.0,0.0,0.0,0.0,0.0,0.0,0.0,0.0,0.0,0.0,879.842335768044
25,83.43310711160302,73.69488660991192,66.92170457169414,69.95188907906413,67.04066081345081,61.04621426016092,57.24704061076045,50.142093043774366,47.03191581368446,42.42516493052244,38.0396482758224,31.31809140369296,27.46977235376835,23.62019643932581,22.11334438994527,18.32326492294669,2.551823854446411e-05,0.003964625298976898,0.00503101572394371,0.002517636865377426,0.004376627504825592,0.0041368864476680756,0.003991406410932541,0.0035919025540351868,0.0027489997446537018,0.0013688020408153534,1.8047643415629864,2.4285167455673218e-05,0.0018350780010223389,0.001574695110321045,0.00141853466629982,0.0,0.0,0.0,0.0,0.0,0.0,0.0,0.0,0.0,0.0,0.0,0.0,0.0,0.0,0.0,0.0,0.0,0.0,0.0,781.660364985466
26,86.16661372408271,76.93280089274049,70.112480096519,67.76356721669436,67.41075669974089,62.0550369694829,55.82809652760625,52.507079899311066,47.84381240978837,43.73067073523998,40.80708606541157,4.606321454048157e-05,0.004241835325956345,0.0056017301976680756,0.005116380751132965,0.0034197792410850525,0.005808044224977493,22.9022921808064,3.594905138015747e-05,18.048208005726337,3.3274292945861816e-05,0.004976470023393631,0.0052373334765434265,0.004669204354286194,9.128648426383734,2.8479844331741333e-05,0.0025898106396198273,0.003241550177335739,0.002949647605419159,0.0,0.0,0.0,0.0,0.0,0.0,0.0,0.0,0.0,0.0,0.0,0.0,0.0,0.0,0.0,0.0,0.0,0.0,0.0,0.0,0.0,721.2851454019547
27,86.35082598030567,72.56773203238845,72.77967455610633,66.77811772376299,65.43035538867116,62.355542719364166,59.172986935824156,52.77274654433131,49.90453864634037,38.4358880110085,39.14960718154907,30.425676949322224,4.651769995689392e-05,30.31142619624734,0.00011293217539787292,0.0033747106790542603,0.004453584551811218,18.925420850515366,16.793081749230623,5.225092172622681e-05,0.0023015104234218597,0.0022325441241264343,0.0022050365805625916,8.330279685556889,4.1369348764419556e-05,4.750902187079191,7.966533303260803e-05,0.0013556107878684998,0.0015988834202289581,1.4855250902473927,2.966076135635376e-05,0.0016951970756053925,0.002372756600379944,0.0004424937069416046,0.0,0.0,0.0,0.0,0.0,0.0,0.0,0.0,0.0,0.0,0.0,0.0,0.0,0.0,0.0,0.0,776.7427231520414
28,86.28105401620269,75.9003129415214,72.68299823999405,66.3890704549849,64.88586912676692,59.12641568854451,56.0196221396327,52.169482097029686,46.182579912245274,45.337423611432314,38.63293420523405,34.578436966985464,32.2545092664659,27.85878063365817,3.90857458114624e-05,22.63598447665572,20.504158467054367,16.3717271797359,13.693209875375032,10.895764160901308,3.024563193321228e-05,8.280377559363842,2.9422342777252197e-05,5.071644030511379,3.870949149131775e-05,0.002128295600414276,0.0015287771821022034,0.0016582608222961426,0.0014677830040454865,0.2454909235239029,2.6479363441467285e-05,0.0031908899545669556,0.0004250630736351013,0.0004338659346103668,0.0,0.0,0.0,0.0,0.0,0.0,0.0,0.0,0.0,0.0,0.0,0.0,0.0,0.0,0.0,0.0,856.0088428519666
29,86.77922251075506,75.55109055712819,73.10949967429042,67.99587357416749,66.01083581149578,62.233625158667564,58.11824240908027,53.246464766561985,47.982357274740934,42.39511585980654,40.9558266364038,35.46375810354948,33.42434285581112,28.691679917275906,24.88004133850336,20.82689643278718,18.668877135962248,14.674946263432503,13.239174216985703,11.403484787791967,9.287603069096804,7.400337036699057,6.892584268003702,4.367271527647972,3.016084861010313,1.8645012937486172,0.8087716698646545,0.16218377277255058,0.040783919394016266,0.04583664983510971,0.0,0.0,0.0,0.0,0.0,0.0,0.0,0.0,0.0,0.0,0.0,0.0,0.0,0.0,0.0,0.0,0.0,0.0,0.0,0.0,909.5373133532703
30,86.08464980870485,74.96412586048245,71.71472320333123,67.34286238998175,66.9261495731771,61.30137510597706,56.91041223332286,53.99320508539677,50.58875114843249,45.26214136183262,39.489735420793295,36.40760525316,31.694981958717108,26.885243639349937,25.372424636036158,22.850245345383883,19.34811881557107,16.886005483567715,14.146192483603954,12.570398937910795,8.308832000941038,2.7824193239212036e-05,5.345926187932491,2.1636486053466797e-05,3.575362540781498,4.7497451305389404e-05,0.0010103806853294373,0.0010463781654834747,0.0016776956617832184,0.0011761896312236786,0.00044727325439453125,0.0003502480685710907,0.0,0.0,0.0,0.0,0.0,0.0,0.0,0.0,0.0,0.0,0.0,0.0,0.0,0.0,0.0,0.0,0.0,0.0,897.9752735979855
31,83.54163658618927,75.56126811727881,69.49897890165448,68.38564193993807,62.33654834330082,60.41511710360646,55.59705273807049,53.038328267633915,48.7257284373045,43.17779015004635,40.462810192257166,35.59996123239398,31.252971343696117,27.387244880199432,24.512764532119036,21.872035436332226,17.40460792928934,15.058279350399971,12.682983923703432,9.856930021196604,8.434370651841164,6.333824209868908,4.077733039855957,3.230571746826172e-05,1.8675564154982567,0.697801262140274,0.12643729150295258,0.04031670466065407,1.9807368516921997e-05,0.000707630068063736,0.0,0.0,0.0,0.0,0.0,0.0,0.0,0.0,0.0,0.0,0.0,0.0,0.0,0.0,0.0,0.0,0.0,0.0,0.0,0.0,877.9474787451327
32,84.18050652742386,71.17967112734914,69.00614216551185,68.77025958895683,66.5421755835414,60.842848870903254,56.311279717832804,50.729058269411325,46.967776864767075,42.400211434811354,40.026763036847115,35.28475233539939,31.11296597868204,27.529998309910297,25.20640416815877,21.91962469369173,4.287809133529663e-05,0.005756217986345291,0.0050864070653915405,11.023909326642752,8.300755389034748,6.050264351069927,4.797796916216612,3.214434377849102,2.0651085898280144,1.1857932172715664,0.40778107941150665,0.051718905568122864,0.01761263981461525,1.735985279083252e-05,0.0,0.0,0.0,0.0,0.0,0.0,0.0,0.0,0.0,0.0,0.0,0.0,0.0,0.0,0.0,0.0,0.0,0.0,0.0,0.0,835.136516328901
33,89.01258895173669,71.85979977250099,71.1039896979928,70.56111511960626,58.994519755244255,58.31844327971339,52.56069636717439,47.56335575506091,42.59378933906555,39.4449153020978,37.336658142507076,30.697812668979168,4.828721284866333e-05,0.007080230861902237,0.007143720984458923,0.00605618953704834,0.005385115742683411,0.006270371377468109,0.004018466919660568,0.005191948264837265,0.005583964288234711,12.618635576218367,8.538342256098986,2.5782734155654907e-05,0.003912460058927536,0.003795202821493149,0.003384903073310852,0.0035270079970359802,0.003430299460887909,0.0,0.0,0.0,0.0,0.0,0.0,0.0,0.0,0.0,0.0,0.0,0.0,0.0,0.0,0.0,0.0,0.0,0.0,0.0,0.0,0.0,691.2695159353316
34,83.4122112095356,72.20616762340069,68.52755942940712,68.27772361785173,62.21566452085972,59.82336472719908,55.22347899526358,52.28600088506937,47.90702706575394,41.97268218919635,36.36975133046508,31.545412488281727,29.30659033358097,26.551907677203417,21.776836525648832,19.029849112033844,14.966392878443003,15.159425731748343,12.601438015699387,9.674860369414091,3.769621253013611e-05,0.0038076676428318024,0.002596858888864517,0.0018445700407028198,0.0031150691211223602,0.0026916898787021637,0.002555064857006073,0.0014773644506931305,0.0010553821921348572,0.788182657212019,0.11753390356898308,3.252550959587097e-05,0.013975553214550018,0.0005138106644153595,0.0,0.0,0.0,0.0,0.0,0.0,0.0,0.0,0.0,0.0,0.0,0.0,0.0,0.0,0.0,0.0,829.77376453951
35,84.93233736231923,76.0709278844297,68.93730856850743,70.406434006989,65.58196091651917,61.700415920466185,54.3661915846169,52.4522859044373,47.92734074220061,43.14758740365505,38.22697623819113,33.10336511954665,28.69541595503688,28.047026194632053,23.28267101943493,20.311834692955017,18.286900486797094,14.207012742757797,11.059859465807676,8.436313431710005,3.405660390853882e-05,0.0038921907544136047,0.0036651641130447388,0.0032231584191322327,3.9197672568261623,2.3287055008113384,2.6404857635498047e-05,0.0018557831645011902,0.0020438916981220245,0.00146455317735672,0.11295449733734131,0.018055684864521027,1.8287450075149536e-05,0.0,0.0,0.0,0.0,0.0,0.0,0.0,0.0,0.0,0.0,0.0,0.0,0.0,0.0,0.0,0.0,0.0,855.5758720710874
36,90.61054449528456,76.15650676935911,73.92282741889358,65.83422687277198,64.65903029218316,59.692951675504446,53.168066289275885,51.05652770772576,49.29513002932072,44.63098143041134,40.43014892935753,34.09408771246672,30.41617264598608,3.8679689168930054e-05,0.00688527524471283,0.005822710692882538,19.765905499458313,16.490921273827553,12.814981460571289,11.318184070289135,9.688349861651659,2.8364360332489014e-05,0.003696069121360779,0.0035086609423160553,0.0032639987766742706,0.003094688057899475,0.003173820674419403,0.0025073885917663574,1.0108807012438774,3.0837953090667725e-05,7.033348083496094e-06,0.0,0.0,0.0,0.0,0.0,0.0,0.0,0.0,0.0,0.0,0.0,0.0,0.0,0.0,0.0,0.0,0.0,0.0,0.0,805.0884826630354
37,88.22126303240657,74.28933416306973,74.35143228620291,63.676623180508614,61.92295490577817,61.19837490841746,56.57758690789342,53.130906999111176,48.968083810061216,45.01254039630294,41.691342018544674,36.127863734960556,32.087921269237995,28.11926843225956,24.22760619968176,21.772717136889696,19.22043766081333,17.01024905592203,13.641440622508526,11.560723651200533,10.513423688709736,8.093186777085066,5.826181899756193,4.2990409322083,2.921770393848419,1.7235059514641762,0.5998233407735825,0.10958647727966309,2.302601933479309e-05,0.0005753412842750549,0.0006042681634426117,0.0,0.0,0.0,0.0,0.0,0.0,0.0,0.0,0.0,0.0,0.0,0.0,0.0,0.0,0.0,0.0,0.0,0.0,0.0,906.896392468363
38,85.61229544132948,78.76161153614521,66.05592918768525,73.9163405559957,69.79885307326913,64.34168968349695,58.1589497923851,54.515277184545994,48.59156201034784,46.252709567546844,42.29468237608671,37.10200135409832,33.91729845106602,29.287256211042404,25.352120589464903,20.814285211265087,4.563480615615845e-05,0.005669992417097092,0.0049765147268772125,14.147157914936543,8.345149006694555,3.4675002098083496e-05,0.0033357851207256317,0.00285952165722847,0.0034356117248535156,3.7789378240704536,2.4350206069648266,0.9952648542821407,0.23763688653707504,0.044579096138477325,0.01991257816553116,1.0065734386444092e-05,0.0,0.0,0.0,0.0,0.0,0.0,0.0,0.0,0.0,0.0,0.0,0.0,0.0,0.0,0.0,0.0,0.0,0.0,864.79688879475
39,85.87828220054507,70.29649013653398,74.59630427509546,65.77234004810452,67.38011806458235,60.18635160848498,56.753058943897486,54.446062695235014,50.16160215437412,44.53411113470793,40.754691410809755,4.873424768447876e-05,32.54922477155924,29.42481153085828,4.524737596511841e-05,22.511001370847225,19.094370536506176,4.007667303085327e-05,15.242652300745249,12.207591999322176,2.602115273475647e-05,0.0037846639752388,0.004382651299238205,0.003617558628320694,5.577355597168207,2.1111220121383667e-05,0.002202969044446945,0.0014200136065483093,0.0,0.0,0.0,0.0,0.0,0.0,0.0,0.0,0.0,0.0,0.0,0.0,0.0,0.0,0.0,0.0,0.0,0.0,0.0,0.0,0.0,0.0,807.3820098266006
40,85.99712774530053,71.67069423943758,70.9508567750454,67.19468397274613,65.33018102869391,60.77312434464693,58.308714389801025,52.19124325364828,47.44491917267442,43.35746569931507,37.4856756106019,3.28943133354187e-05,31.892891205847263,27.165476609021425,3.3974647521972656e-05,0.004465330392122269,0.004141185432672501,0.002767454832792282,0.002662990242242813,0.002697739750146866,0.0024520233273506165,0.0023974403738975525,11.336469631642103,4.078075289726257e-05,0.0018948130309581757,0.001964997500181198,0.0019229911267757416,3.742699973285198,3.249943256378174e-05,0.0011323168873786926,0.0017472617328166962,0.0008566901087760925,0.0016371309757232666,0.0007117390632629395,0.0004502423107624054,0.0002125091850757599,0.0,0.0,0.0,0.0,0.0,0.0,0.0,0.0,0.0,0.0,0.0,0.0,0.0,0.0,734.8764786571264
41,83.87811841443181,72.89571795985103,69.01223072782159,71.57541628926992,64.83864222839475,60.214222334325314,55.97064643725753,50.82329547405243,45.7514620795846,42.130564752966166,39.876603443175554,34.773270171135664,31.001529470086098,25.435298521071672,4.6893954277038574e-05,0.004420377314090729,18.558757934719324,15.991215661168098,4.209205508232117e-05,0.004859805107116699,0.004266135394573212,0.0037596896290779114,0.004106383770704269,0.0036863982677459717,4.326047010719776,2.546301119029522,4.689022898674011e-05,0.0010650008916854858,0.8968131206929684,2.308562397956848e-05,0.0006629452109336853,0.0011533237993717194,0.000367533415555954,0.0,0.0,0.0,0.0,0.0,0.0,0.0,0.0,0.0,0.0,0.0,0.0,0.0,0.0,0.0,0.0,0.0,790.524659704417
42,84.00916683673859,72.40120813250542,67.85014775395393,64.76824853941798,64.43632715567946,61.34914905577898,57.05901212245226,51.78714183345437,46.09218880161643,41.064783569425344,39.58976177871227,34.15768180787563,30.898789629340172,24.478237360715866,22.838733699172735,19.82296596094966,15.875347547233105,2.577155828475952e-05,0.0024668127298355103,0.00238148495554924,0.0023811981081962585,0.004619959741830826,7.024509761482477,2.331659197807312e-05,0.003079492598772049,3.1429425552487373,1.9298002533614635,0.8600799776613712,0.20227859169244766,0.0060392506420612335,0.019690971821546555,0.013690758496522903,0.009604662656784058,0.0,0.0,0.0,0.0,0.0,0.0,0.0,0.0,0.0,0.0,0.0,0.0,0.0,0.0,0.0,0.0,0.0,811.7025064043701
43,83.85957508534193,72.0099602304399,75.17988619580865,65.51664227247238,62.095532923936844,61.79688198491931,56.78127118945122,52.836023308336735,48.61026768013835,43.9393572807312,39.3874946385622,35.62683426588774,31.408772129565477,23.70962432026863,6.703659892082214e-05,0.003162384033203125,18.169554125517607,2.5801360607147217e-05,0.002676215022802353,12.220587883144617,2.9206275939941406e-05,0.0035780668258666992,0.0036388784646987915,4.754976034164429,4.534877080470324,2.148988489061594,4.25875186920166e-05,0.6244441643357277,0.060814328491687775,2.028048038482666e-05,0.000745631754398346,0.0,0.0,0.0,0.0,0.0,0.0,0.0,0.0,0.0,0.0,0.0,0.0,0.0,0.0,0.0,0.0,0.0,0.0,0.0,795.2863516993821
44,83.26438128203154,72.80541309714317,69.55952034890652,70.60265883430839,65.43070427328348,60.351582027971745,54.37248321250081,49.50395776703954,44.61070832237601,39.85889568179846,9.036809206008911e-05,30.262421060353518,3.967806696891785e-05,0.00618433952331543,0.006108220666646957,0.005644083023071289,0.003159165382385254,0.003067880868911743,0.0031501464545726776,0.005501527339220047,14.125538498163223,3.558024764060974e-05,0.0039035044610500336,0.004313185811042786,0.003105614334344864,0.002967666834592819,0.0030826181173324585,0.0032698027789592743,0.0036544613540172577,0.0019262805581092834,0.0015515759587287903,0.0,0.0,0.0,0.0,0.0,0.0,0.0,0.0,0.0,0.0,0.0,0.0,0.0,0.0,0.0,0.0,0.0,0.0,0.0,654.8090201057494
45,83.81364485248923,76.09152219444513,69.47089067101479,70.10951829329133,65.5338420830667,60.609163500368595,57.18306853622198,53.14586256816983,48.10684501007199,44.4043872654438,39.94480428099632,37.067447785288095,32.26192831248045,29.11110371723771,26.488166488707066,21.745001140981913,16.814537040889263,14.988567735999823,4.497542977333069e-05,0.003988116979598999,0.0033272281289100647,0.0023419633507728577,5.406441695988178,2.8777867555618286e-05,0.00291452556848526,0.0021567493677139282,0.0013844035565853119,0.30784138292074203,0.03953346237540245,4.053488373756409e-05,0.0002264268696308136,0.0,0.0,0.0,0.0,0.0,0.0,0.0,0.0,0.0,0.0,0.0,0.0,0.0,0.0,0.0,0.0,0.0,0.0,0.0,852.6605717204511
46,86.61780421063304,73.8628652356565,70.17315752059221,67.79349654912949,65.40978857502341,65.61454841122031,58.08435184508562,51.92083626613021,49.145103216171265,44.194876343011856,40.404405158013105,33.03027127683163,31.86944641172886,28.888444785028696,25.36795325577259,4.854053258895874e-05,0.006142213940620422,0.00579727441072464,0.005590718239545822,11.688850939273834,10.406217005103827,6.969273090362549e-05,5.734504133462906,3.053620457649231e-05,0.0014782249927520752,0.0021970272064208984,0.0011498630046844482,0.0012414753437042236,0.09866580367088318,1.6044825315475464e-05,0.00043882057070732117,0.0,0.0,0.0,0.0,0.0,0.0,0.0,0.0,0.0,0.0,0.0,0.0,0.0,0.0,0.0,0.0,0.0,0.0,0.0,820.3297873735428
47,86.68720449879766,74.79413739219308,73.36599799245596,69.43976654484868,67.40832015126944,60.55227901786566,56.73320382460952,54.34581381827593,49.804900608956814,45.3288954757154,39.29023119434714,37.12986275926232,33.508560974150896,29.868515722453594,7.138773798942566e-05,0.0031431615352630615,0.0029742270708084106,16.28161419183016,13.521535519510508,10.892609629780054,9.818566922098398,7.128704756498337,5.520150851458311,4.390240408480167,2.720477271825075,1.6549163050949574,1.3168855160474777,0.09649697318673134,3.2201409339904785e-05,0.0006467960774898529,0.000408954918384552,0.0,0.0,0.0,0.0,0.0,0.0,0.0,0.0,0.0,0.0,0.0,0.0,0.0,0.0,0.0,0.0,0.0,0.0,0.0,851.6071650497615
48,85.73797547072172,72.98553536832333,67.01932611688972,71.7101752795279,67.74279906600714,63.69901703670621,57.45531056076288,54.19221365079284,49.649031329900026,45.15193411707878,41.718344274908304,36.72925101220608,32.09923227131367,29.001011915504932,24.754434261471033,23.006219256669283,18.318045292049646,14.31636930629611,13.285315729677677,12.598498124629259,9.86203883215785,7.466825850307941,5.992436625063419,4.190525632351637,2.8134853802621365,1.7840698845684528,2.277269959449768e-05,0.0017223209142684937,0.000702936202287674,0.0007552802562713623,0.0005267560482025146,0.0,0.0,0.0,0.0,0.0,0.0,0.0,0.0,0.0,0.0,0.0,0.0,0.0,0.0,0.0,0.0,0.0,0.0,0.0,913.2831517122686
49,86.08096903935075,71.74896205216646,74.949353415519,64.08753291890025,63.63459948450327,63.40282700583339,58.17271515727043,52.00594602525234,48.426927875727415,45.20703412592411,40.15669421106577,37.045903496444225,32.73062367737293,28.16102823242545,24.15822572261095,21.44015086442232,20.71915154904127,15.826377388089895,3.014504909515381e-05,0.0037329308688640594,0.0037108957767486572,0.0020986050367355347,0.002024702727794647,0.004230611026287079,0.0035856515169143677,0.003177136182785034,0.0030417069792747498,0.002939913421869278,0.0016751214861869812,0.0011109933257102966,0.0011640526354312897,0.0013237148523330688,0.0011562556028366089,0.0,0.0,0.0,0.0,0.0,0.0,0.0,0.0,0.0,0.0,0.0,0.0,0.0,0.0,0.0,0.0,0.0,847.9900246784091
50,85.72149186208844,72.58415073528886,73.62694972008467,66.28006423637271,68.65266137197614,61.02876200899482,58.99109873175621,53.052747279405594,48.889466281980276,45.1990689560771,40.78119342401624,36.608655229210854,31.985787339508533,30.779886588454247,26.00529931858182,21.726795759052038,18.968614105135202,15.676914393901825,5.739554762840271e-05,0.004954792559146881,0.004144567996263504,0.004555322229862213,7.018568456172943,2.152472734451294e-05,0.0025780089199543,0.0028883814811706543,2.8814284279942513,1.599189281463623,0.7848036400973797,2.6453286409378052e-05,0.0010410882532596588,0.0008107833564281464,0.0005979500710964203,0.0003841482102870941,0.0,0.0,0.0,0.0,0.0,0.0,0.0,0.0,0.0,0.0,0.0,0.0,0.0,0.0,0.0,0.0,868.8656575642526
51,83.09946720302105,69.42287373915315,66.30392290651798,70.03828594833612,63.95294603332877,60.02317441627383,56.62267015874386,52.57595766335726,48.713376238942146,43.11806437000632,39.398001845926046,33.19970107451081,29.75660563632846,23.51856007054448,4.09446656703949e-05,0.003442905843257904,0.003149159252643585,0.005155380815267563,0.0026449263095855713,0.002623535692691803,0.0024437494575977325,0.002251211553812027,0.0020746365189552307,0.002122744917869568,0.001578696072101593,0.0017895326018333435,0.0016014836728572845,1.1990639604628086,0.3022679090499878,0.02653747797012329,0.011545810848474503,5.926936864852905e-06,0.0,0.0,0.0,0.0,0.0,0.0,0.0,0.0,0.0,0.0,0.0,0.0,0.0,0.0,0.0,0.0,0.0,0.0,741.3139472976327
52,83.78402442485094,73.42075572907925,67.90483685955405,64.8734250664711,62.59648799523711,59.44388285279274,55.60789839550853,44.65084074810147,41.138343304395676,35.818684712052345,34.08624029532075,2.83755362033844e-05,27.95947176963091,22.9891239926219,22.56605614721775,20.323412783443928,16.6954384483397,13.75037981942296,11.414762612432241,9.870899755507708,6.892845410853624,3.524869680404663e-05,0.0032933801412582397,0.003075767308473587,0.0031059347093105316,0.002679497003555298,0.002308368682861328,0.2200346402823925,2.0798295736312866e-05,0.0012963339686393738,0.0008376613259315491,0.0,0.0,0.0,0.0,0.0,0.0,0.0,0.0,0.0,0.0,0.0,0.0,0.0,0.0,0.0,0.0,0.0,0.0,0.0,776.0245271287858
53,85.13812364637852,69.43341585993767,71.63680309057236,65.30522645264864,61.5232222750783,60.070182889699936,55.972410157322884,49.939971588552,42.63260302320123,38.0438242778182,36.516482546925545,34.831050261855125,30.74061992391944,27.84429106861353,23.99765060469508,21.00401171296835,17.014384873211384,4.918500781059265e-05,0.004693195223808289,11.274428956210613,4.364177584648132e-05,0.00404694676399231,0.0034286603331565857,0.0032398030161857605,3.4912962839007378,2.063065767288208e-05,0.0027157478034496307,0.0023154057562351227,0.0017033182084560394,0.0016902722418308258,0.0013289004564285278,0.01782052218914032,0.0,0.0,0.0,0.0,0.0,0.0,0.0,0.0,0.0,0.0,0.0,0.0,0.0,0.0,0.0,0.0,0.0,0.0,806.4530957229435
54,82.84457705542445,71.95970200374722,70.82825800031424,69.63210427761078,64.59158810973167,58.992680590599775,55.234026703983545,52.03896343335509,47.28109146654606,42.833650786429644,39.6679470166564,35.80283968895674,30.993853710591793,26.70845939964056,22.414645578712225,19.425843730568886,16.562630999833345,14.211991474032402,10.35302859917283,3.213435411453247e-05,8.70916422829032,8.267182536423206,5.007040336728096,1.6495585441589355e-05,0.0028804130852222443,0.0022644586861133575,0.0023369602859020233,0.001678667962551117,0.13070572167634964,1.5951693058013916e-05,0.000841144472360611,0.0008893832564353943,0.0,0.0,0.0,0.0,0.0,0.0,0.0,0.0,0.0,0.0,0.0,0.0,0.0,0.0,0.0,0.0,0.0,0.0,854.5029310584068
55,82.35485903173685,70.31046209484339,63.958791356533766,65.99194744601846,63.91056714951992,54.04095757752657,29.999923028051853,44.76648739725351,45.497797809541225,42.31786917895079,38.465675089508295,35.74773344770074,31.047240898013115,27.588404092937708,23.478082917630672,20.419129353016615,18.99312638118863,4.182383418083191e-05,0.0051467642188072205,0.004736565053462982,0.004201419651508331,0.003659505397081375,0.0037330016493797302,3.855855006724596,2.4893580712378025,2.5510787963867188e-05,0.0021203868091106415,0.0017179325222969055,0.04517390951514244,2.142786979675293e-05,0.00032823532819747925,0.0,0.0,0.0,0.0,0.0,0.0,0.0,0.0,0.0,0.0,0.0,0.0,0.0,0.0,0.0,0.0,0.0,0.0,0.0,765.3051738105714
56,86.21486676484346,73.72333858534694,68.04705790057778,65.72932244837284,67.27950081601739,63.15575698390603,58.27994775027037,52.64973449334502,48.97957934066653,45.10418131202459,40.028257973492146,34.88100066035986,32.27461073547602,29.249509166926146,25.420912448316813,21.53072090446949,5.963072180747986e-05,18.16760404035449,14.603821896016598,2.7731060981750488e-05,0.004683256149291992,0.0043266043066978455,6.2528540045022964,3.5402440801262856,3.300979733467102e-05,0.0026427283883094788,0.00247381255030632,0.0022252313792705536,0.0020657479763031006,0.0018548108637332916,0.0016268566250801086,0.0016893520951271057,0.0012947805225849152,0.0008798129856586456,0.0,0.0,0.0,0.0,0.0,0.0,0.0,0.0,0.0,0.0,0.0,0.0,0.0,0.0,0.0,0.0,855.1387056708336
57,85.73968283087015,73.77986712008715,69.54667245969176,72.4112163707614,66.67971894145012,62.35170291364193,56.71692328155041,51.77255033701658,49.540444154292345,43.45416905730963,37.44750115275383,35.502991892397404,31.474337246268988,28.0861470811069,24.32980800047517,5.568563938140869e-05,0.006018731743097305,0.00541779026389122,0.005464170128107071,12.622319612652063,9.908507168293,7.910087127238512,7.511151302605867,2.3555010557174683e-05,0.003293510526418686,0.0026220083236694336,0.002470601350069046,2.034162424504757,2.8040260076522827e-05,0.0016658566892147064,0.048317261040210724,1.9069761037826538e-05,0.0,0.0,0.0,0.0,0.0,0.0,0.0,0.0,0.0,0.0,0.0,0.0,0.0,0.0,0.0,0.0,0.0,0.0,828.8953567557037
58,84.416149713099,71.36795372515917,64.18194385245442,65.9040364548564,58.59629311785102,52.97180783003569,49.61043944954872,43.13453360274434,41.33553672209382,34.82919252291322,33.54251040518284,31.197542909532785,29.32829400151968,25.891440149396658,21.75678377971053,20.168964821845293,17.09399825707078,14.304977960884571,12.754438571631908,9.437612019479275,7.576336909085512,6.199464894831181,4.63271439447999,1.204758882522583e-05,0.00260896235704422,0.002423670142889023,0.0022079087793827057,0.0020537488162517548,0.001878242939710617,0.001745559275150299,0.0012624375522136688,0.0010791867971420288,0.0,0.0,0.0,0.0,0.0,0.0,0.0,0.0,0.0,0.0,0.0,0.0,0.0,0.0,0.0,0.0,0.0,0.0,800.2482378296554
59,77.9726683832705,63.85102046281099,67.0766674913466,60.92806700989604,56.785119865089655,52.78712039068341,48.542598992586136,36.98261358961463,37.88019251078367,35.912642277777195,20.876951590180397,28.006020039319992,25.661254286766052,25.465357396751642,22.00230124592781,20.45229183882475,16.605225525796413,12.896972000598907,12.868298612535,9.986225049942732,1.2893229722976685e-05,0.0037884004414081573,0.003855474293231964,0.0031928233802318573,0.003235645592212677,2.6856675930321217,1.5612691640853882e-05,0.002038314938545227,0.0020842254161834717,0.001656997948884964,0.05147644132375717,0.012864015996456146,0.0005197972059249878,0.0,0.0,0.0,0.0,0.0,0.0,0.0,0.0,0.0,0.0,0.0,0.0,0.0,0.0,0.0,0.0,0.0,736.3100167959929
60,75.0363090634346,62.62863003462553,56.39288492500782,62.506478291004896,58.971083763986826,54.58186358958483,50.159983452409506,46.888892356306314,43.413721080869436,39.92126724869013,35.243927374482155,30.68370235338807,1.4569610357284546e-05,23.426876075565815,21.455239914357662,20.200667709112167,16.490548565983772,13.109907630831003,11.339935954660177,10.074367389082909,1.7698854207992554e-05,0.004065748304128647,4.941111396998167,3.896079156547785,2.181685633957386,8.709728717803955e-06,0.002009529620409012,0.15767106413841248,0.023498661816120148,0.007755473256111145,0.0,0.0,0.0,0.0,0.0,0.0,0.0,0.0,0.0,0.0,0.0,0.0,0.0,0.0,0.0,0.0,0.0,0.0,0.0,0.0,743.7402044162154
61,72.68559719994664,62.635381150990725,60.4510637447238,55.60330206155777,53.16346797347069,53.54197345301509,49.90730933472514,47.03956453874707,40.38772461935878,38.033147010952234,33.157564371824265,30.140297397971153,27.15071589499712,23.135904617607594,19.766782969236374,2.6572495698928833e-05,0.005895782262086868,0.0054740384221076965,0.004860330373048782,10.191760398447514,8.04868109896779,5.814313907176256,2.5954097509384155e-05,0.002702482044696808,0.0031118467450141907,0.00272267684340477,0.002044040709733963,0.5141327865421772,1.971796154975891e-05,0.001532863825559616,0.0008702687919139862,0.0,0.0,0.0,0.0,0.0,0.0,0.0,0.0,0.0,0.0,0.0,0.0,0.0,0.0,0.0,0.0,0.0,0.0,0.0,691.3979711048305
62,72.28254210203886,61.91482263430953,58.22865193709731,58.66730787977576,55.34593306481838,52.794511418789625,48.54909547790885,44.45764097571373,41.340475991368294,35.595568496733904,33.616545643657446,29.276398070156574,28.55973729863763,24.69286520779133,18.423222329467535,8.616596460342407e-05,0.0058708153665065765,0.005660131573677063,0.0030783191323280334,0.00556056946516037,0.004781164228916168,0.004629567265510559,0.00475054606795311,7.430318746715784,3.0394643545150757e-05,0.003492876887321472,0.003348764032125473,0.0031963102519512177,1.592723399400711,1.9740313291549683e-05,0.0025039389729499817,0.0018061771988868713,0.001613900065422058,0.0,0.0,0.0,0.0,0.0,0.0,0.0,0.0,0.0,0.0,0.0,0.0,0.0,0.0,0.0,0.0,0.0,672.8187900558114
63,80.43225035071373,68.58239420503378,68.46132442355156,67.67129282280803,66.04331705719233,59.27472545206547,51.985977578908205,48.957661133259535,45.38470485433936,39.77111668139696,3.987550735473633e-05,32.64240359887481,30.35696629807353,27.013849388808012,22.33812314644456,3.222748637199402e-05,18.70671957731247,14.404980883002281,4.6584755182266235e-05,0.0048918575048446655,0.0022566206753253937,0.001910082995891571,0.0019384026527404785,0.0016194023191928864,0.0015102848410606384,3.295845188200474,1.6806691959500313,2.2638589143753052e-05,0.001067567616701126,0.10643479973077774,2.666190266609192e-05,0.0006762184202671051,0.0003351457417011261,0.0,0.0,0.0,0.0,0.0,0.0,0.0,0.0,0.0,0.0,0.0,0.0,0.0,0.0,0.0,0.0,0.0,747.1271302066743
64,85.05378376320004,70.50141875445843,69.15621508657932,65.45188167691231,62.01156174018979,58.23579324409366,53.435888048261404,49.25585815683007,45.18930573761463,40.86545630171895,37.38744239136577,34.293709967285395,26.73483730480075,3.765523433685303e-05,0.0032298676669597626,0.0036214441061019897,0.004368532449007034,0.00587105005979538,0.005685813724994659,15.575852882117033,2.535805106163025e-05,0.003964569419622421,0.005029086023569107,0.004054039716720581,0.003895912319421768,6.677764307707548,5.711676958948374,2.7816742658615112e-05,0.0026501044631004333,0.0028098449110984802,0.002820488065481186,0.32966524362564087,1.9073486328125e-05,0.0016089119017124176,0.0014085955917835236,0.00080900639295578,0.00030553340911865234,0.0,0.0,0.0,0.0,0.0,0.0,0.0,0.0,0.0,0.0,0.0,0.0,0.0,725.9203542694449
65,83.89320258423686,70.43599751591682,69.78714717552066,69.8139957524836,63.799022901803255,57.75720042362809,53.671966195106506,45.74014801159501,43.60749427601695,37.950762528926134,2.7690082788467407e-05,34.85881172865629,31.079154312610626,26.92632507160306,2.7198344469070435e-05,21.031789403408766,2.378597855567932e-05,0.002650875598192215,0.002539347857236862,13.418340422213078,10.864897191524506,9.100159462541342,7.657662890851498,5.781825598329306,4.124370105564594,2.8776672072708607,3.3445656299591064e-05,0.7922120690345764,2.820417284965515e-05,0.0007650181651115417,0.0006603710353374481,0.0003865547478199005,0.0,0.0,0.0,0.0,0.0,0.0,0.0,0.0,0.0,0.0,0.0,0.0,0.0,0.0,0.0,0.0,0.0,0.0,764.9772953204811
66,86.7428036518395,73.29388860613108,69.21824066340923,68.40715092048049,67.00096106529236,61.29369379580021,56.5901817381382,52.06266573444009,48.303724236786366,43.59281938150525,39.08046254888177,35.946453649550676,31.71807012334466,28.03240668773651,25.413421493023634,20.746134247630835,18.798385102301836,16.228500574827194,13.840953305363655,11.169813089072704,8.432321388274431,2.6129186153411865e-05,5.582741871476173,5.247443914413452e-05,0.0016565993428230286,0.002258382737636566,1.1081023178994656,2.086535096168518e-05,0.000621408224105835,0.0009843260049819946,0.00032813847064971924,0.0003071501851081848,0.0,0.0,0.0,0.0,0.0,0.0,0.0,0.0,0.0,0.0,0.0,0.0,0.0,0.0,0.0,0.0,0.0,0.0,882.6101516671479
67,86.07645531743765,76.08360698074102,70.17094436660409,73.87619033455849,65.3260376304388,61.096781615167856,58.43112384900451,54.69792851433158,50.116698902100325,45.58883444964886,40.3420236222446,35.93918198347092,31.355058573186398,28.245646722614765,2.459809184074402e-05,0.003697764128446579,0.0030782297253608704,0.002998996526002884,0.0026906952261924744,0.004614982753992081,0.003992751240730286,0.004648175090551376,0.0022352561354637146,0.002134811133146286,0.002437509596347809,0.0019579119980335236,0.0016715526580810547,0.001672748476266861,0.003233660012483597,0.0019979216158390045,0.0024089179933071136,0.0015022456645965576,0.0008767358958721161,0.0009394846856594086,0.0007119700312614441,0.0,0.0,0.0,0.0,0.0,0.0,0.0,0.0,0.0,0.0,0.0,0.0,0.0,0.0,0.0,777.3960397802293
68,88.08451592177153,74.27571154758334,73.13048392534256,69.41921086609364,62.70565517246723,59.433173693716526,57.2123277336359,53.132834043353796,49.835614051669836,41.5394225679338,36.59791058301926,3.9618462324142456e-05,0.0038619786500930786,0.004546269774436951,0.005089540034532547,0.004341907799243927,0.003321126103401184,0.003171868622303009,0.00410822406411171,0.002806544303894043,0.0030145496129989624,0.0035667158663272858,0.006717916578054428,0.0032458603382110596,0.002193700522184372,0.0,0.0,0.0,0.0,0.0,0.0,0.0,0.0,0.0,0.0,0.0,0.0,0.0,0.0,0.0,0.0,0.0,0.0,0.0,0.0,0.0,0.0,0.0,0.0,0.0,665.4168859273195
69,86.51329275220633,76.32676489651203,71.85314408689737,63.58621806651354,66.35565285384655,61.571577206254005,59.46098545193672,53.03783668577671,50.551346722990274,44.11764843761921,42.25289225950837,35.364485550671816,7.937848567962646e-05,0.0071464478969573975,0.005907922983169556,0.005789678543806076,0.0033274106681346893,0.0031184889376163483,0.0028369538486003876,0.00273171067237854,0.002729814499616623,0.002581588923931122,0.0034037232398986816,0.0023475773632526398,0.0039390213787555695,7.5418746545910835,3.69735062122345e-05,0.0030832290649414062,4.2581331096589565,1.641050335019827,2.382323145866394e-05,0.0010006092488765717,0.0637664757668972,0.022335786372423172,4.6640634536743164e-05,0.0,0.0,0.0,0.0,0.0,0.0,0.0,0.0,0.0,0.0,0.0,0.0,0.0,0.0,0.0,724.5691363252699
70,86.39194854721427,72.85146947205067,72.84609256312251,66.00372682511806,66.22330595180392,62.15671319887042,58.62257435917854,52.5477406270802,51.30094154551625,46.28968793526292,41.31217148527503,37.12465601786971,32.419837668538094,28.481675054877996,5.6393444538116455e-05,23.03469453379512,18.584906570613384,16.02043778821826,12.283641137182713,4.4520944356918335e-05,0.003288470208644867,0.002153579145669937,0.0028325840830802917,0.0023489855229854584,0.0032966211438179016,0.002477657049894333,0.0014509931206703186,0.0023397356271743774,0.0010957233607769012,0.08190018683671951,2.886354923248291e-05,0.0005657710134983063,0.00032185763120651245,0.0,0.0,0.0,0.0,0.0,0.0,0.0,0.0,0.0,0.0,0.0,0.0,0.0,0.0,0.0,0.0,0.0,844.6004232242703
71,86.11362191662192,78.95979187637568,68.64134253934026,69.35890040919185,66.06156638637185,61.08228183910251,55.639935065060854,50.93718200922012,46.677993685007095,40.759416583925486,36.49845953658223,32.23500156030059,30.131672341376543,25.090836118906736,3.898888826370239e-05,0.002966422587633133,0.0038574188947677612,15.748171780258417,11.859640926122665,4.3977051973342896e-05,0.002363830804824829,8.078841995447874,5.9417138285934925,6.253268640488386,3.153575573116541,2.1506907492876053,1.246490702033043,0.6237451881170273,0.049099165946245193,0.024350695312023163,0.018177572637796402,0.0,0.0,0.0,0.0,0.0,0.0,0.0,0.0,0.0,0.0,0.0,0.0,0.0,0.0,0.0,0.0,0.0,0.0,0.0,803.3450393229723
72,84.07753199711442,72.57901945337653,69.10991376265883,67.24950124695897,64.53472351655364,60.92734222486615,54.191500864923,52.429066859185696,47.30797680094838,42.82224589958787,40.02195658907294,34.858290527015924,28.03466249257326,3.290921449661255e-05,24.12893269583583,19.338142711669207,5.225092172622681e-05,0.005510449409484863,0.005449056625366211,12.052874352782965,10.657787568867207,7.901546277105808,6.2225803434848785,4.6484172344207764e-05,0.0015512779355049133,0.0028040632605552673,1.5337541103363037,0.44007620960474014,0.06421440839767456,0.026021841913461685,2.530217170715332e-05,0.0,0.0,0.0,0.0,0.0,0.0,0.0,0.0,0.0,0.0,0.0,0.0,0.0,0.0,0.0,0.0,0.0,0.0,0.0,800.5251345485449
73,84.03563338518143,70.30409434065223,71.8646812774241,69.2167727611959,65.43952215090394,62.352092161774635,57.33854979649186,52.1749903857708,48.44297108799219,44.645936865359545,39.04318913444877,35.66111225262284,29.894259937107563,3.839656710624695e-05,23.638979893177748,19.876899767667055,4.4323503971099854e-05,15.600632667541504,2.9597431421279907e-05,10.591172583401203,7.790297634899616,3.458186984062195e-05,4.5813792534172535,2.6497989892959595e-05,0.001913808286190033,0.0024336762726306915,0.0026673488318920135,0.0010530613362789154,0.0007323175668716431,0.069040447473526,0.011417537927627563,1.3627111911773682e-05,0.0,0.0,0.0,0.0,0.0,0.0,0.0,0.0,0.0,0.0,0.0,0.0,0.0,0.0,0.0,0.0,0.0,0.0,812.5826125591993
74,83.76966996490955,72.51445328816772,69.7368371412158,70.50296427682042,65.7407510355115,61.81178978085518,57.041330985724926,50.9758266210556,46.11445387452841,39.52578531950712,30.12302403151989,1.7598271369934082e-05,31.55149383097887,26.324524212628603,24.08118885755539,20.218750566244125,3.2451003789901733e-05,0.005679216235876083,0.005062215030193329,12.55205762758851,9.475014962255955,3.641471266746521e-05,0.0036691948771476746,6.457518480718136,4.344130728393793,3.739073872566223e-05,2.296412654221058,1.09006242826581,3.081187605857849e-05,0.001189541071653366,0.0009505003690719604,0.000272359699010849,0.0,0.0,0.0,0.0,0.0,0.0,0.0,0.0,0.0,0.0,0.0,0.0,0.0,0.0,0.0,0.0,0.0,0.0,786.2650183625519
75,84.37317445501685,73.88445210084319,70.239512514323,66.9128335416317,65.38117784261703,61.50115491077304,56.44870564341545,51.644454192370176,48.64954402670264,43.46955828368664,38.40700236707926,33.709070175886154,27.38989059627056,24.711631927639246,3.407523036003113e-05,22.66524927318096,17.95401855930686,3.6910176277160645e-05,0.005040496587753296,11.892262872308493,2.411752939224243e-05,0.003873612731695175,8.923719823360443,5.2192456759512424,3.5375090539455414,3.108009696006775e-05,0.0018545426428318024,0.0021571852266788483,0.0017286725342273712,0.002024330198764801,0.0020648986101150513,0.001418575644493103,0.0,0.0,0.0,0.0,0.0,0.0,0.0,0.0,0.0,0.0,0.0,0.0,0.0,0.0,0.0,0.0,0.0,0.0,816.934456333518
76,86.29281426221132,73.80628307163715,71.92991068586707,72.64228732138872,64.4118300229311,63.762503672391176,59.22952127829194,52.85117473080754,47.29604087024927,44.44023732841015,39.56792762503028,34.815400082618,32.0597078576684,26.587641317397356,23.70610710978508,2.9802322387695312e-05,0.00577472522854805,17.05415716022253,3.985688090324402e-05,0.005268890410661697,11.438101928681135,8.4834408685565,3.577396273612976e-05,0.0034377947449684143,0.003244590014219284,0.0030872002243995667,0.0031354427337646484,1.8975727558135986,2.0314007997512817e-05,0.0014337748289108276,0.001264091581106186,0.049595512449741364,2.16066837310791e-05,6.809830665588379e-06,0.0,0.0,0.0,0.0,0.0,0.0,0.0,0.0,0.0,0.0,0.0,0.0,0.0,0.0,0.0,0.0,832.3490561358631
77,87.45472510904074,72.06060207635164,65.76383559033275,71.92953092232347,66.67758731171489,60.31689691916108,58.5053128041327,50.29217067360878,41.66855074837804,29.471304316073656,31.035426683723927,0.0038335956633090973,0.0,0.0,0.0,0.0,0.0,0.0,0.0,0.0,0.0,0.0,0.0,0.0,0.0,0.0,0.0,0.0,0.0,0.0,0.0,0.0,0.0,0.0,0.0,0.0,0.0,0.0,0.0,0.0,0.0,0.0,0.0,0.0,0.0,0.0,0.0,0.0,0.0,0.0,635.179776750505
78,86.43856894597411,74.59341490641236,73.2165407128632,65.40381342172623,65.10458954796195,60.766578271985054,58.41840244829655,53.404730804264545,49.03686032816768,42.260549269616604,41.28837647289038,35.011658776551485,33.9743206910789,29.32655766606331,27.155488818883896,22.064316883683205,19.634110040962696,16.159019958227873,14.690935224294662,10.767977569252253,5.23589551448822e-05,0.0020685717463493347,6.2807542234659195,4.032804723829031,2.8517097234725952e-05,1.93113374710083,0.7428327202796936,0.1436934508383274,2.3312866687774658e-05,0.00035703927278518677,0.0004948601126670837,0.0,0.0,0.0,0.0,0.0,0.0,0.0,0.0,0.0,0.0,0.0,0.0,0.0,0.0,0.0,0.0,0.0,0.0,0.0,891.8510542847216
79,88.03757067397237,76.16200457513332,73.5991893298924,64.94839746877551,66.88634767383337,62.13054912537336,56.80268444493413,54.59221904724836,50.580339185893536,45.00567862391472,41.075893085449934,37.67692132294178,28.70085985213518,6.083399057388306e-05,0.004613567143678665,22.18387383967638,17.206445448100567,17.28452182933688,12.72042503580451,4.7925859689712524e-05,0.002262566238641739,7.956367131322622,5.33336678147316,2.902001142501831e-05,0.001661788672208786,0.0014563500881195068,0.001804586499929428,0.001980818808078766,0.001153498888015747,0.0005505196750164032,0.0006290078163146973,0.0,0.0,0.0,0.0,0.0,0.0,0.0,0.0,0.0,0.0,0.0,0.0,0.0,0.0,0.0,0.0,0.0,0.0,0.0,828.8999049589038
80,86.63371613621712,74.71736124157906,75.68216752633452,68.15784370154142,65.33176153153181,63.150771375745535,57.77482118085027,53.79319003224373,49.92022966220975,45.03593913093209,40.545837607234716,37.20550063997507,33.11026244238019,29.477363035082817,25.337724193930626,3.339722752571106e-05,0.005902901291847229,0.005735293030738831,0.0054733119904994965,0.005551230162382126,0.005136918276548386,0.004690688103437424,0.00408143550157547,0.003884263336658478,0.003745686262845993,0.0038419701159000397,0.0031733624637126923,0.002934802323579788,0.002570655196905136,0.002169385552406311,0.001781608909368515,0.0010977275669574738,0.0008776821196079254,0.0006693489849567413,0.0,0.0,0.0,0.0,0.0,0.0,0.0,0.0,0.0,0.0,0.0,0.0,0.0,0.0,0.0,0.0,805.9378411062062
81,83.68850247189403,72.77693119645119,69.73501852527261,72.43859449774027,66.06982812657952,60.579916659742594,57.663122329860926,52.597963608801365,48.323005720973015,42.74789935350418,37.98573788627982,33.076109405606985,31.540078185498714,27.456125147640705,22.46128086745739,6.170570850372314e-05,18.64144453033805,3.501772880554199e-05,0.004652395844459534,9.752370938658714,2.9962509870529175e-05,0.003863424062728882,0.003999084234237671,4.793857414275408,3.137023739516735,3.168359398841858e-05,0.0020384714007377625,0.0020017363131046295,0.0017116107046604156,0.0017858892679214478,0.0013368017971515656,0.0008961781859397888,0.0,0.0,0.0,0.0,0.0,0.0,0.0,0.0,0.0,0.0,0.0,0.0,0.0,0.0,0.0,0.0,0.0,0.0,815.4872545674443
82,84.70906722545624,76.30066436901689,70.59540639445186,69.87638263776898,65.2667563855648,59.062039121985435,44.90111621469259,46.67818830534816,46.30226630344987,40.904609221965075,35.82262239232659,5.683675408363342e-05,0.007194403558969498,29.54813129082322,4.3682754039764404e-05,0.003137100487947464,0.0029952265322208405,16.663208663463593,12.374694414436817,2.7146190404891968e-05,0.0021903999149799347,0.004161089658737183,0.002117220312356949,0.0022764913737773895,0.002601221203804016,3.2295421324670315,2.8207898139953613e-05,0.0010584443807601929,0.47369587793946266,1.9848346710205078e-05,0.0008484832942485809,0.0005751438438892365,0.0004081651568412781,0.0,0.0,0.0,0.0,0.0,0.0,0.0,0.0,0.0,0.0,0.0,0.0,0.0,0.0,0.0,0.0,0.0,702.7381300628185
83,83.99999391660094,71.52192780002952,72.49712717160583,67.1846277937293,64.93068089336157,58.96790046617389,54.31361025944352,49.551419731229544,43.09535302594304,36.733260810375214,32.42842708900571,3.3464282751083374e-05,0.007233608514070511,0.00646059587597847,0.0033783093094825745,0.004571694880723953,0.006425991654396057,20.466363180428743,3.1948089599609375e-05,15.239228136837482,12.03056251257658,4.914030432701111e-05,0.004280455410480499,0.0031742267310619354,0.0036115385591983795,0.002185489982366562,0.0030957721173763275,0.002953074872493744,0.0025889985263347626,0.0023230314254760742,0.002326004207134247,0.0017061121761798859,0.0014207921922206879,0.0012278594076633453,0.0010129660367965698,0.0,0.0,0.0,0.0,0.0,0.0,0.0,0.0,0.0,0.0,0.0,0.0,0.0,0.0,0.0,683.020573861897
84,83.39210411533713,73.62520253285766,72.76929653435946,66.18670042604208,64.63096962869167,59.85813882574439,57.007742919027805,52.790319852530956,47.42647713795304,42.93315903842449,39.345771342515945,34.332919493317604,3.7789344787597656e-05,0.006861262023448944,25.214041408151388,18.01272515207529,17.205649215728045,16.44790954887867,13.991283647716045,10.694930005818605,8.430556066334248,6.585331168025732,4.674341734498739,3.923363469541073,2.408791311085224,1.431324440985918,1.2053970843553543,0.14875441417098045,0.04342298582196236,2.0802021026611328e-05,0.0,0.0,0.0,0.0,0.0,0.0,0.0,0.0,0.0,0.0,0.0,0.0,0.0,0.0,0.0,0.0,0.0,0.0,0.0,0.0,824.7235433533788
85,83.20775981992483,71.0343141593039,70.83516641333699,67.68874932080507,65.1021119877696,60.2816294580698,56.656907111406326,50.169014386832714,47.84253150224686,40.54688737168908,35.54619076102972,33.23178952559829,29.06313583254814,25.630324579775333,23.50144436582923,18.756560619920492,4.526972770690918e-05,0.0044632405042648315,0.005101330578327179,0.004481129348278046,0.004531525075435638,0.004186008125543594,0.0032849907875061035,3.7918242625892162,2.102076016366482,2.1636486053466797e-05,0.0018994584679603577,0.0017749704420566559,0.0,0.0,0.0,0.0,0.0,0.0,0.0,0.0,0.0,0.0,0.0,0.0,0.0,0.0,0.0,0.0,0.0,0.0,0.0,0.0,0.0,0.0,785.0182070545852
86,85.59165933728218,72.09619074687362,71.07109236717224,70.15308452397585,65.2839519828558,58.83900601789355,57.497465781867504,54.524866349995136,50.02863923460245,45.957979176193476,39.12164472788572,37.62393535301089,33.41333231702447,29.503021337091923,25.87106105312705,22.247848823666573,19.46893200278282,16.006057862192392,12.296085525304079,2.524256706237793e-05,9.712595462799072,7.225019033998251,4.636824864894152,3.9879136458039284,2.751993276178837,1.4154242053627968,0.5822282917797565,0.06656178086996078,0.03748514875769615,0.02374282479286194,0.0,0.0,0.0,0.0,0.0,0.0,0.0,0.0,0.0,0.0,0.0,0.0,0.0,0.0,0.0,0.0,0.0,0.0,0.0,0.0,897.0356682986021
87,85.62841672077775,77.01778669655323,71.89063683897257,68.2866987735033,65.55894857645035,63.09789373725653,57.992838371545076,48.45048738270998,36.28220606595278,42.765368804335594,38.709664694964886,34.953924022614956,30.78118272870779,27.151645347476006,23.348514277487993,2.2977590560913086e-05,0.006044354289770126,0.005820609629154205,0.005913820117712021,0.00550701841711998,12.24666640534997,9.229108862578869,3.950297832489014e-05,0.003943342715501785,6.614468164741993,1.7471611499786377e-05,0.003146376460790634,2.7865504510700703,1.29982003942132,0.7657503448426723,1.857057213783264e-05,0.0014223270118236542,0.0,0.0,0.0,0.0,0.0,0.0,0.0,0.0,0.0,0.0,0.0,0.0,0.0,0.0,0.0,0.0,0.0,0.0,804.8904736787081
88,85.11111267656088,75.21879079192877,70.41473938524723,63.59484676644206,66.15202755481005,62.22615574672818,55.61900810524821,53.328692711889744,49.834479339420795,44.7852638438344,39.74078946560621,37.3411867544055,32.718456730246544,29.52481087297201,25.976223938167095,22.744495250284672,20.237186897546053,18.031182903796434,14.771190613508224,11.870701532810926,9.153379131108522,8.365350466221571,4.72658633813262,2.647191286087036e-05,2.0841793790459633,2.2180378437042236e-05,0.3804748095571995,1.7762184143066406e-05,0.07476239651441574,0.01893581449985504,1.714751124382019e-05,0.0,0.0,0.0,0.0,0.0,0.0,0.0,0.0,0.0,0.0,0.0,0.0,0.0,0.0,0.0,0.0,0.0,0.0,0.0,904.0450937785208
89,85.86680212244391,71.57872315868735,73.90367549285293,65.1147551201284,65.48841259256005,59.062919188290834,50.39130390435457,48.062893480062485,45.69745099544525,39.94955166429281,35.488865070044994,33.05696854367852,31.083744183182716,26.333511605858803,23.118279054760933,21.84513734281063,18.32210097834468,15.124245837330818,13.561379317194223,11.601849243044853,9.171008661389351,7.180196933448315,5.243251375854015,2.691894769668579e-05,3.653542183339596,3.059953451156616e-05,0.002270035445690155,0.001885484904050827,0.00148836150765419,0.0008418150246143341,0.0008554868400096893,0.0,0.0,0.0,0.0,0.0,0.0,0.0,0.0,0.0,0.0,0.0,0.0,0.0,0.0,0.0,0.0,0.0,0.0,0.0,859.9079667516053
90,79.23801544681191,67.1211882866919,68.01508157327771,62.62895007058978,57.946950409561396,55.328368324786425,53.59403717517853,44.26096249744296,41.3000452965498,38.7120771035552,3.641843795776367e-05,0.00817737728357315,30.585108164697886,23.22124731913209,19.87042272090912,3.219768404960632e-05,0.006272509694099426,17.175048172473907,14.056415360420942,11.540662057697773,8.352761093527079,7.875524435192347,6.167989932000637,4.605422791093588,2.8494144082069397,3.093108534812927e-05,0.002034377306699753,0.0018525533378124237,0.0018782541155815125,0.0015070922672748566,0.001100495457649231,0.0006477124989032745,0.0,0.0,0.0,0.0,0.0,0.0,0.0,0.0,0.0,0.0,0.0,0.0,0.0,0.0,0.0,0.0,0.0,0.0,714.4692625589669
91,77.68009135127068,65.62886216118932,66.36655044928193,62.57647730410099,61.08459610119462,51.89750365167856,29.245010752230883,42.05431589484215,42.6836774609983,39.02327345684171,34.93428360670805,32.15391315147281,4.13358211517334e-05,25.384643737226725,22.124605767428875,17.108090944588184,15.163718931376934,12.884939402341843,11.557540223002434,3.209337592124939e-05,0.004345659166574478,5.6520709954202175,3.115460276603699e-05,3.8380040787160397,2.428620994091034,1.3070559836924076,0.5750042982399464,0.12387102842330933,2.5682151317596436e-05,0.033085040748119354,8.970499038696289e-06,0.0,0.0,0.0,0.0,0.0,0.0,0.0,0.0,0.0,0.0,0.0,0.0,0.0,0.0,0.0,0.0,0.0,0.0,0.0,723.5142916627228
92,78.0655825547874,67.26065991446376,61.756963185966015,61.0668185390532,58.36561228334904,55.472889985889196,50.55810806900263,47.04548284038901,43.6791667714715,39.918928768485785,36.27826210856438,33.59057732671499,28.103930070996284,23.386571247130632,20.6844573430717,3.9655715227127075e-05,0.005846727639436722,0.0051269084215164185,0.005277853459119797,10.188943468034267,3.647059202194214e-05,5.960214376449585,4.070431549102068,3.316253423690796e-05,0.0030867569148540497,0.002405501902103424,1.6540260277688503,0.772889319807291,0.1423802301287651,1.5404075384140015e-05,0.036568667739629745,1.858919858932495e-05,0.0,0.0,0.0,0.0,0.0,0.0,0.0,0.0,0.0,0.0,0.0,0.0,0.0,0.0,0.0,0.0,0.0,0.0,728.0813516788185
93,77.23970766738057,64.09677341207862,65.14474146440625,63.72454592958093,60.900394696742296,55.59355767443776,45.36325689777732,44.67122344300151,40.237248469144106,38.87155195325613,33.92850423231721,23.56254529207945,24.375863160938025,24.078836780041456,20.885299004614353,17.903554134070873,16.378220073878765,3.715977072715759e-05,0.005093295127153397,9.283010769635439,3.55355441570282e-05,0.003908906131982803,0.0032339245080947876,0.002830643206834793,0.002660144120454788,0.0026885084807872772,0.0020469240844249725,0.0018621645867824554,0.0016785115003585815,0.0014767423272132874,0.07326574996113777,2.3949891328811646e-05,0.00037632137537002563,0.0,0.0,0.0,0.0,0.0,0.0,0.0,0.0,0.0,0.0,0.0,0.0,0.0,0.0,0.0,0.0,0.0,726.3400535359979
94,77.37513926997781,63.6210947483778,60.92537773400545,62.14687515795231,58.04935768991709,55.6506958976388,52.89910922199488,47.75423991307616,43.7499033510685,39.55109444260597,36.71610799431801,30.85235568881035,28.543592888861895,24.37018882855773,19.931091982871294,4.5806169509887695e-05,0.005606714636087418,0.005448505282402039,0.005503050982952118,0.0050758011639118195,8.995741005986929,3.552064299583435e-05,0.0036648064851760864,0.003439906984567642,0.00328875333070755,0.0031202249228954315,3.095599863678217,3.211572766304016e-05,1.0700858496129513,2.1334737539291382e-05,0.001553323119878769,0.0008387528359889984,0.0009061843156814575,0.0,0.0,0.0,0.0,0.0,0.0,0.0,0.0,0.0,0.0,0.0,0.0,0.0,0.0,0.0,0.0,0.0,715.3362323306501
95,78.33978120982647,66.4451081007719,63.44748413562775,61.79451569542289,59.95254693180323,54.06001015007496,51.491005804389715,47.13984394073486,39.43907442316413,39.287074364721775,36.97497033700347,33.02179857343435,29.55255478248,26.322734739631414,22.5897125788033,19.425740636885166,15.608292751014233,12.921096712350845,9.905935525894165,3.25813889503479e-05,0.004353508353233337,0.004100434482097626,0.0036760903894901276,3.5758973583579063,2.147616643458605,2.598389983177185e-05,0.00225767120718956,0.0018938183784484863,0.09090035036206245,0.022728510200977325,1.524016261100769e-05,0.0,0.0,0.0,0.0,0.0,0.0,0.0,0.0,0.0,0.0,0.0,0.0,0.0,0.0,0.0,0.0,0.0,0.0,0.0,773.572779584676
96,81.00650396943092,68.18676493689418,67.26335295662284,59.29087156802416,57.997235521674156,57.397726602852345,52.987643234431744,47.50151365995407,45.05697790533304,40.332053028047085,2.9616057872772217e-05,33.83647244796157,29.448770094662905,23.457028850913048,3.131479024887085e-05,20.56042293086648,2.0060688257217407e-05,15.7466373257339,12.408194243907928,10.163037460297346,8.287041209638119,5.497906189411879,5.0606385841965675,3.8792743869125843,2.912648767232895,2.0885650776326656,0.688938818871975,1.1224299669265747e-05,0.05267777666449547,1.4930963516235352e-05,0.0,0.0,0.0,0.0,0.0,0.0,0.0,0.0,0.0,0.0,0.0,0.0,0.0,0.0,0.0,0.0,0.0,0.0,0.0,0.0,751.1090046949685
97,79.41732724010944,67.51513788104057,63.12034963816404,65.74307055026293,61.15274530276656,58.2594308629632,52.99048142880201,48.23796020448208,45.72530812397599,40.9359213411808,36.54553751274943,32.67053362727165,30.238918628543615,25.470132373273373,23.776815697550774,21.215236868709326,17.705160699784756,14.436080936342478,3.296881914138794e-05,0.0048280321061611176,11.356024019420147,2.4784356355667114e-05,6.722647991031408,3.5200268030166626e-05,0.003497682511806488,0.002798803150653839,0.0026391856372356415,2.1492398120462894,1.1517478972673416,0.4449797570705414,1.7601996660232544e-05,0.0008127205073833466,0.0006255768239498138,0.0003658868372440338,0.0,0.0,0.0,0.0,0.0,0.0,0.0,0.0,0.0,0.0,0.0,0.0,0.0,0.0,0.0,0.0,806.9964668378234
98,79.0532924644649,66.35333867371082,65.10203893110156,63.90867320820689,59.893614023923874,54.226584900170565,53.17951304465532,49.89589424803853,45.00442569702864,41.226852249354124,36.646215960383415,30.229932624846697,4.8182904720306396e-05,25.190430480986834,21.730709988623857,19.432492837309837,16.262647483497858,13.37036595121026,8.671036716550589,6.868052747100592,7.374929375946522,6.872185833752155,5.096757028251886,3.864892400801182,3.082616988569498,1.6953731216490269,0.788593240082264,0.15653425455093384,0.041850049048662186,0.022663120180368423,0.0,0.0,0.0,0.0,0.0,0.0,0.0,0.0,0.0,0.0,0.0,0.0,0.0,0.0,0.0,0.0,0.0,0.0,0.0,0.0,785.2425558269024
99,79.84957087039948,69.39856174215674,65.0630673058331,60.346871983259916,62.911306239664555,58.264784816652536,54.59806626290083,48.99468206986785,46.28885005787015,41.12147006392479,37.9476796798408,32.82637009769678,29.81755083426833,27.054493825882673,22.37285301461816,21.159914009273052,19.02863846346736,15.428340896964073,13.042279556393623,10.265324298292398,8.615703590214252,6.937073487788439,6.16229297593236,2.5287270545959473e-05,0.0029163770377635956,0.0020905286073684692,0.0023046210408210754,0.001878112554550171,0.0014753304421901703,0.0008317381143569946,0.0008578971028327942,0.0,0.0,0.0,0.0,0.0,0.0,0.0,0.0,0.0,0.0,0.0,0.0,0.0,0.0,0.0,0.0,0.0,0.0,0.0,837.5081260353327
100,79.73025650903583,68.88985478132963,66.61325734481215,63.52770432084799,58.17970337718725,54.64623335748911,54.053770922124386,51.428646728396416,46.70124888420105,42.1773627102375,38.27510094642639,34.62110994011164,30.246754378080368,26.042951103299856,3.9663165807724e-05,20.57288734614849,18.76180997490883,2.6382505893707275e-05,0.005240991711616516,0.005316220223903656,10.698058176785707,2.562999725341797e-05,6.7908054292202,5.0191073678433895,3.5237520933151245e-05,0.002984650433063507,0.002317715436220169,0.002110440284013748,0.0018925555050373077,0.0016794055700302124,0.0014771521091461182,0.0013373307883739471,0.0013928674161434174,0.0010051466524600983,0.0006342269480228424,0.0,0.0,0.0,0.0,0.0,0.0,0.0,0.0,0.0,0.0,0.0,0.0,0.0,0.0,0.0,777.0041392147541

total time per move x,8449.44301861152,7249.7130923084915,6970.237272519618,6752.917916994542,6439.255333602428,6000.800283264369,5498.545366469771,5085.124642584473,4624.510435570031,4227.878433030099,3527.0607763826847,3033.5423228926957,2566.413318697363,2253.472332946956,1670.5645991452038,1376.958257444203,1025.045121356845,923.8740116842091,633.7382061220706,626.3648514635861,448.9650855958462,284.79835645109415,290.63019896298647,167.92629616707563,125.43879276886582,89.33352509140968,46.197353675961494,31.770600199699402,18.546496208757162,7.4875044375658035,1.272287093102932,0.6971082910895348,0.14460943266749382,0.034317497164011,0.014646448194980621,0.00102151557803154,0.00030553340911865234,0,0,0,0,0,0,0,0,0,0,0,0,0,80448.71809846163
average time per move x,84.49443018611521,72.49713092308491,69.70237272519618,67.52917916994542,64.39255333602428,60.00800283264369,54.98545366469771,50.85124642584473,46.24510435570031,42.27878433030099,35.270607763826845,30.335423228926956,25.923366855528922,22.762346797444003,16.874389890355594,13.90866926711316,10.353991124816615,9.33206072408292,6.4013960214350565,6.326917691551374,4.535000864604507,2.876751075263577,2.9356585753837017,1.6962252138088447,1.2670585128168266,0.9115665825654049,0.4714015681220561,0.32418979795611635,0.19319266884122044,0.07965430252729579,0.015515696257352829,0.012909412797954347,0.004016928685208161,0.0016341665316195715,0.0018308060243725777,0.00051075778901577,0.00030553340911865234,nan,nan,nan,nan,nan,nan,nan,nan,nan,nan,nan,nan,nan,804.4871809846163
std of time per move x,3.6811436040551007,3.774885964645787,3.9703540079778277,3.7452098580552997,3.216414814980752,3.0013808451083315,5.0940318150789,3.359480919125559,5.7011616808006895,3.181666961614745,10.930399338036638,11.519955559840785,11.6008954788623,10.23480695231357,11.035722741916405,10.190470892562248,9.183848781820853,8.023009417409682,6.71581876639926,5.845715543541869,4.793223002296176,3.6866079094306996,3.199268310619362,2.3796068249524898,1.82596513925221,1.5154430227832667,0.9245384294367494,0.7373111195406251,0.5670404666257668,0.27468489015506004,0.071775148172075,0.05280153364772347,0.011180372833797178,0.00476152376221689,0.003255198302113583,0.00042178722065080396,nan,nan,nan,nan,nan,nan,nan,nan,nan,nan,nan,nan,nan,nan,70.20651683540528
err of average time,0.36811436040551004,0.3774885964645787,0.39703540079778277,0.37452098580552995,0.3216414814980752,0.3001380845108331,0.50940318150789,0.33594809191255587,0.5701161680800689,0.3181666961614745,1.0930399338036638,1.1519955559840784,1.1659338647126238,1.0286368018953025,1.1091318674342066,1.0241808602323355,0.9230115315352206,0.8063427856677511,0.674965182065873,0.5875165178508137,0.481737037427795,0.3705180359011562,0.3215385633332914,0.23915948445261606,0.1835164014293524,0.15308286255884107,0.09339248470318369,0.07447967035306018,0.05787332528095012,0.02833158317321918,0.007926239146890475,0.007185378615184416,0.0018633954722995297,0.0010390496696995148,0.001150886396765725,0.00029824860394001007,nan,nan,nan,nan,nan,nan,nan,nan,nan,nan,nan,nan,nan,nan,7.020651683540528
