Contains move time for player Edax1; opponent is MCTSMaxIter0
Colums refer to move number, rows to game number
game,1,2,3,4,5,6,7,8,9,10,11,12,13,14,15,16,17,18,19,20,21,22,23,24,25,26,27,28,29,30,31,32,33,34,35,36,37,38,39,40,41,42,43,44,45,46,47,48,49,50,total
1,0.4117410397157073,0.10634953156113625,0.11565795633941889,0.10608019307255745,0.1058923527598381,0.10579839255660772,0.10596438124775887,0.10559306759387255,0.10533870663493872,0.10543241631239653,0.10527615807950497,0.11473991628736258,0.1054224856197834,0.11030627600848675,0.10887923464179039,0.10859809815883636,0.10438075661659241,0.10413053445518017,0.10761608276516199,0.10733738727867603,0.10832192655652761,0.1068555535748601,0.10629566945135593,0.10568009596318007,0.10297259129583836,0.10478747636079788,0.10445772297680378,0.10419165901839733,0.10389192029833794,0.1036092471331358,0.10331010725349188,0.001482900232076645,0.0,0.0,0.0,0.0,0.0,0.0,0.0,0.0,0.0,0.0,0.0,0.0,0.0,0.0,0.0,0.0,0.0,0.0,3.6063918378204107
2,0.10688966047018766,0.10637843981385231,0.10651423968374729,0.10608688462525606,0.10589812137186527,0.10586002189666033,0.10577937960624695,0.10592661704868078,0.10544656123965979,0.10522015672177076,0.10521997883915901,0.10496237687766552,0.11723051592707634,0.10459783487021923,0.10458164941519499,0.10441859997808933,0.10411544051021338,0.10748509038239717,0.10706210695207119,0.10684119537472725,0.10354531649500132,0.10319946426898241,0.10538418777287006,0.10517305228859186,0.10285743698477745,0.10426059272140265,0.10391636285930872,0.1026306189596653,0.10335835069417953,0.1025017499923706,0.0007153516635298729,0.00043703150004148483,0.0,0.0,0.0,0.0,0.0,0.0,0.0,0.0,0.0,0.0,0.0,0.0,0.0,0.0,0.0,0.0,0.0,0.0,3.164494387805462

total time per move x,0.518630700185895,0.21272797137498856,0.22217219602316618,0.2121670776978135,0.21179047413170338,0.21165841445326805,0.2117437608540058,0.21151968464255333,0.2107852678745985,0.2106525730341673,0.21049613691866398,0.2197022931650281,0.22265300154685974,0.21490411087870598,0.21346088405698538,0.2130166981369257,0.20849619712680578,0.21161562483757734,0.21467818971723318,0.21417858265340328,0.21186724305152893,0.2100550178438425,0.211679857224226,0.21085314825177193,0.2058300282806158,0.20904806908220053,0.2083740858361125,0.20682227797806263,0.20725027099251747,0.2061109971255064,0.10402545891702175,0.0019199317321181297,0,0,0,0,0,0,0,0,0,0,0,0,0,0,0,0,0,0,6.770886225625873
average time per move x,0.2593153500929475,0.10636398568749428,0.11108609801158309,0.10608353884890676,0.10589523706585169,0.10582920722663403,0.1058718804270029,0.10575984232127666,0.10539263393729925,0.10532628651708364,0.10524806845933199,0.10985114658251405,0.11132650077342987,0.10745205543935299,0.10673044202849269,0.10650834906846285,0.10424809856340289,0.10580781241878867,0.10733909485861659,0.10708929132670164,0.10593362152576447,0.10502750892192125,0.105839928612113,0.10542657412588596,0.1029150141403079,0.10452403454110026,0.10418704291805625,0.10341113898903131,0.10362513549625874,0.1030554985627532,0.052012729458510876,0.0009599658660590649,nan,nan,nan,nan,nan,nan,nan,nan,nan,nan,nan,nan,nan,nan,nan,nan,nan,nan,3.3854431128129363
std of time per move x,0.21556247751857888,2.0441221527783604e-05,0.006465584052473766,4.731642289855838e-06,4.079024682444963e-06,4.3578524271248466e-05,0.00013081591524371927,0.00023585508135597896,7.626472238046275e-05,0.00015009019590335752,3.972472181053359e-05,0.006913764419915501,0.008349538302743108,0.004036477438873216,0.003038851656452734,0.002955351505563065,0.00018760681797862504,0.002372029244004672,0.00039172005404983695,0.00035086066005204913,0.0033775733655891376,0.002585245540809729,0.0006445148757846554,0.0003585340206590638,8.14263942340313e-05,0.00037256299431261965,0.00038279941014470305,0.0011038220112332669,0.0003772906853354276,0.0007831187383797783,0.07254544739183859,0.0007395408726530378,nan,nan,nan,nan,nan,nan,nan,nan,nan,nan,nan,nan,nan,nan,nan,nan,nan,nan,0.31246868349461376
err of average time,0.15242568962275982,1.4454126358032225e-05,0.004571858327835798,3.3457763493061066e-06,2.884306013584137e-06,3.081467002630234e-05,9.250082075595854e-05,0.00016677472740411756,5.392730236053467e-05,0.00010612979531288147,2.8089620172977448e-05,0.004888769704848528,0.005904015153646468,0.0028542205691337585,0.002148792613297701,0.002089749090373516,0.00013265805318951607,0.0016772779636085031,0.0002769879065454006,0.00024809595197439194,0.002388305030763149,0.0018280446529388426,0.0004557408392429352,0.0002535218372941017,5.757715553045272e-05,0.0002634418196976185,0.00027068005874753,0.0007805200293660164,0.00026678480207920074,0.000553748570382595,0.051297377794981,0.00052293436601758,nan,nan,nan,nan,nan,nan,nan,nan,nan,nan,nan,nan,nan,nan,nan,nan,nan,nan,0.22094872500747442
