Contains move time for player Edax4; opponent is MCTSRemMaxIter5
Colums refer to move number, rows to game number
game,1,2,3,4,5,6,7,8,9,10,11,12,13,14,15,16,17,18,19,20,21,22,23,24,25,26,27,28,29,30,31,32,33,34,35,36,37,38,39,40,41,42,43,44,45,46,47,48,49,50,total
1,0.4128291793167591,0.11931891273707151,0.11875193007290363,0.11921772733330727,0.11918071378022432,0.11857155989855528,0.11969978921115398,0.11971981264650822,0.12061211746186018,0.11873775348067284,0.11947509553283453,0.1189686143770814,0.11922389082610607,0.11884778272360563,0.11807607673108578,0.10918398015201092,0.10935345105826855,0.10875880997627974,0.1063683545216918,0.11650831438601017,0.10724223591387272,0.10715300310403109,0.10676928982138634,0.10511229652911425,0.10484462045133114,0.1056068828329444,0.10503009986132383,0.10451441630721092,0.10415491554886103,0.10547694284468889,0.1033308170735836,0.10286082979291677,0.10633060056716204,0.10617609973996878,0.0002878066152334213,0.0,0.0,0.0,0.0,0.0,0.0,0.0,0.0,0.0,0.0,0.0,0.0,0.0,0.0,0.0,4.10629472322762
2,0.11882658209651709,0.11931239627301693,0.11923106573522091,0.11956716328859329,0.12043369840830564,0.11913719587028027,0.12017697095870972,0.12015195284038782,0.11937505844980478,0.11911028530448675,0.11938199866563082,0.11843295209109783,0.11829840298742056,0.11769822053611279,0.11789260152727365,0.11777532286942005,0.11817451473325491,0.11703682132065296,0.11646507401019335,0.11702883429825306,0.11679001338779926,0.10616201627999544,0.10538526438176632,0.105008608661592,0.10458764433860779,0.10433328989893198,0.10394928604364395,0.10482360236346722,0.10316311102360487,0.10263077635318041,0.10241628997027874,0.0003166068345308304,0.0,0.0,0.0,0.0,0.0,0.0,0.0,0.0,0.0,0.0,0.0,0.0,0.0,0.0,0.0,0.0,0.0,0.0,3.533073621802032

total time per move x,0.5316557614132762,0.23863130901008844,0.23798299580812454,0.23878489062190056,0.23961441218852997,0.23770875576883554,0.2398767601698637,0.23987176548689604,0.23998717591166496,0.2378480387851596,0.23885709419846535,0.23740156646817923,0.23752229381352663,0.23654600325971842,0.23596867825835943,0.22695930302143097,0.22752796579152346,0.2257956312969327,0.22283342853188515,0.23353714868426323,0.22403224930167198,0.21331501938402653,0.21215455420315266,0.21012090519070625,0.20943226478993893,0.20994017273187637,0.20897938590496778,0.20933801867067814,0.2073180265724659,0.2081077191978693,0.20574710704386234,0.1031774366274476,0.10633060056716204,0.10617609973996878,0.0002878066152334213,0,0,0,0,0,0,0,0,0,0,0,0,0,0,0,7.639368345029652
average time per move x,0.2658278807066381,0.11931565450504422,0.11899149790406227,0.11939244531095028,0.11980720609426498,0.11885437788441777,0.11993838008493185,0.11993588274344802,0.11999358795583248,0.1189240193925798,0.11942854709923267,0.11870078323408961,0.11876114690676332,0.11827300162985921,0.11798433912917972,0.11347965151071548,0.11376398289576173,0.11289781564846635,0.11141671426594257,0.11676857434213161,0.11201612465083599,0.10665750969201326,0.10607727710157633,0.10506045259535313,0.10471613239496946,0.10497008636593819,0.10448969295248389,0.10466900933533907,0.10365901328623295,0.10405385959893465,0.10287355352193117,0.0515887183137238,0.10633060056716204,0.10617609973996878,0.0002878066152334213,nan,nan,nan,nan,nan,nan,nan,nan,nan,nan,nan,nan,nan,nan,nan,3.819684172514826
std of time per move x,0.20789123018089034,4.607835922355086e-06,0.0003388000759328536,0.0002470885335731482,0.0008859939272388067,0.00039996503128978056,0.00033741844955510584,0.00030556926151553763,0.0008747328161523022,0.00026341977882661163,6.582942610696858e-05,0.00037877043484486477,0.0006544187266402075,0.0008128632181718338,0.0001297365607951356,0.006074996694977659,0.006237433941861184,0.005853437956345477,0.007139458818057815,0.0003680631596895737,0.006751298197073624,0.0007007335033421242,0.0009786537736900074,7.331839425174806e-05,0.0001817095519096398,0.0009005662001114484,0.0007642507796815655,0.00021862755702715104,0.000701311705420133,0.002012543626531573,0.0006466683163257589,0.07250971542537996,nan,nan,nan,nan,nan,nan,nan,nan,nan,nan,nan,nan,nan,nan,nan,nan,nan,nan,0.4053285279372551
err of average time,0.147001298610121,3.258232027292251e-06,0.00023956783115863797,0.000174717977643013,0.0006264923140406607,0.00028281798586249346,0.00023859087377786634,0.00021607009693980217,0.0006185295060276984,0.0001862659119069576,4.6548433601856225e-05,0.00026783114299178123,0.0004627439193427562,0.0005747810937464237,9.173760190606116e-05,0.004295671358704566,0.00441053183749318,0.004139005672186613,0.005048359744250774,0.00026025995612144465,0.004773888736963271,0.0004954934120178223,0.000692012719810009,5.1843933761119836e-05,0.00012848805636167526,0.0006367964670062064,0.000540406908839941,0.00015459302812814713,0.0004959022626280785,0.0014230832457542417,0.00045726355165243143,0.05127211147919297,nan,nan,nan,nan,nan,nan,nan,nan,nan,nan,nan,nan,nan,nan,nan,nan,nan,nan,0.28661055071279407
