Contains move time for player DynamicBoard6; opponent is Edax5
Colums refer to move number, rows to game number
game,1,2,3,4,5,6,7,8,9,10,11,12,13,14,15,16,17,18,19,20,21,22,23,24,25,26,27,28,29,30,31,32,33,34,35,36,37,38,39,40,41,42,43,44,45,46,47,48,49,50,total
1,2.763797859661281,6.697624077089131,14.57884303946048,13.808411474339664,28.727137375622988,27.13284645229578,28.06834990810603,31.023792043328285,44.987384288571775,90.193996113725,35.875496162101626,59.475124429911375,14.178291795775294,13.988928966224194,12.008833365514874,7.7669408628717065,3.19794290792197,4.975702317431569,6.477429822087288,1.3408579649403691,2.5958890104666352,1.860945425927639,0.49044319428503513,0.2205927213653922,0.001383274793624878,0.2860762858763337,0.0012437384575605392,0.03747089672833681,0.011010434478521347,0.001393795944750309,0.00031842291355133057,0.0,0.0,0.0,0.0,0.0,0.0,0.0,0.0,0.0,0.0,0.0,0.0,0.0,0.0,0.0,0.0,0.0,0.0,0.0,452.77449842821807
2,1.9093985510990024,3.4598871916532516,5.479179599322379,12.021496068686247,14.330573909915984,9.037779026664793,14.866707117296755,16.842096004635096,11.164886651560664,24.9527844581753,28.417765017598867,21.743793635629117,24.202866178937256,19.770927106030285,6.502614171244204,7.184211008250713,8.903505220077932,6.219406872056425,0.9038618737831712,2.0385767286643386,1.0931759402155876,0.2732403455302119,0.0033649755641818047,0.5635951142758131,0.002449294552206993,0.17029009945690632,0.125102155841887,0.09926265385001898,0.0349299069494009,0.00847683846950531,0.0005708001554012299,0.00040257442742586136,0.0,0.0,0.0,0.0,0.0,0.0,0.0,0.0,0.0,0.0,0.0,0.0,0.0,0.0,0.0,0.0,0.0,0.0,242.32717709057033

total time per move x,4.6731964107602835,10.157511268742383,20.05802263878286,25.82990754302591,43.05771128553897,36.170625478960574,42.935057025402784,47.86588804796338,56.15227094013244,115.14678057190031,64.2932611797005,81.21891806554049,38.38115797471255,33.75985607225448,18.51144753675908,14.95115187112242,12.101448127999902,11.195109189487994,7.381291695870459,3.3794346936047077,3.689064950682223,2.134185771457851,0.49380816984921694,0.7841878356412053,0.003832569345831871,0.45636638533324003,0.12634589429944754,0.1367335505783558,0.04594034142792225,0.009870634414255619,0.0008892230689525604,0.00040257442742586136,0,0,0,0,0,0,0,0,0,0,0,0,0,0,0,0,0,0,695.1016755187884
average time per move x,2.3365982053801417,5.078755634371191,10.02901131939143,12.914953771512955,21.528855642769486,18.085312739480287,21.467528512701392,23.93294402398169,28.07613547006622,57.573390285950154,32.14663058985025,40.609459032770246,19.190578987356275,16.87992803612724,9.25572376837954,7.47557593556121,6.050724063999951,5.597554594743997,3.6906458479352295,1.6897173468023539,1.8445324753411114,1.0670928857289255,0.24690408492460847,0.39209391782060266,0.0019162846729159355,0.22818319266662002,0.06317294714972377,0.0683667752891779,0.022970170713961124,0.0049353172071278095,0.0004446115344762802,0.00040257442742586136,nan,nan,nan,nan,nan,nan,nan,nan,nan,nan,nan,nan,nan,nan,nan,nan,nan,nan,347.5508377593942
std of time per move x,0.6041515449254847,2.289425707389522,6.434433725036959,1.2635400007442417,10.179907652383926,12.795144882691474,9.334971140183736,10.027973437686352,23.916117435796536,46.132503174466024,5.273412264544013,26.680079867829786,7.088444524842775,4.088490093464891,3.893484930968319,0.41205223180235523,4.034441801407878,0.8794319243678302,3.9411076916498335,0.4933616691903133,1.0625786021521726,1.1226770288733534,0.3444163114257798,0.2425393179901712,0.00075378980017226,0.08187319758490684,0.087581126839491,0.0436933704821736,0.016913621186563876,0.005008467400686945,0.00017845765912922112,nan,nan,nan,nan,nan,nan,nan,nan,nan,nan,nan,nan,nan,nan,nan,nan,nan,nan,nan,148.80872800039512
err of average time,0.4271996542811393,1.6188684427179394,4.549831720069051,0.8934577028267086,7.198281732853501,9.047533712815493,6.600821395404637,7.090848019346594,16.911248818505555,32.62060582777485,3.728865572251379,18.865665397141125,5.012287191580981,2.890999069903046,2.7531095971353348,0.2913649273104965,2.852781156077981,0.6218522773124278,2.786783974152058,0.34885938186198473,0.7513565351255238,0.7938525401987135,0.24353910936042666,0.17150119645521045,0.0005330098792910576,0.05789309320971369,0.06192920869216322,0.03089587856084108,0.011959736235439776,0.0035415212623775,0.00012618862092494965,nan,nan,nan,nan,nan,nan,nan,nan,nan,nan,nan,nan,nan,nan,nan,nan,nan,nan,nan,105.22366066882385
