Contains move time for player Edax4; opponent is StaticBoard5
Colums refer to move number, rows to game number
game,1,2,3,4,5,6,7,8,9,10,11,12,13,14,15,16,17,18,19,20,21,22,23,24,25,26,27,28,29,30,31,32,33,34,35,36,37,38,39,40,41,42,43,44,45,46,47,48,49,50,total
1,0.41243814304471016,0.106396215967834,0.10640970710664988,0.1061263419687748,0.10708732064813375,0.10686541814357042,0.11898105964064598,0.10647600423544645,0.10732302907854319,0.10707520041614771,0.10686656460165977,0.10603130329400301,0.10555947851389647,0.10663974471390247,0.10706708766520023,0.10551248025149107,0.10602759756147861,0.10450343135744333,0.10491711273789406,0.10386701859533787,0.10354429017752409,0.10339395795017481,0.10378295835107565,0.103179432451725,0.1028036531060934,0.102715278044343,0.10503263399004936,0.10259160585701466,0.10248258896172047,0.10234494972974062,0.0003200899809598923,0.0,0.0,0.0,0.0,0.0,0.0,0.0,0.0,0.0,0.0,0.0,0.0,0.0,0.0,0.0,0.0,0.0,0.0,0.0,3.474361698143184
2,0.10642262734472752,0.10646752826869488,0.10637978464365005,0.10770419705659151,0.1068379357457161,0.106524508446455,0.10697606764733791,0.10693074110895395,0.1069102082401514,0.10662302281707525,0.1066438676789403,0.10623506549745798,0.10548565350472927,0.10671709943562746,0.1070481725037098,0.1049678074195981,0.1045718640089035,0.10568932816386223,0.10461347829550505,0.10732627660036087,0.1037481464445591,0.10333313513547182,0.1056901216506958,0.10548290517181158,0.10501365270465612,0.103308723308146,0.10283616464585066,0.10333149041980505,0.1032748268917203,0.10309901461005211,0.10288030654191971,0.0010939864441752434,0.0008283471688628197,0.0,0.0,0.0,0.0,0.0,0.0,0.0,0.0,0.0,0.0,0.0,0.0,0.0,0.0,0.0,0.0,0.0,3.2709960555657744

total time per move x,0.5188607703894377,0.21286374423652887,0.21278949175029993,0.2138305390253663,0.21392525639384985,0.21338992659002542,0.2259571272879839,0.2134067453444004,0.2142332373186946,0.21369822323322296,0.21351043228060007,0.212266368791461,0.21104513201862574,0.21335684414952993,0.21411526016891003,0.21048028767108917,0.21059946157038212,0.21019275952130556,0.2095305910333991,0.21119329519569874,0.2072924366220832,0.20672709308564663,0.20947308000177145,0.2086623376235366,0.20781730581074953,0.206024001352489,0.20786879863590002,0.2059230962768197,0.20575741585344076,0.20544396433979273,0.1032003965228796,0.0010939864441752434,0.0008283471688628197,0,0,0,0,0,0,0,0,0,0,0,0,0,0,0,0,0,6.745357753708959
average time per move x,0.25943038519471884,0.10643187211826444,0.10639474587514997,0.10691526951268315,0.10696262819692492,0.10669496329501271,0.11297856364399195,0.1067033726722002,0.1071166186593473,0.10684911161661148,0.10675521614030004,0.1061331843957305,0.10552256600931287,0.10667842207476497,0.10705763008445501,0.10524014383554459,0.10529973078519106,0.10509637976065278,0.10476529551669955,0.10559664759784937,0.1036462183110416,0.10336354654282331,0.10473654000088573,0.1043311688117683,0.10390865290537477,0.1030120006762445,0.10393439931795001,0.10296154813840985,0.10287870792672038,0.10272198216989636,0.0516001982614398,0.0010939864441752434,0.0008283471688628197,nan,nan,nan,nan,nan,nan,nan,nan,nan,nan,nan,nan,nan,nan,nan,nan,nan,3.3726788768544793
std of time per move x,0.21638564629975612,5.0425411520744794e-05,2.1158376496976787e-05,0.0011157120323248948,0.00017634175562507266,0.0002410595586025664,0.008488811246558342,0.0003215475269127223,0.0002919084142419441,0.0003197378466047858,0.00015747050420431984,0.0001440816358125232,5.220216460328217e-05,5.469804828853668e-05,1.3375038957129028e-05,0.00038514185295959757,0.0010293590666266448,0.0008385556736062716,0.00021470197321506605,0.002446064793225613,0.00014414814880782942,4.3008224727335426e-05,0.0013485681019915206,0.001628801180651439,0.0015627057025632454,0.0004196291702981446,0.0015531383679512724,0.0005231773916443314,0.000560196812616072,0.0005332043903228762,0.07252102461021553,nan,nan,nan,nan,nan,nan,nan,nan,nan,nan,nan,nan,nan,nan,nan,nan,nan,nan,nan,0.1438012249268461
err of average time,0.15300775784999132,3.5656150430440896e-05,1.4961231499910353e-05,0.0007889275439083575,0.00012469245120882988,0.00017045484855771062,0.006002495996654033,0.00022736843675374982,0.00020641041919589043,0.00022608879953622815,0.00011134846135973929,0.00010188110172748566,3.6912504583597176e-05,3.8677360862493515e-05,9.457580745220184e-06,0.0002723364159464836,0.0007278667762875557,0.0005929484032094479,0.0001518172211945057,0.001729629002511501,0.00010192813351750372,3.0411407351493832e-05,0.0009535816498100758,0.0011517363600432873,0.0011049997992813587,0.0002967226319015026,0.0010982346720993519,0.0003699422813951969,0.00039611896499991417,0.0003770324401557445,0.0512801082804799,nan,nan,nan,nan,nan,nan,nan,nan,nan,nan,nan,nan,nan,nan,nan,nan,nan,nan,nan,0.10168282128870487
