Contains move time for player Edax3; opponent is DynamicBoard5
Colums refer to move number, rows to game number
game,1,2,3,4,5,6,7,8,9,10,11,12,13,14,15,16,17,18,19,20,21,22,23,24,25,26,27,28,29,30,31,32,33,34,35,36,37,38,39,40,41,42,43,44,45,46,47,48,49,50,total
1,0.41314486786723137,0.11855152808129787,0.10650734324008226,0.10606120619922876,0.11793354898691177,0.11823850404471159,0.10584190208464861,0.11845799256116152,0.11836674809455872,0.11750445608049631,0.10524995625019073,0.11743712425231934,0.1047240337356925,0.1046935124322772,0.1047265324741602,0.11636290606111288,0.10418603103607893,0.10405002720654011,0.10387016739696264,0.1036680405959487,0.10359240509569645,0.10323430132120848,0.10562482103705406,0.10289295483380556,0.103137849830091,0.1028896439820528,0.1026907479390502,0.10303579736500978,0.10361208487302065,0.10244853887706995,0.10209323279559612,0.0003316737711429596,0.0,0.0,0.0,0.0,0.0,0.0,0.0,0.0,0.0,0.0,0.0,0.0,0.0,0.0,0.0,0.0,0.0,0.0,3.64516048040241
2,0.10825521126389503,0.11593742202967405,0.11923780851066113,0.10613306146115065,0.11892522685229778,0.10581027250736952,0.1057597091421485,0.11796920001506805,0.10522761475294828,0.11746496986597776,0.11775819212198257,0.11749017145484686,0.1047437684610486,0.10450977832078934,0.10438396595418453,0.11708744708448648,0.1040045702829957,0.1038494473323226,0.10367897059768438,0.10337800346314907,0.10405382513999939,0.10379146132618189,0.10354708787053823,0.10336054395884275,0.10291681531816721,0.10288034193217754,0.10370745230466127,0.10310052894055843,0.10250872001051903,0.10205711703747511,0.0003373129293322563,0.0,0.0,0.0,0.0,0.0,0.0,0.0,0.0,0.0,0.0,0.0,0.0,0.0,0.0,0.0,0.0,0.0,0.0,0.0,3.233866018243134

total time per move x,0.5214000791311264,0.23448895011097193,0.2257451517507434,0.2121942676603794,0.23685877583920956,0.2240487765520811,0.2116016112267971,0.23642719257622957,0.223594362847507,0.23496942594647408,0.2230081483721733,0.2349272957071662,0.2094678021967411,0.20920329075306654,0.20911049842834473,0.23345035314559937,0.20819060131907463,0.2078994745388627,0.20754913799464703,0.20704604405909777,0.20764623023569584,0.20702576264739037,0.2091719089075923,0.20625349879264832,0.2060546651482582,0.20576998591423035,0.20639820024371147,0.20613632630556822,0.20612080488353968,0.20450565591454506,0.10243054572492838,0.0003316737711429596,0,0,0,0,0,0,0,0,0,0,0,0,0,0,0,0,0,0,6.879026498645544
average time per move x,0.2607000395655632,0.11724447505548596,0.1128725758753717,0.1060971338301897,0.11842938791960478,0.11202438827604055,0.10580080561339855,0.11821359628811479,0.1117971814237535,0.11748471297323704,0.11150407418608665,0.1174636478535831,0.10473390109837055,0.10460164537653327,0.10455524921417236,0.11672517657279968,0.10409530065953732,0.10394973726943135,0.10377456899732351,0.10352302202954888,0.10382311511784792,0.10351288132369518,0.10458595445379615,0.10312674939632416,0.1030273325741291,0.10288499295711517,0.10319910012185574,0.10306816315278411,0.10306040244176984,0.10225282795727253,0.05121527286246419,0.0003316737711429596,nan,nan,nan,nan,nan,nan,nan,nan,nan,nan,nan,nan,nan,nan,nan,nan,nan,nan,3.439513249322772
std of time per move x,0.21558954369785696,0.001848452115843995,0.00900179832048615,5.080934296889872e-05,0.0007012221433670473,0.00878808679821109,5.81191870075069e-05,0.0003456285239361264,0.009290770284766998,2.7920970049451332e-05,0.008844658405624838,3.7510036630187705e-05,1.395455812415382e-05,0.0001299196361683548,0.00024223110928226765,0.0005123278708753161,0.000128312129024369,0.00014183138922874622,0.00013519655331082034,0.00020508722339851834,0.00032627324230200634,0.00039397161772262984,0.0014691792115395395,0.00033063544112288385,0.00015629500225757068,6.5775425457314e-06,0.000718918551385559,4.57721360273389e-05,0.000780196776397859,0.00027677703708202514,0.07195230096331011,nan,nan,nan,nan,nan,nan,nan,nan,nan,nan,nan,nan,nan,nan,nan,nan,nan,nan,nan,0.29082910325729794
err of average time,0.15244482830166817,0.0013070530258119104,0.006365232635289431,3.592763096094131e-05,0.0004958389326930046,0.006214115768671036,4.1096471250057214e-05,0.00024439627304673195,0.006569566670805215,1.974310725927353e-05,0.00625411793589592,2.6523601263761517e-05,9.867362678050995e-06,9.186705574393271e-05,0.0001712832599878311,0.0003622705116868019,9.073037654161453e-05,0.0001002899371087551,9.559839963912964e-05,0.00014501856639981267,0.00023071002215147018,0.0002785800024867057,0.0010388665832579136,0.00023379456251859662,0.00011051725596189498,4.6510249376297e-06,0.0005083521828055382,3.236578777432442e-05,0.0005516824312508106,0.00019571091979742047,0.05087795993313193,nan,nan,nan,nan,nan,nan,nan,nan,nan,nan,nan,nan,nan,nan,nan,nan,nan,nan,nan,0.205647231079638
