Contains move time for player DynamicBoard1; opponent is Edax5
Colums refer to move number, rows to game number
game,1,2,3,4,5,6,7,8,9,10,11,12,13,14,15,16,17,18,19,20,21,22,23,24,25,26,27,28,29,30,31,32,33,34,35,36,37,38,39,40,41,42,43,44,45,46,47,48,49,50,total
1,0.006804328411817551,0.011406728997826576,0.011551705189049244,0.01120071206241846,0.010760076344013214,0.010722393169999123,0.01025349274277687,0.009805775247514248,0.008717101998627186,0.00876123271882534,0.008619003929197788,0.007687984965741634,0.007948832586407661,0.007019121199846268,0.0066566066816449165,0.006370211951434612,0.005892319604754448,0.005613505840301514,0.004972903057932854,0.004739673808217049,0.004189439117908478,0.0037869196385145187,0.0032598888501524925,0.0032364288344979286,0.0026491517201066017,0.002616172656416893,0.0021936455741524696,0.001634553074836731,0.0014327503740787506,0.0012117652222514153,0.0012675998732447624,0.0006087636575102806,0.00038944464176893234,0.0,0.0,0.0,0.0,0.0,0.0,0.0,0.0,0.0,0.0,0.0,0.0,0.0,0.0,0.0,0.0,0.0,0.1939802337437868
2,0.012353858910501003,0.012386388145387173,0.011865271255373955,0.011498063802719116,0.011428902857005596,0.01119964849203825,0.01038308348506689,0.005820614285767078,0.00957795325666666,0.009233798831701279,0.009380720555782318,0.008497684262692928,0.008301522582769394,0.00744160171598196,0.00667269341647625,0.006202561780810356,0.005981729365885258,0.005895168520510197,0.005653073079884052,0.005668822675943375,0.008771508000791073,0.004537553526461124,0.0043365489691495895,0.0037756552919745445,0.00363032054156065,0.0034666284918785095,0.003344153054058552,0.0032023023813962936,0.0030233515426516533,0.002902846783399582,0.0,0.0,0.0,0.0,0.0,0.0,0.0,0.0,0.0,0.0,0.0,0.0,0.0,0.0,0.0,0.0,0.0,0.0,0.0,0.0,0.21643402986228466

total time per move x,0.019158187322318554,0.02379311714321375,0.0234169764444232,0.022698775865137577,0.02218897920101881,0.021922041662037373,0.02063657622784376,0.015626389533281326,0.018295055255293846,0.01799503155052662,0.017999724484980106,0.016185669228434563,0.016250355169177055,0.014460722915828228,0.013329300098121166,0.012572773732244968,0.011874048970639706,0.01150867436081171,0.010625976137816906,0.010408496484160423,0.01296094711869955,0.008324473164975643,0.007596437819302082,0.007012084126472473,0.006279472261667252,0.0060828011482954025,0.005537798628211021,0.004836855456233025,0.004456101916730404,0.004114612005650997,0.0012675998732447624,0.0006087636575102806,0.00038944464176893234,0,0,0,0,0,0,0,0,0,0,0,0,0,0,0,0,0,0.41041426360607147
average time per move x,0.009579093661159277,0.011896558571606874,0.0117084882222116,0.011349387932568789,0.011094489600509405,0.010961020831018686,0.01031828811392188,0.007813194766640663,0.009147527627646923,0.00899751577526331,0.008999862242490053,0.008092834614217281,0.008125177584588528,0.007230361457914114,0.006664650049060583,0.006286386866122484,0.005937024485319853,0.005754337180405855,0.005312988068908453,0.005204248242080212,0.006480473559349775,0.004162236582487822,0.003798218909651041,0.0035060420632362366,0.003139736130833626,0.0030414005741477013,0.0027688993141055107,0.0024184277281165123,0.002228050958365202,0.0020573060028254986,0.0012675998732447624,0.0006087636575102806,0.00038944464176893234,nan,nan,nan,nan,nan,nan,nan,nan,nan,nan,nan,nan,nan,nan,nan,nan,nan,0.20520713180303574
std of time per move x,0.003924110648020632,0.0006927236264915303,0.00022172469184819377,0.0002102594319642146,0.0004729317627742659,0.0003374704745712365,9.163449265227143e-05,0.002817934340171327,0.0006087137621526829,0.0003341547029735435,0.0005386149920004623,0.00057254386359624,0.0002493894880840398,0.00029873883787874083,1.137503928638551e-05,0.00011854657251549324,6.3222248399865e-05,0.00019916559118273773,0.0004809528348814954,0.0006570074651010876,0.0032400119789501515,0.000530778312355468,0.0007613136711759625,0.0003812906846769146,0.0006937911271389704,0.0006013630883545798,0.0008135316408474362,0.0011085661658687743,0.0011247248724611462,0.0011957752394274018,nan,nan,nan,nan,nan,nan,nan,nan,nan,nan,nan,nan,nan,nan,nan,nan,nan,nan,nan,nan,0.01587723149877001
err of average time,0.002774765249341726,0.0004898295737802981,0.00015678303316235542,0.00014867587015032766,0.000334413256496191,0.00023862766101956367,6.479537114501e-05,0.0019925804808735847,0.00043042562901973724,0.00023628305643796918,0.00038085831329226494,0.00040484964847564697,0.00017634499818086621,0.00021124025806784627,8.04336741566658e-06,8.382508531212805e-05,4.4704880565404885e-05,0.0001408313401043415,0.0003400850109755993,0.00046457443386316294,0.0022910344414412975,0.00037531694397330284,0.0005383300594985484,0.00026961322873830795,0.0004905844107270241,0.00042522791773080826,0.0005752537399530411,0.0007838746532797812,0.0007953005842864512,0.0008455407805740832,nan,nan,nan,nan,nan,nan,nan,nan,nan,nan,nan,nan,nan,nan,nan,nan,nan,nan,nan,nan,0.011226898059248924
