Contains move time for player Edax4; opponent is MCTSMaxIter1
Colums refer to move number, rows to game number
game,1,2,3,4,5,6,7,8,9,10,11,12,13,14,15,16,17,18,19,20,21,22,23,24,25,26,27,28,29,30,31,32,33,34,35,36,37,38,39,40,41,42,43,44,45,46,47,48,49,50,total
1,0.4311789972707629,0.1191434059292078,0.11901610065251589,0.11888935044407845,0.1191290570423007,0.11867860984057188,0.1202091695740819,0.12011888716369867,0.11862987466156483,0.11953439842909575,0.11886399146169424,0.11813476029783487,0.11002832558006048,0.1096315635368228,0.1064832815900445,0.11691226344555616,0.10853598639369011,0.10564915090799332,0.104414870031178,0.10741222649812698,0.10729210264980793,0.1068971436470747,0.10683640278875828,0.1063737515360117,0.10613232105970383,0.10581281036138535,0.1053667115047574,0.003281228244304657,0.0,0.0,0.0,0.0,0.0,0.0,0.0,0.0,0.0,0.0,0.0,0.0,0.0,0.0,0.0,0.0,0.0,0.0,0.0,0.0,0.0,0.0,3.358586742542684
2,0.11921265535056591,0.11900848988443613,0.11956373415887356,0.11894522793591022,0.11943527963012457,0.11918867472559214,0.1193713890388608,0.11876274645328522,0.10617833584547043,0.11872102878987789,0.1189396483823657,0.11071493197232485,0.11870630830526352,0.10630689188838005,0.11816553398966789,0.10532734077423811,0.10440399963408709,0.1174074737355113,0.11750504188239574,0.10732024535536766,0.10687100142240524,0.10681810695677996,0.11952468100935221,0.11579036246985197,0.10304359998553991,0.10268305987119675,0.10372270457446575,0.10421319771558046,0.10298263374716043,0.10227116476744413,0.0004670172929763794,0.0,0.0,0.0,0.0,0.0,0.0,0.0,0.0,0.0,0.0,0.0,0.0,0.0,0.0,0.0,0.0,0.0,0.0,0.0,3.371572507545352

total time per move x,0.5503916526213288,0.23815189581364393,0.23857983481138945,0.23783457837998867,0.23856433667242527,0.23786728456616402,0.2395805586129427,0.2388816336169839,0.22480821050703526,0.23825542721897364,0.23780363984405994,0.22884969227015972,0.228734633885324,0.21593845542520285,0.2246488155797124,0.22223960421979427,0.2129399860277772,0.22305662464350462,0.22191991191357374,0.21473247185349464,0.21416310407221317,0.21371525060385466,0.22636108379811049,0.22216411400586367,0.20917592104524374,0.2084958702325821,0.20908941607922316,0.10749442595988512,0.10298263374716043,0.10227116476744413,0.0004670172929763794,0,0,0,0,0,0,0,0,0,0,0,0,0,0,0,0,0,0,0,6.730159250088036
average time per move x,0.2751958263106644,0.11907594790682197,0.11928991740569472,0.11891728918999434,0.11928216833621264,0.11893364228308201,0.11979027930647135,0.11944081680849195,0.11240410525351763,0.11912771360948682,0.11890181992202997,0.11442484613507986,0.114367316942662,0.10796922771260142,0.1123244077898562,0.11111980210989714,0.1064699930138886,0.11152831232175231,0.11095995595678687,0.10736623592674732,0.10708155203610659,0.10685762530192733,0.11318054189905524,0.11108205700293183,0.10458796052262187,0.10424793511629105,0.10454470803961158,0.05374721297994256,0.10298263374716043,0.10227116476744413,0.0004670172929763794,nan,nan,nan,nan,nan,nan,nan,nan,nan,nan,nan,nan,nan,nan,nan,nan,nan,nan,nan,3.365079625044018
std of time per move x,0.2205935158737324,9.540005014891662e-05,0.0003872353659504746,3.951135338994719e-05,0.00021653206840275,0.0003606703390429597,0.000592400297600935,0.0009589362925764967,0.008804567533067865,0.0005751391875021999,5.349752165048418e-05,0.0052466109242081645,0.006136260432010783,0.0023508978678325227,0.008260599891306519,0.00819177738041077,0.0029217558574883267,0.008314389806718548,0.00925614928289333,6.504048978640528e-05,0.00029776353346241843,5.588737966995347e-05,0.008971967571363548,0.0066585494471138465,0.0021840556167351008,0.0022130677950342793,0.0011624884487269073,0.07136968005165271,nan,nan,nan,nan,nan,nan,nan,nan,nan,nan,nan,nan,nan,nan,nan,nan,nan,nan,nan,nan,nan,nan,0.00918232249228142
err of average time,0.15598317096009848,6.745802238583565e-05,0.00027381675317883486,2.793874591588974e-05,0.00015311129391193387,0.000255032442510128,0.0004188902676105499,0.000678070355206728,0.006225769408047199,0.0004066848196089267,3.7828460335731506e-05,0.003709914162755012,0.004338991362601518,0.0016623358242213726,0.005841126199811696,0.005792461335659027,0.0020659933798015118,0.005879161413758993,0.0065450859256088725,4.599057137966155e-05,0.0002105506137013435,3.951834514737129e-05,0.006344139110296964,0.004708305466920137,0.0015443605370819569,0.0015648752450942993,0.0008220034651458263,0.050465984735637896,nan,nan,nan,nan,nan,nan,nan,nan,nan,nan,nan,nan,nan,nan,nan,nan,nan,nan,nan,nan,nan,nan,0.006492882501333951
