Contains move time for player MCTSRemMaxIter3; opponent is Edax3
Colums refer to move number, rows to game number
game,1,2,3,4,5,6,7,8,9,10,11,12,13,14,15,16,17,18,19,20,21,22,23,24,25,26,27,28,29,30,31,32,33,34,35,36,37,38,39,40,41,42,43,44,45,46,47,48,49,50,total
1,71.94003986939788,63.20179922040552,62.946433728560805,57.7702545337379,52.748368634842336,50.516933667473495,48.616851639933884,43.95149516966194,40.293833618052304,36.27005852945149,30.135000115260482,29.13968964572996,5.0259754061698914e-05,22.62154307588935,18.83628369681537,5.063693970441818e-05,0.005925827659666538,0.005577903240919113,0.0051210783421993256,0.004768062382936478,0.004421834833920002,0.004008861258625984,0.0033446839079260826,0.0029975660145282745,0.0030976412817835808,0.0027414867654442787,0.0020980946719646454,0.0021661771461367607,0.0015087667852640152,0.001283799298107624,0.001127147115767002,0.0009356103837490082,0.0,0.0,0.0,0.0,0.0,0.0,0.0,0.0,0.0,0.0,0.0,0.0,0.0,0.0,0.0,0.0,0.0,0.0,629.0398105829954
2,74.27310866769403,63.169485243968666,61.491755622439086,59.269169418141246,57.55288939829916,54.191077882424,49.544484368525445,45.34496120456606,40.86030923295766,34.91869962401688,34.81409503985196,30.82587590906769,27.07950522750616,22.70716853067279,22.97096928488463,19.867851593531668,17.325238562189043,14.468897921964526,12.369473652914166,10.22963622584939,3.725942224264145e-05,6.219740129075944,3.7054218780249357,2.6300313668325543,2.490077167749405e-05,2.2485134033486247,2.7609989047050476e-05,0.0016315672546625137,0.0014660703018307686,0.08250707853585482,1.8930062651634216e-05,0.00039221160113811493,0.0,0.0,0.0,0.0,0.0,0.0,0.0,0.0,0.0,0.0,0.0,0.0,0.0,0.0,0.0,0.0,0.0,0.0,768.1644650166854

total time per move x,146.2131485370919,126.37128446437418,124.43818935099989,117.03942395187914,110.3012580331415,104.70801154989749,98.16133600845933,89.296456374228,81.15414285100996,71.18875815346837,64.94909515511245,59.96556555479765,27.079555487260222,45.32871160656214,41.8072529817,19.867902230471373,17.33116438984871,14.474475825205445,12.374594731256366,10.234404288232327,0.004459094256162643,6.22374899033457,3.708766561932862,2.6330289328470826,0.003122542053461075,2.251254890114069,0.002125704661011696,0.0037977444007992744,0.0029748370870947838,0.08379087783396244,0.0011460771784186363,0.001327821984887123,0,0,0,0,0,0,0,0,0,0,0,0,0,0,0,0,0,0,1397.2042755996808
average time per move x,73.10657426854596,63.18564223218709,62.219094675499946,58.51971197593957,55.15062901657075,52.354005774948746,49.080668004229665,44.648228187114,40.57707142550498,35.594379076734185,32.47454757755622,29.982782777398825,13.539777743630111,22.66435580328107,20.90362649085,9.933951115235686,8.665582194924355,7.237237912602723,6.187297365628183,5.117202144116163,0.0022295471280813217,3.111874495167285,1.854383280966431,1.3165144664235413,0.0015612710267305374,1.1256274450570345,0.001062852330505848,0.0018988722003996372,0.0014874185435473919,0.04189543891698122,0.0005730385892093182,0.0006639109924435616,nan,nan,nan,nan,nan,nan,nan,nan,nan,nan,nan,nan,nan,nan,nan,nan,nan,nan,698.6021377998404
std of time per move x,1.6497287682499597,0.022849431865601354,1.0286127532822715,1.0598928791830573,3.397309212191887,2.598012289448824,0.6559353928376732,0.9853292826338352,0.4005587486763975,0.955555045849642,3.308619750994194,1.1923137411497153,19.14806623853325,0.06054633971955227,2.923664217398062,14.048656783670754,12.24660348007625,10.227111663710605,8.742917550461184,7.230073615125569,0.00310036300622086,4.395185729506882,2.6177638884362042,1.8575934149646962,0.002172755651522625,1.5880005512142763,0.00146405375963391,0.0003780262795508443,3.0190972968467764e-05,0.057433531539219554,0.0007836277932844489,0.0003842409640726772,nan,nan,nan,nan,nan,nan,nan,nan,nan,nan,nan,nan,nan,nan,nan,nan,nan,nan,98.37598658029728
err of average time,1.1665343991480768,0.0161569882184267,0.7273390530608593,0.7494574422016739,2.4022603817284107,1.8370721074752507,0.46381636429578066,0.6967330174520612,0.2832378074526787,0.6756794527173041,2.339547462295741,0.8430931316688656,13.539727483876048,0.04281272739171982,2.06734279403463,9.933900478295982,8.659656367264688,7.231660009361803,6.182176287285983,5.112434081733226,0.0021922877058386803,3.1078656339086588,1.8510385970585048,1.313516900409013,0.0015363702550530431,1.12288595829159,0.0010352423414587972,0.0002673049457371235,2.1348241716623306e-05,0.040611639618873596,0.0005541085265576839,0.0002716993913054466,nan,nan,nan,nan,nan,nan,nan,nan,nan,nan,nan,nan,nan,nan,nan,nan,nan,nan,69.562327216845
