Contains move time for player Edax5; opponent is Gambler
Colums refer to move number, rows to game number
game,1,2,3,4,5,6,7,8,9,10,11,12,13,14,15,16,17,18,19,20,21,22,23,24,25,26,27,28,29,30,31,32,33,34,35,36,37,38,39,40,41,42,43,44,45,46,47,48,49,50,total
1,0.4114176416769624,0.11283605080097914,0.11288764793425798,0.11255948338657618,0.11193316709250212,0.11358427722007036,0.11389030702412128,0.1129175890237093,0.11185408756136894,0.111922319047153,0.11019492149353027,0.11056369263678789,0.11072754673659801,0.11058766767382622,0.10928931087255478,0.10946714133024216,0.1093381317332387,0.10905862785875797,0.10883469227701426,0.10883907787501812,0.1084276856854558,0.10804804507642984,0.10763512644916773,0.10735876206308603,0.10654951632022858,0.10614643059670925,0.10555282514542341,0.105098738335073,0.10455568227916956,0.10516382288187742,0.10457018949091434,0.10365919303148985,0.001497083343565464,0.0,0.0,0.0,0.0,0.0,0.0,0.0,0.0,0.0,0.0,0.0,0.0,0.0,0.0,0.0,0.0,0.0,3.7969664819538593
2,0.3103001182898879,0.1124452780932188,0.11316991783678532,0.11368504445999861,0.11169822420924902,0.1143062599003315,0.11559199448674917,0.11544415075331926,0.1142419008538127,0.1125210439786315,0.11517413705587387,0.11180262174457312,0.11377454362809658,0.113686453551054,0.11126077454537153,0.1096029132604599,0.11221049539744854,0.11044478695839643,0.10862509626895189,0.10751122143119574,0.10742069222033024,0.10658309608697891,0.10655664745718241,0.10551952477544546,0.10519977379590273,0.10493799205869436,0.10413578152656555,0.002092486247420311,0.0,0.0,0.0,0.0,0.0,0.0,0.0,0.0,0.0,0.0,0.0,0.0,0.0,0.0,0.0,0.0,0.0,0.0,0.0,0.0,0.0,0.0,3.1899429708719254
3,0.3102278960868716,0.12412632629275322,0.1257627122104168,0.1265839822590351,0.12621503788977861,0.12653766479343176,0.11231531389057636,0.1268809288740158,0.12738286796957254,0.1256473883986473,0.11266329884529114,0.11158000864088535,0.11059746611863375,0.11186577565968037,0.11051995866000652,0.10990775469690561,0.10976654663681984,0.10905103851109743,0.10863070655614138,0.10773392580449581,0.1076701246201992,0.10729080904275179,0.10695217177271843,0.10639362968504429,0.1054305424913764,0.10515617951750755,0.10484177898615599,0.10457299929112196,0.10407840646803379,0.10355412866920233,0.0018824068829417229,0.0,0.0,0.0,0.0,0.0,0.0,0.0,0.0,0.0,0.0,0.0,0.0,0.0,0.0,0.0,0.0,0.0,0.0,0.0,3.59181977622211
4,0.31369402911514044,0.12509558349847794,0.11271662544459105,0.11301842611283064,0.11290126480162144,0.1127214627340436,0.1133749382570386,0.11545034218579531,0.11711889039725065,0.11567844450473785,0.11716260109096766,0.1166287949308753,0.11504584830254316,0.11308423988521099,0.11424895189702511,0.11413186229765415,0.11237306147813797,0.11107038147747517,0.11173384543508291,0.1107579842209816,0.10903066117316484,0.1076774513348937,0.10812647733837366,0.10658918600529432,0.10632763337343931,0.11087160091847181,0.10781057924032211,0.10553804878145456,0.10402330197393894,0.10308680310845375,0.10234938282519579,0.10204541962593794,0.00032430700957775116,0.0,0.0,0.0,0.0,0.0,0.0,0.0,0.0,0.0,0.0,0.0,0.0,0.0,0.0,0.0,0.0,0.0,3.761808430776
5,0.3113720007240772,0.1125339912250638,0.11300807725638151,0.11301319766789675,0.11332993768155575,0.11381901986896992,0.1129047004505992,0.11363510601222515,0.11627254914492369,0.1130206948146224,0.11197456251829863,0.11108524166047573,0.11101423762738705,0.11043286230415106,0.11030035093426704,0.10987450089305639,0.11031096801161766,0.10986614786088467,0.11002625804394484,0.10936131235212088,0.10889981500804424,0.10928865522146225,0.10886356234550476,0.10770741477608681,0.10698861628770828,0.10577141959220171,0.10548418574035168,0.10488025564700365,0.10606720205396414,0.10459307581186295,0.10397935193032026,0.10344122163951397,0.10270893014967442,0.10250503290444613,0.0006784303113818169,0.0,0.0,0.0,0.0,0.0,0.0,0.0,0.0,0.0,0.0,0.0,0.0,0.0,0.0,0.0,3.9190128864720464
6,0.27704458590596914,0.1125729400664568,0.11274217534810305,0.11377389915287495,0.11313289776444435,0.11353005189448595,0.1137921903282404,0.11254735477268696,0.1135983420535922,0.11355161387473345,0.11276550590991974,0.1123202946037054,0.11202518828213215,0.1114233611151576,0.11163292080163956,0.10995006933808327,0.10955395828932524,0.10981132183223963,0.10973834432661533,0.10758905112743378,0.10668081603944302,0.1063311230391264,0.10591799300163984,0.10570021159946918,0.1052737021818757,0.10490916203707457,0.0029031792655587196,0.0,0.0,0.0,0.0,0.0,0.0,0.0,0.0,0.0,0.0,0.0,0.0,0.0,0.0,0.0,0.0,0.0,0.0,0.0,0.0,0.0,0.0,0.0,3.0408122539520264
7,0.3210751274600625,0.1124459682032466,0.11283369082957506,0.11298677325248718,0.11378031130880117,0.11392207816243172,0.11464641150087118,0.11249517742544413,0.11371838767081499,0.11456490028649569,0.11498721409589052,0.11468302551656961,0.11041934229433537,0.10995092801749706,0.11000088695436716,0.11026596184819937,0.10983955580741167,0.10964917205274105,0.10888728220015764,0.10891237389296293,0.10842601861804724,0.10744620487093925,0.10732058435678482,0.1065420089289546,0.10618082899600267,0.10574695933610201,0.10508042015135288,0.10915915202349424,0.10645782481878996,0.10450026951730251,0.10425547230988741,0.10314650367945433,0.10261487867683172,0.0006825672462582588,0.0,0.0,0.0,0.0,0.0,0.0,0.0,0.0,0.0,0.0,0.0,0.0,0.0,0.0,0.0,0.0,3.8276242623105645
8,0.298665439710021,0.11237507313489914,0.11254959646612406,0.11359930131584406,0.11382084060460329,0.1142543563619256,0.11489992309361696,0.11630597617477179,0.11636141128838062,0.11775405146181583,0.11551203951239586,0.11381686013191938,0.11175831779837608,0.11001929920166731,0.11012755520641804,0.10941722523421049,0.10896395146846771,0.10910049080848694,0.10873447544872761,0.10847259219735861,0.10771473497152328,0.1072112936526537,0.10674771945923567,0.10633615963160992,0.10581561084836721,0.10537758655846119,0.10479697585105896,0.10441918298602104,0.10388694889843464,0.10355329234153032,0.0016744192689657211,0.0,0.0,0.0,0.0,0.0,0.0,0.0,0.0,0.0,0.0,0.0,0.0,0.0,0.0,0.0,0.0,0.0,0.0,0.0,3.494042701087892
9,0.29742490500211716,0.11251901090145111,0.11221751198172569,0.11248657014220953,0.1137338075786829,0.11262538470327854,0.111659100279212,0.11140671279281378,0.1138954870402813,0.11298592016100883,0.11063790693879128,0.11065639276057482,0.11011203471571207,0.10948442853987217,0.10918511915951967,0.10906990058720112,0.10837554186582565,0.10823153145611286,0.10776081215590239,0.10748965479433537,0.10714881587773561,0.10669389460235834,0.10645798221230507,0.0045195696875452995,0.0,0.0,0.0,0.0,0.0,0.0,0.0,0.0,0.0,0.0,0.0,0.0,0.0,0.0,0.0,0.0,0.0,0.0,0.0,0.0,0.0,0.0,0.0,0.0,0.0,0.0,2.7267779959365726
10,0.2999593438580632,0.11283762566745281,0.010500186122953892,0.1105552464723587,0.11284027062356472,0.114148142747581,0.11437853798270226,0.1124963779002428,0.11296223290264606,0.11631559301167727,0.11269595101475716,0.1154346140101552,0.11245554313063622,0.11129950173199177,0.11235524993389845,0.11078867595642805,0.10904300212860107,0.109189597889781,0.10879519302397966,0.10869407374411821,0.1088907727971673,0.10892619471997023,0.10814275220036507,0.10696763172745705,0.10657564271241426,0.10597943607717752,0.10509065352380276,0.10828554537147284,0.10595645569264889,0.10452183149755001,0.10296344477683306,0.10258297622203827,0.0003265403211116791,0.0,0.0,0.0,0.0,0.0,0.0,0.0,0.0,0.0,0.0,0.0,0.0,0.0,0.0,0.0,0.0,0.0,3.6029548374935985
11,0.2965927878394723,0.11267301067709923,0.11256249342113733,0.11309757363051176,0.11341024190187454,0.11449671722948551,0.11568461451679468,0.11530324723571539,0.11422478780150414,0.11418087873607874,0.11458354722708464,0.1166361216455698,0.11404346022754908,0.11517818085849285,0.11200531106442213,0.10977281909435987,0.10966578032821417,0.11069429852068424,0.10942409839481115,0.10933646932244301,0.1090188417583704,0.10814259108155966,0.10752174444496632,0.1079718116670847,0.10657848883420229,0.10552786942571402,0.10512330941855907,0.10985949449241161,0.10653441306203604,0.10444744303822517,0.10309396870434284,0.10263881646096706,0.10262790974229574,0.10210607014596462,0.00034431740641593933,0.0,0.0,0.0,0.0,0.0,0.0,0.0,0.0,0.0,0.0,0.0,0.0,0.0,0.0,0.0,3.92510352935642
12,0.29438943415880203,0.11258470267057419,0.11335774976760149,0.11363724805414677,0.11310317553579807,0.11422974802553654,0.11334678623825312,0.11273397877812386,0.11303729750216007,0.11296954099088907,0.11378954444080591,0.11203384585678577,0.11409687530249357,0.11142382957041264,0.1108312588185072,0.1100239185616374,0.10944666527211666,0.10853381641209126,0.10846987552940845,0.10773713886737823,0.10755064245313406,0.10760063864290714,0.1064793486148119,0.10612588934600353,0.10603487305343151,0.10546323284506798,0.0031832167878746986,0.0,0.0,0.0,0.0,0.0,0.0,0.0,0.0,0.0,0.0,0.0,0.0,0.0,0.0,0.0,0.0,0.0,0.0,0.0,0.0,0.0,0.0,0.0,3.062214272096753
13,0.30941603798419237,0.11269277427345514,0.11402746941894293,0.11352870240807533,0.1129280487075448,0.11466419976204634,0.11507349740713835,0.11312936525791883,0.11388190742582083,0.11296989489346743,0.11331188213080168,0.11853856313973665,0.11935475096106529,0.11331650521606207,0.11158900801092386,0.11168592423200607,0.11343097127974033,0.11125092953443527,0.11088747810572386,0.10837164800614119,0.1078701475635171,0.10745689366012812,0.10711688827723265,0.1061526257544756,0.1061748405918479,0.10528214275836945,0.10904526524245739,0.10500264633446932,0.10429161321371794,0.10332196671515703,0.10277653485536575,0.10255840979516506,0.00046757981181144714,0.0,0.0,0.0,0.0,0.0,0.0,0.0,0.0,0.0,0.0,0.0,0.0,0.0,0.0,0.0,0.0,0.0,3.7315671127289534
14,0.3068598620593548,0.11265078093856573,0.11314238887280226,0.11312271375209093,0.11375934816896915,0.1152822021394968,0.11327345483005047,0.1136956037953496,0.1139405807480216,0.11646288260817528,0.11681114416569471,0.11426948476582766,0.117487876676023,0.11687711533159018,0.11427441518753767,0.11552587151527405,0.11154020205140114,0.11231378186494112,0.1100747287273407,0.1097663389518857,0.10833204351365566,0.10800004284828901,0.10777488723397255,0.10741120763123035,0.10682762786746025,0.10595160536468029,0.10506831016391516,0.1046079033985734,0.10437548998743296,0.10410698596388102,0.10526435263454914,0.0016928929835557938,0.0,0.0,0.0,0.0,0.0,0.0,0.0,0.0,0.0,0.0,0.0,0.0,0.0,0.0,0.0,0.0,0.0,0.0,3.640544126741588
15,0.2894333889707923,0.11272721271961927,0.11252399533987045,0.11304996069520712,0.11326424311846495,0.1141885882243514,0.11515428405255079,0.1141445953398943,0.11478546727448702,0.11379717104136944,0.11313741002231836,0.11372852697968483,0.1159003283828497,0.11286237090826035,0.11102691479027271,0.11052326764911413,0.10963039193302393,0.10977576207369566,0.10875600762665272,0.10888405796140432,0.10842003859579563,0.10787151847034693,0.10772356484085321,0.10691348928958178,0.11895049083977938,0.10587817896157503,0.10509477369487286,0.10942420549690723,0.10635958891361952,0.10343947634100914,0.10256761591881514,0.10243589710444212,0.0003474997356534004,0.0,0.0,0.0,0.0,0.0,0.0,0.0,0.0,0.0,0.0,0.0,0.0,0.0,0.0,0.0,0.0,0.0,3.712720283307135
16,0.300975589081645,0.11217768304049969,0.11288164183497429,0.11253371275961399,0.11265501379966736,0.11412933096289635,0.11703818291425705,0.11904639657586813,0.12181618716567755,0.12256933003664017,0.12279210891574621,0.11955222301185131,0.11508349142968655,0.11184699088335037,0.11159954965114594,0.11150925327092409,0.10953622125089169,0.10942432284355164,0.10959057230502367,0.10907760541886091,0.1081466693431139,0.10813676100224257,0.1066521592438221,0.10633124504238367,0.10539805237203836,0.10519288573414087,0.10476368200033903,0.1080409623682499,0.10534857679158449,0.1041187858209014,0.10316681023687124,0.0011250963434576988,0.0008576726540923119,0.0,0.0,0.0,0.0,0.0,0.0,0.0,0.0,0.0,0.0,0.0,0.0,0.0,0.0,0.0,0.0,0.0,3.6431147661060095
17,0.29482986126095057,0.11232486832886934,0.11280018370598555,0.11281396634876728,0.11426923144608736,0.11484908405691385,0.11341792345046997,0.11448011826723814,0.11426844540983438,0.11319380346685648,0.11375948321074247,0.11668180301785469,0.11443955264985561,0.11073983088135719,0.11155595351010561,0.11061332374811172,0.10926154348999262,0.10936624184250832,0.10923051834106445,0.1089484840631485,0.1085695680230856,0.10773142240941525,0.12063467968255281,0.1075587123632431,0.10631581209599972,0.10607754625380039,0.10533006861805916,0.10499446000903845,0.10435608960688114,0.10403674002736807,0.0021095266565680504,0.0,0.0,0.0,0.0,0.0,0.0,0.0,0.0,0.0,0.0,0.0,0.0,0.0,0.0,0.0,0.0,0.0,0.0,0.0,3.509558846242726
18,0.2857268266379833,0.11273951549082994,0.11281259823590517,0.11263920832425356,0.11362570337951183,0.11407141108065844,0.1166162546724081,0.11395844165235758,0.11374010983854532,0.11356557253748178,0.117701287381351,0.11727690417319536,0.11451869551092386,0.1139516644179821,0.1153551209717989,0.11841370444744825,0.116768142208457,0.11413263436406851,0.11161320749670267,0.11024903226643801,0.10852899495512247,0.10891079623252153,0.10787355434149504,0.10667555220425129,0.10541283898055553,0.1078418055549264,0.105855125002563,0.1044809389859438,0.1037274394184351,0.10298237949609756,0.10286201164126396,0.10232037585228682,0.000522194430232048,0.000234176404774189,0.0,0.0,0.0,0.0,0.0,0.0,0.0,0.0,0.0,0.0,0.0,0.0,0.0,0.0,0.0,0.0,3.7277042185887694
19,0.29885012563318014,0.11228880379348993,0.11290277168154716,0.1135351974517107,0.11257671844214201,0.11331146396696568,0.112229835242033,0.11429168283939362,0.11637959256768227,0.11681315768510103,0.12169499602168798,0.11717759817838669,0.11656427010893822,0.1141711138188839,0.10915934853255749,0.10954132582992315,0.10867886431515217,0.10873099509626627,0.10940395202487707,0.10848751198500395,0.10864395555108786,0.10798964463174343,0.10756669472903013,0.10724392998963594,0.1066148579120636,0.10585966613143682,0.10481984633952379,0.1061847573146224,0.10440938919782639,0.10327610559761524,0.10267451964318752,0.10238620545715094,0.0005639269948005676,0.00030170660465955734,0.0,0.0,0.0,0.0,0.0,0.0,0.0,0.0,0.0,0.0,0.0,0.0,0.0,0.0,0.0,0.0,3.7153245313093066
20,0.3018732750788331,0.11224945820868015,0.11266053840517998,0.11251917202025652,0.1146251643076539,0.11439820379018784,0.1166321998462081,0.12118146289139986,0.1204467099159956,0.12233626935631037,0.11581066250801086,0.11294666677713394,0.11551010049879551,0.11132190190255642,0.1111316904425621,0.11219848785549402,0.11057484056800604,0.11025706771761179,0.10824832506477833,0.10820750240236521,0.10844858828932047,0.10703527182340622,0.10636971332132816,0.10608243476599455,0.1055066054686904,0.10917165875434875,0.1050125015899539,0.10391581617295742,0.10342921130359173,0.10291347559541464,0.1026499941945076,0.10238891560584307,0.00033695995807647705,0.0,0.0,0.0,0.0,0.0,0.0,0.0,0.0,0.0,0.0,0.0,0.0,0.0,0.0,0.0,0.0,0.0,3.728390846401453
21,0.31328587885946035,0.11261849757283926,0.11265063844621181,0.11297625117003918,0.11405127588659525,0.11382330860942602,0.11480515450239182,0.11480266321450472,0.11453192308545113,0.11467201448976994,0.11138474848121405,0.11142160929739475,0.11154273338615894,0.1096136998385191,0.11024137120693922,0.11021089181303978,0.11029176693409681,0.11040087416768074,0.10876452177762985,0.10999131295830011,0.10841526743024588,0.10771544743329287,0.10734087880700827,0.10663749556988478,0.105735850520432,0.10521948616951704,0.10472118481993675,0.10422199219465256,0.10580039862543344,0.10400178842246532,0.10328785888850689,0.1025356063619256,0.10231129731982946,0.0005628596991300583,0.0002437261864542961,0.0,0.0,0.0,0.0,0.0,0.0,0.0,0.0,0.0,0.0,0.0,0.0,0.0,0.0,0.0,3.810832274146378
22,0.3129398440942168,0.11260524950921535,0.11313595063984394,0.11299706902354956,0.11341359466314316,0.11355625186115503,0.11276466771960258,0.11344272177666426,0.1131781181320548,0.11524246726185083,0.1139578316360712,0.11074998881667852,0.11115079093724489,0.11150746420025826,0.11008316185325384,0.10966193210333586,0.10947613883763552,0.10917060263454914,0.10901729855686426,0.10855856072157621,0.1083564143627882,0.10828434489667416,0.1077441992238164,0.10702179186046124,0.10650989133864641,0.10602964647114277,0.10570283327251673,0.10543771833181381,0.10493709612637758,0.10454669129103422,0.10425951611250639,0.10382164269685745,0.10330600570887327,0.0011843694373965263,0.10262208618223667,0.0007324805483222008,0.0004512537270784378,0.0,0.0,0.0,0.0,0.0,0.0,0.0,0.0,0.0,0.0,0.0,0.0,0.0,3.9175576865673065
23,0.30701418966054916,0.11258617509156466,0.11324757616966963,0.11294277664273977,0.11315127462148666,0.11247955355793238,0.11366805993020535,0.11522414442151785,0.11557183787226677,0.11636917758733034,0.11369506642222404,0.11238683946430683,0.11197623517364264,0.1111841443926096,0.11077010538429022,0.11025264859199524,0.11022878717631102,0.10970629286020994,0.10854687076061964,0.10867448803037405,0.10842502769082785,0.10803723428398371,0.10710765980184078,0.10666329599916935,0.10586532577872276,0.10541250184178352,0.10493081901222467,0.10458154138177633,0.0025122100487351418,0.0,0.0,0.0,0.0,0.0,0.0,0.0,0.0,0.0,0.0,0.0,0.0,0.0,0.0,0.0,0.0,0.0,0.0,0.0,0.0,0.0,3.29321185965091
24,0.30931583512574434,0.11256422381848097,0.11249068565666676,0.11321493703871965,0.11406624130904675,0.11286448035389185,0.1156809451058507,0.11410089116543531,0.11636619083583355,0.11895053368061781,0.11685953289270401,0.11767187714576721,0.11325535364449024,0.1139824353158474,0.113462601788342,0.1137657230719924,0.11320033576339483,0.10990804526954889,0.10936822555959225,0.10905124805867672,0.10801859200000763,0.10787787195295095,0.10738558508455753,0.1064176270738244,0.10589320585131645,0.1047144727781415,0.10441860556602478,0.10562949627637863,0.10401517618447542,0.10367577150464058,0.10299174301326275,0.10298641584813595,0.10261018946766853,0.0005425335839390755,0.000255669467151165,0.0,0.0,0.0,0.0,0.0,0.0,0.0,0.0,0.0,0.0,0.0,0.0,0.0,0.0,0.0,3.837573298253119
25,0.29871627874672413,0.11271446011960506,0.1124510271474719,0.11297181993722916,0.11341269314289093,0.11435417924076319,0.11348855681717396,0.1148359403014183,0.11320016998797655,0.11294807586818933,0.11273934599012136,0.11075891833752394,0.11046838574111462,0.11147387325763702,0.11000833939760923,0.10927101224660873,0.10896259173750877,0.1090247854590416,0.1090142959728837,0.10847205854952335,0.10836245585232973,0.10791360773146152,0.10719378758221865,0.10670710541307926,0.10615935921669006,0.10578297264873981,0.10577103588730097,0.10523720271885395,0.10531239863485098,0.10858348570764065,0.10497263539582491,0.10395192634314299,0.10305227991193533,0.10233958624303341,0.10206333547830582,0.00034505315124988556,0.0,0.0,0.0,0.0,0.0,0.0,0.0,0.0,0.0,0.0,0.0,0.0,0.0,0.0,4.003035035915673
26,0.30175104178488255,0.12492301221936941,0.010445216670632362,0.11137610673904419,0.11327788606286049,0.11416179034858942,0.11401816550642252,0.11553750932216644,0.1134430542588234,0.11534814443439245,0.11564449034631252,0.11495431791990995,0.11234006658196449,0.11130871716886759,0.11119128949940205,0.11033264547586441,0.10961030889302492,0.10949612781405449,0.11022625584155321,0.10901268944144249,0.10824418906122446,0.1080522108823061,0.1072673024609685,0.10655907541513443,0.1052015433087945,0.10532957874238491,0.10822639148682356,0.10496411845088005,0.10307895950973034,0.10244970303028822,0.00033565331250429153,0.0,0.0,0.0,0.0,0.0,0.0,0.0,0.0,0.0,0.0,0.0,0.0,0.0,0.0,0.0,0.0,0.0,0.0,0.0,3.4081075619906187
27,0.2961969915777445,0.11257547419518232,0.11272544041275978,0.11266854219138622,0.009869924746453762,0.11095649003982544,0.11326070036739111,0.11227630078792572,0.11449250858277082,0.11585099250078201,0.11402263678610325,0.11180200148373842,0.11214622762054205,0.11274647060781717,0.11288603954017162,0.10938536934554577,0.10917311161756516,0.10855740960687399,0.10882934648543596,0.10869426745921373,0.1084826122969389,0.10742704849690199,0.10693763568997383,0.10636790934950113,0.10531841032207012,0.10503445565700531,0.10452728252857924,0.10440474841743708,0.10394105594605207,0.10368548892438412,0.10331860277801752,0.10291670355945826,0.000884014181792736,0.0,0.0,0.0,0.0,0.0,0.0,0.0,0.0,0.0,0.0,0.0,0.0,0.0,0.0,0.0,0.0,0.0,3.582362214103341
28,0.2789977202191949,0.11235118377953768,0.11380373872816563,0.11261563189327717,0.11314778216183186,0.11338480934500694,0.1168056633323431,0.11741806846112013,0.11888449545949697,0.11822445970028639,0.11245515197515488,0.11161383055150509,0.11132561136037111,0.11153925769031048,0.11169421672821045,0.11143722478300333,0.1099668126553297,0.11057921964675188,0.11102811805903912,0.10962925665080547,0.10973605327308178,0.10736627038568258,0.10658466629683971,0.10576697438955307,0.10509317554533482,0.10473511554300785,0.10427013877779245,0.10402345284819603,0.10356488358229399,0.10323919635266066,0.10291760973632336,0.1041357908397913,0.0004939669743180275,0.0,0.0,0.0,0.0,0.0,0.0,0.0,0.0,0.0,0.0,0.0,0.0,0.0,0.0,0.0,0.0,0.0,3.688829547725618
29,0.2808626126497984,0.11257427092641592,0.11249454319477081,0.11242381203919649,0.11355069745332003,0.11212220694869757,0.11306235380470753,0.11307703796774149,0.11294175125658512,0.11368603073060513,0.11542061436921358,0.11332274507731199,0.11288936156779528,0.11344669666141272,0.11517914291471243,0.11137972120195627,0.10889225732535124,0.10937769897282124,0.10890170466154814,0.10881799459457397,0.10841572936624289,0.10874541942030191,0.10756726935505867,0.10684836283326149,0.10668285563588142,0.1058085598051548,0.1052283113822341,0.11008089128881693,0.10685338266193867,0.10600882489234209,0.10402421839535236,0.10314626898616552,0.10263929050415754,0.10249125212430954,0.0004803640767931938,0.0,0.0,0.0,0.0,0.0,0.0,0.0,0.0,0.0,0.0,0.0,0.0,0.0,0.0,0.0,3.8994442550465465
30,0.2947899717837572,0.11247576121240854,0.11289395857602358,0.11278755310922861,0.1119054015725851,0.11199036985635757,0.11259564757347107,0.11247054394334555,0.11501221358776093,0.11590222734957933,0.11684338096529245,0.11511047836393118,0.11967465654015541,0.12308036535978317,0.11459680739790201,0.1117542078718543,0.11037837341427803,0.11277725826948881,0.11396393552422523,0.11352483835071325,0.12467622384428978,0.10965775791555643,0.10825373511761427,0.10683604888617992,0.10608454886823893,0.10540472343564034,0.10812219232320786,0.10558858886361122,0.10457504633814096,0.10331972315907478,0.10291053354740143,0.10255767963826656,0.0007177228108048439,0.0004430599510669708,0.0,0.0,0.0,0.0,0.0,0.0,0.0,0.0,0.0,0.0,0.0,0.0,0.0,0.0,0.0,0.0,3.7536755353212357
31,0.30876943934708834,0.1129184840247035,0.11316325422376394,0.11307518742978573,0.1123334988951683,0.11325543653219938,0.1142743518576026,0.11692846193909645,0.11670691333711147,0.11601170152425766,0.11546808108687401,0.11226142756640911,0.11126687377691269,0.11103123240172863,0.10976792499423027,0.10946949757635593,0.10969628859311342,0.10902947932481766,0.10883395932614803,0.10899983253329992,0.10858056508004665,0.10781765263527632,0.1078600287437439,0.1072908379137516,0.10703808348625898,0.10652479249984026,0.10643619671463966,0.10593903064727783,0.10493378434330225,0.10480261314660311,0.11008269153535366,0.10702148359268904,0.10426139179617167,0.10292217321693897,0.10289256274700165,0.10211883205920458,0.000337209552526474,0.0,0.0,0.0,0.0,0.0,0.0,0.0,0.0,0.0,0.0,0.0,0.0,0.0,4.140121256001294
32,0.31075351871550083,0.11245888378471136,0.11313847079873085,0.11362231522798538,0.11299567483365536,0.11329266987740993,0.11340395826846361,0.11330657359212637,0.11273316014558077,0.11294644791632891,0.11160220578312874,0.1106695607304573,0.11040599551051855,0.1090389909222722,0.12229819688946009,0.1216699369251728,0.1090780459344387,0.10847814194858074,0.10841441806405783,0.10847088880836964,0.10782642662525177,0.10780840925872326,0.10689072497189045,0.10643765237182379,0.10617783945053816,0.10602299310266972,0.10551022458821535,0.0035097626969218254,0.0,0.0,0.0,0.0,0.0,0.0,0.0,0.0,0.0,0.0,0.0,0.0,0.0,0.0,0.0,0.0,0.0,0.0,0.0,0.0,0.0,0.0,3.1989620877429843
33,0.3105459874495864,0.11267761513590813,0.11338036693632603,0.11320311948657036,0.11318265553563833,0.11236861534416676,0.11231601145118475,0.11468037031590939,0.11542437598109245,0.1157507011666894,0.11597607471048832,0.11583566013723612,0.11653335392475128,0.1132577620446682,0.11183973960578442,0.11334729380905628,0.11333799548447132,0.1104377880692482,0.10937578324228525,0.10848472639918327,0.10782424919307232,0.10736772138625383,0.10828847903758287,0.10743341967463493,0.10648985207080841,0.1058797026053071,0.10504596214741468,0.10835344437509775,0.10460063815116882,0.10316665377467871,0.10286686196923256,0.10262254904955626,0.10211626254022121,0.00034403521567583084,0.0,0.0,0.0,0.0,0.0,0.0,0.0,0.0,0.0,0.0,0.0,0.0,0.0,0.0,0.0,0.0,3.83435582742095
34,0.3095956426113844,0.11281695403158665,0.11277183331549168,0.11330431420356035,0.11319625563919544,0.11335503868758678,0.11368310078978539,0.1149720661342144,0.12014647014439106,0.11798822414129972,0.11977045238018036,0.11831814236938953,0.11776621453464031,0.11767139378935099,0.11659054178744555,0.11168097518384457,0.11196939460933208,0.11268546525388956,0.11051609739661217,0.10964894853532314,0.10973130539059639,0.10952703095972538,0.10920540895313025,0.10901431553065777,0.10798422899097204,0.10784959606826305,0.10575934685766697,0.10532593820244074,0.11017513927072287,0.10520271025598049,0.10312854126095772,0.10243736393749714,0.0003464752808213234,0.0,0.0,0.0,0.0,0.0,0.0,0.0,0.0,0.0,0.0,0.0,0.0,0.0,0.0,0.0,0.0,0.0,3.7741349264979362
35,0.31112914718687534,0.11268221028149128,0.11304930597543716,0.11296112742275,0.11306998785585165,0.11314445827156305,0.11341638118028641,0.11663356982171535,0.11263011582195759,0.11563694756478071,0.11504195630550385,0.11764692422002554,0.11360254790633917,0.11121010407805443,0.1110010426491499,0.11108586005866528,0.11057809088379145,0.10883204825222492,0.10927337873727083,0.10950469877570868,0.1086356919258833,0.10821344796568155,0.10725186299532652,0.10673133842647076,0.10670468490570784,0.10545650217682123,0.1122694918885827,0.10643772222101688,0.10499313939362764,0.103868561796844,0.10290349274873734,0.10238180309534073,0.00033226702362298965,0.0,0.0,0.0,0.0,0.0,0.0,0.0,0.0,0.0,0.0,0.0,0.0,0.0,0.0,0.0,0.0,0.0,3.728309909813106
36,0.3004209492355585,0.11272561363875866,0.11307933367788792,0.11444627586752176,0.11446553189307451,0.11323373392224312,0.11518843192607164,0.11479577235877514,0.11432662047445774,0.11408597882837057,0.11357736587524414,0.11572184879332781,0.11802125908434391,0.11123138852417469,0.11046954430639744,0.11064669489860535,0.10989796370267868,0.10860319156199694,0.10865751095116138,0.1080969674512744,0.10765554197132587,0.10688018519431353,0.10649606306105852,0.10589918214827776,0.10572866443544626,0.10558365005999804,0.1051545962691307,0.0031217532232403755,0.0,0.0,0.0,0.0,0.0,0.0,0.0,0.0,0.0,0.0,0.0,0.0,0.0,0.0,0.0,0.0,0.0,0.0,0.0,0.0,0.0,0.0,3.1882116133347154
37,0.29854449536651373,0.11222120933234692,0.11283763311803341,0.1135198911651969,0.1136514525860548,0.11507757101207972,0.11562936194241047,0.11654965858906507,0.11626733280718327,0.11491633206605911,0.11430515348911285,0.11528132297098637,0.11543321050703526,0.11279929615557194,0.11288597527891397,0.1106961416080594,0.109682472422719,0.10938703175634146,0.1089617284014821,0.10874007176607847,0.1080464432016015,0.10816128458827734,0.10763938911259174,0.1070958636701107,0.10671384260058403,0.10592906828969717,0.10539255850017071,0.10510375536978245,0.10438602231442928,0.10467227641493082,0.10411189589649439,0.10396376624703407,0.10296460893005133,0.10275700315833092,0.10258525889366865,0.10228361282497644,0.0004657302051782608,0.0,0.0,0.0,0.0,0.0,0.0,0.0,0.0,0.0,0.0,0.0,0.0,0.0,4.129659722559154
38,0.29918244760483503,0.11249790620058775,0.11300796736031771,0.11296637542545795,0.11351852864027023,0.11401447094976902,0.11390495300292969,0.1155291935428977,0.11428744718432426,0.11406343802809715,0.11144227534532547,0.11133254785090685,0.1115703210234642,0.11040149442851543,0.11043345183134079,0.11173593159765005,0.109665771946311,0.10924653150141239,0.10825127456337214,0.10806362237781286,0.10784473177045584,0.10721753910183907,0.10605856776237488,0.10569806396961212,0.10525492485612631,0.10499684326350689,0.002890240401029587,0.0,0.0,0.0,0.0,0.0,0.0,0.0,0.0,0.0,0.0,0.0,0.0,0.0,0.0,0.0,0.0,0.0,0.0,0.0,0.0,0.0,0.0,0.0,3.0650768615305424
39,0.2974709924310446,0.11239507421851158,0.11299825087189674,0.11280809435993433,0.11334611102938652,0.11409905180335045,0.1138774435967207,0.11567017249763012,0.11352741718292236,0.11440459452569485,0.1115635996684432,0.11147547978907824,0.1106689190492034,0.11011491902172565,0.10977885127067566,0.10927694849669933,0.10916024260222912,0.10926084220409393,0.10934793576598167,0.10773466527462006,0.10718699172139168,0.1067942650988698,0.1060719508677721,0.10566076543182135,0.1053552059456706,0.10466759838163853,0.10687517747282982,0.10386161226779222,0.10276058595627546,0.10254013631492853,0.10207320936024189,0.0002862662076950073,0.0,0.0,0.0,0.0,0.0,0.0,0.0,0.0,0.0,0.0,0.0,0.0,0.0,0.0,0.0,0.0,0.0,0.0,3.5731133706867695
40,0.30007392913103104,0.11234622448682785,0.11312153097242117,0.11307392921298742,0.11340509355068207,0.11394763551652431,0.11352797225117683,0.1119012264534831,0.1118333525955677,0.11138130258768797,0.11048225872218609,0.11038325913250446,0.10992440488189459,0.11022861208766699,0.10948214493691921,0.11002439353615046,0.10917586926370859,0.10868282150477171,0.10784697253257036,0.10763218346983194,0.10728250071406364,0.10715237259864807,0.1069189915433526,0.10628875810652971,0.10575628653168678,0.10503375623375177,0.10486456844955683,0.10430496372282505,0.10406352207064629,0.0019266698509454727,0.0,0.0,0.0,0.0,0.0,0.0,0.0,0.0,0.0,0.0,0.0,0.0,0.0,0.0,0.0,0.0,0.0,0.0,0.0,0.0,3.3620675066486
41,0.3096507880836725,0.1125418096780777,0.11335800494998693,0.11347285192459822,0.11408859770745039,0.11552861239761114,0.11571216303855181,0.11301730386912823,0.1128187021240592,0.11385009996592999,0.1156317824497819,0.11909910663962364,0.11785512510687113,0.11539285723119974,0.11353487800806761,0.11475943867117167,0.10964293498545885,0.10951790865510702,0.10871873050928116,0.10858738701790571,0.10897168703377247,0.10850395262241364,0.10755947791039944,0.10647208616137505,0.10592233296483755,0.10553091857582331,0.10497665870934725,0.10453732591122389,0.10603898018598557,0.10504472348839045,0.10383268911391497,0.10277048218995333,0.10235647670924664,0.0005407826974987984,0.00024869292974472046,0.0,0.0,0.0,0.0,0.0,0.0,0.0,0.0,0.0,0.0,0.0,0.0,0.0,0.0,0.0,3.8400863502174616
42,0.2964130938053131,0.11260887607932091,0.11299772281199694,0.11299865413457155,0.1148094842210412,0.1140717389062047,0.1156100183725357,0.11459220480173826,0.11368055362254381,0.11356823146343231,0.11228844430297613,0.11005932930856943,0.1104394942522049,0.11021099518984556,0.10976921115070581,0.10972267016768456,0.10958657693117857,0.109437245875597,0.10961971897631884,0.10881968401372433,0.10938992444425821,0.10987796448171139,0.1093864943832159,0.10841968283057213,0.1075082365423441,0.10673411004245281,0.1058491887524724,0.10561102442443371,0.10487687587738037,0.10452776867896318,0.10731225181370974,0.10349286533892155,0.103102782741189,0.001176987774670124,0.000878186896443367,0.0,0.0,0.0,0.0,0.0,0.0,0.0,0.0,0.0,0.0,0.0,0.0,0.0,0.0,0.0,3.8094482934102416
43,0.3105565244331956,0.11277779564261436,0.1124447314068675,0.11384904198348522,0.11369071155786514,0.11383667401969433,0.11650316044688225,0.11625158414244652,0.11845932714641094,0.11675277724862099,0.11741109006106853,0.11490604467689991,0.1125834658741951,0.11170364823192358,0.11082757357507944,0.11091305501759052,0.11032752227038145,0.1119352225214243,0.10903126001358032,0.10934062488377094,0.10909601580351591,0.10765576176345348,0.10737705696374178,0.10737508069723845,0.10609738808125257,0.10570603609085083,0.10552422143518925,0.11056020110845566,0.10690394788980484,0.10387955140322447,0.10265000630170107,0.10407080873847008,0.00029107648879289627,0.0,0.0,0.0,0.0,0.0,0.0,0.0,0.0,0.0,0.0,0.0,0.0,0.0,0.0,0.0,0.0,0.0,3.7412889879196882
44,0.3111918969079852,0.11277844943106174,0.11326137743890285,0.11316881980746984,0.12546254135668278,0.11372331157326698,0.1162992911413312,0.11570979189127684,0.11633008439093828,0.11465338338166475,0.11752378661185503,0.1160019263625145,0.11208400316536427,0.11124113388359547,0.11055263690650463,0.11081963032484055,0.10926733259111643,0.10991952382028103,0.10895761474967003,0.10857507213950157,0.10839693248271942,0.10772480349987745,0.10723138134926558,0.10659362841397524,0.10587337985634804,0.10564674995839596,0.10518752876669168,0.10485319886356592,0.10417111311107874,0.10396671574562788,0.10365135967731476,0.1033670362085104,0.1025724895298481,0.0005403030663728714,0.0002564694732427597,0.0,0.0,0.0,0.0,0.0,0.0,0.0,0.0,0.0,0.0,0.0,0.0,0.0,0.0,0.0,3.8375546978786588
45,0.31007598526775837,0.11254714988172054,0.11211473774164915,0.11325055919587612,0.11331730149686337,0.11224254313856363,0.1127281840890646,0.11132305767387152,0.11444231308996677,0.1136723393574357,0.11256757378578186,0.11378929205238819,0.11604394391179085,0.11442171223461628,0.11276951245963573,0.11323926039040089,0.11210192833095789,0.11083178222179413,0.11006498523056507,0.10952769964933395,0.10909482464194298,0.11986024584621191,0.10673555918037891,0.10599965509027243,0.1054474487900734,0.10447847563773394,0.10737979877740145,0.10352589003741741,0.10326966643333435,0.10262851603329182,0.0007428368553519249,0.0003076260909438133,0.0,0.0,0.0,0.0,0.0,0.0,0.0,0.0,0.0,0.0,0.0,0.0,0.0,0.0,0.0,0.0,0.0,0.0,3.520542404614389
46,0.3009213525801897,0.1126109017059207,0.11238056793808937,0.11294005531817675,0.11313546262681484,0.11384770926088095,0.11488751508295536,0.1148120854049921,0.11648459639400244,0.11449571792036295,0.11387434042990208,0.11206412594765425,0.11224638111889362,0.1124452967196703,0.1123815244063735,0.11088981572538614,0.11035852041095495,0.10980301350355148,0.10900183487683535,0.10847747512161732,0.10728244204074144,0.1071020932868123,0.1066796276718378,0.10646853595972061,0.10605018865317106,0.003947616554796696,0.0,0.0,0.0,0.0,0.0,0.0,0.0,0.0,0.0,0.0,0.0,0.0,0.0,0.0,0.0,0.0,0.0,0.0,0.0,0.0,0.0,0.0,0.0,0.0,2.975588796660304
47,0.2988891387358308,0.11244603246450424,0.11261207889765501,0.11415910441428423,0.1154180895537138,0.11424500774592161,0.11472207680344582,0.11549096833914518,0.11318536754697561,0.11347187589854002,0.11120898742228746,0.11073555145412683,0.11453630682080984,0.11181480716913939,0.11117931641638279,0.10993297304958105,0.11015069764107466,0.1093738516792655,0.10842068959027529,0.10843256209045649,0.10778225213289261,0.10686454363167286,0.10622453223913908,0.10568499937653542,0.1051730951294303,0.1048852289095521,0.0029381802305579185,0.0,0.0,0.0,0.0,0.0,0.0,0.0,0.0,0.0,0.0,0.0,0.0,0.0,0.0,0.0,0.0,0.0,0.0,0.0,0.0,0.0,0.0,0.0,3.069978315383196
48,0.29839617665857077,0.11280619259923697,0.1126186978071928,0.11300964746624231,0.1137232631444931,0.11347575020045042,0.11506374459713697,0.114253930747509,0.11724374443292618,0.11393381655216217,0.1138310506939888,0.11329105775803328,0.11234593112021685,0.11124197207391262,0.11095772497355938,0.11003491468727589,0.11015807092189789,0.10910875536501408,0.10816260147839785,0.10777532495558262,0.1069659423083067,0.10663011576980352,0.10651696939021349,0.1056352760642767,0.10504340566694736,0.10440350603312254,0.10625964868813753,0.10402681306004524,0.10281313955783844,0.10272636078298092,0.10209065861999989,0.0002630529925227165,0.0,0.0,0.0,0.0,0.0,0.0,0.0,0.0,0.0,0.0,0.0,0.0,0.0,0.0,0.0,0.0,0.0,0.0,3.584807257167995
49,0.3009369168430567,0.11237285379320383,0.11301697138696909,0.11292464565485716,0.1137784868478775,0.1130906967446208,0.11422469653189182,0.11427430901676416,0.11334426607936621,0.1118605611845851,0.11139967385679483,0.11124344263225794,0.11101969797164202,0.1104124253615737,0.10972359776496887,0.10963648930191994,0.10940721537917852,0.10977137461304665,0.10805470030754805,0.10810729023069143,0.10741549544036388,0.10688317380845547,0.10648271255195141,0.10594617109745741,0.10536930430680513,0.10505847912281752,0.10445164516568184,0.10930221527814865,0.10642595123499632,0.10354355443269014,0.10282842349261045,0.10284797567874193,0.10231537371873856,0.00047282222658395767,0.0,0.0,0.0,0.0,0.0,0.0,0.0,0.0,0.0,0.0,0.0,0.0,0.0,0.0,0.0,0.0,3.787943609058857
50,0.29839332681149244,0.11248463205993176,0.11301430407911539,0.11328563932329416,0.11383965145796537,0.11565708089619875,0.11531753186136484,0.11545038223266602,0.11777070164680481,0.11511944886296988,0.11492080520838499,0.1131030609831214,0.11346393823623657,0.11037056613713503,0.10995325725525618,0.10967796947807074,0.11116513144224882,0.1103425556793809,0.10937533248215914,0.1099212747067213,0.10846512950956821,0.10706538520753384,0.1064012460410595,0.10588375944644213,0.10518872272223234,0.10751378629356623,0.10423226747661829,0.1028101360425353,0.102610575966537,0.0003407066687941551,0.0,0.0,0.0,0.0,0.0,0.0,0.0,0.0,0.0,0.0,0.0,0.0,0.0,0.0,0.0,0.0,0.0,0.0,0.0,0.0,3.3931383062154055

total time per move x,15.205910390242934,5.664599834941328,5.452765889465809,5.665753528475761,5.591877800412476,5.69827089458704,5.716360713355243,5.740873113274574,5.7631923677399755,5.758578514680266,5.72006996255368,5.690425002016127,5.669510280713439,5.60964775364846,5.583759372122586,5.558995168656111,5.512897386215627,5.4936358369886875,5.464012569747865,5.4417947717010975,5.428447285667062,5.4005575105547905,5.375093495473266,5.229955756105483,5.207577637396753,5.0824642814695835,4.661908774636686,4.345912131480873,4.195471323095262,3.9539647744968534,3.42613329179585,2.9943070374429226,1.5498694544658065,0.6221473217010498,0.41354910004884005,0.2054799785837531,0.0012541934847831726,0,0,0,0,0,0,0,0,0,0,0,0,0,180.0970244994387
average time per move x,0.3041182078048587,0.11329199669882656,0.10905531778931618,0.11331507056951523,0.11183755600824952,0.1139654178917408,0.11432721426710486,0.11481746226549149,0.11526384735479951,0.11517157029360532,0.1144013992510736,0.11380850004032254,0.11339020561426878,0.1121929550729692,0.11167518744245171,0.11117990337312221,0.11025794772431255,0.10987271673977375,0.1092802513949573,0.10883589543402195,0.10856894571334123,0.10801115021109581,0.10750186990946531,0.10459911512210965,0.10627709464075005,0.10372376084631803,0.09712309947159763,0.09877073026092892,0.102328568855982,0.09884911936242133,0.09016140241568026,0.0880678540424389,0.051662315148860216,0.03456374009450277,0.034462425004070006,0.05136999464593828,0.0004180644949277242,nan,nan,nan,nan,nan,nan,nan,nan,nan,nan,nan,nan,nan,3.601940489988774
std of time per move x,0.018021913428978437,0.00292215154139348,0.020411798791149918,0.0020089732985591755,0.014934809541777064,0.0020321034123715782,0.0013465965948023996,0.0025444928996867272,0.0028279409940153164,0.0027391640456894233,0.0026912141386870414,0.00267793633226686,0.0026016344314184698,0.0024239034222419092,0.0023121715989668353,0.002374908499923891,0.0015323895828113587,0.0012158193592820498,0.0011036747427801185,0.0010006882473571424,0.002422477653662349,0.001888517258157293,0.0020477854020724304,0.014460850223347994,0.00196403862996801,0.014596981651114381,0.028722052047136026,0.026302946500018323,0.016042890573454743,0.022730092730780128,0.03506530385128552,0.03681972487756612,0.05198385430110439,0.04944643546349474,0.05027990757610117,0.05869509776066387,7.039554948699371e-05,nan,nan,nan,nan,nan,nan,nan,nan,nan,nan,nan,nan,nan,0.31472556071405483
err of average time,0.0025486834391175114,0.0004132546341148104,0.002886664268287496,0.00028411172852677984,0.0021121010205440234,0.0002873828205920532,0.00019043751674149807,0.0003598456368099013,0.0003999312507327312,0.0003873762942978738,0.00038059515341814414,0.00037871738802634563,0.00036792666972488154,0.0003427917093617067,0.0003269904433792783,0.00033586278099875095,0.0002167126130851072,0.00017194282272924415,0.00015608317896882807,0.0001415186891119833,0.00034259007523550477,0.00026707667192616953,0.00028960058884404724,0.002045073050930473,0.00028057694713828717,0.00208528309301634,0.004145671120273107,0.003965318382788753,0.0025054785724236838,0.0035939432228050826,0.005688343423137539,0.006314530721839024,0.009490909875592275,0.011654636607246707,0.01451455908694576,0.029347548880331933,4.0642889446067445e-05,nan,nan,nan,nan,nan,nan,nan,nan,nan,nan,nan,nan,nan,0.04450891563872933
