Contains move time for player Edax4; opponent is MCTSMaxIter5
Colums refer to move number, rows to game number
game,1,2,3,4,5,6,7,8,9,10,11,12,13,14,15,16,17,18,19,20,21,22,23,24,25,26,27,28,29,30,31,32,33,34,35,36,37,38,39,40,41,42,43,44,45,46,47,48,49,50,total
1,0.40814613923430443,0.11859388370066881,0.11959104891866446,0.11896134819835424,0.1187775656580925,0.11922598630189896,0.11919657699763775,0.11907571647316217,0.11948097497224808,0.11952885426580906,0.12060635443776846,0.12045788113027811,0.11852909624576569,0.11990262288600206,0.1196772838011384,0.11806191224604845,0.11730151996016502,0.105388093739748,0.11718972120434046,0.10475408099591732,0.10751428361982107,0.1159361656755209,0.10644867178052664,0.10385784599930048,0.10355235543102026,0.10319138318300247,0.10468125529587269,0.10722182504832745,0.10375271458178759,0.10298247169703245,0.10195236932486296,0.10204418562352657,0.00033021997660398483,0.0,0.0,0.0,0.0,0.0,0.0,0.0,0.0,0.0,0.0,0.0,0.0,0.0,0.0,0.0,0.0,0.0,3.905912408605218
2,0.11888698115944862,0.11927876342087984,0.11926262825727463,0.11860228888690472,0.1193316774442792,0.11852777656167746,0.11942518223077059,0.11875170189887285,0.11852139700204134,0.11853122431784868,0.11816497053951025,0.1188673572614789,0.11989907920360565,0.11851272452622652,0.10930052679032087,0.10935344360768795,0.11787477042526007,0.11689801886677742,0.10827978421002626,0.10761729627847672,0.1172591419890523,0.10541605949401855,0.10682273749262094,0.10480890423059464,0.10506522748619318,0.10474578756839037,0.10451176203787327,0.1147611727938056,0.10358817875385284,0.10309394355863333,0.10280277207493782,0.10251789540052414,0.10212197992950678,0.00026396382600069046,0.0,0.0,0.0,0.0,0.0,0.0,0.0,0.0,0.0,0.0,0.0,0.0,0.0,0.0,0.0,0.0,3.711667119525373

total time per move x,0.527033120393753,0.23787264712154865,0.23885367717593908,0.23756363708525896,0.2381092431023717,0.2377537628635764,0.23862175922840834,0.23782741837203503,0.23800237197428942,0.23806007858365774,0.2387713249772787,0.239325238391757,0.23842817544937134,0.23841534741222858,0.22897781059145927,0.2274153558537364,0.2351762903854251,0.22228611260652542,0.22546950541436672,0.21237137727439404,0.22477342560887337,0.22135222516953945,0.21327140927314758,0.20866675022989511,0.20861758291721344,0.20793717075139284,0.20919301733374596,0.22198299784213305,0.20734089333564043,0.20607641525566578,0.20475514139980078,0.2045620810240507,0.10245219990611076,0.00026396382600069046,0,0,0,0,0,0,0,0,0,0,0,0,0,0,0,0,7.617579528130591
average time per move x,0.2635165601968765,0.11893632356077433,0.11942683858796954,0.11878181854262948,0.11905462155118585,0.1188768814317882,0.11931087961420417,0.11891370918601751,0.11900118598714471,0.11903003929182887,0.11938566248863935,0.1196626191958785,0.11921408772468567,0.11920767370611429,0.11448890529572964,0.1137076779268682,0.11758814519271255,0.11114305630326271,0.11273475270718336,0.10618568863719702,0.11238671280443668,0.11067611258476973,0.10663570463657379,0.10433337511494756,0.10430879145860672,0.10396858537569642,0.10459650866687298,0.11099149892106652,0.10367044666782022,0.10303820762783289,0.10237757069990039,0.10228104051202536,0.05122609995305538,0.00026396382600069046,nan,nan,nan,nan,nan,nan,nan,nan,nan,nan,nan,nan,nan,nan,nan,nan,3.8087897640652955
std of time per move x,0.20453711219504203,0.000484283094458364,0.00023222847675051812,0.0002538932739741336,0.0003918162015480024,0.0004937088420011207,0.00016164831056296222,0.0002291129026832519,0.000678524089810407,0.0007054309013175649,0.001726319109938028,0.0011246702132669836,0.0009687242395986439,0.0009828065553573464,0.007337475249074123,0.0061578172279350895,0.0004053492911870473,0.008138746108271937,0.0063002768686244515,0.002024598942294705,0.006890655434585879,0.007438838419742823,0.00026450440163125916,0.000672499724651381,0.0010697620892804005,0.0010991298816138899,0.00011984983209679104,0.005331123916551111,0.00011634439968079903,7.882250924946763e-05,0.0006013255513176247,0.00033496339562934626,0.07197764373161081,nan,nan,nan,nan,nan,nan,nan,nan,nan,nan,nan,nan,nan,nan,nan,nan,nan,0.1373521611218996
err of average time,0.1446295790374279,0.00034243986010551447,0.00016421033069491384,0.00017952965572476384,0.00027705589309334755,0.00034910487011075014,0.0001143026165664196,0.00016200728714466095,0.0004797889851033687,0.0004988149739801884,0.0012206919491291044,0.0007952619343996047,0.0006849914789199829,0.0006949491798877716,0.005188378505408764,0.004354234319180249,0.0002866252325475216,0.0057549625635147095,0.004454968497157097,0.0014316076412796972,0.004872429184615611,0.005260053090751171,0.00018703285604715345,0.0004755291156470775,0.00075643602758646,0.0007772021926939486,8.474662899971008e-05,0.0037696738727390766,8.226791396737099e-05,5.573593080043792e-05,0.00042520137503743166,0.00023685488849878308,0.0508958799764514,nan,nan,nan,nan,nan,nan,nan,nan,nan,nan,nan,nan,nan,nan,nan,nan,nan,0.09712264453992248
