Contains move time for player Edax4; opponent is AlphaBeta4
Colums refer to move number, rows to game number
game,1,2,3,4,5,6,7,8,9,10,11,12,13,14,15,16,17,18,19,20,21,22,23,24,25,26,27,28,29,30,31,32,33,34,35,36,37,38,39,40,41,42,43,44,45,46,47,48,49,50,total
1,0.4032940808683634,0.11861065961420536,0.1063922755420208,0.10659919772297144,0.10662187449634075,0.10600427631288767,0.11927734222263098,0.10642405040562153,0.11964570824056864,0.10603834688663483,0.10617401730269194,0.10635274276137352,0.11892820708453655,0.11827968619763851,0.1058731796219945,0.10495505947619677,0.10541744716465473,0.10536378622055054,0.10464987903833389,0.10439806338399649,0.10430936980992556,0.10410306975245476,0.10351219400763512,0.10303576476871967,0.1028165677562356,0.10243442747741938,0.10440845601260662,0.10336253326386213,0.10303445905447006,0.10261720884591341,0.10210927296429873,0.0,0.0,0.0,0.0,0.0,0.0,0.0,0.0,0.0,0.0,0.0,0.0,0.0,0.0,0.0,0.0,0.0,0.0,0.0,3.615043204277754
2,0.10799872782081366,0.10630482155829668,0.10695126000791788,0.10631375946104527,0.11951196566224098,0.10623219236731529,0.10708767920732498,0.10652694664895535,0.10630941577255726,0.10620504803955555,0.10557529143989086,0.10554811172187328,0.1050763064995408,0.10470248851925135,0.10424426477402449,0.10479930229485035,0.10800354648381472,0.10959760565310717,0.10409419145435095,0.10694894939661026,0.10374888684600592,0.10325226932764053,0.10553036816418171,0.10529652237892151,0.10506316088140011,0.10319107864052057,0.10403687320649624,0.10527142602950335,0.10414416342973709,0.10316261928528547,0.10271968226879835,0.1023992421105504,0.0005343491211533546,0.00024240277707576752,0.0,0.0,0.0,0.0,0.0,0.0,0.0,0.0,0.0,0.0,0.0,0.0,0.0,0.0,0.0,0.0,3.3866249192506075

total time per move x,0.511292808689177,0.22491548117250204,0.21334353554993868,0.2129129571840167,0.22613384015858173,0.21223646868020296,0.22636502142995596,0.21295099705457687,0.2259551240131259,0.21224339492619038,0.2117493087425828,0.2119008544832468,0.22400451358407736,0.22298217471688986,0.21011744439601898,0.20975436177104712,0.21342099364846945,0.2149613918736577,0.20874407049268484,0.21134701278060675,0.20805825665593147,0.2073553390800953,0.20904256217181683,0.20833228714764118,0.2078797286376357,0.20562550611793995,0.20844532921910286,0.20863395929336548,0.20717862248420715,0.20577982813119888,0.20482895523309708,0.1023992421105504,0.0005343491211533546,0.00024240277707576752,0,0,0,0,0,0,0,0,0,0,0,0,0,0,0,0,7.001668123528361
average time per move x,0.2556464043445885,0.11245774058625102,0.10667176777496934,0.10645647859200835,0.11306692007929087,0.10611823434010148,0.11318251071497798,0.10647549852728844,0.11297756200656295,0.10612169746309519,0.1058746543712914,0.1059504272416234,0.11200225679203868,0.11149108735844493,0.10505872219800949,0.10487718088552356,0.10671049682423472,0.10748069593682885,0.10437203524634242,0.10567350639030337,0.10402912832796574,0.10367766954004765,0.10452128108590841,0.10416614357382059,0.10393986431881785,0.10281275305896997,0.10422266460955143,0.10431697964668274,0.10358931124210358,0.10288991406559944,0.10241447761654854,0.1023992421105504,0.0005343491211533546,0.00024240277707576752,nan,nan,nan,nan,nan,nan,nan,nan,nan,nan,nan,nan,nan,nan,nan,nan,3.5008340617641807
std of time per move x,0.20880534659279806,0.008701541537516509,0.000395261706413768,0.00020183533061809966,0.009114670873520863,0.000161160987627055,0.008619393378501728,7.275863141996275e-05,0.009430182840017924,0.00011787551566185885,0.0004233631176584066,0.000568960064383798,0.009794772835972397,0.009600528547897814,0.0011518167349750474,0.00011013695914855392,0.0018286483653999388,0.0029937624310801734,0.0003929304588555092,0.001803748797553112,0.0003963213045271122,0.0006016067498225334,0.0014270646317095367,0.0015985970367928114,0.0015885812333709024,0.0005350331684215443,0.00026274872197297726,0.0013497910191428444,0.0007846794888636974,0.0003856634202099199,0.0004316245585110498,nan,nan,nan,nan,nan,nan,nan,nan,nan,nan,nan,nan,nan,nan,nan,nan,nan,nan,nan,0.1615161182896968
err of average time,0.14764767652377486,0.00615291902795434,0.00027949223294854164,0.00014271913096308705,0.006445045582950114,0.00011395802721381186,0.006094831507652997,5.144812166690826e-05,0.006668146234005689,8.335057646036148e-05,0.0002993629314005375,0.0004023155197501182,0.006925950292497873,0.0067885988391935825,0.0008144574239850043,7.787859067320824e-05,0.0012930496595799923,0.0021169097162783146,0.00027784379199147224,0.0012754430063068865,0.00028024148195981974,0.0004254002124071121,0.0010090870782732964,0.0011303788051009176,0.0011232965625822544,0.0003783255815505981,0.00018579140305519104,0.0009544463828206061,0.0005548521876335144,0.00027270521968603134,0.0003052046522498131,nan,nan,nan,nan,nan,nan,nan,nan,nan,nan,nan,nan,nan,nan,nan,nan,nan,nan,nan,0.11420914251357316
