Contains move time for player MCTSMaxIter1; opponent is Edax2
Colums refer to move number, rows to game number
game,1,2,3,4,5,6,7,8,9,10,11,12,13,14,15,16,17,18,19,20,21,22,23,24,25,26,27,28,29,30,31,32,33,34,35,36,37,38,39,40,41,42,43,44,45,46,47,48,49,50,total
1,17.47369483113289,16.353975154459476,15.608822673559189,14.5823859795928,13.491271417587996,12.550931498408318,11.491056006401777,10.614868704229593,9.821184754371643,8.771460354328156,7.83302690833807,0.003839101642370224,5.903821162879467,0.004181604832410812,0.004449259489774704,0.00325954332947731,0.0033571459352970123,0.003130607306957245,0.0033195242285728455,0.0036461949348449707,0.002866119146347046,0.0024487413465976715,0.0022095851600170135,0.002750881016254425,0.002033025026321411,0.00200001522898674,0.003050718456506729,0.0,0.0,0.0,0.0,0.0,0.0,0.0,0.0,0.0,0.0,0.0,0.0,0.0,0.0,0.0,0.0,0.0,0.0,0.0,0.0,0.0,0.0,0.0,144.5430415123701
2,17.371909752488136,16.823796272277832,15.582093752920628,14.595689967274666,13.861651740968227,12.60050168260932,11.490603178739548,10.570922430604696,9.779420230537653,8.980747789144516,8.228986669331789,7.391737885773182,6.497973132878542,5.7544288001954556,0.0035852156579494476,0.006555594503879547,0.005432605743408203,0.005125947296619415,3.4460153952240944,2.870744787156582,2.4102998040616512,0.0034782811999320984,1.5169511921703815,0.003064572811126709,0.001542791724205017,0.5520352348685265,0.002197887748479843,0.0011907368898391724,0.04755916818976402,0.000836450606584549,0.0004946403205394745,0.0,0.0,0.0,0.0,0.0,0.0,0.0,0.0,0.0,0.0,0.0,0.0,0.0,0.0,0.0,0.0,0.0,0.0,0.0,170.40757359191775
3,17.347422290593386,16.45507374405861,15.771886300295591,13.932827174663544,13.532365776598454,12.656251106411219,11.723164573311806,10.687443852424622,9.86234587430954,8.968662686645985,8.07404600456357,7.358213942497969,6.460542567074299,0.003520812839269638,0.006796136498451233,4.418044660240412,3.7232235819101334,3.37589093670249,2.826744768768549,2.2307209707796574,1.847685407847166,1.5960842072963715,1.2125894576311111,0.8413017727434635,0.0020120441913604736,0.2645003870129585,0.0015728473663330078,0.0012358389794826508,0.0012545213103294373,0.0012294724583625793,0.0005082115530967712,0.0002703368663787842,0.0,0.0,0.0,0.0,0.0,0.0,0.0,0.0,0.0,0.0,0.0,0.0,0.0,0.0,0.0,0.0,0.0,0.0,175.18543226644397
4,17.703607257455587,16.336911227554083,15.530684605240822,14.623907946050167,13.58439414203167,12.72450077533722,11.544399466365576,10.673569831997156,9.888573922216892,8.83786742016673,8.04914866015315,7.317109126597643,5.826961759477854,0.003442227840423584,0.0038732364773750305,0.003150973469018936,4.9040763936936855,4.084706678986549,0.004878628998994827,0.0038141272962093353,0.004524916410446167,0.004177182912826538,0.004501756280660629,0.003096114844083786,0.002018202096223831,0.0018145553767681122,0.002342440187931061,0.002256404608488083,0.0017957016825675964,0.0018977522850036621,0.0015249699354171753,0.0007743574678897858,0.0009393319487571716,0.0003758370876312256,0.0,0.0,0.0,0.0,0.0,0.0,0.0,0.0,0.0,0.0,0.0,0.0,0.0,0.0,0.0,0.0,161.6816179305315
5,17.619421876966953,16.39754394069314,15.564733806997538,14.699364013969898,13.617730539292097,12.662132743746042,11.619579490274191,10.741498783230782,9.69453713670373,8.95489938929677,8.050399728119373,7.091485571116209,6.392322398722172,0.0038023553788661957,0.006018463522195816,0.006606090813875198,4.256857428699732,3.6963132470846176,2.9762405417859554,2.5550005175173283,2.0683099925518036,1.5639311037957668,0.002741251140832901,0.003052670508623123,0.0028570815920829773,0.002941180020570755,0.0012552253901958466,0.0017294473946094513,0.08745773509144783,0.0008578933775424957,0.0011218860745429993,0.00039367005228996277,0.0,0.0,0.0,0.0,0.0,0.0,0.0,0.0,0.0,0.0,0.0,0.0,0.0,0.0,0.0,0.0,0.0,0.0,170.34313720092177
6,17.968636091798544,16.86142687126994,15.896427303552628,15.187627349048853,14.328022863715887,13.294242478907108,12.384747214615345,11.43472769483924,10.559048235416412,9.654012639075518,8.702968779951334,7.956385441124439,7.150336243212223,6.32298631593585,5.537137005478144,4.7690393552184105,4.306467022746801,3.701939057558775,3.198409277945757,2.8647950552403927,2.1958866119384766,1.672528464347124,0.0028654225170612335,0.9444328397512436,0.667554434388876,0.48072150349617004,0.2994990795850754,0.08337744325399399,0.0005726180970668793,0.0004857964813709259,0.004574041813611984,0.0,0.0,0.0,0.0,0.0,0.0,0.0,0.0,0.0,0.0,0.0,0.0,0.0,0.0,0.0,0.0,0.0,0.0,0.0,198.43188055232167
7,17.845061130821705,16.906185820698738,16.093616664409637,15.012401636689901,13.982251733541489,13.216301005333662,12.501546200364828,11.285471685230732,10.410331569612026,9.492548562586308,8.722632229328156,7.950107473880053,7.144557181745768,6.251172013580799,5.56425542011857,4.458323396742344,0.003558170050382614,0.0027599558234214783,0.0027167126536369324,0.0033495835959911346,0.002559974789619446,0.002500690519809723,0.0032384321093559265,0.002143997699022293,0.0020226091146469116,0.0,0.0,0.0,0.0,0.0,0.0,0.0,0.0,0.0,0.0,0.0,0.0,0.0,0.0,0.0,0.0,0.0,0.0,0.0,0.0,0.0,0.0,0.0,0.0,0.0,176.8616138510406
8,17.94154768809676,16.99530089646578,16.14758548885584,14.97663488611579,14.20067434757948,13.0943523645401,12.599472794681787,11.501974206417799,10.426911622285843,9.491315003484488,8.909911550581455,8.040856331586838,7.002869848161936,6.142678618431091,5.375181920826435,0.004977032542228699,0.0036166049540042877,0.0030134767293930054,3.159914266318083,2.5164866857230663,2.0124463737010956,1.6600523591041565,1.3584292382001877,1.0177047438919544,0.6666113510727882,0.001310456544160843,0.001058679074048996,0.20982704311609268,0.0006438381969928741,0.00045454129576683044,0.0003967955708503723,0.00026119500398635864,0.0,0.0,0.0,0.0,0.0,0.0,0.0,0.0,0.0,0.0,0.0,0.0,0.0,0.0,0.0,0.0,0.0,0.0,185.46447224915028
9,17.924930837005377,16.978629406541586,15.88124606385827,14.887660671025515,14.113856665790081,13.308101523667574,12.308387476950884,11.134905941784382,10.17896880209446,9.491660136729479,9.008598543703556,8.002943009138107,7.146656882017851,6.510609470307827,5.721909958869219,4.744937624782324,4.132764328271151,0.005823075771331787,3.059568628668785,2.642000563442707,2.2014147713780403,1.6939962916076183,1.33780188113451,0.8651146665215492,0.7035276331007481,0.0025393404066562653,0.0020582228899002075,0.06061933562159538,0.0009814351797103882,0.0005722716450691223,0.0006288327276706696,0.0,0.0,0.0,0.0,0.0,0.0,0.0,0.0,0.0,0.0,0.0,0.0,0.0,0.0,0.0,0.0,0.0,0.0,0.0,194.05341429263353
10,18.05166883766651,17.093029644340277,15.832079511135817,14.983450438827276,14.110215295106173,13.139934718608856,11.924616165459156,11.222115024924278,10.122724462300539,9.42018200084567,7.669431082904339,0.006416652351617813,0.005410049110651016,0.0036006607115268707,0.006884638220071793,0.006416600197553635,0.006407521665096283,0.006187602877616882,0.005134258419275284,0.005156155675649643,0.005270782858133316,0.00463307648897171,0.0044684037566185,0.004301220178604126,0.004494611173868179,0.00457923486828804,0.0038683339953422546,0.003718677908182144,0.0035985521972179413,0.002603188157081604,0.003174092620611191,0.0,0.0,0.0,0.0,0.0,0.0,0.0,0.0,0.0,0.0,0.0,0.0,0.0,0.0,0.0,0.0,0.0,0.0,0.0,143.66577149555087
11,17.322743628174067,16.37309818342328,15.49560310319066,14.429112162441015,13.490654241293669,12.584428548812866,11.600758619606495,10.730541542172432,9.813816208392382,8.822676066309214,8.035039961338043,7.274820163846016,6.546781849116087,5.796645615249872,5.12099589407444,4.623056408017874,3.953169245272875,3.427516683936119,2.936109721660614,2.343304619193077,0.0030948035418987274,0.0025713369250297546,0.003529287874698639,0.0026271604001522064,0.9436918273568153,0.0014258846640586853,0.0024718008935451508,0.47318651899695396,0.001881096512079239,0.0014605522155761719,0.0015104413032531738,0.001561146229505539,0.000882953405380249,0.0006749369204044342,0.0,0.0,0.0,0.0,0.0,0.0,0.0,0.0,0.0,0.0,0.0,0.0,0.0,0.0,0.0,0.0,182.16144221276045
12,17.3953152410686,16.453938484191895,15.559532150626183,14.592053811997175,13.53841544315219,12.547672595828772,11.660569339990616,10.638928096741438,9.758963007479906,8.845843680202961,7.927788808941841,7.210740368813276,6.29070283845067,0.003500990569591522,5.217767920345068,4.417765457183123,3.9148718640208244,3.4213468357920647,2.8669468574225903,2.4627538174390793,1.982142649590969,1.6528496518731117,1.185805045068264,0.0024601519107818604,0.0015732906758785248,0.002210952341556549,0.0021274425089359283,0.001461230218410492,0.0012311600148677826,0.001035589724779129,0.0006103925406932831,0.00038068369030952454,0.0,0.0,0.0,0.0,0.0,0.0,0.0,0.0,0.0,0.0,0.0,0.0,0.0,0.0,0.0,0.0,0.0,0.0,179.55930585041642
13,17.488246362656355,16.616651073098183,15.66680183634162,14.595900144428015,13.446577612310648,12.626781165599823,11.701389271765947,10.67586950585246,9.808068681508303,8.907525941729546,8.050394680351019,7.307117011398077,6.450464069843292,6.040430426597595,5.093389589339495,0.005179021507501602,3.8175181187689304,3.0991898141801357,0.00486673042178154,0.00464295968413353,0.0044538602232933044,2.042038332670927,0.002960212528705597,0.0037032775580883026,0.0029907189309597015,0.003185085952281952,0.0028158947825431824,0.0017637088894844055,0.0017211921513080597,0.0017885565757751465,0.11057226359844208,0.0010914653539657593,0.0006003007292747498,0.0,0.0,0.0,0.0,0.0,0.0,0.0,0.0,0.0,0.0,0.0,0.0,0.0,0.0,0.0,0.0,0.0,173.5866888873279
14,17.309860609471798,16.556815337389708,15.380963936448097,14.617296427488327,13.640936646610498,12.463981427252293,11.435904119163752,10.62134724482894,9.69913586229086,8.87928295508027,7.892745830118656,7.087487049400806,0.007575102150440216,0.006749734282493591,5.521209262311459,4.893500309437513,4.103983089327812,0.004211261868476868,0.0052450112998485565,0.005098916590213776,0.005012731999158859,0.00492505356669426,2.0479096435010433,1.5899411588907242,0.0037184953689575195,1.0413435325026512,0.7722502984106541,0.4705176167190075,0.2512039467692375,0.0017322003841400146,0.0012925677001476288,0.0008809119462966919,0.0,0.0,0.0,0.0,0.0,0.0,0.0,0.0,0.0,0.0,0.0,0.0,0.0,0.0,0.0,0.0,0.0,0.0,166.32405829057097
15,17.440902441740036,16.18097696825862,15.398625910282135,14.464607786387205,13.499205656349659,12.444010954350233,11.358473733067513,10.450935285538435,9.604445841163397,8.814333029091358,7.793145079165697,7.134100332856178,0.006002277135848999,0.007139336317777634,4.991495911031961,4.464399598538876,3.9201209098100662,0.0046713687479496,2.7678897455334663,2.3441768251359463,1.8243983685970306,0.0028010383248329163,1.1665093302726746,0.0022123530507087708,0.002492722123861313,0.0025376565754413605,0.001921325922012329,0.001680023968219757,0.0012848712503910065,0.0006569251418113708,0.0004078708589076996,0.0,0.0,0.0,0.0,0.0,0.0,0.0,0.0,0.0,0.0,0.0,0.0,0.0,0.0,0.0,0.0,0.0,0.0,0.0,166.09656147658825
16,17.95365772023797,16.81310250982642,15.84032629802823,14.968578089028597,13.868644051253796,13.041902992874384,12.239752158522606,11.444230269640684,10.476538866758347,9.467689413577318,8.645930744707584,7.6379483342170715,6.681035526096821,0.007251761853694916,5.2666341327130795,0.005342461168766022,0.005149375647306442,0.006061721593141556,0.004907555878162384,0.004049006849527359,2.316130705177784,0.004193119704723358,0.0039946772158145905,1.639759112149477,0.002462495118379593,0.8906867839396,0.0027517490088939667,0.002512667328119278,0.002101745456457138,0.14555399119853973,0.0010806508362293243,0.0008905008435249329,0.0,0.0,0.0,0.0,0.0,0.0,0.0,0.0,0.0,0.0,0.0,0.0,0.0,0.0,0.0,0.0,0.0,0.0,169.39085118845105
17,17.959301725029945,16.90848144516349,16.033023197203875,15.009182509034872,13.90328036248684,13.220913916826248,12.34708096086979,11.42965129762888,10.570972390472889,9.518209964036942,8.582925166934729,7.805009230971336,6.828412212431431,6.338773179799318,5.810252711176872,5.012750677764416,4.352491267025471,3.804097093641758,3.2455395571887493,2.6468613855540752,0.004528060555458069,0.0038289539515972137,0.0036927908658981323,0.0034942999482154846,0.003279656171798706,0.9903725646436214,0.0026790089905261993,0.0014206655323505402,0.002538684755563736,0.0021320097148418427,0.0017432458698749542,0.001121673732995987,0.0011375881731510162,0.00041285157203674316,0.0,0.0,0.0,0.0,0.0,0.0,0.0,0.0,0.0,0.0,0.0,0.0,0.0,0.0,0.0,0.0,192.34959230571985
18,17.839227449148893,16.857910066843033,15.845181722193956,14.919111147522926,14.040033012628555,13.237516712397337,12.465891409665346,11.381382741034031,10.517594803124666,9.409018728882074,8.413182813674212,7.666925121098757,0.006159298121929169,0.0035291723906993866,5.453561615198851,4.6573565900325775,4.109905034303665,0.005447454750537872,0.00542961061000824,2.6987570747733116,0.004490524530410767,0.004248574376106262,0.004046399146318436,0.004091314971446991,0.00285542756319046,0.0025282837450504303,0.00252683088183403,0.002801034599542618,0.002426799386739731,0.001949697732925415,0.0012960657477378845,0.0013430975377559662,0.0006521120667457581,0.0005428753793239594,0.0,0.0,0.0,0.0,0.0,0.0,0.0,0.0,0.0,0.0,0.0,0.0,0.0,0.0,0.0,0.0,169.5689206160605
19,17.848373033106327,16.892995446920395,15.905404534190893,14.857465848326683,14.027364827692509,13.421049915254116,12.242549233138561,11.280482705682516,10.240484151989222,9.360435489565134,8.278876286000013,7.253226488828659,6.603373307734728,5.838748496025801,5.175078302621841,4.567760664969683,4.0511173121631145,3.480202831327915,0.004305269569158554,0.004570189863443375,0.004425957798957825,1.8752514086663723,0.002773936837911606,0.0039449408650398254,1.150789249688387,0.8375439383089542,0.001451738178730011,0.5088787078857422,0.29664479941129684,0.14078237116336823,0.020328287035226822,0.0006338506937026978,0.0004252605140209198,0.0,0.0,0.0,0.0,0.0,0.0,0.0,0.0,0.0,0.0,0.0,0.0,0.0,0.0,0.0,0.0,0.0,186.17773878201842
20,17.741528406739235,16.885229721665382,15.883582089096308,15.124522648751736,14.06929324939847,12.772356681525707,12.255813390016556,11.239221964031458,10.390089221298695,9.665639519691467,8.498770661652088,7.826543312519789,7.133028954267502,6.23403662070632,5.706946395337582,4.617194313555956,4.208377681672573,3.8031234182417393,3.156877316534519,2.5028160102665424,2.1259471513330936,1.623317003250122,0.0035893358290195465,1.0164365097880363,0.0016216784715652466,0.0025526098906993866,0.002261526882648468,0.001719452440738678,0.025967061519622803,0.000524524599313736,0.0006319917738437653,0.0,0.0,0.0,0.0,0.0,0.0,0.0,0.0,0.0,0.0,0.0,0.0,0.0,0.0,0.0,0.0,0.0,0.0,0.0,194.51956042274833
21,16.9083520360291,14.47359275445342,13.40058347210288,12.68850252777338,13.535754431039095,12.711758997291327,11.576780211180449,10.439880058169365,9.580738555639982,0.004214916378259659,0.004210114479064941,0.004730600863695145,0.0037163905799388885,6.562493111938238,0.0034104175865650177,0.004332207143306732,5.260627266019583,4.63665084540844,0.003029715269804001,0.002779938280582428,0.00272412970662117,0.002524185925722122,0.0040533579885959625,0.002125352621078491,0.0020343437790870667,0.0024169497191905975,0.0018152445554733276,0.0026222579181194305,0.0033349767327308655,0.0,0.0,0.0,0.0,0.0,0.0,0.0,0.0,0.0,0.0,0.0,0.0,0.0,0.0,0.0,0.0,0.0,0.0,0.0,0.0,0.0,131.8297893665731
22,17.234227273613214,16.332180611789227,15.548015493899584,14.57241502031684,13.648978985846043,12.648200269788504,11.494363222271204,10.754825923591852,9.837300632148981,8.91556804254651,8.24221020564437,7.293106626719236,6.578264854848385,5.828519232571125,5.123987141996622,0.005469717085361481,0.005527947098016739,0.005246028304100037,0.0053605809807777405,2.687819741666317,2.158234465867281,1.7895634025335312,1.3350643031299114,0.9820376224815845,0.0018269196152687073,0.0024952925741672516,0.26052503660321236,0.0013874173164367676,0.0006480365991592407,0.0005868338048458099,0.0006769895553588867,0.0,0.0,0.0,0.0,0.0,0.0,0.0,0.0,0.0,0.0,0.0,0.0,0.0,0.0,0.0,0.0,0.0,0.0,0.0,173.29463387280703
23,17.362331982702017,16.68457892909646,15.561145175248384,14.550267491489649,13.696710344403982,12.76134767383337,11.635335251688957,10.777257818728685,9.698184665292501,9.07092184945941,8.173645578324795,7.185335457324982,0.006170831620693207,0.00622713565826416,5.023394674062729,0.006148628890514374,0.005655031651258469,3.643970426172018,0.005456995218992233,2.6736750453710556,2.169553689658642,1.7536934986710548,1.3974911980330944,1.0442212298512459,0.7421898581087589,0.4429658316075802,0.22824406251311302,0.10781279951334,0.012007445096969604,0.00045232102274894714,0.0,0.0,0.0,0.0,0.0,0.0,0.0,0.0,0.0,0.0,0.0,0.0,0.0,0.0,0.0,0.0,0.0,0.0,0.0,0.0,166.42639292031527
24,17.23807330429554,16.485438216477633,15.536302361637354,14.34308272227645,13.728778939694166,12.740702882409096,10.966324266046286,10.576977711170912,9.434424571692944,0.007385872304439545,0.008191660046577454,0.007835648953914642,6.59765574708581,5.775353170931339,5.085424229502678,0.0060219839215278625,4.150769989937544,3.383632618933916,0.004079621285200119,0.004895128309726715,0.004949167370796204,0.003662053495645523,1.6833650916814804,0.002388644963502884,0.0025309771299362183,0.002158433198928833,0.0016992688179016113,0.00144219771027565,0.0012646913528442383,0.0007788538932800293,0.0006437189877033234,0.0004665739834308624,0.0,0.0,0.0,0.0,0.0,0.0,0.0,0.0,0.0,0.0,0.0,0.0,0.0,0.0,0.0,0.0,0.0,0.0,147.78670031949878
25,17.50652825459838,16.460894905030727,15.71815811097622,14.518880020827055,13.544468697160482,12.577810920774937,11.692059185355902,10.769607957452536,9.902043543756008,8.86747132614255,8.003317277878523,7.294126346707344,6.341784689575434,5.591644424945116,4.843349896371365,4.520719476044178,3.9235181100666523,3.1962961964309216,2.8127971589565277,0.004715293645858765,2.0019259862601757,1.496788278222084,0.0034731365740299225,0.7750052139163017,0.0011930130422115326,0.0024628564715385437,0.0020929649472236633,0.001705758273601532,0.026011496782302856,0.0041668228805065155,0.0004373118281364441,0.0,0.0,0.0,0.0,0.0,0.0,0.0,0.0,0.0,0.0,0.0,0.0,0.0,0.0,0.0,0.0,0.0,0.0,0.0,182.40545463189483
26,17.83035984262824,16.814396608620882,15.925201550126076,15.312993973493576,14.098522745072842,13.161469038575888,12.400929939001799,11.5265809930861,10.604543097317219,9.702250935137272,8.895474191755056,8.06758327782154,7.101342249661684,6.552682880312204,5.726358950138092,5.201145321130753,4.373720303177834,3.6592417992651463,2.9029771611094475,0.0034475401043891907,0.004649266600608826,0.004257615655660629,1.4427318722009659,1.1300977542996407,0.002711530774831772,0.002675246447324753,0.0020553581416606903,0.002081535756587982,0.0017002783715724945,0.001295536756515503,0.0008648261427879333,0.0,0.0,0.0,0.0,0.0,0.0,0.0,0.0,0.0,0.0,0.0,0.0,0.0,0.0,0.0,0.0,0.0,0.0,0.0,192.4563432186842
27,17.80089882016182,16.709036897867918,15.687368530780077,14.975567236542702,13.974036283791065,12.818319857120514,11.874727506190538,11.117054965347052,10.006274599581957,9.056341789662838,8.393151622265577,7.378058586269617,6.656531058251858,0.007262084633111954,0.0068601034581661224,4.568842232227325,0.004849724471569061,0.005933310836553574,0.005368378013372421,0.0051244646310806274,2.837250594049692,2.2829975821077824,1.907555889338255,1.4600992985069752,0.0036151185631752014,0.0029439926147460938,0.6650328859686852,0.002360507845878601,0.0023629143834114075,0.0016571208834648132,0.0015397705137729645,0.0,0.0,0.0,0.0,0.0,0.0,0.0,0.0,0.0,0.0,0.0,0.0,0.0,0.0,0.0,0.0,0.0,0.0,0.0,170.21902372688055
28,17.78303586691618,16.61789694428444,15.918388485908508,14.92539756372571,13.908724792301655,13.151541844010353,12.308954134583473,11.362145494669676,10.359605330973864,9.533441677689552,8.57755859196186,7.590684410184622,6.980151224881411,6.1208097487688065,5.3672208301723,4.44727648794651,0.005782768130302429,0.005659129470586777,3.428070042282343,0.005277860909700394,0.004647266119718552,0.0044451504945755005,2.039023481309414,0.0031957589089870453,1.247163776308298,0.9436125233769417,0.00267820805311203,0.0025070011615753174,0.4674919694662094,0.002064306288957596,0.0016325637698173523,0.02475808933377266,0.005019109696149826,0.0,0.0,0.0,0.0,0.0,0.0,0.0,0.0,0.0,0.0,0.0,0.0,0.0,0.0,0.0,0.0,0.0,183.14586243405938
29,17.87875261157751,16.603959698230028,16.176708083599806,15.016207814216614,14.003887813538313,13.051717944443226,12.149057544767857,11.48909866437316,10.420276422053576,9.442262306809425,8.24628258869052,7.6263192892074585,6.748429086059332,6.175181310623884,5.6290512830019,4.841851480305195,4.11739394068718,0.005713406950235367,0.005031052976846695,0.0048746466636657715,0.004915572702884674,2.226323291659355,1.7602549642324448,1.2853703759610653,0.9809568412601948,0.703766793012619,0.4726373851299286,0.002165958285331726,0.001468617469072342,0.0015098489820957184,0.0008286722004413605,0.0008623749017715454,0.0,0.0,0.0,0.0,0.0,0.0,0.0,0.0,0.0,0.0,0.0,0.0,0.0,0.0,0.0,0.0,0.0,0.0,187.07311768457294
30,17.84664185717702,16.65931559726596,15.463695012032986,14.484096705913544,13.867464300245047,13.10345058888197,12.134246997535229,11.111623290926218,9.529995154589415,9.116434451192617,7.558838956058025,0.006934329867362976,7.059231761842966,6.143951192498207,5.246712032705545,4.481863230466843,4.049716856330633,3.4461110532283783,2.8690662309527397,2.367621313780546,1.9302868656814098,1.4676694683730602,0.003491584211587906,0.003316320478916168,0.003402251750230789,0.6985094211995602,0.0025968439877033234,0.00331844761967659,0.001542743295431137,0.0013144351541996002,0.0011264830827713013,0.001149788498878479,0.0005585998296737671,0.0,0.0,0.0,0.0,0.0,0.0,0.0,0.0,0.0,0.0,0.0,0.0,0.0,0.0,0.0,0.0,0.0,180.66529416665435
31,17.278261318802834,16.34323450177908,15.493139669299126,13.89567905664444,13.785385962575674,12.316745225340128,11.660406947135925,10.653227601200342,9.69700688496232,8.897118963301182,7.874425407499075,7.129635624587536,6.485083021223545,5.71116016805172,4.884221516549587,4.234737139195204,0.004443764686584473,3.4984998553991318,0.005229175090789795,0.004835881292819977,2.144107475876808,1.6789461597800255,0.0037061944603919983,0.003307357430458069,0.0026664622128009796,0.5709964074194431,0.002093542367219925,0.0016259662806987762,0.0017072483897209167,0.0017899386584758759,0.02419152855873108,0.0006203055381774902,0.0006662905216217041,0.0,0.0,0.0,0.0,0.0,0.0,0.0,0.0,0.0,0.0,0.0,0.0,0.0,0.0,0.0,0.0,0.0,174.28890256211162
32,17.186943002045155,15.767229460179806,15.108154274523258,14.454155344516039,13.381189405918121,12.234883934259415,11.263576604425907,10.531194560229778,9.587263207882643,8.388889614492655,7.945401594042778,7.241455219686031,6.316527966409922,5.761886902153492,5.090064033865929,4.470712602138519,3.848729707300663,3.253726176917553,2.7849712036550045,2.341084197163582,1.7442950531840324,0.003937430679798126,0.0032943561673164368,0.0033844895660877228,0.0029251910746097565,0.0023019500076770782,0.002360023558139801,0.00165538489818573,0.0015126913785934448,0.001536402851343155,0.0009401105344295502,0.000575624406337738,0.0,0.0,0.0,0.0,0.0,0.0,0.0,0.0,0.0,0.0,0.0,0.0,0.0,0.0,0.0,0.0,0.0,0.0,178.7267577201128
33,17.202307779341936,16.221656899899244,15.347203705459833,14.337553963065147,13.131306622177362,12.14758051931858,10.864551838487387,10.516512021422386,9.24895029515028,8.31217509508133,7.9736870266497135,7.088178385049105,5.891691040247679,5.825844835489988,4.955908950418234,4.552488524466753,3.5463419556617737,3.088764600455761,2.761505801230669,0.004235975444316864,0.004042685031890869,0.003830593079328537,1.630247451364994,0.0031960830092430115,0.003301851451396942,0.6348851062357426,0.0016100816428661346,0.0020175687968730927,0.0018330849707126617,0.0016953200101852417,0.0017164349555969238,0.02467011660337448,0.0008205436170101166,0.0,0.0,0.0,0.0,0.0,0.0,0.0,0.0,0.0,0.0,0.0,0.0,0.0,0.0,0.0,0.0,0.0,175.3323127552867
34,16.705698028206825,15.914372488856316,14.685863547027111,14.23873221501708,12.820748593658209,11.953321401029825,11.042457703500986,10.349456552416086,9.56043929234147,8.75999654456973,7.620641130954027,6.871007811278105,6.569241888821125,5.67453033849597,4.890998017042875,3.927467565983534,3.6320448629558086,3.1714284233748913,2.629310965538025,2.2046242505311966,1.79862442612648,1.5780277587473392,1.2098406739532948,0.0030589401721954346,0.0026743225753307343,0.0022693760693073273,0.001581825315952301,0.0016363561153411865,0.0009917020797729492,0.0008241534233093262,0.006511323153972626,0.0,0.0,0.0,0.0,0.0,0.0,0.0,0.0,0.0,0.0,0.0,0.0,0.0,0.0,0.0,0.0,0.0,0.0,0.0,177.8284224793315
35,16.46539580449462,16.02686894312501,14.319800946861506,13.670555025339127,11.489441815763712,10.89920698851347,10.025787349790335,9.116829846054316,8.336237281560898,7.686432089656591,6.754284646362066,6.142259959131479,5.508313253521919,4.943182028830051,4.25256822258234,3.8391640335321426,3.3437619656324387,2.7325074449181557,2.3625406809151173,2.0045706667006016,1.6886128261685371,1.3404277078807354,1.0290671326220036,0.003002740442752838,0.424673218280077,0.002004288136959076,0.002069801092147827,0.0016641393303871155,0.001017402857542038,0.0008235760033130646,0.0008274130523204803,0.0,0.0,0.0,0.0,0.0,0.0,0.0,0.0,0.0,0.0,0.0,0.0,0.0,0.0,0.0,0.0,0.0,0.0,0.0,164.41389923915267
36,15.529479071497917,14.447161860764027,13.682002909481525,12.927927196025848,12.541684243828058,11.476700842380524,10.555703200399876,9.68795321136713,8.989516645669937,8.259205810725689,7.128443978726864,0.00799499824643135,0.007430456578731537,5.706276755779982,5.34097408875823,4.546040214598179,4.170918695628643,0.00488658994436264,0.005311854183673859,2.436982735991478,2.0970170870423317,0.004053086042404175,0.003842826932668686,0.0034518055617809296,0.0030380524694919586,0.0025853998959064484,0.0021872520446777344,0.001550927758216858,0.0016118064522743225,0.0012203380465507507,0.0008244812488555908,0.0,0.0,0.0,0.0,0.0,0.0,0.0,0.0,0.0,0.0,0.0,0.0,0.0,0.0,0.0,0.0,0.0,0.0,0.0,149.57397842407227
37,17.129054881632328,14.66024924442172,13.789712276309729,12.900888286530972,12.284763272851706,11.552934911102057,10.60430409386754,9.984721660614014,9.268089435994625,8.34720654413104,7.628385029733181,6.829958602786064,6.1261187717318535,5.237167399376631,4.957488860934973,4.236552979797125,3.7537609562277794,3.2827559411525726,2.707181952893734,2.2859200835227966,1.8864014334976673,0.0031797923147678375,0.003654465079307556,0.0030253268778324127,0.002826906740665436,0.002878539264202118,0.002227168530225754,0.0020180530846118927,0.002079285681247711,0.0016549229621887207,0.0010058991611003876,0.0011083856225013733,0.00040227174758911133,0.0,0.0,0.0,0.0,0.0,0.0,0.0,0.0,0.0,0.0,0.0,0.0,0.0,0.0,0.0,0.0,0.0,169.47967763617635
38,15.531499471515417,14.552417729049921,13.61207639425993,13.609042659401894,12.863455682992935,11.435830142349005,10.459075666964054,9.655782539397478,9.023127492517233,8.264285646378994,7.409001000225544,6.753056604415178,6.267961572855711,5.192370027303696,0.006875813007354736,0.006189100444316864,0.006189029663801193,3.188671663403511,2.812598839402199,0.004094362258911133,0.004661548882722855,0.004061833024024963,0.004096765071153641,0.0037157051265239716,0.003059662878513336,0.0029678530991077423,0.003021158277988434,0.4576967805624008,0.2741752788424492,0.06010030582547188,0.07193949073553085,0.014327846467494965,0.0004882626235485077,0.0,0.0,0.0,0.0,0.0,0.0,0.0,0.0,0.0,0.0,0.0,0.0,0.0,0.0,0.0,0.0,0.0,151.55791392922401
39,16.05747288092971,14.533195946365595,13.745120767503977,12.735090278089046,12.170688182115555,11.332739736884832,10.588771916925907,9.83170348033309,9.139666374772787,8.235533211380243,7.619382623583078,6.977341435849667,6.217569451779127,5.895066794008017,5.1435965038836,4.5095265954732895,3.8670654259622097,3.1434101201593876,0.0052263326942920685,2.135995503515005,1.968367237597704,0.002639804035425186,1.199387013912201,0.00257854163646698,0.0028321072459220886,0.4440192021429539,0.0013473816215991974,0.0015944428741931915,0.0013951286673545837,0.001422841101884842,0.012361038476228714,0.0005809031426906586,0.0,0.0,0.0,0.0,0.0,0.0,0.0,0.0,0.0,0.0,0.0,0.0,0.0,0.0,0.0,0.0,0.0,0.0,167.52268920466304
40,16.162473686039448,14.76117729768157,14.178868848830462,13.036930989474058,12.491626653820276,11.75798873230815,10.940771084278822,10.216582667082548,9.019581742584705,8.19836788624525,8.000771511346102,7.19617472961545,6.0577272064983845,5.278440106660128,4.823318615555763,4.171126529574394,3.602655827999115,3.117773439735174,2.7454841062426567,2.3378085754811764,1.9124216586351395,1.176116481423378,0.001956440508365631,0.0034237876534461975,0.6957998275756836,0.44458140805363655,0.0022250935435295105,0.0018274374306201935,0.0011846385896205902,0.0011995621025562286,0.0007963106036186218,0.0,0.0,0.0,0.0,0.0,0.0,0.0,0.0,0.0,0.0,0.0,0.0,0.0,0.0,0.0,0.0,0.0,0.0,0.0,172.33718288317323
41,15.720049936324358,14.245678748935461,13.398853704333305,12.426024183630943,11.591113775968552,10.81244719773531,9.990093063563108,9.189787440001965,8.319318026304245,7.571355201303959,6.835939433425665,6.018035151064396,0.007140368223190308,5.154047563672066,4.655945345759392,0.006438761949539185,0.005779016762971878,0.005548752844333649,0.00561022013425827,0.004950325936079025,0.004750344902276993,0.004765715450048447,0.00463244691491127,0.0,0.0,0.0,0.0,0.0,0.0,0.0,0.0,0.0,0.0,0.0,0.0,0.0,0.0,0.0,0.0,0.0,0.0,0.0,0.0,0.0,0.0,0.0,0.0,0.0,0.0,0.0,135.97830472514033
42,16.02644443511963,14.19250175356865,13.996994536370039,13.362661942839622,12.462050400674343,11.647732395678759,10.931717559695244,9.229436453431845,8.42532778531313,7.579400394111872,6.73029962554574,0.0067575350403785706,0.0075089335441589355,0.006909184157848358,0.006929192692041397,0.006582386791706085,3.932688679546118,3.278379239141941,2.867042973637581,2.4721467941999435,2.0919280759990215,1.638009574264288,0.00341787189245224,0.0032132789492607117,0.0033168457448482513,0.0028708726167678833,0.0024377480149269104,0.0017832331359386444,0.0016361400485038757,0.0016868598759174347,0.0012502819299697876,0.0008514784276485443,0.0,0.0,0.0,0.0,0.0,0.0,0.0,0.0,0.0,0.0,0.0,0.0,0.0,0.0,0.0,0.0,0.0,0.0,140.92191446200013
43,14.940391771495342,14.137604895979166,13.381550580263138,12.452725436538458,11.637745037674904,10.68475691601634,9.080161578953266,8.735705997794867,0.00766415148973465,7.341744855046272,6.801398396492004,6.21559152752161,5.589912861585617,4.996453210711479,4.33936906978488,3.886005900800228,3.5273854099214077,3.0075799338519573,2.610185634344816,2.2895336747169495,1.8488785214722157,1.4737813286483288,1.0799210630357265,0.752611692994833,0.0016191788017749786,0.002185378223657608,0.0020312070846557617,0.002054300159215927,0.001676257699728012,0.03461264818906784,0.0007908865809440613,0.0,0.0,0.0,0.0,0.0,0.0,0.0,0.0,0.0,0.0,0.0,0.0,0.0,0.0,0.0,0.0,0.0,0.0,0.0,150.86362930387259
44,15.739531461149454,14.80018250271678,13.952365174889565,13.013984430581331,12.058106698095798,11.214906439185143,10.031094241887331,9.163716156035662,8.433481734246016,7.486023556441069,6.924014735966921,6.207935467362404,0.007001176476478577,0.006802231073379517,0.006910458207130432,4.2294547483325005,3.6066303960978985,0.004780370742082596,0.004960466176271439,0.004803743213415146,2.1246163211762905,0.0036658644676208496,0.0040132030844688416,0.0036117732524871826,0.0032473616302013397,0.002785705029964447,0.0024185627698898315,0.002078566700220108,0.0016272403299808502,0.0010192468762397766,0.0008019022643566132,0.0008667409420013428,0.0,0.0,0.0,0.0,0.0,0.0,0.0,0.0,0.0,0.0,0.0,0.0,0.0,0.0,0.0,0.0,0.0,0.0,139.04743867740035
45,15.109860863536596,14.099429473280907,13.441993746906519,12.516659367829561,11.687322288751602,10.880009211599827,9.890579923987389,9.123764287680387,8.256250880658627,7.556492608040571,7.00135288760066,6.2168012745678425,5.509665858000517,4.987730458378792,4.454903665930033,3.8920938931405544,3.1430526562035084,0.004500254988670349,0.004777338355779648,2.129225790500641,0.0037426240742206573,1.4721225425601006,1.2081554420292377,0.9813355207443237,0.6626977138221264,0.419575784355402,0.001207694411277771,0.001617424190044403,0.0009676516056060791,0.0007781982421875,0.0007837936282157898,0.0,0.0,0.0,0.0,0.0,0.0,0.0,0.0,0.0,0.0,0.0,0.0,0.0,0.0,0.0,0.0,0.0,0.0,0.0,154.65945111960173
46,16.68855269625783,14.547484695911407,13.65177670121193,12.88387306034565,12.207173645496368,11.397609643638134,10.585439268499613,9.996804289519787,9.115749888122082,8.341496009379625,7.448528692126274,6.762141715735197,6.225447632372379,5.503544218838215,4.770257860422134,4.279041599482298,3.450409881770611,0.004852451384067535,0.005131807178258896,2.590607739984989,2.1891139186918736,1.8401490710675716,1.4591118358075619,1.1222603507339954,0.0029791519045829773,0.0026067905128002167,0.5060554891824722,0.0017868466675281525,0.0018086060881614685,0.0018648616969585419,0.0014299824833869934,0.0010187812149524689,0.00034088268876075745,0.0,0.0,0.0,0.0,0.0,0.0,0.0,0.0,0.0,0.0,0.0,0.0,0.0,0.0,0.0,0.0,0.0,167.58645006641746
47,16.625938642770052,14.641591850668192,13.671383179724216,13.060313176363707,12.376759588718414,11.649166524410248,10.439008064568043,9.795600548386574,8.974856324493885,8.16234178096056,7.489789679646492,6.684307903051376,5.917012073099613,5.2377114444971085,4.520678371191025,0.006435710936784744,0.006058920174837112,2.7857305742800236,0.004483282566070557,2.4377749897539616,2.0206236951053143,1.8025410771369934,1.3614116534590721,0.9283837452530861,0.7607066482305527,0.5514901131391525,0.3091607578098774,0.0015959739685058594,0.0016626864671707153,0.0010056421160697937,0.0010577477514743805,0.0006357096135616302,0.0,0.0,0.0,0.0,0.0,0.0,0.0,0.0,0.0,0.0,0.0,0.0,0.0,0.0,0.0,0.0,0.0,0.0,162.227218080312
48,15.419476676732302,14.520317185670137,13.707378391176462,12.778890162706375,12.209204230457544,11.16748559102416,11.043983098119497,9.742996271699667,9.571655746549368,8.421974800527096,7.716487683355808,7.382159695029259,6.661441091448069,5.997142251580954,5.261457867920399,4.409026205539703,3.8481326699256897,0.005158998072147369,2.7526102140545845,0.004304986447095871,1.894943431019783,1.461250189691782,0.0034122541546821594,0.0032233335077762604,0.0032485201954841614,0.0026495568454265594,0.6244778148829937,0.3426954932510853,0.0013942383229732513,0.0011950694024562836,0.0010217651724815369,0.011494219303131104,0.0005124807357788086,0.0,0.0,0.0,0.0,0.0,0.0,0.0,0.0,0.0,0.0,0.0,0.0,0.0,0.0,0.0,0.0,0.0,166.97280218452215
49,16.768993992358446,15.652350448071957,14.961582496762276,14.234301205724478,13.45233067497611,12.63291136175394,11.753839369863272,11.088869225233793,10.187331914901733,9.03982213884592,8.124097287654877,7.253301288932562,6.077285602688789,5.355139967054129,0.00524153932929039,0.006435837596654892,0.005462285131216049,3.453094959259033,2.844060007482767,0.005095895379781723,0.00464373454451561,0.004006631672382355,1.4707517884671688,1.1818772777915,0.8651407957077026,0.0013213828206062317,0.002534806728363037,0.0017208941280841827,0.001658998429775238,0.001448173075914383,0.0015158988535404205,0.0008592866361141205,0.0006425194442272186,0.00045330822467803955,0.0,0.0,0.0,0.0,0.0,0.0,0.0,0.0,0.0,0.0,0.0,0.0,0.0,0.0,0.0,0.0,166.4401229955256
50,15.429974481463432,15.221650004386902,13.739736400544643,14.44010129198432,13.44109845161438,12.860821977257729,11.74652223661542,10.9508964009583,9.435874182730913,8.648394607007504,8.041909422725439,7.3051326386630535,5.56464483961463,5.476661439985037,5.230433598160744,4.592765346169472,3.919554851949215,3.515145745128393,2.8727183267474174,0.004298802465200424,0.00454368069767952,0.0038569048047065735,1.3121499679982662,0.00324900820851326,0.00330343097448349,0.0029174350202083588,0.5440446026623249,0.30959267169237137,0.12245680019259453,0.0008160807192325592,0.0006330423057079315,0.0006394870579242706,0.0,0.0,0.0,0.0,0.0,0.0,0.0,0.0,0.0,0.0,0.0,0.0,0.0,0.0,0.0,0.0,0.0,0.0,174.74653815850616
51,16.5705406665802,15.652445655316114,14.332490392029285,13.501094203442335,12.559819273650646,11.70887366309762,10.711905658245087,9.887255847454071,9.312783565372229,8.33411493897438,7.439981065690517,6.719026915729046,5.543992765247822,5.151659052819014,4.586099300533533,0.006244141608476639,0.005428805947303772,0.005355730652809143,0.005057595670223236,0.004447203129529953,0.004292972385883331,0.00412445142865181,0.0042295269668102264,1.2015332654118538,0.003470633178949356,0.0027466528117656708,0.002601269632577896,0.002483885735273361,0.0,0.0,0.0,0.0,0.0,0.0,0.0,0.0,0.0,0.0,0.0,0.0,0.0,0.0,0.0,0.0,0.0,0.0,0.0,0.0,0.0,0.0,153.264099098742
52,15.419720694422722,15.164209265261889,14.45744051411748,13.366237066686153,12.418258775025606,11.58866385743022,10.75122893601656,9.83083314821124,8.996032379567623,7.767436310648918,7.080453623086214,6.671026851981878,5.833251599222422,0.006030891090631485,0.0066036321222782135,0.006445057690143585,0.006511621177196503,3.7833733037114143,0.005671359598636627,0.005027443170547485,0.005129456520080566,1.9414472095668316,0.003960415720939636,0.004106692969799042,0.00341208279132843,0.0033025890588760376,0.0033122599124908447,0.002711087465286255,0.0027340762317180634,0.00231199711561203,0.0016573555767536163,0.001458294689655304,0.001239486038684845,0.0011100247502326965,0.0,0.0,0.0,0.0,0.0,0.0,0.0,0.0,0.0,0.0,0.0,0.0,0.0,0.0,0.0,0.0,145.14234935864806
53,15.174010634422302,14.297800991684198,13.914119493216276,12.834837827831507,11.721382200717926,10.941838283091784,9.868139684200287,9.139941737055779,8.558767288923264,7.595721490681171,6.934134133160114,6.301501698791981,5.624270889908075,5.056286867707968,4.2455082312226295,3.9193996489048004,3.335791990160942,2.6057325676083565,2.253774367272854,0.004714474081993103,0.004063282161951065,0.0038794726133346558,0.0036530233919620514,0.003772567957639694,0.0033759325742721558,0.7053468376398087,0.002556499093770981,0.0018444061279296875,0.0016569122672080994,0.0017637498676776886,0.0013405382633209229,0.0006230846047401428,0.00040060654282569885,0.0,0.0,0.0,0.0,0.0,0.0,0.0,0.0,0.0,0.0,0.0,0.0,0.0,0.0,0.0,0.0,0.0,155.06195141375065
54,15.254320625215769,14.067569736391306,13.268413607031107,12.572343468666077,11.945561543107033,10.902419429272413,10.078667435795069,9.33042960241437,8.470195550471544,7.767167378216982,7.023259278386831,6.451286301016808,5.683685012161732,5.066688004881144,4.449816539883614,3.936439711600542,0.0058199092745780945,0.005141325294971466,2.696662098169327,0.0035814978182315826,1.8175359666347504,1.5005069896578789,0.0023178644478321075,0.0032837912440299988,0.0028759874403476715,0.42238935828208923,0.0021225325763225555,0.0014468766748905182,0.0014840029180049896,0.001132093369960785,0.0004212111234664917,0.0,0.0,0.0,0.0,0.0,0.0,0.0,0.0,0.0,0.0,0.0,0.0,0.0,0.0,0.0,0.0,0.0,0.0,0.0,152.73498472943902
55,15.532894104719162,14.466063614934683,13.395615447312593,12.890181545168161,11.983497511595488,11.104564532637596,10.160973720252514,9.366503950208426,8.548264730721712,7.763416886329651,7.014472745358944,6.235191565006971,5.620146006345749,4.880165044218302,4.276334475725889,0.005757279694080353,3.554235339164734,3.1789449378848076,0.0036532990634441376,0.004627805203199387,0.004708252847194672,0.00429128110408783,0.0038972310721874237,0.0032806769013404846,1.0632990002632141,0.0020733848214149475,0.002484086900949478,0.0022403188049793243,0.002332441508769989,0.0019257515668869019,0.04626709595322609,0.0011235550045967102,0.00043860822916030884,0.0,0.0,0.0,0.0,0.0,0.0,0.0,0.0,0.0,0.0,0.0,0.0,0.0,0.0,0.0,0.0,0.0,151.12386622652411
56,15.915860459208488,14.714275524020195,13.922337982803583,13.404154505580664,12.962198052555323,12.033999618142843,10.78527395799756,9.883203387260437,9.084336496889591,8.355294272303581,7.522754419595003,6.966990485787392,6.200304687023163,5.713078401982784,4.926034536212683,4.289014756679535,3.7803028747439384,3.214398853480816,2.7076455019414425,2.0769661255180836,0.004322174936532974,1.656343448907137,0.0036469511687755585,0.003695189952850342,0.0033492296934127808,0.002881169319152832,0.0024790987372398376,0.29209545627236366,0.11519290134310722,0.0227934829890728,0.0005711428821086884,0.00038067251443862915,0.0,0.0,0.0,0.0,0.0,0.0,0.0,0.0,0.0,0.0,0.0,0.0,0.0,0.0,0.0,0.0,0.0,0.0,170.5661758184433
57,15.791132967919111,14.643831264227629,13.975649692118168,13.18705577775836,12.065939124673605,11.504185862839222,10.62939627841115,9.611251562833786,8.722403023391962,7.772337764501572,7.473489172756672,6.6290994212031364,5.952529989182949,5.363144211471081,4.619757033884525,0.006500061601400375,3.4291303418576717,0.00549653172492981,2.8062502034008503,0.00481753796339035,0.004512149840593338,0.004434693604707718,0.0042522624135017395,0.004080295562744141,0.0038817673921585083,0.003938224166631699,0.003544796258211136,0.7741879224777222,0.0015410296618938446,0.002108260989189148,0.0019270256161689758,0.0017423592507839203,0.0,0.0,0.0,0.0,0.0,0.0,0.0,0.0,0.0,0.0,0.0,0.0,0.0,0.0,0.0,0.0,0.0,0.0,155.00354861095548
58,15.457435350865126,14.631742887198925,13.920349687337875,13.104516539722681,11.988521236926317,11.527029644697905,10.77921912446618,9.743184182792902,9.065737519413233,8.454811576753855,7.788299228996038,6.839947406202555,6.090194262564182,5.503307897597551,4.849830210208893,4.448745038360357,3.720139514654875,3.2124913185834885,2.738063707947731,0.004572659730911255,2.094275292009115,1.6223308444023132,1.178122617304325,0.0030580274760723114,0.002996020019054413,0.0027234405279159546,0.0020341426134109497,0.0018436163663864136,0.0016764737665653229,0.0017675049602985382,0.0011200793087482452,0.0009166784584522247,0.0006990507245063782,0.0003449060022830963,0.0,0.0,0.0,0.0,0.0,0.0,0.0,0.0,0.0,0.0,0.0,0.0,0.0,0.0,0.0,0.0,168.78204768896103
59,16.04412080720067,14.850328776985407,13.731877725571394,12.981649044901133,12.00340199843049,11.376756872981787,10.4527937322855,9.761721920222044,9.054710406810045,8.201670657843351,7.599230632185936,6.856628328561783,6.150019388645887,5.45912029966712,4.82051869481802,4.335685424506664,3.797060150653124,3.2508328408002853,0.005244113504886627,0.004516985267400742,0.00443803146481514,1.8580583482980728,0.0031701400876045227,0.0036225058138370514,0.003445286303758621,0.0034728161990642548,0.003052283078432083,0.0024626776576042175,0.0025169849395751953,0.0020816773176193237,0.13747673481702805,0.038909267634153366,0.0007965266704559326,0.0,0.0,0.0,0.0,0.0,0.0,0.0,0.0,0.0,0.0,0.0,0.0,0.0,0.0,0.0,0.0,0.0,162.80139208212495
60,15.79658742621541,14.923258431255817,13.91857011988759,12.99658914282918,11.925708070397377,11.270899824798107,10.598848056048155,9.644175555557013,9.03883745148778,8.338710404932499,7.578787758946419,7.0114570669829845,5.902365192770958,5.338281664997339,4.523003570735455,0.006300974637269974,0.005840424448251724,0.005893103778362274,2.8443186581134796,0.005114149302244186,0.004741709679365158,0.004329346120357513,0.0036735013127326965,1.2235110402107239,0.0026692859828472137,0.002809729427099228,0.0026265233755111694,0.002422589808702469,0.002493157982826233,0.002112440764904022,0.09318744391202927,0.0006405040621757507,0.0008155815303325653,0.0008912384510040283,0.0,0.0,0.0,0.0,0.0,0.0,0.0,0.0,0.0,0.0,0.0,0.0,0.0,0.0,0.0,0.0,153.0204711407423
61,15.22293620556593,14.12217228859663,13.428228572010994,12.612234182655811,11.714772496372461,10.741045735776424,10.022826116532087,9.246163971722126,8.591637693345547,7.486427687108517,6.666611962020397,6.200747132301331,5.592931624501944,5.0325800105929375,4.355676397681236,3.786759477108717,0.004300449043512344,0.005188446491956711,0.005046095699071884,0.004869680851697922,0.00490376353263855,0.004458066076040268,0.0038828030228614807,0.0036853738129138947,0.003480706363916397,0.0035315118730068207,0.8763649985194206,0.0014158301055431366,0.0018999241292476654,0.001833893358707428,0.00165635347366333,0.0017142705619335175,0.0010778196156024933,0.0011303499341011047,0.00042513012886047363,0.0,0.0,0.0,0.0,0.0,0.0,0.0,0.0,0.0,0.0,0.0,0.0,0.0,0.0,0.0,145.75461702048779
62,15.25862643122673,14.17457389459014,13.429765231907368,12.74955290928483,11.66934521496296,11.414613105356693,10.092772044241428,8.887673169374466,8.114756599068642,7.9356781505048275,7.136785767972469,6.258438672870398,5.3419110253453255,3.2041545808315277,0.006222516298294067,4.138977564871311,3.5525370351970196,0.005051221698522568,0.005217298865318298,0.0050177983939647675,2.339165110141039,0.004302360117435455,0.004048418253660202,0.003904137760400772,0.003648560494184494,0.0036795921623706818,0.00304592028260231,0.8448585458099842,0.0010832548141479492,0.3879491426050663,0.22012870013713837,0.0017364881932735443,0.017354223877191544,0.0006387755274772644,0.00032984092831611633,0.0,0.0,0.0,0.0,0.0,0.0,0.0,0.0,0.0,0.0,0.0,0.0,0.0,0.0,0.0,147.21754330396652
63,15.142226353287697,14.22610966861248,13.576898846775293,11.76992266997695,11.624812789261341,10.825641725212336,9.979861095547676,9.164152793586254,8.312100630253553,7.5796161852777,6.679216135293245,0.0060802362859249115,0.007411379367113113,0.007451582700014114,0.006821528077125549,0.006945919245481491,0.006255589425563812,0.0064264386892318726,0.005950905382633209,0.005605727434158325,0.0048614852130413055,0.0047277845442295074,0.004798706620931625,0.0040609389543533325,0.0039095208048820496,0.003683369606733322,0.0035180002450942993,0.0034394413232803345,0.003491681069135666,0.003061797469854355,0.002599477767944336,0.0018899329006671906,0.0017548725008964539,0.0018260292708873749,0.0013938993215560913,0.0006670281291007996,0.0004386305809020996,0.0,0.0,0.0,0.0,0.0,0.0,0.0,0.0,0.0,0.0,0.0,0.0,0.0,118.98963079601526
64,15.249009255319834,14.39891692623496,13.289239190518856,12.639860887080431,11.852150488644838,10.94456996768713,10.143645215779543,9.442796230316162,8.681094467639923,7.957925423979759,7.063217092305422,6.326602414250374,5.641744267195463,4.9530489929020405,4.319892127066851,3.9216791726648808,3.404364675283432,2.8336547017097473,2.3024058416485786,2.0620044581592083,1.6798654831945896,0.00385960191488266,0.003446970134973526,0.7277421168982983,0.4953298270702362,0.001356910914182663,0.0020703449845314026,0.0016388669610023499,0.0009551532566547394,0.0010160952806472778,0.0006097890436649323,0.0,0.0,0.0,0.0,0.0,0.0,0.0,0.0,0.0,0.0,0.0,0.0,0.0,0.0,0.0,0.0,0.0,0.0,0.0,160.3457129560411
65,15.151626512408257,14.408652912825346,13.611741427332163,12.644310358911753,11.73825653269887,10.941205136477947,10.0189397521317,9.201462619006634,8.4586465023458,7.649874318391085,6.943152841180563,6.424743577837944,5.595392309129238,4.923386607319117,4.217985361814499,0.00627165287733078,0.005650907754898071,0.005692530423402786,0.005316734313964844,0.004939094185829163,0.004535794258117676,0.003865327686071396,0.003667496144771576,0.003751300275325775,0.0032815933227539062,0.002710912376642227,0.002749502658843994,0.002366136759519577,0.0018986426293849945,0.0012779384851455688,0.001084212213754654,0.000903785228729248,0.0005720481276512146,0.0,0.0,0.0,0.0,0.0,0.0,0.0,0.0,0.0,0.0,0.0,0.0,0.0,0.0,0.0,0.0,0.0,141.98991237953305
66,15.6593302115798,14.650863416492939,13.808930180966854,13.10272317379713,12.03470578789711,11.405309055000544,10.868490852415562,9.817292988300323,9.000644389539957,8.155789479613304,7.577398210763931,6.615221135318279,5.619480848312378,0.00671745091676712,5.156134318560362,0.006146792322397232,0.006291184574365616,3.255708623677492,2.8089288100600243,0.003970582038164139,0.004696652293205261,0.004298266023397446,0.0036503002047538757,1.1351798549294472,0.0023935921490192413,0.6863830201327801,0.0024727806448936462,0.002558894455432892,0.0018726810812950134,0.0016948804259300232,0.0017397068440914154,0.02688923105597496,0.0007337369024753571,0.0,0.0,0.0,0.0,0.0,0.0,0.0,0.0,0.0,0.0,0.0,0.0,0.0,0.0,0.0,0.0,0.0,151.43464108929038
67,15.845293201506138,15.022350549697876,14.552498448640108,13.369367774575949,12.106839898973703,11.551911629736423,10.561919875442982,9.41016098484397,8.98803360387683,8.150516856461763,7.311702758073807,0.0073507241904735565,5.8929837718605995,5.218885902315378,0.005840912461280823,0.006391361355781555,0.006227239966392517,0.006264250725507736,0.005863171070814133,2.955281913280487,2.3326661325991154,0.0036026164889335632,0.004026234149932861,0.003796260803937912,0.003861449658870697,0.0034209154546260834,0.8336682617664337,0.45725732296705246,0.002188902348279953,0.001651216298341751,0.06355665251612663,0.0009252913296222687,0.000574946403503418,0.00036553293466567993,0.0,0.0,0.0,0.0,0.0,0.0,0.0,0.0,0.0,0.0,0.0,0.0,0.0,0.0,0.0,0.0,144.6872465647757
68,15.818299554288387,14.821127369999886,13.82894567772746,13.048390980809927,12.431588433682919,11.497305236756802,10.467055529356003,9.732864875346422,8.871658183634281,7.8071984350681305,0.008441060781478882,6.630181301385164,5.904348056763411,5.148161068558693,4.369112968444824,3.9384403377771378,3.4507846795022488,3.0431606471538544,2.6801242530345917,0.004954781383275986,0.004464615136384964,0.0038333050906658173,0.0036346279084682465,0.003718484193086624,0.9826367683708668,0.0028881505131721497,0.002476777881383896,0.2741694264113903,0.12564920634031296,0.02882230654358864,0.000740397721529007,0.0,0.0,0.0,0.0,0.0,0.0,0.0,0.0,0.0,0.0,0.0,0.0,0.0,0.0,0.0,0.0,0.0,0.0,0.0,154.93517749756575
69,15.669144365936518,14.499304816126823,13.711171936243773,12.83456440269947,12.362245418131351,11.233422584831715,10.830983381718397,9.821576587855816,8.988043863326311,8.221006631851196,7.383750569075346,6.490272104740143,5.881590537726879,0.00727815181016922,0.006861623376607895,0.006222128868103027,0.00603833794593811,0.005831535905599594,3.3613502867519855,2.998913135379553,2.570996843278408,2.214832216501236,1.6995565481483936,0.003996562212705612,0.003318939357995987,0.00312989205121994,0.0029328949749469757,0.0030248649418354034,0.0023444779217243195,0.0021326839923858643,0.0022279322147369385,0.001545138657093048,0.0013276264071464539,0.0,0.0,0.0,0.0,0.0,0.0,0.0,0.0,0.0,0.0,0.0,0.0,0.0,0.0,0.0,0.0,0.0,150.83093902096152
70,16.0631323158741,14.570404224097729,13.748966738581657,12.866369351744652,12.172347109764814,11.885967563837767,10.717021964490414,9.783531494438648,9.084701232612133,8.255565326660872,7.49325542896986,6.981991805136204,6.1061176136136055,5.511984948068857,4.8052260391414165,4.333390362560749,3.7341637946665287,2.7923967093229294,2.750830791890621,2.2187548503279686,1.7943810150027275,1.5038196444511414,1.1770060285925865,0.7657429240643978,0.00218408927321434,0.0027076341211795807,0.0023419782519340515,0.0016456171870231628,0.001673620194196701,0.0010232329368591309,0.011811874806880951,0.0003635101020336151,0.0,0.0,0.0,0.0,0.0,0.0,0.0,0.0,0.0,0.0,0.0,0.0,0.0,0.0,0.0,0.0,0.0,0.0,171.1408208347857
71,15.64295208454132,14.227855771780014,13.570217780768871,12.586101543158293,11.756548825651407,10.889579892158508,9.95672482252121,9.227077633142471,8.37395178899169,7.4909313432872295,6.7992456294596195,0.007465992122888565,0.007351040840148926,0.007412109524011612,0.006782103329896927,4.713735640048981,0.0059694573283195496,0.005905352532863617,0.005573980510234833,0.005246050655841827,0.004863779991865158,1.747076191008091,1.2315904647111893,0.003650180995464325,0.0030680783092975616,0.0028975829482078552,0.0027360916137695312,0.0026095062494277954,0.002649787813425064,0.0020047836005687714,0.0,0.0,0.0,0.0,0.0,0.0,0.0,0.0,0.0,0.0,0.0,0.0,0.0,0.0,0.0,0.0,0.0,0.0,0.0,0.0,128.28977528959513
72,15.197149496525526,14.328081760555506,13.8959228284657,12.586502131074667,11.749123450368643,10.599783033132553,10.027870319783688,9.260761503130198,8.415653720498085,7.80433764308691,7.695875979959965,6.312521655112505,5.646286252886057,4.963038109242916,4.419307626783848,3.841868307441473,3.305743783712387,0.005473323166370392,0.005121007561683655,2.0522176288068295,1.692383736371994,1.3676914311945438,0.0033899471163749695,0.7986418083310127,0.531421385705471,0.001911647617816925,0.23133725300431252,0.0017184726893901825,0.0186895914375782,0.0006275363266468048,0.0006545931100845337,0.0,0.0,0.0,0.0,0.0,0.0,0.0,0.0,0.0,0.0,0.0,0.0,0.0,0.0,0.0,0.0,0.0,0.0,0.0,156.76110696420074
73,15.42631459236145,14.342440713196993,13.455923907458782,12.65057123079896,11.784929513931274,10.772032093256712,10.001161653548479,9.086313970386982,8.19963550195098,0.008751906454563141,6.211362954229116,0.006480090320110321,0.0076681822538375854,0.007374599575996399,0.006886940449476242,0.006504759192466736,0.005831342190504074,3.274831186980009,0.005504176020622253,0.004879094660282135,0.004675190895795822,0.00453171506524086,0.004538837820291519,1.612953096628189,0.002998974174261093,0.0029129013419151306,0.0024225562810897827,0.0026968158781528473,0.3825713023543358,0.0012761503458023071,0.0017741769552230835,0.0010862164199352264,0.0008608996868133545,0.0008471794426441193,0.0,0.0,0.0,0.0,0.0,0.0,0.0,0.0,0.0,0.0,0.0,0.0,0.0,0.0,0.0,0.0,117.29154442250729
74,15.155993029475212,14.277432397007942,13.5643958337605,12.587420962750912,11.690516471862793,10.844462733715773,10.26820170506835,9.400765240192413,9.005506172776222,7.625556372106075,6.663764256983995,5.956435639411211,5.60978115722537,4.844153814017773,0.004766054451465607,0.006492678076028824,3.4251688830554485,0.00568138062953949,0.004983760416507721,0.004968650639057159,1.680444486439228,0.0017916150391101837,0.0028616003692150116,0.003440678119659424,0.0032299794256687164,0.0,0.0,0.0,0.0,0.0,0.0,0.0,0.0,0.0,0.0,0.0,0.0,0.0,0.0,0.0,0.0,0.0,0.0,0.0,0.0,0.0,0.0,0.0,0.0,0.0,142.63821555301547
75,15.060167204588652,14.035293959081173,13.217203740030527,12.51532319188118,11.690594799816608,10.798113688826561,10.083554796874523,9.167858116328716,8.390141025185585,7.595462240278721,7.053692013025284,6.0914646945893764,5.335289396345615,5.012630008161068,0.006701815873384476,0.006208676844835281,2.946298662573099,2.7547857239842415,2.4403747878968716,1.9888211116194725,1.7049644999206066,1.3673139847815037,1.061548374593258,0.578839622437954,0.0026696287095546722,0.002053491771221161,0.172214787453413,0.0014349184930324554,0.0012133121490478516,0.001012500375509262,0.0008186399936676025,0.0005810260772705078,0.0006163045763969421,0.0,0.0,0.0,0.0,0.0,0.0,0.0,0.0,0.0,0.0,0.0,0.0,0.0,0.0,0.0,0.0,0.0,151.08526074513793
76,15.57257305830717,14.66770076751709,13.889300849288702,13.068146854639053,12.194877479225397,11.458284310996532,10.434600856155157,9.681615483015776,9.072316344827414,8.007238030433655,0.00843268632888794,6.1736848168075085,0.007645677775144577,0.007188029587268829,0.006640702486038208,0.00639551505446434,4.070023853331804,0.004997588694095612,0.005620315670967102,2.966875221580267,2.5052468553185463,0.004905581474304199,1.6806070394814014,0.0038680806756019592,0.003958489745855331,0.003299824893474579,0.0030876733362674713,0.002884000539779663,0.0029820427298545837,0.0026382990181446075,0.002018008381128311,0.0018411427736282349,0.0,0.0,0.0,0.0,0.0,0.0,0.0,0.0,0.0,0.0,0.0,0.0,0.0,0.0,0.0,0.0,0.0,0.0,135.52149548009038
77,15.552996695041656,14.584208086133003,13.844087347388268,13.725349318236113,12.283613409847021,11.610426008701324,10.727238550782204,9.79267406836152,8.973972972482443,8.09507542848587,6.869729764759541,0.007616300135850906,5.681326624006033,0.006107058376073837,5.051486302167177,4.807824049144983,4.439943719655275,0.005372360348701477,0.005725108087062836,0.0052278414368629456,0.004851795732975006,0.004236631095409393,0.004339158535003662,0.003681335598230362,1.1964839100837708,0.8137474097311497,0.001787569373846054,0.41983431950211525,0.0008154883980751038,0.19217081740498543,0.0012812986969947815,0.0008910857141017914,0.000687669962644577,0.00033176690340042114,0.0,0.0,0.0,0.0,0.0,0.0,0.0,0.0,0.0,0.0,0.0,0.0,0.0,0.0,0.0,0.0,148.7151412703097
78,15.580672163516283,14.537458401173353,13.672909211367369,12.811312671750784,12.110890287905931,11.351775661110878,10.742004461586475,9.85945887863636,9.217827141284943,8.548688236624002,7.677290722727776,7.022231120616198,6.116711921989918,5.550590682774782,5.14421059936285,4.471351072192192,3.927294060587883,3.2943194322288036,2.7185071781277657,0.004845961928367615,0.004480808973312378,1.590951006859541,0.0018291808664798737,1.0604802705347538,0.7399844489991665,0.0026475079357624054,0.0020731352269649506,0.2746335379779339,0.0013371147215366364,0.056102339178323746,0.01254868134856224,0.006029587239027023,0.0,0.0,0.0,0.0,0.0,0.0,0.0,0.0,0.0,0.0,0.0,0.0,0.0,0.0,0.0,0.0,0.0,0.0,168.11344748735428
79,16.063322015106678,14.862261515110731,13.683233018964529,12.953008379787207,12.114104464650154,11.382206175476313,10.647923234850168,9.95914377272129,9.114603623747826,8.371285777539015,7.656790506094694,6.7761697471141815,6.371116705238819,5.461188141256571,4.735456142574549,0.006306637078523636,0.005798999220132828,0.005579296499490738,3.13596398755908,0.0034844763576984406,2.1459100767970085,0.003870919346809387,0.004359032958745956,0.0037042051553726196,0.0038154274225234985,0.0033845454454421997,0.0027218274772167206,0.6162356212735176,0.0020441636443138123,0.001933906227350235,0.0017403103411197662,0.001118384301662445,0.0009267851710319519,0.0,0.0,0.0,0.0,0.0,0.0,0.0,0.0,0.0,0.0,0.0,0.0,0.0,0.0,0.0,0.0,0.0,156.10071182250977
80,15.563044000416994,14.659961733967066,13.841680098325014,13.161033052951097,12.277205165475607,11.486224222928286,10.659945592284203,9.756126318126917,9.067344795912504,8.401625502854586,7.463289812207222,6.92731050029397,6.170922625809908,5.504913665354252,4.852760955691338,4.322549734264612,3.714961152523756,3.1003995202481747,2.5040705129504204,2.144958857446909,0.0032008998095989227,0.004079677164554596,0.0034815743565559387,0.003442090004682541,0.002876557409763336,0.002661149948835373,0.002456236630678177,0.0024887360632419586,0.2707485258579254,0.09951505437493324,0.0007346980273723602,0.0008625201880931854,0.0,0.0,0.0,0.0,0.0,0.0,0.0,0.0,0.0,0.0,0.0,0.0,0.0,0.0,0.0,0.0,0.0,0.0,165.97687553986907
81,15.20385105907917,14.14536951109767,13.463852733373642,12.466286271810532,11.595781102776527,10.843956392258406,10.033277451992035,9.174302130937576,9.088646318763494,8.229541905224323,7.438769463449717,6.711671318858862,6.0458773747086525,5.199696931988001,4.476084798574448,3.985670067369938,3.582230605185032,3.1086959317326546,0.005006179213523865,0.004346679896116257,0.0044070519506931305,0.003950066864490509,0.0033554844558238983,1.205543253570795,0.8272880129516125,0.5521322339773178,0.0019898489117622375,0.002029959112405777,0.001613769680261612,0.0009470805525779724,0.001876436173915863,0.00086965411901474,0.0,0.0,0.0,0.0,0.0,0.0,0.0,0.0,0.0,0.0,0.0,0.0,0.0,0.0,0.0,0.0,0.0,0.0,157.408917080611
82,15.24583362415433,14.319642156362534,13.735688909888268,12.893838327378035,11.985949411988258,11.08444344624877,10.30341612920165,9.335976995527744,8.540254589170218,7.827419705688953,7.07763871178031,6.500448040664196,5.693402208387852,4.917187497019768,4.021688457578421,3.2359827123582363,0.0041470713913440704,3.1331907883286476,2.5557107478380203,2.2435224503278732,0.0041247643530368805,1.4122060611844063,0.0016131773591041565,0.0032580122351646423,0.003313720226287842,0.6797753050923347,0.0010704956948757172,0.0020831190049648285,0.001649409532546997,0.001263882964849472,0.0006070435047149658,0.0006589032709598541,0.0,0.0,0.0,0.0,0.0,0.0,0.0,0.0,0.0,0.0,0.0,0.0,0.0,0.0,0.0,0.0,0.0,0.0,156.76700587570667
83,15.281635198742151,14.12455428019166,13.305487144738436,12.535845253616571,11.640318904072046,10.730402611196041,9.814569793641567,9.047891318798065,8.303107399493456,7.465245336294174,6.658950064331293,0.006501365453004837,0.007197774946689606,5.088818281888962,4.63697337731719,4.047863714396954,0.0061184801161289215,0.0053277648985385895,0.0051932670176029205,0.005059126764535904,0.004921749234199524,0.004895087331533432,0.004521183669567108,0.004111584275960922,0.003469843417406082,0.003337536007165909,0.9883272647857666,0.003017168492078781,0.002581913024187088,0.0019599758088588715,0.0020348690450191498,0.0012105777859687805,0.001353200525045395,0.0009405948221683502,0.0,0.0,0.0,0.0,0.0,0.0,0.0,0.0,0.0,0.0,0.0,0.0,0.0,0.0,0.0,0.0,133.74374300614
84,16.14765950292349,14.563734728842974,13.427193328738213,12.545048136264086,11.884517818689346,10.892711706459522,10.9593091532588,9.951603505760431,9.171999767422676,7.688750687986612,6.961775835603476,6.25660078600049,5.636570204049349,4.700302850455046,4.408077884465456,3.793888632208109,3.3469181284308434,2.8034175150096416,2.4137920662760735,0.004156492650508881,1.5324015766382217,1.1646124869585037,0.738527461886406,0.002869747579097748,0.491168063133955,0.0024552904069423676,0.002083301544189453,0.0016731955111026764,0.001002531498670578,0.010364893823862076,0.0005009546875953674,0.0,0.0,0.0,0.0,0.0,0.0,0.0,0.0,0.0,0.0,0.0,0.0,0.0,0.0,0.0,0.0,0.0,0.0,0.0,161.5056882351637
85,15.115792721509933,14.330046653747559,13.386968206614256,12.634289462119341,11.642617162317038,10.806596763432026,9.878568761050701,9.07081362977624,8.336862489581108,7.4963079653680325,6.716642305254936,0.007212106138467789,0.007473107427358627,4.785934008657932,4.242213435471058,0.006270524114370346,0.005832742899656296,0.005432944744825363,0.005065582692623138,2.161926072090864,1.6864633187651634,1.3767989352345467,1.040756169706583,0.0021991990506649017,0.0025277286767959595,0.4172131381928921,0.24032120779156685,0.09554101154208183,0.0010652542114257812,0.0011333152651786804,0.00033841654658317566,0.0,0.0,0.0,0.0,0.0,0.0,0.0,0.0,0.0,0.0,0.0,0.0,0.0,0.0,0.0,0.0,0.0,0.0,0.0,135.5072243399918
86,16.64678905531764,15.344781897962093,13.644110284745693,12.74166301265359,11.91181816905737,11.06640625372529,10.360135402530432,9.372419722378254,8.53308155015111,7.85211543366313,6.934469971805811,0.007701460272073746,0.007332462817430496,0.0072214603424072266,0.007004044950008392,0.0068319812417030334,0.0069161877036094666,3.922298915684223,0.0057687051594257355,0.00582798570394516,0.005714390426874161,0.0,0.0,0.0,0.0,0.0,0.0,0.0,0.0,0.0,0.0,0.0,0.0,0.0,0.0,0.0,0.0,0.0,0.0,0.0,0.0,0.0,0.0,0.0,0.0,0.0,0.0,0.0,0.0,0.0,128.3904083482921
87,15.755039725452662,14.51546374708414,13.686024840921164,12.880024384707212,12.06957033649087,11.256599355489016,10.586664598435163,9.823148187249899,9.013395842164755,8.031653355807066,7.152587700635195,6.5681416913867,5.947092272341251,5.156986281275749,0.006701432168483734,3.8605759628117085,3.3435350880026817,2.998383864760399,2.4752723835408688,0.004867866635322571,0.003885239362716675,0.004055008292198181,1.3727556094527245,0.003430631011724472,0.0030543431639671326,0.002894870936870575,0.5910443216562271,0.0025239400565624237,0.002144794911146164,0.0017237551510334015,0.0013488829135894775,0.0006661005318164825,0.0,0.0,0.0,0.0,0.0,0.0,0.0,0.0,0.0,0.0,0.0,0.0,0.0,0.0,0.0,0.0,0.0,0.0,157.12125641480088
88,15.526364471763372,14.549881413578987,13.788875333964825,12.919536486268044,12.40916708484292,11.194198712706566,10.4434102922678,9.460681650787592,8.776396442204714,7.9348119124770164,7.076715968549252,0.008072856813669205,5.6835949420928955,0.007272534072399139,4.501696892082691,4.157078191637993,3.4120705649256706,0.004627615213394165,2.7803261131048203,2.465912990272045,1.9122533947229385,0.004094768315553665,0.003910742700099945,0.003952719271183014,0.930070836097002,0.0019784681499004364,0.0026039928197860718,0.002466965466737747,0.0025063492357730865,0.001823432743549347,0.001657739281654358,0.06859031319618225,0.0007228776812553406,0.0008643791079521179,0.000663120299577713,0.0004214160144329071,0.0,0.0,0.0,0.0,0.0,0.0,0.0,0.0,0.0,0.0,0.0,0.0,0.0,0.0,150.03927398473024
89,15.497268415987492,14.560989636927843,13.798399735242128,12.97673500329256,12.271116189658642,11.431018624454737,10.333633221685886,9.794768128544092,8.874930508434772,8.292473942041397,7.488830458372831,6.932991288602352,6.144795335829258,5.474467910826206,4.81361960247159,4.3277209512889385,3.529351219534874,2.963314048945904,0.0052246637642383575,0.004810299724340439,0.004190310835838318,1.6181870885193348,0.003130171447992325,1.0380824245512486,0.8649195022881031,0.5907351896166801,0.002458672970533371,0.002107381820678711,0.0017102919518947601,0.0012688413262367249,0.005716811865568161,0.0,0.0,0.0,0.0,0.0,0.0,0.0,0.0,0.0,0.0,0.0,0.0,0.0,0.0,0.0,0.0,0.0,0.0,0.0,163.6489658728242
90,15.544271171092987,14.769253388047218,13.608522728085518,12.8883734382689,12.24394090846181,12.117047183215618,10.517826646566391,9.523038797080517,8.681909140199423,8.155799325555563,7.618492338806391,6.78903866186738,5.839074477553368,5.551860999315977,4.750459048897028,4.045650873333216,3.606692750006914,0.0057027339935302734,2.540471453219652,2.0391223169863224,0.003571588546037674,0.004151403903961182,0.003911860287189484,0.0036750957369804382,0.0034799762070178986,0.0033343471586704254,0.0032234899699687958,0.0033660978078842163,0.0027080439031124115,0.0,0.0,0.0,0.0,0.0,0.0,0.0,0.0,0.0,0.0,0.0,0.0,0.0,0.0,0.0,0.0,0.0,0.0,0.0,0.0,0.0,160.86797028407454
91,15.056469321250916,14.099687047302723,13.50239996612072,13.42283844575286,12.353919871151447,11.398812592029572,10.753048319369555,9.453387532383204,8.47047496214509,7.589773066341877,0.008311521261930466,0.00786709412932396,0.00749099999666214,0.007110245525836945,0.006721585988998413,0.006018280982971191,0.005838669836521149,0.005869537591934204,0.005538385361433029,0.004864800721406937,0.004674497991800308,0.004479315131902695,0.00455470010638237,1.679990779608488,0.003721073269844055,0.0030306093394756317,0.0030782558023929596,0.00270640105009079,0.002349667251110077,0.0019468404352664948,0.0012272745370864868,0.0010111220180988312,0.000815313309431076,0.0005831532180309296,0.000609714537858963,0.0,0.0,0.0,0.0,0.0,0.0,0.0,0.0,0.0,0.0,0.0,0.0,0.0,0.0,0.0,117.88122096285224
92,16.260893423110247,15.137423302978277,14.032209537923336,12.547692868858576,11.567903365939856,10.739442560821772,9.950918693095446,8.419878259301186,7.796744380146265,0.007795199751853943,0.00813588872551918,0.007543984800577164,6.011998552829027,5.0586745999753475,0.005954276770353317,0.006600081920623779,0.006186977028846741,0.005816813558340073,0.00519895926117897,0.004992175847291946,0.0048354268074035645,0.004907730966806412,0.004413951188325882,0.003861021250486374,0.0036632604897022247,0.0035279467701911926,0.0033863522112369537,0.0032114535570144653,0.0,0.0,0.0,0.0,0.0,0.0,0.0,0.0,0.0,0.0,0.0,0.0,0.0,0.0,0.0,0.0,0.0,0.0,0.0,0.0,0.0,0.0,117.61381104588509
93,15.095382664352655,14.169294591993093,13.380986358970404,12.533451471477747,11.663601089268923,10.961833711713552,9.59382377564907,9.097140461206436,8.349438067525625,7.694621574133635,6.9544311836361885,6.2342821806669235,5.665788885205984,5.011153154075146,4.437863975763321,3.909033101052046,3.2971696592867374,0.003617074340581894,0.005314532667398453,0.00490797683596611,0.004149321466684341,0.004278648644685745,0.003901831805706024,0.003449656069278717,0.8834095746278763,0.002335749566555023,0.33001038804650307,0.0016409121453762054,0.0016582980751991272,0.00128154456615448,0.007217511534690857,0.0,0.0,0.0,0.0,0.0,0.0,0.0,0.0,0.0,0.0,0.0,0.0,0.0,0.0,0.0,0.0,0.0,0.0,0.0,149.30646892637014
94,16.208326127380133,15.497897293418646,14.57076844573021,13.782350599765778,12.616954445838928,11.711587905883789,10.6295424439013,10.011056117713451,9.207762818783522,8.22033866494894,7.5988760478794575,0.007839467376470566,6.146379638463259,5.4293112605810165,5.019950300455093,4.316178284585476,3.755473032593727,3.246335968375206,2.76918538659811,2.2739511281251907,1.8365089893341064,0.003894474357366562,0.0032448656857013702,0.0032888539135456085,0.002917226403951645,0.0024826377630233765,0.2604973316192627,0.0008810199797153473,0.001467093825340271,0.001060541719198227,0.0006571449339389801,0.0,0.0,0.0,0.0,0.0,0.0,0.0,0.0,0.0,0.0,0.0,0.0,0.0,0.0,0.0,0.0,0.0,0.0,0.0,165.13696555793285
95,16.768581315875053,15.75205835327506,15.14905021712184,14.115213744342327,13.032698418945074,12.272051703184843,11.34155635535717,10.223646495491266,9.49263010546565,8.438465509563684,7.743324369192123,6.9215659983456135,6.385053146630526,5.484388079494238,4.789449617266655,0.005362227559089661,0.005854412913322449,0.005932923406362534,3.1261808462440968,0.003946229815483093,0.00465879961848259,0.004455722868442535,0.00451766699552536,1.6739755310118198,0.0037556439638137817,0.003078024834394455,0.002901937812566757,0.0027327872812747955,0.002621416002511978,0.0024451613426208496,0.0,0.0,0.0,0.0,0.0,0.0,0.0,0.0,0.0,0.0,0.0,0.0,0.0,0.0,0.0,0.0,0.0,0.0,0.0,0.0,162.76215276122093
96,17.197276927530766,16.13533015549183,15.857420917600393,15.007949065417051,14.252765376120806,13.213816106319427,12.24370413273573,11.393810998648405,10.211268745362759,9.489313159137964,8.463260345160961,7.520087476819754,6.886306460946798,6.1779628954827785,5.531965561211109,4.87894506379962,4.16117874160409,3.636275492608547,2.8824594505131245,0.003802977502346039,0.004751063883304596,0.00407501682639122,0.00413011759519577,0.003657303750514984,1.1163679286837578,0.002102494239807129,0.0024359263479709625,0.0018113255500793457,0.0015914253890514374,0.0012536868453025818,0.0015012957155704498,0.011619612574577332,0.0003558732569217682,0.0,0.0,0.0,0.0,0.0,0.0,0.0,0.0,0.0,0.0,0.0,0.0,0.0,0.0,0.0,0.0,0.0,186.3005531206727
97,17.589476238936186,16.942570839077234,15.566303387284279,15.020542927086353,14.024643938988447,13.041625339537859,12.175009194761515,11.251595139503479,10.239868313074112,9.273436032235622,8.533205416053534,7.527593087404966,6.510334372520447,0.007248435169458389,0.006592694669961929,0.006409857422113419,0.00644337385892868,0.0057920850813388824,0.005681563168764114,0.005689878016710281,0.005270995199680328,0.004572458565235138,2.1630476526916027,0.0034057945013046265,0.003883153200149536,0.003987248986959457,0.0035675838589668274,0.003076717257499695,0.0024709440767765045,0.0023065991699695587,0.0021424666047096252,0.00218195840716362,0.00178508460521698,0.0013825111091136932,0.0007115043699741364,0.0,0.0,0.0,0.0,0.0,0.0,0.0,0.0,0.0,0.0,0.0,0.0,0.0,0.0,0.0,159.94385478645563
98,17.86253073066473,16.838302053511143,15.661472234874964,15.029640097171068,14.131528243422508,13.069774731993675,12.209471434354782,11.082844737917185,10.243885580450296,9.266032420098782,8.534240886569023,7.613729786127806,6.573630645871162,0.007032223045825958,0.006325148046016693,5.348241586238146,4.597345110028982,0.005816344171762466,0.0054240599274635315,0.0052256956696510315,2.8601899184286594,2.3728213496506214,1.9262329787015915,0.004108622670173645,0.0037084966897964478,0.003034338355064392,0.002853997051715851,0.0025487132370471954,0.0027229711413383484,0.002297721803188324,0.0016596727073192596,0.0017314031720161438,0.0010468550026416779,0.0008669197559356689,0.0006745606660842896,0.0,0.0,0.0,0.0,0.0,0.0,0.0,0.0,0.0,0.0,0.0,0.0,0.0,0.0,0.0,175.27899226918817
99,17.674778427928686,16.910957623273134,15.889194082468748,15.160803735256195,13.802848290652037,12.979843515902758,11.981026135385036,10.677915185689926,10.059159591794014,9.092572700232267,7.9891416393220425,6.928803071379662,0.007089313119649887,6.227697636932135,5.588291950523853,4.88512385264039,0.0060209184885025024,0.005833588540554047,0.0053857676684856415,2.928879499435425,0.0043225400149822235,0.0040403082966804504,0.0038507431745529175,0.0037028491497039795,1.3041293025016785,0.8529110886156559,0.0027007199823856354,0.002750340849161148,0.002034839242696762,0.002142343670129776,0.00173182412981987,0.001360047608613968,0.0008789747953414917,0.0,0.0,0.0,0.0,0.0,0.0,0.0,0.0,0.0,0.0,0.0,0.0,0.0,0.0,0.0,0.0,0.0,170.9879224486649
100,17.643458120524883,16.596788819879293,15.63244542106986,14.855593781918287,13.682493600994349,12.74154495075345,11.647367022931576,10.856651466339827,10.073632031679153,9.090617157518864,8.346219144761562,7.641652397811413,6.659267518669367,0.0062217190861701965,0.006900809705257416,0.00649917870759964,3.997792985290289,0.005459040403366089,0.005283202975988388,2.770382445305586,0.0036556124687194824,0.004485033452510834,0.004528135061264038,0.0042001307010650635,0.0038140714168548584,0.003167778253555298,0.0023747049272060394,0.001964326947927475,0.0016651637852191925,0.0015498697757720947,0.0019044578075408936,0.0009140744805335999,0.0012979619204998016,0.0006166473031044006,0.0004200749099254608,0.0,0.0,0.0,0.0,0.0,0.0,0.0,0.0,0.0,0.0,0.0,0.0,0.0,0.0,0.0,162.30282885953784

total time per move x,1642.8271706700325,1537.0014441236854,1449.2648448199034,1363.501722652465,1276.155271742493,1189.5367898344994,1098.4518452361226,1010.1672249510884,918.8347188159823,809.6048790067434,717.6609602421522,564.1714639142156,500.1775101274252,395.2119766883552,349.2941482961178,265.7145118750632,241.24811909720302,172.03793119639158,140.9495407231152,104.686289280653,93.91589121520519,68.4039039388299,49.85527438670397,34.48838867619634,22.153820134699345,16.822935558855534,9.390852198004723,7.234295446425676,2.6643960140645504,1.2995850257575512,0.9338638484477997,0.2800743952393532,0.0532214418053627,0.015199817717075348,0.005227845162153244,0.0010884441435337067,0.0004386305809020996,0,0,0,0,0,0,0,0,0,0,0,0,0,16054.016820311546
average time per move x,16.428271706700325,15.370014441236854,14.492648448199034,13.635017226524651,12.761552717424928,11.895367898344993,10.984518452361225,10.101672249510884,9.188347188159824,8.096048790067435,7.1766096024215225,5.6417146391421555,5.0017751012742515,3.952119766883552,3.492941482961178,2.657145118750632,2.4124811909720303,1.720379311963916,1.409495407231152,1.04686289280653,0.9391589121520519,0.6909485246346454,0.5035886301687269,0.3519223334305749,0.22605938912958515,0.17523891207141182,0.09782137706254919,0.07615047838342817,0.028649419506070434,0.014281154129203858,0.010612089186906815,0.004445625321259574,0.0013305360451340675,0.0007599908858537674,0.0006534806452691555,0.0005442220717668533,0.0004386305809020996,nan,nan,nan,nan,nan,nan,nan,nan,nan,nan,nan,nan,nan,160.54016820311546
std of time per move x,1.0224955125319917,1.046064607660122,0.9946558662330206,0.959452571894313,0.906556899931082,0.8566734401140951,0.8360213942675575,0.8018832616453521,1.1627568668708295,1.7826820379654809,1.919333439540025,2.785895424363703,2.4705935369354255,2.5169956424736184,2.270546934680915,2.152158805551418,1.8826211636977035,1.677890148826696,1.4242334298235801,1.2206399209246026,1.0368471110580384,0.840091953820818,0.7067560924001922,0.5416800273205469,0.39273113206103333,0.30294955409180147,0.222379622033421,0.17763399106348002,0.08368213418052435,0.050488123086148355,0.03241857206220791,0.010990731132673938,0.002704726740687211,0.00038782272616427445,0.0003306712206619869,0.00017367399182323466,nan,nan,nan,nan,nan,nan,nan,nan,nan,nan,nan,nan,nan,nan,17.862600146607335
err of average time,0.10224955125319916,0.10460646076601221,0.09946558662330206,0.0959452571894313,0.0906556899931082,0.0856673440114095,0.08360213942675575,0.08018832616453522,0.11627568668708295,0.1782682037965481,0.1919333439540025,0.2785895424363703,0.24705935369354254,0.25169956424736184,0.22705469346809148,0.2152158805551418,0.18826211636977036,0.1677890148826696,0.142423342982358,0.12206399209246026,0.10368471110580382,0.08443241818849179,0.0710316599027027,0.05471794579309615,0.03967183523763231,0.03091965938869189,0.02269652513228603,0.01822486294256182,0.008677433085715357,0.0052925933865759145,0.003455831393444353,0.0013847019668490705,0.00042765484744676,8.67197978922604e-05,0.00011690993123666206,0.00012280605733394623,nan,nan,nan,nan,nan,nan,nan,nan,nan,nan,nan,nan,nan,nan,1.7862600146607335
