Contains move time for player AlphaBeta5; opponent is Edax5
Colums refer to move number, rows to game number
game,1,2,3,4,5,6,7,8,9,10,11,12,13,14,15,16,17,18,19,20,21,22,23,24,25,26,27,28,29,30,31,32,33,34,35,36,37,38,39,40,41,42,43,44,45,46,47,48,49,50,total
1,1.7369678663089871,2.704914010129869,7.914829351007938,15.385366946458817,3.1015338329598308,4.476073948666453,8.561223545111716,6.3461034232750535,5.827947406098247,1.6260030679404736,1.3605181807652116,3.8097114814445376,6.356968432664871,4.41776658128947,4.735080428421497,2.654155003838241,0.0051209162920713425,0.005397828295826912,0.0049976808950304985,0.004424632526934147,0.004390094429254532,0.0037880102172493935,0.0035235490649938583,0.0031432732939720154,0.0029826993122696877,0.0025385571643710136,0.002410193905234337,0.001940527930855751,0.0015245471149682999,0.0013107368722558022,0.0011077653616666794,0.000971582718193531,0.00044979993253946304,0.0,0.0,0.0,0.0,0.0,0.0,0.0,0.0,0.0,0.0,0.0,0.0,0.0,0.0,0.0,0.0,0.0,81.0651859017089
2,1.5730428854003549,2.3143757674843073,2.3377254204824567,2.250177194364369,5.29326253104955,4.766470385715365,6.272202896885574,12.219473541714251,9.373815223574638,8.475935628637671,5.5466209864243865,5.760985380038619,6.094240509904921,5.2306651547551155,6.291227054782212,4.503893951885402,7.136586086824536,1.5159660195931792,3.64859935734421,2.0649164067581296,0.8796209776774049,0.6821622895076871,0.0015576621517539024,0.0033506620675325394,0.003225189633667469,0.3531346935778856,0.0023372387513518333,0.0020770076662302017,0.0017609912902116776,0.0017763534560799599,0.0013933433219790459,0.0009547565132379532,0.0007384298369288445,0.00039668288081884384,0.0,0.0,0.0,0.0,0.0,0.0,0.0,0.0,0.0,0.0,0.0,0.0,0.0,0.0,0.0,0.0,104.60466866195202

total time per move x,3.310010751709342,5.019289777614176,10.252554771490395,17.635544140823185,8.39479636400938,9.242544334381819,14.83342644199729,18.565576964989305,15.201762629672885,10.101938696578145,6.907139167189598,9.570696861483157,12.451208942569792,9.648431736044586,11.02630748320371,7.158048955723643,7.141707003116608,1.5213638478890061,3.6535970382392406,2.0693410392850637,0.8840110721066594,0.6859502997249365,0.005081211216747761,0.006493935361504555,0.006207888945937157,0.35567325074225664,0.00474743265658617,0.004017535597085953,0.0032855384051799774,0.003087090328335762,0.0025011086836457253,0.0019263392314314842,0.0011882297694683075,0.00039668288081884384,0,0,0,0,0,0,0,0,0,0,0,0,0,0,0,0,185.66985456366092
average time per move x,1.655005375854671,2.509644888807088,5.1262773857451975,8.817772070411593,4.19739818200469,4.621272167190909,7.416713220998645,9.282788482494652,7.6008813148364425,5.0509693482890725,3.453569583594799,4.785348430741578,6.225604471284896,4.824215868022293,5.513153741601855,3.5790244778618217,3.570853501558304,0.7606819239445031,1.8267985191196203,1.0346705196425319,0.4420055360533297,0.34297514986246824,0.0025406056083738804,0.0032469676807522774,0.0031039444729685783,0.17783662537112832,0.002373716328293085,0.0020087677985429764,0.0016427692025899887,0.001543545164167881,0.0012505543418228626,0.0009631696157157421,0.0005941148847341537,0.00039668288081884384,nan,nan,nan,nan,nan,nan,nan,nan,nan,nan,nan,nan,nan,nan,nan,nan,92.83492728183046
std of time per move x,0.11591246560636922,0.276152239687354,3.943608008656716,9.28798174587803,1.5497862249404035,0.20534128986969807,1.6185820226367318,4.153099839166792,2.5073071789287,4.84363376433952,2.9600216806256348,1.3797590056481865,0.18577669579061623,0.5748060937144287,1.1003618320202297,1.3079629535890185,5.042707381879184,1.0681330115110557,2.5764154533598878,1.456987706137979,0.6188816926486586,0.4796830530688054,0.0013900919673978628,0.0001466460081266079,0.00017146655063247657,0.24790890551580005,5.158708403282631e-05,9.650574637781961e-05,0.00016719127968665276,0.00032924064385497645,0.0002019341122942971,1.1897923625723788e-05,0.00020409216264695646,nan,nan,nan,nan,nan,nan,nan,nan,nan,nan,nan,nan,nan,nan,nan,nan,nan,16.644927885391738
err of average time,0.08196249045431614,0.19526912132278082,2.788551965262741,6.567594876047223,1.0958643490448594,0.14519821852445602,1.144510324113071,2.9366850592195983,1.7729339087381957,3.4249662803485985,2.093051402829587,0.9756369492970406,0.13136396137997508,0.40644928673282266,0.7780733131803571,0.9248694740235804,3.565732585266232,0.755284095648676,1.8218008382245896,1.0302458871155977,0.4376154416240751,0.3391871396452188,0.0009829434566199777,0.000103694386780262,0.00012124516069889067,0.1752980682067573,3.647757694125175e-05,6.823986768722534e-05,0.00011822208762168883,0.00023280829191207883,0.00014278898015618324,8.413102477788925e-06,0.0001443149521946907,nan,nan,nan,nan,nan,nan,nan,nan,nan,nan,nan,nan,nan,nan,nan,nan,nan,11.769741380121557
