Contains move time for player AlphaBeta4; opponent is Edax4
Colums refer to move number, rows to game number
game,1,2,3,4,5,6,7,8,9,10,11,12,13,14,15,16,17,18,19,20,21,22,23,24,25,26,27,28,29,30,31,32,33,34,35,36,37,38,39,40,41,42,43,44,45,46,47,48,49,50,total
1,0.6972223427146673,0.9293205123394728,1.8311537448316813,1.5632244469597936,3.884598234668374,1.7450735541060567,3.0652795238420367,10.276306150481105,1.6084692105650902,1.824275741353631,1.2012815615162253,2.7585511542856693,2.5306367184966803,2.2636768463999033,0.4051060015335679,0.6807486834004521,0.9690166879445314,1.1544694378972054,0.5106854271143675,0.5282695554196835,0.7310339603573084,0.4080576291307807,0.7615722408518195,0.5889759957790375,0.25401095673441887,0.19596921000629663,0.0017300937324762344,0.0013160863891243935,0.0010813064873218536,0.0009686127305030823,0.0005325330421328545,0.0,0.0,0.0,0.0,0.0,0.0,0.0,0.0,0.0,0.0,0.0,0.0,0.0,0.0,0.0,0.0,0.0,0.0,0.0,43.372614161111414
2,0.5106856962665915,1.0552593497559428,1.605126773007214,1.7364554712548852,2.8350158631801605,3.94922280870378,5.38231847807765,8.174550162628293,7.649929661303759,1.5433965437114239,1.2646148959174752,1.3552870247513056,1.6342800008133054,0.809084021486342,0.3191008800640702,0.4034994710236788,0.006133195012807846,0.005557620897889137,1.2662436608225107,0.004772358573973179,0.5754105970263481,0.30568016692996025,0.0035374294966459274,0.003411899320781231,0.0029122261330485344,0.229957839474082,0.002362564206123352,0.001996302045881748,0.0017725992947816849,0.0015816492959856987,0.0014182459563016891,0.000951048918068409,0.0007315631955862045,0.00039928313344717026,0.0,0.0,0.0,0.0,0.0,0.0,0.0,0.0,0.0,0.0,0.0,0.0,0.0,0.0,0.0,0.0,42.6426573516801

total time per move x,1.2079080389812589,1.9845798620954156,3.4362805178388953,3.2996799182146788,6.719614097848535,5.694296362809837,8.447598001919687,18.450856313109398,9.258398871868849,3.367672285065055,2.4658964574337006,4.113838179036975,4.164916719309986,3.0727608678862453,0.7242068815976381,1.084248154424131,0.9751498829573393,1.1600270587950945,1.7769290879368782,0.5330419139936566,1.3064445573836565,0.713737796060741,0.7651096703484654,0.5923878950998187,0.2569231828674674,0.42592704948037863,0.0040926579385995865,0.0033123884350061417,0.0028539057821035385,0.002550262026488781,0.0019507789984345436,0.000951048918068409,0.0007315631955862045,0.00039928313344717026,0,0,0,0,0,0,0,0,0,0,0,0,0,0,0,0,86.01527151279151
average time per move x,0.6039540194906294,0.9922899310477078,1.7181402589194477,1.6498399591073394,3.3598070489242673,2.8471481814049184,4.223799000959843,9.225428156554699,4.629199435934424,1.6838361425325274,1.2329482287168503,2.0569190895184875,2.082458359654993,1.5363804339431226,0.36210344079881907,0.5421240772120655,0.48757494147866964,0.5800135293975472,0.8884645439684391,0.2665209569968283,0.6532222786918283,0.3568688980303705,0.3825548351742327,0.29619394754990935,0.1284615914337337,0.21296352474018931,0.0020463289692997932,0.0016561942175030708,0.0014269528910517693,0.0012751310132443905,0.0009753894992172718,0.000951048918068409,0.0007315631955862045,0.00039928313344717026,nan,nan,nan,nan,nan,nan,nan,nan,nan,nan,nan,nan,nan,nan,nan,nan,43.00763575639576
std of time per move x,0.1319013276432319,0.08905220595193607,0.15982520450814144,0.12249283199095086,0.7421668122931738,1.5585688846733243,1.6383939568133887,1.4861659114101542,4.271957652987648,0.1986115853470412,0.044783430230279045,0.9922575817895865,0.6338199134360301,1.0285524503616756,0.06081480460785454,0.19604479815024572,0.6808614473446108,0.8124033367855742,0.5342603506363583,0.37016841782175064,0.11004233552237991,0.07239179776286958,0.5360115554847086,0.41405634342500663,0.177553615155563,0.024033590379907942,0.00044722416081614444,0.00048098510356238655,0.000488817831940333,0.0004334823125680691,0.0006262936077932815,nan,nan,nan,nan,nan,nan,nan,nan,nan,nan,nan,nan,nan,nan,nan,nan,nan,nan,nan,0.5161574099221788
err of average time,0.09326832322403789,0.06296941870823501,0.11301348591223358,0.08661551214754581,0.5247911857441068,1.1020746272988617,1.1585194771178067,1.050877993926406,3.020730225369334,0.14043959882110357,0.03166666720062494,0.7016320647671819,0.4481783588416874,0.7272964124567806,0.04300256073474884,0.13862460618838668,0.48144174646586174,0.574455908499658,0.37777911685407156,0.2617485984228551,0.07781168166548014,0.051188731100410216,0.3790174056775868,0.2927820482291281,0.12554936530068514,0.01699431473389268,0.00031623523682355875,0.00034010782837867737,0.0003456464037299156,0.0003065182827413082,0.0004428564570844173,nan,nan,nan,nan,nan,nan,nan,nan,nan,nan,nan,nan,nan,nan,nan,nan,nan,nan,nan,0.3649784047156572
