Contains move time for player Edax2; opponent is MCTSMaxIter3
Colums refer to move number, rows to game number
game,1,2,3,4,5,6,7,8,9,10,11,12,13,14,15,16,17,18,19,20,21,22,23,24,25,26,27,28,29,30,31,32,33,34,35,36,37,38,39,40,41,42,43,44,45,46,47,48,49,50,total
1,0.41271455585956573,0.11991220433264971,0.11872013378888369,0.11821858212351799,0.11858589667826891,0.11882315576076508,0.11843139212578535,0.11802230309695005,0.1174853015691042,0.11846443172544241,0.1052637966349721,0.109492227435112,0.10940755438059568,0.10986397415399551,0.10902169905602932,0.10885760746896267,0.10814171098172665,0.10838933195918798,0.10806839354336262,0.10546402912586927,0.10682770423591137,0.10711202770471573,0.10353246983140707,0.10328278038650751,0.10319800302386284,0.10535246320068836,0.1051042228937149,0.10579724237322807,0.10415916051715612,0.10387864802032709,0.103536831215024,0.0016904324293136597,0.0,0.0,0.0,0.0,0.0,0.0,0.0,0.0,0.0,0.0,0.0,0.0,0.0,0.0,0.0,0.0,0.0,0.0,3.7148202676326036
2,0.11979246325790882,0.106288380920887,0.10616781748831272,0.10603473614901304,0.10628489032387733,0.10585424676537514,0.1059598010033369,0.10556569322943687,0.1053702486678958,0.10536442510783672,0.10521364212036133,0.1050107404589653,0.1050614882260561,0.10480694752186537,0.11727717518806458,0.10840573906898499,0.10846237558871508,0.10786780901253223,0.10755645204335451,0.11641671974211931,0.1067493287846446,0.10649647191166878,0.10594922304153442,0.10590879060328007,0.10538871306926012,0.10481272917240858,0.10421248245984316,0.10396237391978502,0.10373903531581163,0.10344049613922834,0.10309129022061825,0.0012749796733260155,0.0,0.0,0.0,0.0,0.0,0.0,0.0,0.0,0.0,0.0,0.0,0.0,0.0,0.0,0.0,0.0,0.0,0.0,3.313787706196308

total time per move x,0.5325070191174746,0.2262005852535367,0.2248879512771964,0.22425331827253103,0.22487078700214624,0.2246774025261402,0.22439119312912226,0.22358799632638693,0.222855550237,0.22382885683327913,0.21047743875533342,0.2145029678940773,0.21446904260665178,0.21467092167586088,0.2262988742440939,0.21726334653794765,0.21660408657044172,0.21625714097172022,0.21562484558671713,0.2218807488679886,0.21357703302055597,0.2136084996163845,0.2094816928729415,0.20919157098978758,0.20858671609312296,0.21016519237309694,0.20931670535355806,0.2097596162930131,0.20789819583296776,0.20731914415955544,0.20662812143564224,0.002965412102639675,0,0,0,0,0,0,0,0,0,0,0,0,0,0,0,0,0,0,7.028607973828912
average time per move x,0.2662535095587373,0.11310029262676835,0.1124439756385982,0.11212665913626552,0.11243539350107312,0.1123387012630701,0.11219559656456113,0.11179399816319346,0.1114277751185,0.11191442841663957,0.10523871937766671,0.10725148394703865,0.10723452130332589,0.10733546083793044,0.11314943712204695,0.10863167326897383,0.10830204328522086,0.10812857048586011,0.10781242279335856,0.1109403744339943,0.10678851651027799,0.10680424980819225,0.10474084643647075,0.10459578549489379,0.10429335804656148,0.10508259618654847,0.10465835267677903,0.10487980814650655,0.10394909791648388,0.10365957207977772,0.10331406071782112,0.0014827060513198376,nan,nan,nan,nan,nan,nan,nan,nan,nan,nan,nan,nan,nan,nan,nan,nan,nan,nan,3.514303986914456
std of time per move x,0.20712719803798543,0.009633497920145461,0.008875827975732166,0.008615280109504868,0.008698125008609094,0.009170403495231442,0.008818746654869241,0.00880815330791383,0.008566636060878216,0.009263103512897629,3.546459738839338e-05,0.0031688898306325257,0.0030731328493602823,0.0035758578242201947,0.005837503154885819,0.00031951920982813554,0.00022674411808803804,0.0003687724121246711,0.0003619973062265449,0.007744721806988668,5.541981306928574e-05,0.0004352636754621623,0.001708902583335409,0.0018568696317450301,0.0015490659287139073,0.0003816495914337652,0.0006305557078489457,0.001297447926014854,0.0002970733788180525,0.00030982016631456605,0.00031504505844090095,0.00029376946102150324,nan,nan,nan,nan,nan,nan,nan,nan,nan,nan,nan,nan,nan,nan,nan,nan,nan,nan,0.2835728436682153
err of average time,0.14646104630082846,0.006811911705881357,0.0062761581502854815,0.006091922987252474,0.0061505031771957866,0.006484454497694969,0.006235795561224222,0.006228304933756589,0.0060575264506042,0.006550003308802843,2.5077257305383682e-05,0.002240743488073349,0.002173033077269792,0.002528513316065073,0.004127738066017628,0.00022593419998884198,0.00016033230349421498,0.00026076147332787514,0.0002559707500040531,0.005476345308125019,3.91877256333828e-05,0.0003077778965234756,0.0012083766050636768,0.001313005108386278,0.0010953550226986408,0.00026986701413989067,0.000445870216935873,0.0009174342267215252,0.000210062600672245,0.0002190759405493736,0.0002227704972028732,0.00020772637799382207,nan,nan,nan,nan,nan,nan,nan,nan,nan,nan,nan,nan,nan,nan,nan,nan,nan,nan,0.20051628071814773
