Contains move time for player Edax2; opponent is MCTSMaxIter2
Colums refer to move number, rows to game number
game,1,2,3,4,5,6,7,8,9,10,11,12,13,14,15,16,17,18,19,20,21,22,23,24,25,26,27,28,29,30,31,32,33,34,35,36,37,38,39,40,41,42,43,44,45,46,47,48,49,50,total
1,0.41995398700237274,0.11975453421473503,0.12009244784712791,0.11990854889154434,0.1066136471927166,0.10684258118271828,0.1200314536690712,0.11908207461237907,0.10629167780280113,0.11875167116522789,0.1170140989124775,0.11787913367152214,0.11773587018251419,0.1177557148039341,0.11730877310037613,0.11803364008665085,0.117080457508564,0.11357656866312027,0.11695951595902443,0.10723289474844933,0.10721082985401154,0.10684950277209282,0.10636401548981667,0.10605303943157196,0.11856701225042343,0.1087777242064476,0.10549178719520569,0.1161031424999237,0.10503118112683296,0.11610747128725052,0.10363824293017387,0.10352422669529915,0.10177944228053093,0.0005973167717456818,0.0003625452518463135,0.0,0.0,0.0,0.0,0.0,0.0,0.0,0.0,0.0,0.0,0.0,0.0,0.0,0.0,0.0,4.0243567712605
2,0.29533181712031364,0.12059749662876129,0.1191214993596077,0.12214621156454086,0.11928028613328934,0.11525696143507957,0.119361262768507,0.11911715567111969,0.11912570521235466,0.10657954961061478,0.11881022527813911,0.11871140822768211,0.11410682275891304,0.11818613857030869,0.11447843909263611,0.11752372980117798,0.11772580072283745,0.11745871230959892,0.11763563379645348,0.11728046089410782,0.116945780813694,0.117170549929142,0.10500667244195938,0.11561321094632149,0.10957152396440506,0.11566436663269997,0.10299317166209221,0.1033591777086258,0.11274133622646332,0.11556640267372131,0.10296406969428062,0.10226177424192429,0.1148698478937149,0.00025437772274017334,0.0,0.0,0.0,0.0,0.0,0.0,0.0,0.0,0.0,0.0,0.0,0.0,0.0,0.0,0.0,0.0,3.9628175795078278
3,0.35859759896993637,0.12026191502809525,0.12018134444952011,0.11913342028856277,0.11963577196002007,0.11156607791781425,0.11860225722193718,0.11966786161065102,0.11924596503376961,0.11906878277659416,0.11460939049720764,0.11925382539629936,0.11872062087059021,0.10619459673762321,0.10559939593076706,0.1052188090980053,0.11029801145195961,0.10704085975885391,0.10683956742286682,0.10686259344220161,0.11688217520713806,0.10509918257594109,0.1050577349960804,0.10634184256196022,0.11584534868597984,0.10512634366750717,0.10447264835238457,0.10347280278801918,0.1044340617954731,0.11500877887010574,0.1038011834025383,0.10323096439242363,0.10279890522360802,0.1023826077580452,0.0003307908773422241,0.0,0.0,0.0,0.0,0.0,0.0,0.0,0.0,0.0,0.0,0.0,0.0,0.0,0.0,0.0,4.020884037017822
4,0.4278016500174999,0.11967722326517105,0.11929945647716522,0.11938749253749847,0.11930808052420616,0.11933882161974907,0.10691548883914948,0.11909154802560806,0.11839433014392853,0.11831149458885193,0.1182609349489212,0.1178455501794815,0.1176154762506485,0.11803149804472923,0.12367145717144012,0.10574524477124214,0.1164780929684639,0.11690191179513931,0.10797051340341568,0.10421360656619072,0.10700515285134315,0.11991945281624794,0.10415498539805412,0.10465523600578308,0.11904530972242355,0.11662458628416061,0.1159929409623146,0.11573941260576248,0.11544979736208916,0.104511309415102,0.10372531414031982,0.10268271341919899,0.11565835028886795,0.11556563898921013,0.10257702320814133,0.0003379546105861664,0.0,0.0,0.0,0.0,0.0,0.0,0.0,0.0,0.0,0.0,0.0,0.0,0.0,0.0,4.297905050218105
5,0.3983200490474701,0.11957140266895294,0.12586824595928192,0.11977210268378258,0.10979683324694633,0.11949754506349564,0.11950718984007835,0.10900074616074562,0.1186877116560936,0.10966097936034203,0.11846625059843063,0.11895749717950821,0.11894793435931206,0.11814137920737267,0.11819449812173843,0.10552562400698662,0.11688661947846413,0.1172773689031601,0.11716874688863754,0.11725440248847008,0.10588592290878296,0.10546361282467842,0.1124197207391262,0.10559308156371117,0.11619384214282036,0.10360174253582954,0.10892980918288231,0.10323169082403183,0.11547492071986198,0.0007844492793083191,0.0002799034118652344,0.0,0.0,0.0,0.0,0.0,0.0,0.0,0.0,0.0,0.0,0.0,0.0,0.0,0.0,0.0,0.0,0.0,0.0,0.0,3.594361823052168
6,0.1204744465649128,0.11949433386325836,0.11965640634298325,0.11994460970163345,0.10748724266886711,0.11900558695197105,0.11926916614174843,0.1194499209523201,0.11921744793653488,0.11818849667906761,0.10600361973047256,0.1081070750951767,0.1180318035185337,0.10765577107667923,0.11774839460849762,0.11705243587493896,0.11729200929403305,0.10647617653012276,0.11684435606002808,0.10655586421489716,0.10435476526618004,0.10372542589902878,0.11456463858485222,0.1152573935687542,0.11594577506184578,0.11577266827225685,0.10403834655880928,0.11489660292863846,0.11487350985407829,0.10266388952732086,0.10233810916543007,0.0,0.0,0.0,0.0,0.0,0.0,0.0,0.0,0.0,0.0,0.0,0.0,0.0,0.0,0.0,0.0,0.0,0.0,0.0,3.5123862884938717
7,0.1203233189880848,0.11988026648759842,0.11082509160041809,0.11997773870825768,0.11575761064887047,0.11962108314037323,0.1193709634244442,0.11873267590999603,0.10842818394303322,0.11870760470628738,0.11819900572299957,0.11815546825528145,0.1181533932685852,0.11806634441018105,0.10507859662175179,0.11637015268206596,0.11046761646866798,0.11237230151891708,0.11972188949584961,0.10747943073511124,0.10740531980991364,0.10840671882033348,0.10455819591879845,0.10411160439252853,0.10533120483160019,0.10392303764820099,0.11362228915095329,0.10319249704480171,0.10365235060453415,0.10309699550271034,0.10336235910654068,0.000915922224521637,0.0,0.0,0.0,0.0,0.0,0.0,0.0,0.0,0.0,0.0,0.0,0.0,0.0,0.0,0.0,0.0,0.0,0.0,3.4772672317922115
8,0.12060906365513802,0.1207871176302433,0.11959159001708031,0.12010792270302773,0.12003041431307793,0.11884962767362595,0.11919008567929268,0.11883611604571342,0.11846955120563507,0.10726572200655937,0.11450950801372528,0.11101992055773735,0.11848621815443039,0.10696787759661674,0.10713766887784004,0.11781405657529831,0.11793462187051773,0.10804679989814758,0.11705746129155159,0.11664732918143272,0.1171317808330059,0.10612870007753372,0.11555594578385353,0.10401355102658272,0.10444002225995064,0.10417157411575317,0.104062769562006,0.10372686758637428,0.10349705070257187,0.1030513383448124,0.10281933471560478,0.1020774357020855,0.00025061145424842834,0.0,0.0,0.0,0.0,0.0,0.0,0.0,0.0,0.0,0.0,0.0,0.0,0.0,0.0,0.0,0.0,0.0,3.5902856551110744
9,0.12028797343373299,0.11961271613836288,0.11964498087763786,0.11948386579751968,0.11941100656986237,0.11965474486351013,0.11297398805618286,0.11893273144960403,0.11868073046207428,0.11822695657610893,0.117984838783741,0.11827762052416801,0.11809347569942474,0.11777590215206146,0.11743494868278503,0.1175396628677845,0.11726319789886475,0.1171778254210949,0.11646926403045654,0.11683712899684906,0.11620938777923584,0.11597924679517746,0.11571718007326126,0.10530757158994675,0.10480947047472,0.11505862697958946,0.11312994360923767,0.11485045403242111,0.1028786189854145,0.10289392992854118,0.10231412947177887,0.0002810470759868622,0.0,0.0,0.0,0.0,0.0,0.0,0.0,0.0,0.0,0.0,0.0,0.0,0.0,0.0,0.0,0.0,0.0,0.0,3.571193166077137
10,0.12048527225852013,0.10785198956727982,0.11907637119293213,0.11917497590184212,0.1192462146282196,0.11990214139223099,0.11921476572751999,0.119183748960495,0.11847926303744316,0.11818628758192062,0.11820714920759201,0.1181471049785614,0.11862515285611153,0.11777838319540024,0.11767248809337616,0.1176774874329567,0.11705603078007698,0.11688056960701942,0.11683795228600502,0.11643905192613602,0.11644034832715988,0.11573473736643791,0.10552414879202843,0.11530105769634247,0.10471225157380104,0.10396810621023178,0.10236547142267227,0.10213828086853027,0.10265791788697243,0.1019306480884552,0.0,0.0,0.0,0.0,0.0,0.0,0.0,0.0,0.0,0.0,0.0,0.0,0.0,0.0,0.0,0.0,0.0,0.0,0.0,0.0,3.4268953688442707
11,0.3309118300676346,0.12041333690285683,0.12044967338442802,0.1202911026775837,0.11937975883483887,0.11935824528336525,0.11983171477913857,0.11873053759336472,0.11876868084073067,0.11846902593970299,0.11800876632332802,0.1185404546558857,0.11795199289917946,0.10589124262332916,0.1298767849802971,0.11777377873659134,0.10904263705015182,0.1088838241994381,0.10835537686944008,0.1073608547449112,0.11703133955597878,0.1068510189652443,0.1062571331858635,0.10660026222467422,0.10522213578224182,0.10470238700509071,0.10430770739912987,0.10511307045817375,0.1037094034254551,0.10330912843346596,0.0013002380728721619,0.0,0.0,0.0,0.0,0.0,0.0,0.0,0.0,0.0,0.0,0.0,0.0,0.0,0.0,0.0,0.0,0.0,0.0,0.0,3.6126934438943863
12,0.40985943377017975,0.11927619203925133,0.11922219768166542,0.1192307136952877,0.11911853775382042,0.11884749308228493,0.11892907321453094,0.11968329548835754,0.11961882188916206,0.11862403899431229,0.11835092306137085,0.11855233088135719,0.13173039630055428,0.11772452294826508,0.11810008063912392,0.11794591322541237,0.12095556408166885,0.10806553438305855,0.11762910336256027,0.11703362315893173,0.10744686424732208,0.10677445307374,0.11643907427787781,0.10592914745211601,0.11578704789280891,0.10538074001669884,0.10448051989078522,0.1036599837243557,0.10368002206087112,0.10350167751312256,0.10324754193425179,0.10288570448756218,0.10269482433795929,0.0003367587924003601,0.0,0.0,0.0,0.0,0.0,0.0,0.0,0.0,0.0,0.0,0.0,0.0,0.0,0.0,0.0,0.0,4.050742149353027
13,0.6026772558689117,0.12041077017784119,0.11990300565958023,0.11919694021344185,0.11953926086425781,0.1191842295229435,0.11897563189268112,0.11925937607884407,0.11841031908988953,0.11833588033914566,0.11804896220564842,0.11787287890911102,0.11834961548447609,0.1187954731285572,0.11830614879727364,0.11695575714111328,0.11720670014619827,0.11737695708870888,0.10434173047542572,0.11712056025862694,0.10668812319636345,0.10355843603610992,0.10591073706746101,0.10534745454788208,0.10527107119560242,0.10488224402070045,0.10266287624835968,0.11595176160335541,0.10318250581622124,0.10310335084795952,0.10261217504739761,0.10216470062732697,0.0,0.0,0.0,0.0,0.0,0.0,0.0,0.0,0.0,0.0,0.0,0.0,0.0,0.0,0.0,0.0,0.0,0.0,4.101602889597416
14,0.37580254301428795,0.11962915584445,0.1198817789554596,0.11914291605353355,0.11952534317970276,0.11520183831453323,0.11906276270747185,0.11895764619112015,0.11918140947818756,0.11911078542470932,0.11892799288034439,0.11919957771897316,0.11450628563761711,0.11224080249667168,0.1142277680337429,0.11297282204031944,0.1139872707426548,0.11711569502949715,0.11255819723010063,0.11239370703697205,0.11279189586639404,0.11213343217968941,0.11179397627711296,0.11611483618617058,0.12445394322276115,0.111935555934906,0.11166863515973091,0.11157596483826637,0.11069918051362038,0.11472758278250694,0.11052481457591057,0.0002498216927051544,0.00011751055717468262,0.0,0.0,0.0,0.0,0.0,0.0,0.0,0.0,0.0,0.0,0.0,0.0,0.0,0.0,0.0,0.0,0.0,3.8424134477972984
15,0.356198962777853,0.12050165608525276,0.11582523584365845,0.11600244790315628,0.11984496936202049,0.12647641450166702,0.1154739186167717,0.11827747151255608,0.11899314820766449,0.12899602949619293,0.13088345155119896,0.11801940947771072,0.11047203838825226,0.12683524191379547,0.12734873592853546,0.13418729603290558,0.11154642701148987,0.11357665061950684,0.11693186685442924,0.11471569538116455,0.13071288913488388,0.12979816272854805,0.11734915524721146,0.1560673601925373,0.11510976031422615,0.11584373936057091,0.11088285222649574,0.11109849065542221,0.11471627280116081,0.11460652574896812,0.1106375902891159,0.11555273458361626,0.0,0.0,0.0,0.0,0.0,0.0,0.0,0.0,0.0,0.0,0.0,0.0,0.0,0.0,0.0,0.0,0.0,0.0,4.083482600748539
16,0.11618393287062645,0.11746830865740776,0.11579719558358192,0.11566619947552681,0.11956534162163734,0.11717519536614418,0.11291845887899399,0.11890896409749985,0.1145901270210743,0.11451882496476173,0.11451436206698418,0.1181182786822319,0.1156962476670742,0.11858652159571648,0.11428306996822357,0.1137397512793541,0.1108938418328762,0.1170484758913517,0.11217939108610153,0.11284445598721504,0.11255066841840744,0.11267835646867752,0.11192740127444267,0.12418387457728386,0.11307067424058914,0.10985023900866508,0.1245671771466732,0.11179785430431366,0.1173814907670021,0.11099718138575554,0.11048626527190208,0.11049878224730492,0.00015624985098838806,0.0,0.0,0.0,0.0,0.0,0.0,0.0,0.0,0.0,0.0,0.0,0.0,0.0,0.0,0.0,0.0,0.0,3.680843159556389
17,0.11617308855056763,0.1314932443201542,0.11555898934602737,0.11842533200979233,0.11960383504629135,0.11985329538583755,0.1190127320587635,0.11507456004619598,0.11510657146573067,0.11452313885092735,0.11494924500584602,0.12688379734754562,0.11192826554179192,0.11217904463410378,0.11160745471715927,0.11802108213305473,0.1092393659055233,0.11269975453615189,0.11332456767559052,0.11327046900987625,0.11234619840979576,0.1151067242026329,0.1125262901186943,0.11172465980052948,0.11272437497973442,0.1119435578584671,0.11538669839501381,0.11157134175300598,0.0012236759066581726,0.0,0.0,0.0,0.0,0.0,0.0,0.0,0.0,0.0,0.0,0.0,0.0,0.0,0.0,0.0,0.0,0.0,0.0,0.0,0.0,0.0,3.233481355011463
18,0.11593654751777649,0.1158047467470169,0.1162903681397438,0.11905010789632797,0.11507558450102806,0.12005752325057983,0.11543621495366096,0.11490928381681442,0.11508096009492874,0.11503345891833305,0.11839231476187706,0.12260827794671059,0.11366638913750648,0.11823832988739014,0.11337023600935936,0.11358503997325897,0.11320039257407188,0.1132001057267189,0.11275256425142288,0.11270511522889137,0.1165141873061657,0.11183669790625572,0.11207030341029167,0.11200929433107376,0.11163968965411186,0.11174649745225906,0.11116523295640945,0.11118307709693909,0.11126844584941864,0.1138891950249672,0.1101500429213047,0.00015393272042274475,0.0,0.0,0.0,0.0,0.0,0.0,0.0,0.0,0.0,0.0,0.0,0.0,0.0,0.0,0.0,0.0,0.0,0.0,3.5480201579630375
19,0.11633278429508209,0.11540217325091362,0.11540967971086502,0.11903635784983635,0.11529229581356049,0.1154739186167717,0.11468584835529327,0.11265889927744865,0.11507033556699753,0.11620144546031952,0.11818426847457886,0.12711243331432343,0.11390091851353645,0.11194828152656555,0.11353114992380142,0.11384081467986107,0.11395091190934181,0.11333654075860977,0.10682210326194763,0.11258360370993614,0.11323191225528717,0.11254755407571793,0.1125674694776535,0.11221188679337502,0.11157863214612007,0.11138276383280754,0.11178243160247803,0.11066601425409317,0.11089441180229187,0.11108013987541199,0.11033570393919945,0.00021729618310928345,0.0,0.0,0.0,0.0,0.0,0.0,0.0,0.0,0.0,0.0,0.0,0.0,0.0,0.0,0.0,0.0,0.0,0.0,3.5292709805071354
20,0.1179552972316742,0.12059341743588448,0.11596260964870453,0.11970744654536247,0.11540994048118591,0.11479544639587402,0.1156022883951664,0.11500779166817665,0.11900461092591286,0.11403035372495651,0.11413589492440224,0.11437458917498589,0.11378887295722961,0.11409014090895653,0.11372369155287743,0.11368702724575996,0.11302204802632332,0.11696386709809303,0.11250152811408043,0.11273312568664551,0.11685555428266525,0.11208038032054901,0.11682738736271858,0.11150733381509781,0.1110575720667839,0.11165961623191833,0.11074373871088028,0.11085010692477226,0.11478404328227043,0.11113325506448746,0.11097702011466026,0.11043167114257812,0.11047611385583878,0.00022844597697257996,0.0,0.0,0.0,0.0,0.0,0.0,0.0,0.0,0.0,0.0,0.0,0.0,0.0,0.0,0.0,0.0,3.766702227294445
21,0.4951506666839123,0.11562814936041832,0.11594978719949722,0.11555508896708488,0.11523989960551262,0.11375252529978752,0.11566023528575897,0.12723585218191147,0.11496996134519577,0.11450377851724625,0.11430536955595016,0.1138189509510994,0.11376281082630157,0.11792385950684547,0.11343396827578545,0.1137247271835804,0.11287827044725418,0.11311741545796394,0.11325078457593918,0.11291538551449776,0.1126079112291336,0.11237606406211853,0.11173106357455254,0.11207355558872223,0.11614557355642319,0.11111351102590561,0.11129146069288254,0.11714689433574677,0.11111055687069893,0.11098185926675797,0.11108982935547829,0.0006241053342819214,0.0,0.0,0.0,0.0,0.0,0.0,0.0,0.0,0.0,0.0,0.0,0.0,0.0,0.0,0.0,0.0,0.0,0.0,3.921069871634245
22,0.4960436224937439,0.11593097075819969,0.11602654308080673,0.11560880392789841,0.11582649126648903,0.11468107998371124,0.11521973833441734,0.11852563172578812,0.11440211161971092,0.11412840336561203,0.11412785574793816,0.11789905279874802,0.11409183591604233,0.11419736221432686,0.11318806558847427,0.11345195025205612,0.11373431980609894,0.11692652106285095,0.11313476786017418,0.11310385540127754,0.11230310052633286,0.11226952821016312,0.11267054080963135,0.11293177306652069,0.11169495806097984,0.11199439316987991,0.11180133000016212,0.11114012077450752,0.11130412295460701,0.11163550242781639,0.11057353392243385,0.11106014624238014,0.11062603443861008,0.10995519533753395,0.11053739115595818,0.0001561194658279419,0.0,0.0,0.0,0.0,0.0,0.0,0.0,0.0,0.0,0.0,0.0,0.0,0.0,0.0,4.35290277376771
23,0.4184470921754837,0.1152605414390564,0.11551228165626526,0.11513852700591087,0.11488080769777298,0.11958811804652214,0.1152014322578907,0.11445291340351105,0.1150352917611599,0.11443353444337845,0.11445843428373337,0.1139196902513504,0.11454767361283302,0.12649289146065712,0.11520913615822792,0.1136210635304451,0.11337428167462349,0.11292077228426933,0.11286016181111336,0.11253999918699265,0.11270133778452873,0.11195667460560799,0.11195538938045502,0.11136040836572647,0.11530844494700432,0.1114344634115696,0.11151748895645142,0.11151604354381561,0.1109166219830513,0.11089791357517242,0.11471433937549591,0.1103377714753151,0.0001614019274711609,0.0,0.0,0.0,0.0,0.0,0.0,0.0,0.0,0.0,0.0,0.0,0.0,0.0,0.0,0.0,0.0,0.0,3.9526729434728622
24,0.5296358019113541,0.11963855102658272,0.11973823234438896,0.11591644585132599,0.11569458246231079,0.1195310540497303,0.11519128084182739,0.11449824646115303,0.11484217271208763,0.11517928540706635,0.11450402066111565,0.11390600726008415,0.11419223621487617,0.11422799527645111,0.11351045221090317,0.11390392854809761,0.11181965470314026,0.1133398786187172,0.11320137977600098,0.11248743161559105,0.11230086162686348,0.11281626299023628,0.11056768149137497,0.1124490238726139,0.11590587720274925,0.11174970492720604,0.11085501313209534,0.11111540719866753,0.1109488308429718,0.11448412016034126,0.00016228854656219482,0.0,0.0,0.0,0.0,0.0,0.0,0.0,0.0,0.0,0.0,0.0,0.0,0.0,0.0,0.0,0.0,0.0,0.0,0.0,3.8383137099444866
25,0.44287002459168434,0.11622205749154091,0.11920938640832901,0.11609924957156181,0.11515529081225395,0.11484391987323761,0.11976765468716621,0.11167701333761215,0.11862742155790329,0.11392465606331825,0.11375293880701065,0.11398082226514816,0.11457465216517448,0.11552736163139343,0.11394429951906204,0.11376240104436874,0.12702154368162155,0.11694855615496635,0.11267829313874245,0.1130235493183136,0.11244210228323936,0.11285077780485153,0.11268283054232597,0.11187110096216202,0.11209423840045929,0.11570736393332481,0.11104080080986023,0.11178192123770714,0.1108400896191597,0.11092111095786095,0.11103970929980278,0.11101445183157921,0.11020254343748093,0.1103932075202465,0.0001588091254234314,0.0,0.0,0.0,0.0,0.0,0.0,0.0,0.0,0.0,0.0,0.0,0.0,0.0,0.0,0.0,4.208652149885893
26,0.128748819231987,0.11519559472799301,0.11524495109915733,0.11897903308272362,0.11527660861611366,0.11468163505196571,0.11928706243634224,0.11468259617686272,0.11474956199526787,0.12280859053134918,0.11484194546937943,0.11440135166049004,0.11853007227182388,0.11378047615289688,0.11373048648238182,0.11382564157247543,0.11262373998761177,0.1127367801964283,0.11231077089905739,0.11256616935133934,0.11182205751538277,0.11597832292318344,0.11210563033819199,0.1121542938053608,0.1121637262403965,0.11126931756734848,0.11156875640153885,0.11128843948245049,0.11455468088388443,0.11101771146059036,0.11074286326766014,0.1099609024822712,0.0,0.0,0.0,0.0,0.0,0.0,0.0,0.0,0.0,0.0,0.0,0.0,0.0,0.0,0.0,0.0,0.0,0.0,3.663628589361906
27,0.11981946602463722,0.11929727345705032,0.1280110813677311,0.11552787944674492,0.11990023776888847,0.1146506667137146,0.11443773284554482,0.11496733874082565,0.11457682400941849,0.11870840191841125,0.12736709043383598,0.11451215669512749,0.1180625706911087,0.11382561922073364,0.11309092864394188,0.11780289933085442,0.11276475712656975,0.11332619562745094,0.11300139501690865,0.11296773329377174,0.11209055408835411,0.11185437813401222,0.116126149892807,0.11127626523375511,0.11150519549846649,0.11084209755063057,0.11095243319869041,0.11104699224233627,0.11111310496926308,0.11012006551027298,0.11034053191542625,0.00016091763973236084,0.0,0.0,0.0,0.0,0.0,0.0,0.0,0.0,0.0,0.0,0.0,0.0,0.0,0.0,0.0,0.0,0.0,0.0,3.564046934247017
28,0.11559546738862991,0.11564639210700989,0.11520158126950264,0.11533322557806969,0.11916598677635193,0.11921089887619019,0.118551354855299,0.11491446569561958,0.11478178948163986,0.11419140920042992,0.11398855224251747,0.11411722004413605,0.114210095256567,0.11342659965157509,0.11364484205842018,0.11372457444667816,0.11300292983651161,0.1171160489320755,0.11323615163564682,0.1122109703719616,0.11224557086825371,0.1121564656496048,0.11170279607176781,0.1118769682943821,0.11217936873435974,0.11521125584840775,0.11121103167533875,0.1113978773355484,0.11068423837423325,0.11065908521413803,0.11094919219613075,0.0007187165319919586,0.0,0.0,0.0,0.0,0.0,0.0,0.0,0.0,0.0,0.0,0.0,0.0,0.0,0.0,0.0,0.0,0.0,0.0,3.532263122498989
29,0.11953791975975037,0.11576231941580772,0.1283920779824257,0.11501230672001839,0.11909917742013931,0.11324090510606766,0.11520121619105339,0.11459244042634964,0.11454808339476585,0.11440190300345421,0.11381759494543076,0.11413737758994102,0.11361910402774811,0.11335383355617523,0.11281935125589371,0.1129257082939148,0.11295083165168762,0.11311166733503342,0.11319582536816597,0.11227079853415489,0.11646387726068497,0.11291074007749557,0.11268859729170799,0.11185256019234657,0.11220255494117737,0.11623634397983551,0.1112581230700016,0.11167290434241295,0.11125591397285461,0.11137592419981956,0.11053502559661865,0.11064309999346733,0.11443091183900833,0.11045897379517555,0.000127401202917099,0.0,0.0,0.0,0.0,0.0,0.0,0.0,0.0,0.0,0.0,0.0,0.0,0.0,0.0,0.0,3.8761033937335014
30,0.11619700491428375,0.11654120311141014,0.11525419726967812,0.11489080265164375,0.11486084759235382,0.11929890140891075,0.1147344596683979,0.1146012656390667,0.1148124486207962,0.11381750926375389,0.11833631619811058,0.1184702105820179,0.11427972838282585,0.11384383961558342,0.11374986171722412,0.11759373918175697,0.11343985423445702,0.11251882463693619,0.1167503222823143,0.11230703443288803,0.11259841918945312,0.11235833168029785,0.11134165152907372,0.1112845167517662,0.11166303977370262,0.11077830195426941,0.11083034425973892,0.11254246905446053,0.12007693946361542,0.11053003370761871,0.11050234362483025,0.11045240238308907,0.11042030528187752,0.00014688074588775635,0.0,0.0,0.0,0.0,0.0,0.0,0.0,0.0,0.0,0.0,0.0,0.0,0.0,0.0,0.0,0.0,3.7618243508040905
31,0.43434198945760727,0.11630664765834808,0.11560336127877235,0.11342032253742218,0.11505740508437157,0.11517585441470146,0.11493691429495811,0.1143137663602829,0.11404433101415634,0.11431189998984337,0.12701239436864853,0.11406175792217255,0.11397632583975792,0.11378908529877663,0.11339780688285828,0.1129237562417984,0.1135457493364811,0.11310935020446777,0.11230873316526413,0.11685769632458687,0.11828183010220528,0.11158616840839386,0.11223879083991051,0.11211678385734558,0.11129462718963623,0.11154377833008766,0.11085249111056328,0.11481669172644615,0.11023856326937675,0.11023498699069023,0.10971205681562424,0.0,0.0,0.0,0.0,0.0,0.0,0.0,0.0,0.0,0.0,0.0,0.0,0.0,0.0,0.0,0.0,0.0,0.0,0.0,3.8514119163155556
32,0.25881268829107285,0.11578170210123062,0.11680277809500694,0.11396460607647896,0.1196635290980339,0.11559909582138062,0.11578286439180374,0.1291457563638687,0.11481382325291634,0.11483820527791977,0.1272612102329731,0.11368776857852936,0.11360940709710121,0.11382604017853737,0.11347515508532524,0.11378903314471245,0.1137855276465416,0.11390077695250511,0.11294547840952873,0.11326076090335846,0.11240711808204651,0.1125592514872551,0.11219580098986626,0.11200843751430511,0.11206431686878204,0.11127897724509239,0.11129136011004448,0.11095506697893143,0.11087926477193832,0.11108344420790672,0.11506306380033493,0.11108748614788055,0.11493553593754768,0.0002635940909385681,0.00012032315135002136,0.0,0.0,0.0,0.0,0.0,0.0,0.0,0.0,0.0,0.0,0.0,0.0,0.0,0.0,0.0,3.922939248383045
33,0.4823627658188343,0.11577090620994568,0.12930474430322647,0.11539238318800926,0.12750039622187614,0.11553184315562248,0.11530566588044167,0.11489759385585785,0.11884399130940437,0.1146903820335865,0.12422995641827583,0.11397754400968552,0.11437799036502838,0.1137596108019352,0.11355689913034439,0.113693006336689,0.11359386518597603,0.11331576108932495,0.11279510706663132,0.11279991641640663,0.11221921816468239,0.11242558807134628,0.11583472788333893,0.1121247410774231,0.11135370284318924,0.11161264777183533,0.11081072688102722,0.11096210777759552,0.1103418692946434,0.11079113557934761,0.00015947967767715454,0.0,0.0,0.0,0.0,0.0,0.0,0.0,0.0,0.0,0.0,0.0,0.0,0.0,0.0,0.0,0.0,0.0,0.0,0.0,3.814336273819208
34,0.41179339215159416,0.11626207828521729,0.12009799107909203,0.11379648745059967,0.11525724455714226,0.11486294120550156,0.1280011087656021,0.11556058377027512,0.1148492880165577,0.13424095511436462,0.11451558023691177,0.11772279068827629,0.1141229160130024,0.11329998821020126,0.11360339820384979,0.1129973791539669,0.11341162025928497,0.11309758573770523,0.11317974328994751,0.1122625581920147,0.1123034916818142,0.11270144209265709,0.11258974298834801,0.0020849518477916718,0.0,0.0,0.0,0.0,0.0,0.0,0.0,0.0,0.0,0.0,0.0,0.0,0.0,0.0,0.0,0.0,0.0,0.0,0.0,0.0,0.0,0.0,0.0,0.0,0.0,0.0,2.9626152589917183
35,0.42119406163692474,0.11376075074076653,0.1282298006117344,0.12880585342645645,0.12894505634903908,0.11902815476059914,0.11499621719121933,0.1320873536169529,0.12788953259587288,0.11443306878209114,0.11461962759494781,0.11390305683016777,0.11171244457364082,0.1142205074429512,0.11392859742045403,0.11479935050010681,0.1136963777244091,0.12628943100571632,0.11726875975728035,0.11730633303523064,0.10549899563193321,0.10553976893424988,0.11152211204171181,0.11224884539842606,0.1114363893866539,0.11144482344388962,0.11092210933566093,0.11083737015724182,0.11028046160936356,0.11063603684306145,0.11043364182114601,0.00015952810645103455,0.0,0.0,0.0,0.0,0.0,0.0,0.0,0.0,0.0,0.0,0.0,0.0,0.0,0.0,0.0,0.0,0.0,0.0,3.8980744183063507
36,0.12034709006547928,0.1198120079934597,0.11577173694968224,0.11549178883433342,0.11517952010035515,0.11509095877408981,0.11378289759159088,0.11484962329268456,0.11409991979598999,0.11401399970054626,0.11455673351883888,0.11437856778502464,0.11781439185142517,0.11374875530600548,0.11362945660948753,0.1128833070397377,0.11300685256719589,0.11312088742852211,0.11319475993514061,0.11228932440280914,0.11256853491067886,0.1118597723543644,0.11039258167147636,0.11152632161974907,0.11189411953091621,0.11162972822785378,0.11175206303596497,0.11065148934721947,0.11104929819703102,0.10616861283779144,0.11015043035149574,0.11423693597316742,0.00025425106287002563,0.0,0.0,0.0,0.0,0.0,0.0,0.0,0.0,0.0,0.0,0.0,0.0,0.0,0.0,0.0,0.0,0.0,3.631196718662977
37,0.11996256187558174,0.11540862545371056,0.11598088219761848,0.11563167348504066,0.11963936686515808,0.11934516951441765,0.12439460307359695,0.1269652582705021,0.11440432444214821,0.11896960064768791,0.11199479177594185,0.1134602315723896,0.11464464664459229,0.11316158249974251,0.11374818161129951,0.12129402533173561,0.11301470920443535,0.11181756854057312,0.11103404313325882,0.11103035509586334,0.11110127717256546,0.11707067117094994,0.11650419980287552,0.1159316748380661,0.11480886861681938,0.11201755329966545,0.11191920563578606,0.11775510013103485,0.1154831014573574,0.11056780070066452,0.11489821597933769,0.11082273721694946,0.11019258946180344,0.0005210451781749725,0.0,0.0,0.0,0.0,0.0,0.0,0.0,0.0,0.0,0.0,0.0,0.0,0.0,0.0,0.0,0.0,3.8054962418973446
38,0.1205616220831871,0.11600818857550621,0.12718098238110542,0.12868449091911316,0.11532214656472206,0.12001596391201019,0.11326020956039429,0.1285691298544407,0.1279517598450184,0.12841635197401047,0.1135651059448719,0.11454948037862778,0.11389787122607231,0.12667729705572128,0.11155566945672035,0.1117105782032013,0.12885884195566177,0.12086964398622513,0.1262139305472374,0.11083540320396423,0.11052999272942543,0.11174297705292702,0.11206230148673058,0.1116032712161541,0.1109897755086422,0.11067941412329674,0.11063512042164803,0.11104454472661018,0.11059581488370895,0.10995180904865265,0.0,0.0,0.0,0.0,0.0,0.0,0.0,0.0,0.0,0.0,0.0,0.0,0.0,0.0,0.0,0.0,0.0,0.0,0.0,0.0,3.5145396888256073
39,0.11973177269101143,0.12006637081503868,0.1157522015273571,0.1155364140868187,0.11486096680164337,0.11555551365017891,0.12514476105570793,0.11445271223783493,0.11484161391854286,0.11842062324285507,0.11479755863547325,0.11468672379851341,0.11359958350658417,0.11389867216348648,0.11393048986792564,0.11314437538385391,0.11343111470341682,0.11317011713981628,0.11267114803195,0.11460182815790176,0.11430907621979713,0.11192391440272331,0.11233630031347275,0.11115996167063713,0.11141015961766243,0.11161992698907852,0.11102963984012604,0.11129328608512878,0.1103096529841423,0.11032838746905327,0.11059049144387245,0.00015793368220329285,0.0,0.0,0.0,0.0,0.0,0.0,0.0,0.0,0.0,0.0,0.0,0.0,0.0,0.0,0.0,0.0,0.0,0.0,3.538763292133808
40,0.11637639999389648,0.12911845371127129,0.1278097704052925,0.11525177210569382,0.11621974781155586,0.11541488021612167,0.115091472864151,0.11525478959083557,0.11501041054725647,0.11832206696271896,0.1183411069214344,0.11767120286822319,0.11779265850782394,0.1266721524298191,0.11761156469583511,0.11390262469649315,0.11300338804721832,0.1133023351430893,0.11243735626339912,0.11249472200870514,0.11257113888859749,0.11230242252349854,0.11588679626584053,0.1175239123404026,0.11233097314834595,0.11209927871823311,0.11145398393273354,0.11159268021583557,0.11147985607385635,0.11087207496166229,0.1223943755030632,0.1122523695230484,0.1082209125161171,0.11107216775417328,0.11003722622990608,0.0003313794732093811,0.0,0.0,0.0,0.0,0.0,0.0,0.0,0.0,0.0,0.0,0.0,0.0,0.0,0.0,4.039520423859358
41,0.3772047869861126,0.11611274629831314,0.11595117300748825,0.11263546347618103,0.1288786120712757,0.11532270908355713,0.11516951769590378,0.11631066724658012,0.11631187796592712,0.11482201516628265,0.11435209587216377,0.1138618104159832,0.11421891674399376,0.11277686059474945,0.11158528923988342,0.11347288638353348,0.11382924020290375,0.10719232261180878,0.1133112870156765,0.11288254708051682,0.15776706859469414,0.11744074523448944,0.1126016154885292,0.11207951232790947,0.11219793558120728,0.11164078116416931,0.111353550106287,0.1055159792304039,0.11254832521080971,0.11158587783575058,0.1102268323302269,0.11097919568419456,0.11035479977726936,0.11012435704469681,0.0006343014538288116,0.0,0.0,0.0,0.0,0.0,0.0,0.0,0.0,0.0,0.0,0.0,0.0,0.0,0.0,0.0,4.163253702223301
42,0.450148768723011,0.11995599418878555,0.11529606208205223,0.1334531083703041,0.11504501476883888,0.11472417786717415,0.11460945010185242,0.11523718386888504,0.11434396356344223,0.11857802793383598,0.11484688892960548,0.11390265822410583,0.11403251811861992,0.11204381659626961,0.11353719606995583,0.11278840526938438,0.11288850754499435,0.11255445331335068,0.11261733621358871,0.11239457502961159,0.11292539536952972,0.11178648099303246,0.11184367910027504,0.11196930333971977,0.11121366545557976,0.11149685829877853,0.11160517111420631,0.11148902773857117,0.1107051782310009,0.0008347481489181519,0.0006981268525123596,0.0,0.0,0.0,0.0,0.0,0.0,0.0,0.0,0.0,0.0,0.0,0.0,0.0,0.0,0.0,0.0,0.0,0.0,0.0,3.649565741419792
43,0.3725251257419586,0.11971127241849899,0.11588497459888458,0.1137300655245781,0.11505026370286942,0.1149091012775898,0.11455656215548515,0.10830158367753029,0.11242830753326416,0.11472591012716293,0.11910223588347435,0.12883343175053596,0.11384839192032814,0.1072654090821743,0.11358091235160828,0.12619680166244507,0.12263868749141693,0.11271606758236885,0.1126081570982933,0.11209526285529137,0.11231472343206406,0.11206923425197601,0.11209617555141449,0.12174471840262413,0.11137187480926514,0.11110050603747368,0.11075494438409805,0.11127098277211189,0.11040888726711273,0.11010292917490005,0.1101808249950409,0.00019839778542518616,0.0,0.0,0.0,0.0,0.0,0.0,0.0,0.0,0.0,0.0,0.0,0.0,0.0,0.0,0.0,0.0,0.0,0.0,3.804322723299265
44,0.5575792379677296,0.11938892677426338,0.116112619638443,0.11547505483031273,0.11561183258891106,0.11504002287983894,0.11500978097319603,0.11866134777665138,0.11442536860704422,0.127224400639534,0.1142326220870018,0.11405251175165176,0.11443107947707176,0.11345846951007843,0.11315617337822914,0.11273564770817757,0.11171569302678108,0.11106029897928238,0.11291166767477989,0.11192012205719948,0.11223333328962326,0.1122324988245964,0.11208297684788704,0.11125205084681511,0.11144295707345009,0.11067859455943108,0.11079667136073112,0.11017776280641556,0.11015012487769127,0.11066361889243126,0.00017292797565460205,0.0,0.0,0.0,0.0,0.0,0.0,0.0,0.0,0.0,0.0,0.0,0.0,0.0,0.0,0.0,0.0,0.0,0.0,0.0,3.8560863956809044
45,0.26778512075543404,0.11547278240323067,0.11598021909594536,0.1155710518360138,0.11472609266638756,0.12826649472117424,0.11456568166613579,0.11461755260825157,0.11477698013186455,0.11395947262644768,0.11802417784929276,0.113895233720541,0.11192092671990395,0.1141754612326622,0.11405624076724052,0.11370380222797394,0.11351051926612854,0.11263388022780418,0.1122823916375637,0.11283547803759575,0.11165319383144379,0.11595718190073967,0.11212142184376717,0.11210362613201141,0.11124319210648537,0.11100229993462563,0.11083300411701202,0.11081546545028687,0.11016209423542023,0.11011579260230064,0.11036881804466248,0.10959090664982796,0.0001613311469554901,0.0,0.0,0.0,0.0,0.0,0.0,0.0,0.0,0.0,0.0,0.0,0.0,0.0,0.0,0.0,0.0,0.0,3.7888878881931305
46,0.12021766975522041,0.11542583629488945,0.1120443269610405,0.11528448760509491,0.11556419357657433,0.1145760826766491,0.11469568312168121,0.1147565133869648,0.11423350125551224,0.11449558660387993,0.1136343739926815,0.11431015282869339,0.11389283463358879,0.11705858632922173,0.11292167752981186,0.11345281451940536,0.11298773065209389,0.11274205520749092,0.11252230405807495,0.11653359234333038,0.11173049733042717,0.11211123690009117,0.11198848113417625,0.11202140897512436,0.11128298565745354,0.11157886683940887,0.11077742278575897,0.11065695062279701,0.11103726923465729,0.11020784080028534,0.11001033708453178,0.11045781150460243,0.0003325119614601135,0.0,0.0,0.0,0.0,0.0,0.0,0.0,0.0,0.0,0.0,0.0,0.0,0.0,0.0,0.0,0.0,0.0,3.625543624162674
47,0.11990514025092125,0.12971880286931992,0.11150525510311127,0.1283947490155697,0.11561249941587448,0.11494697257876396,0.11492756009101868,0.11507167667150497,0.11422595009207726,0.11475272104144096,0.11454799398779869,0.11780798435211182,0.11410453170537949,0.11338607221841812,0.11358946189284325,0.1264805942773819,0.12080226838588715,0.11593187972903252,0.11400510743260384,0.11248981207609177,0.11262894049286842,0.11664925515651703,0.11205334588885307,0.11174645647406578,0.11125051975250244,0.11132675036787987,0.111391581594944,0.11149807274341583,0.1116534098982811,0.11068416014313698,0.11073562502861023,0.0009361244738101959,0.0007979236543178558,0.0,0.0,0.0,0.0,0.0,0.0,0.0,0.0,0.0,0.0,0.0,0.0,0.0,0.0,0.0,0.0,0.0,3.5755591988563538
48,0.11606074869632721,0.1284581907093525,0.1279907450079918,0.1194060817360878,0.11568614840507507,0.11564002931118011,0.11896355077624321,0.11835423484444618,0.11519188806414604,0.11473075672984123,0.1276387795805931,0.11479201912879944,0.11290258169174194,0.1275719329714775,0.12928984686732292,0.11084740981459618,0.11764021217823029,0.12026726827025414,0.11212681233882904,0.11050257831811905,0.12157038599252701,0.11418483033776283,0.11128190532326698,0.11226484924554825,0.11269113048911095,0.11569830030202866,0.11177269741892815,0.12072548270225525,0.1113491952419281,0.11057393252849579,0.11084766313433647,0.00016190484166145325,0.0,0.0,0.0,0.0,0.0,0.0,0.0,0.0,0.0,0.0,0.0,0.0,0.0,0.0,0.0,0.0,0.0,0.0,3.6271840929985046
49,0.11598468944430351,0.11508100107312202,0.11582951247692108,0.1223197840154171,0.11498401314020157,0.11942819505929947,0.11474854126572609,0.1150285042822361,0.11472408846020699,0.11410211399197578,0.11444889381527901,0.11444644257426262,0.11376312002539635,0.1142948530614376,0.11368235945701599,0.11379961669445038,0.11333678662776947,0.11354285478591919,0.1131872832775116,0.1125730536878109,0.11262894049286842,0.11707377433776855,0.12525100260972977,0.11169161647558212,0.1111578531563282,0.11141319200396538,0.11125543713569641,0.11109179630875587,0.11081388220191002,0.11016018688678741,0.1104327067732811,0.00015449151396751404,0.0,0.0,0.0,0.0,0.0,0.0,0.0,0.0,0.0,0.0,0.0,0.0,0.0,0.0,0.0,0.0,0.0,0.0,3.5424305871129036
50,0.1288047693669796,0.1155867762863636,0.11551457643508911,0.11551085487008095,0.11998549476265907,0.11437202990055084,0.11485089361667633,0.11431912332773209,0.11812378093600273,0.11434607580304146,0.1180802509188652,0.11376336961984634,0.11957437545061111,0.1132609099149704,0.11373750865459442,0.11330081522464752,0.11319905519485474,0.11232564225792885,0.11624423414468765,0.11276325955986977,0.11179287731647491,0.11187326163053513,0.11227735131978989,0.11130435764789581,0.11163761839270592,0.11129573360085487,0.11069056764245033,0.11072474345564842,0.11091913655400276,0.11449489742517471,0.11057643964886665,0.11030403897166252,0.10961437970399857,0.00015150383114814758,0.0,0.0,0.0,0.0,0.0,0.0,0.0,0.0,0.0,0.0,0.0,0.0,0.0,0.0,0.0,0.0,3.7653207033872604
51,0.4289025254547596,0.11971549317240715,0.11577903479337692,0.11532174795866013,0.12616827338933945,0.11486434191465378,0.11526712775230408,0.1151314377784729,0.11467352136969566,0.1194363422691822,0.11447394266724586,0.11850140616297722,0.11357174441218376,0.11381886899471283,0.1134125366806984,0.11362061649560928,0.11387502774596214,0.11358888447284698,0.11262967064976692,0.11222460865974426,0.11221200227737427,0.11183782666921616,0.11204880848526955,0.11195488646626472,0.11140727251768112,0.11145477741956711,0.1109621487557888,0.11091312766075134,0.11035426333546638,0.11040676757693291,0.1096925400197506,0.0,0.0,0.0,0.0,0.0,0.0,0.0,0.0,0.0,0.0,0.0,0.0,0.0,0.0,0.0,0.0,0.0,0.0,0.0,3.8482215739786625
52,0.26526862382888794,0.12023823335766792,0.11533282324671745,0.11533521860837936,0.11569514498114586,0.11554434895515442,0.11512231081724167,0.1150003932416439,0.11428240686655045,0.1145087443292141,0.11455976217985153,0.11445820704102516,0.11365725100040436,0.11419767513871193,0.11336171999573708,0.11322668567299843,0.11359094455838203,0.11306022107601166,0.10826076194643974,0.11632360145449638,0.11265837401151657,0.11171574145555496,0.11214154213666916,0.11233000084757805,0.11200138181447983,0.11147882044315338,0.11126069352030754,0.11084506288170815,0.11104496568441391,0.11121145635843277,0.11007143557071686,0.11045865714550018,0.11053033173084259,0.0001701153814792633,0.0,0.0,0.0,0.0,0.0,0.0,0.0,0.0,0.0,0.0,0.0,0.0,0.0,0.0,0.0,0.0,3.8889436572790146
53,0.26421845704317093,0.11617689579725266,0.11603390425443649,0.11517583951354027,0.11986341699957848,0.11299411952495575,0.11537396162748337,0.11476553604006767,0.12821026518940926,0.12855716049671173,0.12858577817678452,0.11249351873993874,0.11520873755216599,0.11398541554808617,0.1136065386235714,0.11380161345005035,0.11340900138020515,0.117130808532238,0.11314095184206963,0.11220167204737663,0.11277788504958153,0.1119278259575367,0.11185626313090324,0.11214346066117287,0.1123146079480648,0.11132582277059555,0.10971926897764206,0.11095885932445526,0.11492489278316498,0.1108316108584404,0.11115051433444023,0.10872474312782288,0.10842112451791763,0.00035966187715530396,0.00021884962916374207,0.0,0.0,0.0,0.0,0.0,0.0,0.0,0.0,0.0,0.0,0.0,0.0,0.0,0.0,0.0,3.9325889833271503
54,0.46886078268289566,0.11612915620207787,0.1214352436363697,0.1149473786354065,0.11514565721154213,0.1153678223490715,0.11872854828834534,0.1144183985888958,0.11445166543126106,0.1150016188621521,0.11466172337532043,0.11396170407533646,0.11422773450613022,0.1181020699441433,0.11497049778699875,0.11381258070468903,0.11689860001206398,0.11311958730220795,0.11722078174352646,0.11293007433414459,0.11266999319195747,0.1122974157333374,0.11186359450221062,0.11203320324420929,0.1118316501379013,0.11204595491290092,0.1113470047712326,0.11565465852618217,0.11076684296131134,0.11045264452695847,0.115082498639822,0.10999416187405586,0.00044156238436698914,0.11039213836193085,0.00013586506247520447,0.0,0.0,0.0,0.0,0.0,0.0,0.0,0.0,0.0,0.0,0.0,0.0,0.0,0.0,0.0,4.121400814503431
55,0.5784699730575085,0.11565689742565155,0.11554298549890518,0.11516862362623215,0.11528782546520233,0.12765562161803246,0.11489949002861977,0.11493310704827309,0.1142987459897995,0.1143285259604454,0.11466405540704727,0.11391767859458923,0.11422466114163399,0.11417372152209282,0.11313867196440697,0.11361172795295715,0.11324981600046158,0.11681035533547401,0.11314836889505386,0.11257608979940414,0.11247693002223969,0.11174798756837845,0.11209044232964516,0.11222255975008011,0.11127745732665062,0.11120176687836647,0.11108234152197838,0.11069048568606377,0.11089568957686424,0.11039718613028526,0.1086931936442852,0.11384234577417374,0.11041941493749619,0.00015823543071746826,0.0,0.0,0.0,0.0,0.0,0.0,0.0,0.0,0.0,0.0,0.0,0.0,0.0,0.0,0.0,0.0,4.212952978909016
56,0.11562377586960793,0.11974121257662773,0.11504548788070679,0.11512263864278793,0.11900344118475914,0.11901536583900452,0.11900118365883827,0.11851940304040909,0.11855851858854294,0.11496111378073692,0.11368976905941963,0.12627042457461357,0.11431358754634857,0.1134997010231018,0.11353380978107452,0.1126999706029892,0.11356357857584953,0.10465268418192863,0.11330884322524071,0.11235471442341805,0.11259141564369202,0.11178761348128319,0.11195037886500359,0.11521882191300392,0.11117246747016907,0.11138156801462173,0.11092450469732285,0.11105426400899887,0.11068656295537949,0.11449045687913895,0.11040767654776573,0.00015869364142417908,0.0,0.0,0.0,0.0,0.0,0.0,0.0,0.0,0.0,0.0,0.0,0.0,0.0,0.0,0.0,0.0,0.0,0.0,3.544303648173809
57,0.11617529392242432,0.11652753129601479,0.1194903776049614,0.1154738999903202,0.11515447124838829,0.11532584950327873,0.11461994051933289,0.11525816842913628,0.11838169023394585,0.11439302563667297,0.11402487009763718,0.11822691559791565,0.1177702397108078,0.11402269452810287,0.11783423274755478,0.1134551428258419,0.1130654402077198,0.11315467581152916,0.11249268054962158,0.11257965490221977,0.12916561216115952,0.11380781978368759,0.11183527484536171,0.11222520470619202,0.11218738183379173,0.11138568818569183,0.11132386326789856,0.11080999299883842,0.11071911454200745,0.11091858893632889,0.11007413640618324,0.11428150162100792,0.00016177445650100708,0.0,0.0,0.0,0.0,0.0,0.0,0.0,0.0,0.0,0.0,0.0,0.0,0.0,0.0,0.0,0.0,0.0,3.666322749108076
58,0.12019796669483185,0.11565031483769417,0.11541898921132088,0.11496325582265854,0.1157362200319767,0.11932768300175667,0.11502353474497795,0.11899062246084213,0.11862105131149292,0.11454842239618301,0.11411070823669434,0.11436532437801361,0.11411670967936516,0.11413950845599174,0.11797469481825829,0.11395331099629402,0.11298288032412529,0.11310230940580368,0.11229339987039566,0.11233264952898026,0.1128305196762085,0.11219749227166176,0.11195233464241028,0.11526841670274734,0.11526687443256378,0.10950426757335663,0.11072453111410141,0.11082873493432999,0.11102103814482689,0.11025740951299667,0.11069200932979584,0.11044657230377197,0.00013731792569160461,0.0,0.0,0.0,0.0,0.0,0.0,0.0,0.0,0.0,0.0,0.0,0.0,0.0,0.0,0.0,0.0,0.0,3.6489770747721195
59,0.11575495824217796,0.11557562276721,0.11937479302287102,0.11499105021357536,0.1196901947259903,0.11537857353687286,0.11927337571978569,0.11871032789349556,0.11403309181332588,0.114462461322546,0.11439928784966469,0.11464184150099754,0.11347174644470215,0.11354707926511765,0.1128615066409111,0.11359977349638939,0.11289695277810097,0.11337641254067421,0.11236213520169258,0.11280380189418793,0.11177433282136917,0.11209552735090256,0.11222949996590614,0.11594611033797264,0.11505988612771034,0.1109425537288189,0.11121415346860886,0.11090569943189621,0.11418289318680763,0.11029728502035141,0.00017107650637626648,0.0,0.0,0.0,0.0,0.0,0.0,0.0,0.0,0.0,0.0,0.0,0.0,0.0,0.0,0.0,0.0,0.0,0.0,0.0,3.426024004817009
60,0.1162339597940445,0.11535176634788513,0.11523349210619926,0.1286911740899086,0.11485051363706589,0.1144479401409626,0.11349103227257729,0.11318304762244225,0.11805309355258942,0.11394307389855385,0.1139739640057087,0.11418598517775536,0.11416800320148468,0.11405479162931442,0.11361893638968468,0.11365056037902832,0.11293626576662064,0.1129055917263031,0.11303947120904922,0.11244864016771317,0.11245837062597275,0.11661485955119133,0.11265980824828148,0.11162851005792618,0.1125207357108593,0.11246920749545097,0.11603748425841331,0.11136884987354279,0.11516773328185081,0.11064110696315765,0.11100805178284645,0.11002296954393387,0.11031343415379524,0.11043577268719673,0.0003233514726161957,0.0,0.0,0.0,0.0,0.0,0.0,0.0,0.0,0.0,0.0,0.0,0.0,0.0,0.0,0.0,3.872131548821926
61,0.3262193202972412,0.12013240903615952,0.11977128311991692,0.11520277708768845,0.132566399872303,0.12824831902980804,0.11380347982048988,0.12774132564663887,0.11282368004322052,0.1279265284538269,0.12762077152729034,0.127526193857193,0.12679939717054367,0.10958531871438026,0.12601324915885925,0.1522456780076027,0.112933449447155,0.11318301036953926,0.11320409178733826,0.11227564886212349,0.1125982254743576,0.11182179301977158,0.11191227287054062,0.11189459636807442,0.11230144649744034,0.11125084012746811,0.11133505031466484,0.1115366667509079,0.11107243970036507,0.11128704249858856,0.11493794247508049,0.11030767112970352,0.11038155853748322,0.11046574637293816,0.00012772902846336365,0.0,0.0,0.0,0.0,0.0,0.0,0.0,0.0,0.0,0.0,0.0,0.0,0.0,0.0,0.0,4.209053352475166
62,0.3815588094294071,0.12057943642139435,0.11969110742211342,0.11576145887374878,0.11409309506416321,0.11678271368145943,0.11470448598265648,0.1144941970705986,0.1272345557808876,0.11372990533709526,0.1304169036448002,0.11458196118474007,0.11792310699820518,0.11444555595517159,0.11398950591683388,0.12624802067875862,0.11758192628622055,0.11741925403475761,0.11413389816880226,0.12586919218301773,0.11248938366770744,0.12943734228610992,0.11310310289263725,0.11233649402856827,0.11194727942347527,0.11139373853802681,0.11577609926462173,0.11186579242348671,0.11170822381973267,0.11165305972099304,0.10785125195980072,0.00020285695791244507,0.0,0.0,0.0,0.0,0.0,0.0,0.0,0.0,0.0,0.0,0.0,0.0,0.0,0.0,0.0,0.0,0.0,0.0,3.881003715097904
63,0.473679319024086,0.12887083739042282,0.11917228996753693,0.11383352428674698,0.11519410461187363,0.115471962839365,0.11476512253284454,0.11499791592359543,0.12750417366623878,0.11258389055728912,0.11643281579017639,0.11373570933938026,0.11344758421182632,0.11338004097342491,0.11436882615089417,0.11311326548457146,0.12612074241042137,0.11144911497831345,0.12652069702744484,0.12388582527637482,0.12522074952721596,0.11323166266083717,0.11193154752254486,0.1120586097240448,0.11215204000473022,0.1115238107740879,0.11144686862826347,0.1116769015789032,0.1109088659286499,0.11046414449810982,0.11016299203038216,0.11045628413558006,0.10972103849053383,0.0,0.0,0.0,0.0,0.0,0.0,0.0,0.0,0.0,0.0,0.0,0.0,0.0,0.0,0.0,0.0,0.0,4.169483277946711
64,0.47965772822499275,0.11556175723671913,0.11469891667366028,0.1159912459552288,0.12758124992251396,0.1280028335750103,0.11872666701674461,0.11260389164090157,0.11434919014573097,0.11426185816526413,0.1136401891708374,0.11433910578489304,0.11433246731758118,0.12187961861491203,0.11315610259771347,0.1114145889878273,0.11278389021754265,0.11312929168343544,0.10948764905333519,0.11125438287854195,0.11031535640358925,0.11231345683336258,0.1167886070907116,0.11227617412805557,0.11190782114863396,0.11534100770950317,0.11141278967261314,0.1114017628133297,0.1107359454035759,0.11067935079336166,0.1110229380428791,0.1111862026154995,0.11088047176599503,0.11028038337826729,0.10962669178843498,0.0001570582389831543,0.0,0.0,0.0,0.0,0.0,0.0,0.0,0.0,0.0,0.0,0.0,0.0,0.0,0.0,4.353178642690182
65,0.5593559443950653,0.11588169261813164,0.11982500925660133,0.11492814496159554,0.11821003258228302,0.12766531482338905,0.1247626356780529,0.11484601721167564,0.1146044097840786,0.11460912227630615,0.11393862590193748,0.1144678108394146,0.12742643430829048,0.11368977651000023,0.1131134182214737,0.11356932669878006,0.1133505254983902,0.1124955415725708,0.11296810209751129,0.11242399364709854,0.11211125180125237,0.11580508947372437,0.11167459562420845,0.1112523265182972,0.11142470315098763,0.11061843112111092,0.11488666012883186,0.11108317971229553,0.1102178767323494,0.11034002155065536,0.1102975495159626,0.00015839189291000366,0.0,0.0,0.0,0.0,0.0,0.0,0.0,0.0,0.0,0.0,0.0,0.0,0.0,0.0,0.0,0.0,0.0,0.0,4.002001956105232
66,0.11965188011527061,0.11533952131867409,0.11581713333725929,0.11917829141020775,0.11099860817193985,0.11483267694711685,0.11527134478092194,0.11307598277926445,0.11437449231743813,0.11432260647416115,0.11379896104335785,0.11395201086997986,0.1134820319712162,0.11368755996227264,0.11315640807151794,0.11332041025161743,0.11293924227356911,0.11277798935770988,0.1123155988752842,0.11255912855267525,0.11185583472251892,0.11196671798825264,0.1120934970676899,0.11206240579485893,0.11113471910357475,0.11578481644392014,0.11093690246343613,0.11081983149051666,0.11126517504453659,0.11096994951367378,0.10837613418698311,0.10838822275400162,0.10831764712929726,0.00015850737690925598,0.0,0.0,0.0,0.0,0.0,0.0,0.0,0.0,0.0,0.0,0.0,0.0,0.0,0.0,0.0,0.0,3.728982239961624
67,0.11645595729351044,0.11981489881873131,0.12001843377947807,0.11503218114376068,0.11884825304150581,0.11469034478068352,0.11490937322378159,0.1279682219028473,0.13057652115821838,0.11379580944776535,0.11812582984566689,0.12660551816225052,0.12749294191598892,0.127132810652256,0.11690869182348251,0.12718866020441055,0.12080078572034836,0.11222213879227638,0.12933986261487007,0.11744194477796555,0.12607723847031593,0.12584419921040535,0.13842375203967094,0.12087469175457954,0.11153406277298927,0.10881012678146362,0.10896620154380798,0.10898347944021225,0.11027826741337776,0.11031318455934525,0.00016057491302490234,0.0,0.0,0.0,0.0,0.0,0.0,0.0,0.0,0.0,0.0,0.0,0.0,0.0,0.0,0.0,0.0,0.0,0.0,0.0,3.585634957998991
68,0.12851274013519287,0.11681921780109406,0.12864500656723976,0.11982123926281929,0.11907701939344406,0.11955157667398453,0.1283182017505169,0.12805376574397087,0.12757090106606483,0.12790386751294136,0.12785467132925987,0.11394372954964638,0.11499890312552452,0.11364777758717537,0.11357730999588966,0.11378562077879906,0.11298882216215134,0.11329670995473862,0.11389266327023506,0.11301621422171593,0.11283457279205322,0.11270897835493088,0.11192888393998146,0.1120370626449585,0.1119997650384903,0.1113162524998188,0.11129841580986977,0.1121564619243145,0.11122710630297661,0.11082296445965767,0.11076895892620087,0.11110424250364304,0.11020897701382637,0.1101704090833664,0.0004293583333492279,0.0,0.0,0.0,0.0,0.0,0.0,0.0,0.0,0.0,0.0,0.0,0.0,0.0,0.0,0.0,3.956288367509842
69,0.1164567582309246,0.12323706969618797,0.11596550419926643,0.11713910475373268,0.11706743761897087,0.12926197424530983,0.13217105716466904,0.11500020325183868,0.11496337875723839,0.11454587057232857,0.12195358797907829,0.11710704490542412,0.11367369815707207,0.11588481813669205,0.11487575620412827,0.11363833770155907,0.11555809900164604,0.1170850619673729,0.11499475687742233,0.13391635939478874,0.1142246164381504,0.1121394969522953,0.11266932263970375,0.11155920848250389,0.11306842043995857,0.1114952601492405,0.11124709621071815,0.11153732612729073,0.11110852658748627,0.11063539609313011,0.1104365885257721,0.11049909144639969,0.10963685810565948,0.00012760236859321594,0.0,0.0,0.0,0.0,0.0,0.0,0.0,0.0,0.0,0.0,0.0,0.0,0.0,0.0,0.0,0.0,3.824880689382553
70,0.11953729018568993,0.11558156833052635,0.11993608251214027,0.11532745137810707,0.1194547712802887,0.11473451182246208,0.11527561023831367,0.11487451940774918,0.11433310061693192,0.11593623086810112,0.11457138508558273,0.11410663276910782,0.1140906922519207,0.11418408900499344,0.11316011101007462,0.11305523291230202,0.11306869983673096,0.11320604756474495,0.11218833178281784,0.11249858513474464,0.11648764088749886,0.11176769807934761,0.11227719858288765,0.11147565022110939,0.11212990805506706,0.11123435944318771,0.11157028749585152,0.1148218959569931,0.11095595359802246,0.11090360209345818,0.11015168949961662,0.11030970513820648,0.11025325581431389,0.00025416165590286255,0.00011828169226646423,0.0,0.0,0.0,0.0,0.0,0.0,0.0,0.0,0.0,0.0,0.0,0.0,0.0,0.0,0.0,3.75383223220706
71,0.42141227051615715,0.11575457826256752,0.12008880823850632,0.12010437995195389,0.1149982362985611,0.11873652786016464,0.11459098383784294,0.11927173659205437,0.11495740711688995,0.11423688009381294,0.11425098404288292,0.11477823927998543,0.11433059722185135,0.11443370208144188,0.11798926815390587,0.11338350549340248,0.11371403187513351,0.11310508847236633,0.1127450279891491,0.1124650314450264,0.11264777183532715,0.11242301762104034,0.11204463243484497,0.11121254414319992,0.11141663789749146,0.11215042695403099,0.11128775775432587,0.11054014042019844,0.11421920359134674,0.1105254478752613,0.10966157913208008,0.0,0.0,0.0,0.0,0.0,0.0,0.0,0.0,0.0,0.0,0.0,0.0,0.0,0.0,0.0,0.0,0.0,0.0,0.0,3.8434764444828033
72,0.44721871241927147,0.12831508368253708,0.12882628291845322,0.11563415825366974,0.1283818706870079,0.13196853548288345,0.1146358884871006,0.12796898186206818,0.12783939763903618,0.12857593968510628,0.1369091235101223,0.11446665599942207,0.11341076716780663,0.11384496465325356,0.1131533570587635,0.113673135638237,0.12646028771996498,0.11314480379223824,0.11318039149045944,0.11293089389801025,0.11267442628741264,0.11196799948811531,0.11058485507965088,0.1100773811340332,0.10934000462293625,0.10962622985243797,0.10937422513961792,0.10962988436222076,0.11049728095531464,0.11108914017677307,0.1121109202504158,0.11028782278299332,0.0002100430428981781,0.0,0.0,0.0,0.0,0.0,0.0,0.0,0.0,0.0,0.0,0.0,0.0,0.0,0.0,0.0,0.0,0.0,4.078009445220232
73,0.5716588012874126,0.12864815071225166,0.12885036692023277,0.11567527800798416,0.11415287107229233,0.11315417289733887,0.11504257842898369,0.11466293781995773,0.11315339058637619,0.11462261155247688,0.11396520212292671,0.11455508694052696,0.1267116442322731,0.12793516740202904,0.117818932980299,0.12647513300180435,0.11442507058382034,0.11648112908005714,0.11689114943146706,0.12575672939419746,0.11004360020160675,0.10983561724424362,0.11208707466721535,0.1112944595515728,0.11137863621115685,0.11133522167801857,0.11157653108239174,0.11071732640266418,0.11087494343519211,0.1101585105061531,0.11027282476425171,0.00017061829566955566,0.0,0.0,0.0,0.0,0.0,0.0,0.0,0.0,0.0,0.0,0.0,0.0,0.0,0.0,0.0,0.0,0.0,0.0,4.050381768494844
74,0.42860453203320503,0.116242665797472,0.11977539211511612,0.11950358375906944,0.11593947932124138,0.11566183716058731,0.11441837623715401,0.1153564453125,0.11196880787611008,0.1122749112546444,0.11420264095067978,0.11374286934733391,0.11369967460632324,0.11331614479422569,0.11368353292346,0.11333742365241051,0.11328012123703957,0.1129641979932785,0.11255563795566559,0.11694926396012306,0.1126822829246521,0.11179086938500404,0.1117086298763752,0.11117501184344292,0.11137279495596886,0.11075510457158089,0.11083124950528145,0.11086311563849449,0.11091621592640877,0.11024630442261696,0.1112801693379879,0.0002548396587371826,0.0001180991530418396,0.0,0.0,0.0,0.0,0.0,0.0,0.0,0.0,0.0,0.0,0.0,0.0,0.0,0.0,0.0,0.0,0.0,3.831472225487232
75,0.46098047494888306,0.1155613325536251,0.11967061460018158,0.11521883308887482,0.11542173102498055,0.11557372659444809,0.11536012589931488,0.11865536496043205,0.11861063167452812,0.11484018340706825,0.11389291286468506,0.11377475038170815,0.11397015675902367,0.12686317414045334,0.11373412236571312,0.11366363987326622,0.11371638625860214,0.11287318170070648,0.11332105845212936,0.112360168248415,0.11246773973107338,0.11219815537333488,0.11602333933115005,0.11645429953932762,0.1116875521838665,0.1116221696138382,0.1116233691573143,0.11078987270593643,0.11423860862851143,0.11018452793359756,0.1144084632396698,0.0001288279891014099,0.0,0.0,0.0,0.0,0.0,0.0,0.0,0.0,0.0,0.0,0.0,0.0,0.0,0.0,0.0,0.0,0.0,0.0,3.8998894952237606
76,0.11570626869797707,0.11604074761271477,0.11579965800046921,0.1154424175620079,0.11533500254154205,0.11501291394233704,0.1148080937564373,0.11441217735409737,0.11432080715894699,0.1145496591925621,0.11368756368756294,0.11499591544270515,0.11350403353571892,0.11404833570122719,0.11328600719571114,0.11304645240306854,0.1131993941962719,0.11265286430716515,0.11721310392022133,0.11258497461676598,0.11649159342050552,0.11176134273409843,0.11183195561170578,0.1123444214463234,0.11117668077349663,0.11136360093951225,0.11074459925293922,0.11478064954280853,0.11100855469703674,0.11094405129551888,0.11036188900470734,0.11056167259812355,0.00015136972069740295,0.0,0.0,0.0,0.0,0.0,0.0,0.0,0.0,0.0,0.0,0.0,0.0,0.0,0.0,0.0,0.0,0.0,3.6331687718629837
77,0.11633498594164848,0.12849082425236702,0.11459176242351532,0.1155482642352581,0.11892233043909073,0.12486393377184868,0.11564493551850319,0.11858077347278595,0.11494344472885132,0.11462363228201866,0.11846235394477844,0.11445597186684608,0.1136988215148449,0.127103079110384,0.11343398317694664,0.11311322823166847,0.11653171107172966,0.11239847913384438,0.11265217512845993,0.1122530847787857,0.1123298816382885,0.11176281422376633,0.11202635616064072,0.11164425686001778,0.1115678995847702,0.11103480681777,0.11037634685635567,0.0006153695285320282,0.000414922833442688,0.00015100836753845215,0.0,0.0,0.0,0.0,0.0,0.0,0.0,0.0,0.0,0.0,0.0,0.0,0.0,0.0,0.0,0.0,0.0,0.0,0.0,0.0,3.118571437895298
78,0.11613304913043976,0.11535641551017761,0.1153109148144722,0.12853556498885155,0.11518354713916779,0.11463139206171036,0.11493052169680595,0.12821247056126595,0.11341781169176102,0.1147429421544075,0.11373037099838257,0.11147696897387505,0.11369819194078445,0.1133490726351738,0.11784659698605537,0.10896235704421997,0.11359936371445656,0.11302752420306206,0.11229801923036575,0.11050032824277878,0.11074485257267952,0.1122598834335804,0.1121942363679409,0.1113232970237732,0.11153100803494453,0.11166314780712128,0.1107875220477581,0.11067652702331543,0.11102131754159927,0.11123191937804222,0.11081688106060028,0.11047221720218658,0.11044984310865402,0.00015222281217575073,0.0,0.0,0.0,0.0,0.0,0.0,0.0,0.0,0.0,0.0,0.0,0.0,0.0,0.0,0.0,0.0,3.7502682991325855
79,0.12074146792292595,0.11842780187726021,0.1196490153670311,0.11480176076292992,0.1147056594491005,0.11534390971064568,0.11896330118179321,0.11451129242777824,0.11497633159160614,0.1144813559949398,0.11529279127717018,0.11808906495571136,0.11430339515209198,0.11342304944992065,0.1138419434428215,0.11334091052412987,0.113466065376997,0.1131109818816185,0.11628889665007591,0.11265955492854118,0.11176476627588272,0.11219115555286407,0.11626868322491646,0.11120302602648735,0.11142990738153458,0.11058712005615234,0.11081363260746002,0.11113304272294044,0.11071554943919182,0.11053775995969772,0.11006704345345497,0.0,0.0,0.0,0.0,0.0,0.0,0.0,0.0,0.0,0.0,0.0,0.0,0.0,0.0,0.0,0.0,0.0,0.0,0.0,3.5371302366256714
80,0.11569297686219215,0.11316928640007973,0.11555978283286095,0.11588688939809799,0.11495068669319153,0.11954344436526299,0.11497423052787781,0.11450014635920525,0.1141713336110115,0.11461304500699043,0.1147518903017044,0.11695728078484535,0.11778230965137482,0.11398814246058464,0.11367006227374077,0.11384539678692818,0.11350672319531441,0.11652353033423424,0.11309923976659775,0.11334088444709778,0.11703546345233917,0.11580327525734901,0.11620038747787476,0.11129546910524368,0.1114906407892704,0.11107200384140015,0.115078654140234,0.11097540333867073,0.11021341755986214,0.11041873320937157,0.0,0.0,0.0,0.0,0.0,0.0,0.0,0.0,0.0,0.0,0.0,0.0,0.0,0.0,0.0,0.0,0.0,0.0,0.0,0.0,3.4301107302308083
81,0.4147755950689316,0.11592280864715576,0.11912291124463081,0.11976787447929382,0.11493853852152824,0.11497657001018524,0.11485913395881653,0.11536049842834473,0.11509854719042778,0.12730040401220322,0.11380141228437424,0.11858232691884041,0.11399295553565025,0.11326734721660614,0.1135183684527874,0.11371931433677673,0.11349126324057579,0.11461058631539345,0.1127510666847229,0.11240575462579727,0.11271914094686508,0.11189963668584824,0.11208389326930046,0.11117763444781303,0.11156023293733597,0.11163615062832832,0.11068763956427574,0.11072925105690956,0.11099795624613762,0.11063635721802711,0.11036167666316032,0.0001585260033607483,0.0,0.0,0.0,0.0,0.0,0.0,0.0,0.0,0.0,0.0,0.0,0.0,0.0,0.0,0.0,0.0,0.0,0.0,3.8369113728404045
82,0.3958050347864628,0.11534035205841064,0.11514843255281448,0.11564143374562263,0.11947940289974213,0.11515023931860924,0.11525654792785645,0.11463377252221107,0.11447176709771156,0.11902344599366188,0.11579662933945656,0.11392606049776077,0.11836064606904984,0.11414462700486183,0.11738699674606323,0.11390779912471771,0.11756876483559608,0.11267263069748878,0.1130073256790638,0.11301823705434799,0.11285693570971489,0.11237158253788948,0.11207642406225204,0.11583589389920235,0.11098380759358406,0.11165288835763931,0.11078646406531334,0.11111021786928177,0.11042069271206856,0.1100965179502964,0.11030811443924904,0.0001587793231010437,0.0,0.0,0.0,0.0,0.0,0.0,0.0,0.0,0.0,0.0,0.0,0.0,0.0,0.0,0.0,0.0,0.0,0.0,3.8183984644711018
83,0.45662934333086014,0.11555953696370125,0.11529945954680443,0.1158280074596405,0.11555903032422066,0.11555328220129013,0.11931857839226723,0.1190236397087574,0.11493309587240219,0.11439799517393112,0.11455924808979034,0.11472486704587936,0.1140991672873497,0.11525395512580872,0.11335557326674461,0.11388789117336273,0.11386929452419281,0.11305899545550346,0.11744046583771706,0.11255669593811035,0.112893495708704,0.1126585379242897,0.11190593615174294,0.11155310273170471,0.11197781935334206,0.11096546798944473,0.11081694066524506,0.11123360693454742,0.11097877100110054,0.11029612645506859,0.1102633997797966,0.11061469465494156,0.0001637786626815796,0.0,0.0,0.0,0.0,0.0,0.0,0.0,0.0,0.0,0.0,0.0,0.0,0.0,0.0,0.0,0.0,0.0,3.9812298007309437
84,0.5645144730806351,0.12017843127250671,0.11558463796973228,0.1150168627500534,0.11574932560324669,0.1187288723886013,0.11328301951289177,0.11508776620030403,0.11445165798068047,0.11412889882922173,0.11378103494644165,0.11391644179821014,0.11414705216884613,0.11428636312484741,0.11361619830131531,0.11726269498467445,0.11276908591389656,0.1131141148507595,0.11298264190554619,0.11240796744823456,0.11246843636035919,0.11254039779305458,0.11282794922590256,0.11579464003443718,0.11193645000457764,0.1118972897529602,0.11135672777891159,0.11131251230835915,0.11074375361204147,0.11111538112163544,0.11024374142289162,0.1103372871875763,0.1104029156267643,0.0003310739994049072,0.0,0.0,0.0,0.0,0.0,0.0,0.0,0.0,0.0,0.0,0.0,0.0,0.0,0.0,0.0,0.0,4.1983160972595215
85,0.4538278579711914,0.11966515704989433,0.1201995462179184,0.11967149004340172,0.11528832837939262,0.1149083636701107,0.1194511167705059,0.1149575375020504,0.11841461807489395,0.1148030087351799,0.1147054024040699,0.11354687809944153,0.11340750381350517,0.11351587995886803,0.11541244015097618,0.11348144710063934,0.11680261045694351,0.11311693862080574,0.11240406706929207,0.1122099719941616,0.11245014145970345,0.11178341507911682,0.11606328934431076,0.1117737628519535,0.11204450204968452,0.11124573647975922,0.11176414415240288,0.11167050525546074,0.1106804609298706,0.11083932220935822,0.1100512407720089,0.11045346409082413,0.11036477610468864,0.00012985989451408386,0.0,0.0,0.0,0.0,0.0,0.0,0.0,0.0,0.0,0.0,0.0,0.0,0.0,0.0,0.0,0.0,4.101104784756899
86,0.12014338746666908,0.11547519639134407,0.11953768134117126,0.11566846817731857,0.11471913754940033,0.1147121749818325,0.12795309349894524,0.11959511414170265,0.11443912610411644,0.11393927410244942,0.11776644736528397,0.11408820748329163,0.11460136249661446,0.11346485465765,0.11396049708127975,0.11377676948904991,0.11356823891401291,0.11326609179377556,0.11047731339931488,0.11132845282554626,0.1200554370880127,0.1121104508638382,0.11197778582572937,0.11214226484298706,0.11222761124372482,0.12084243819117546,0.111568883061409,0.001208186149597168,0.0,0.0,0.0,0.0,0.0,0.0,0.0,0.0,0.0,0.0,0.0,0.0,0.0,0.0,0.0,0.0,0.0,0.0,0.0,0.0,0.0,0.0,3.1146139465272427
87,0.12066905573010445,0.11969676986336708,0.11646939441561699,0.11585746705532074,0.1131657250225544,0.11514893919229507,0.11526503786444664,0.11509174108505249,0.12773758545517921,0.12830260023474693,0.12805777788162231,0.11417403444647789,0.11417752504348755,0.11372952535748482,0.11321092024445534,0.11334870755672455,0.11098983138799667,0.11115182936191559,0.11052468046545982,0.11059900000691414,0.11238867044448853,0.11176246777176857,0.1119534969329834,0.11115699633955956,0.1211281567811966,0.11106210574507713,0.11071385070681572,0.11074643209576607,0.11086804792284966,0.11047498509287834,0.11032538115978241,0.10970906540751457,0.0001561976969242096,0.0,0.0,0.0,0.0,0.0,0.0,0.0,0.0,0.0,0.0,0.0,0.0,0.0,0.0,0.0,0.0,0.0,3.6698140017688274
88,0.1287292242050171,0.12774400040507317,0.11538941040635109,0.11589381098747253,0.11498096585273743,0.11528750136494637,0.11939110979437828,0.11873016506433487,0.11439245566725731,0.11417130753397942,0.11462355777621269,0.1144087091088295,0.11414159834384918,0.11345436424016953,0.12717879191040993,0.12791289016604424,0.1266646608710289,0.12654684856534004,0.12697257101535797,0.13646988943219185,0.1263851262629032,0.1159827969968319,0.11607823893427849,0.11569038406014442,0.11190705373883247,0.11084577068686485,0.11080098524689674,0.11112260818481445,0.11113197356462479,0.11104271188378334,0.00021562352776527405,0.0,0.0,0.0,0.0,0.0,0.0,0.0,0.0,0.0,0.0,0.0,0.0,0.0,0.0,0.0,0.0,0.0,0.0,0.0,3.5542871057987213
89,0.11617188155651093,0.11640187725424767,0.1159198246896267,0.1285373568534851,0.11562985554337502,0.11484512314200401,0.12838667258620262,0.12824659794569016,0.11456916108727455,0.12864232808351517,0.11445558443665504,0.114224873483181,0.11793162673711777,0.11394117400050163,0.11776084452867508,0.11309082806110382,0.11779126524925232,0.11156528443098068,0.11227377504110336,0.12581107020378113,0.15292401611804962,0.11645404994487762,0.1120716854929924,0.11192551255226135,0.1110314317047596,0.1097816675901413,0.11139413714408875,0.11030174419283867,0.1103614792227745,0.11043127626180649,0.10987277701497078,0.0,0.0,0.0,0.0,0.0,0.0,0.0,0.0,0.0,0.0,0.0,0.0,0.0,0.0,0.0,0.0,0.0,0.0,0.0,3.632746782153845
90,0.11722251027822495,0.11591680347919464,0.11997535824775696,0.11570790410041809,0.1158004179596901,0.1156693883240223,0.11544318869709969,0.1149960458278656,0.11461314186453819,0.1143086664378643,0.1148163378238678,0.11369600147008896,0.11833284050226212,0.11401642113924026,0.11371175199747086,0.11183981969952583,0.11291516199707985,0.11321152374148369,0.1125417985022068,0.11275560781359673,0.11265364661812782,0.11206622421741486,0.11207977682352066,0.11368248239159584,0.11578689143061638,0.11151862889528275,0.11073678359389305,0.1108771450817585,0.11093245819211006,0.11031040921807289,0.11028492823243141,0.00015582889318466187,0.0,0.0,0.0,0.0,0.0,0.0,0.0,0.0,0.0,0.0,0.0,0.0,0.0,0.0,0.0,0.0,0.0,0.0,3.5285758934915066
91,0.2884436063468456,0.11574402451515198,0.12042800337076187,0.12913839146494865,0.1408439353108406,0.11466709896922112,0.11522670462727547,0.11495213210582733,0.11489833891391754,0.1144680455327034,0.1138465665280819,0.11822401359677315,0.1139373742043972,0.11418354511260986,0.11119209602475166,0.11072656139731407,0.11674076691269875,0.1258462630212307,0.12583331018686295,0.11588095873594284,0.1262812353670597,0.13101979717612267,0.11023837327957153,0.11191664263606071,0.11212633550167084,0.11146266385912895,0.11146631464362144,0.10872633755207062,0.1103566363453865,0.11042562872171402,0.11027031764388084,0.11032412201166153,0.00015266984701156616,0.0,0.0,0.0,0.0,0.0,0.0,0.0,0.0,0.0,0.0,0.0,0.0,0.0,0.0,0.0,0.0,0.0,3.8999888114631176
92,0.47168415784835815,0.11614089459180832,0.1155715063214302,0.1151498556137085,0.11519557982683182,0.11893836408853531,0.11937617138028145,0.1152508370578289,0.11445513367652893,0.11399233713746071,0.11765431612730026,0.11369853094220161,0.11416610702872276,0.11394437775015831,0.11381591856479645,0.11341717466711998,0.1131681501865387,0.11271348968148232,0.1126154474914074,0.1169288381934166,0.11264299228787422,0.11244893074035645,0.11219504103064537,0.11212248727679253,0.11147041618824005,0.11094453558325768,0.1108214259147644,0.11482077464461327,0.11022849008440971,0.11033602058887482,0.11029832065105438,0.10966955870389938,0.00015736371278762817,0.0,0.0,0.0,0.0,0.0,0.0,0.0,0.0,0.0,0.0,0.0,0.0,0.0,0.0,0.0,0.0,0.0,3.9960335455834866
93,0.39806222543120384,0.11561432108283043,0.11572857573628426,0.11541320756077766,0.1193985715508461,0.1148994155228138,0.11549938842654228,0.11433495208621025,0.11490121483802795,0.11476054787635803,0.11434898898005486,0.11389601230621338,0.11490485072135925,0.11378474906086922,0.11392340064048767,0.1131490208208561,0.1142040379345417,0.1233031153678894,0.11268988251686096,0.11254128441214561,0.1125805675983429,0.11232370883226395,0.11213251203298569,0.11230627819895744,0.1118135079741478,0.10869700461626053,0.11083345487713814,0.11092644557356834,0.11101296916604042,0.1103169359266758,0.11028310284018517,0.11031388863921165,0.11058561503887177,0.00012786686420440674,0.0,0.0,0.0,0.0,0.0,0.0,0.0,0.0,0.0,0.0,0.0,0.0,0.0,0.0,0.0,0.0,4.029611621052027
94,0.2908910736441612,0.1159677729010582,0.1198837012052536,0.11515461280941963,0.11936703696846962,0.11899745836853981,0.12835251912474632,0.12793248146772385,0.11905863136053085,0.1374577395617962,0.12840315699577332,0.12749723717570305,0.1277530901134014,0.1275409795343876,0.12744781747460365,0.11804086714982986,0.12810635566711426,0.11967767402529716,0.11719262972474098,0.1045292541384697,0.12633519992232323,0.1139678992331028,0.10483336076140404,0.1048106737434864,0.12887821719050407,0.10516289249062538,0.10393583029508591,0.10398193448781967,0.10356105491518974,0.10330795496702194,0.10297670215368271,0.10286857932806015,0.10234731063246727,0.0002371370792388916,0.0,0.0,0.0,0.0,0.0,0.0,0.0,0.0,0.0,0.0,0.0,0.0,0.0,0.0,0.0,0.0,4.0264568366110325
95,0.31105269491672516,0.1312258206307888,0.11931028589606285,0.11569316685199738,0.12868475168943405,0.12668239697813988,0.1286010518670082,0.12871508672833443,0.12780895456671715,0.12804624065756798,0.11404864862561226,0.12679443880915642,0.11017045751214027,0.11414122208952904,0.11358147114515305,0.11354246363043785,0.12599607929587364,0.10483551397919655,0.11073398217558861,0.11234976351261139,0.11655807122588158,0.11239306256175041,0.1114787608385086,0.11182807385921478,0.11153705790638924,0.10278210788965225,0.11127271875739098,0.11106804385781288,0.1103515736758709,0.11437614262104034,0.00027448683977127075,0.0,0.0,0.0,0.0,0.0,0.0,0.0,0.0,0.0,0.0,0.0,0.0,0.0,0.0,0.0,0.0,0.0,0.0,0.0,3.705934591591358
96,0.11622592806816101,0.12077012658119202,0.13870453462004662,0.113499466329813,0.11569399759173393,0.11939973384141922,0.1291181966662407,0.1276157759130001,0.12842051684856415,0.12751325219869614,0.12755722552537918,0.1273563653230667,0.13027594238519669,0.12737835571169853,0.12727879732847214,0.12711331620812416,0.12181035801768303,0.12601213157176971,0.12643621116876602,0.10589785128831863,0.10854021832346916,0.1159210205078125,0.11648520454764366,0.1160709373652935,0.11094994097948074,0.12001962587237358,0.11119252070784569,0.1113327145576477,0.10388551279902458,0.12152903527021408,0.10245626792311668,0.00023418664932250977,0.0,0.0,0.0,0.0,0.0,0.0,0.0,0.0,0.0,0.0,0.0,0.0,0.0,0.0,0.0,0.0,0.0,0.0,3.722695268690586
97,0.12860170751810074,0.11575911194086075,0.11548999324440956,0.13166538998484612,0.12827017903327942,0.11542901769280434,0.13118164241313934,0.11183376237750053,0.11468569189310074,0.11818879842758179,0.13077199459075928,0.12715474888682365,0.12229190021753311,0.1273392140865326,0.12605562061071396,0.1392975114285946,0.1201021559536457,0.11098935455083847,0.1169859990477562,0.11984170600771904,0.11079111695289612,0.125249482691288,0.11252053081989288,0.10359403118491173,0.11260620877146721,0.12238610163331032,0.11683563888072968,0.10687460005283356,0.11079144105315208,0.11030791327357292,0.11031847447156906,0.0001489110291004181,0.0,0.0,0.0,0.0,0.0,0.0,0.0,0.0,0.0,0.0,0.0,0.0,0.0,0.0,0.0,0.0,0.0,0.0,3.694359950721264
98,0.12020615488290787,0.12031512707471848,0.11503222212195396,0.11510805785655975,0.114889957010746,0.1273876242339611,0.11549219116568565,0.11529286205768585,0.11467129364609718,0.11462437361478806,0.1072065718472004,0.11414036154747009,0.11341634392738342,0.1135471910238266,0.11713119223713875,0.11722653731703758,0.11751274392008781,0.1127832718193531,0.11714957281947136,0.11275167763233185,0.11523852497339249,0.11226192861795425,0.11190367490053177,0.11194853112101555,0.11520456522703171,0.11152274161577225,0.11702065542340279,0.10485850274562836,0.10347821936011314,0.11541162431240082,0.11395549029111862,0.0001566968858242035,0.0,0.0,0.0,0.0,0.0,0.0,0.0,0.0,0.0,0.0,0.0,0.0,0.0,0.0,0.0,0.0,0.0,0.0,3.548846483230591
99,0.11641612648963928,0.11592292040586472,0.1149689145386219,0.1192191019654274,0.11745820939540863,0.1226891465485096,0.12690677121281624,0.11442456766963005,0.1147911474108696,0.11886396259069443,0.11850503459572792,0.11533036082983017,0.11819029226899147,0.11774338781833649,0.11755891889333725,0.11374375969171524,0.11341950297355652,0.1125883050262928,0.11680212244391441,0.11228973418474197,0.1117330938577652,0.11192820966243744,0.11219212412834167,0.11497125774621964,0.10304635390639305,0.11565224081277847,0.11136789992451668,0.11104318127036095,0.11398697644472122,0.00018914788961410522,0.0,0.0,0.0,0.0,0.0,0.0,0.0,0.0,0.0,0.0,0.0,0.0,0.0,0.0,0.0,0.0,0.0,0.0,0.0,0.0,3.3439427725970745
100,0.12002889811992645,0.11535684764385223,0.11516974121332169,0.11533288285136223,0.1156713031232357,0.11496161296963692,0.11882437765598297,0.11451170966029167,0.12645290791988373,0.11444564536213875,0.11861380189657211,0.1182708814740181,0.11796548962593079,0.11323143541812897,0.11398715525865555,0.11546578258275986,0.11735204607248306,0.11317279934883118,0.11326554045081139,0.11225807294249535,0.11237210035324097,0.11654038727283478,0.11232680827379227,0.1118796356022358,0.11610317602753639,0.11144223436713219,0.11094096675515175,0.11144129931926727,0.11462078243494034,0.11091448366641998,0.0005346052348613739,0.0,0.0,0.0,0.0,0.0,0.0,0.0,0.0,0.0,0.0,0.0,0.0,0.0,0.0,0.0,0.0,0.0,0.0,0.0,3.453455410897732

total time per move x,26.94933968037367,11.850119430571795,11.854126632213593,11.777326494455338,11.771273244172335,11.764971278607845,11.764475401490927,11.758750978857279,11.699248723685741,11.721978444606066,11.733726873993874,11.650897089391947,11.598387472331524,11.569301802664995,11.52877015992999,11.563266452401876,11.528370767831802,11.404183574020863,11.418654642999172,11.36723556369543,11.453833770006895,11.315205030143261,11.25115155056119,11.128584749996662,11.115663684904575,11.024200078099966,10.979251813143492,10.75472267344594,10.628192324191332,10.270463455468416,8.89729992672801,5.371323004364967,3.4045920372009277,1.3264029659330845,0.43586593866348267,0.0009825117886066437,0,0,0,0,0,0,0,0,0,0,0,0,0,0,377.63214022293687
average time per move x,0.2694933968037367,0.11850119430571794,0.11854126632213592,0.11777326494455337,0.11771273244172335,0.11764971278607846,0.11764475401490927,0.11758750978857278,0.11699248723685741,0.11721978444606065,0.11733726873993873,0.11650897089391947,0.11598387472331524,0.11569301802664995,0.11528770159929991,0.11563266452401877,0.11528370767831803,0.11404183574020862,0.11418654642999172,0.11367235563695431,0.11453833770006895,0.1131520503014326,0.11251151550561189,0.11128584749996662,0.11227943116065228,0.1113555563444441,0.11090153346609588,0.1086335623580398,0.10845094208358502,0.10588106655122079,0.09670978181226098,0.07161764005819957,0.06948147014695771,0.042787192449454337,0.027241621166467667,0.0002456279471516609,nan,nan,nan,nan,nan,nan,nan,nan,nan,nan,nan,nan,nan,nan,3.7763214022293687
std of time per move x,0.16331948776740454,0.0042758768086747405,0.004573011786408989,0.004297951942987733,0.0049163667078974726,0.004338713449254033,0.004615259997310794,0.0049086238308191305,0.004625231298374049,0.005482790897947982,0.005390998877483457,0.004186723890604664,0.0040374122425911,0.004924842625287093,0.004389368543045956,0.006321712478502961,0.004133636745795869,0.0038859609702696983,0.00411865563904865,0.004772888109072371,0.007495272054787567,0.004525656024903953,0.003988976297859912,0.012350637282329158,0.0035080556923481466,0.003277459829329609,0.003076415420489803,0.015862967166171957,0.015937822513064248,0.02218525212433023,0.03583756240136459,0.05238422888690106,0.053385566591559394,0.05444045012540804,0.04830055427961853,0.00010284923988717548,nan,nan,nan,nan,nan,nan,nan,nan,nan,nan,nan,nan,nan,nan,0.26847626980165473
err of average time,0.016331948776740456,0.00042758768086747405,0.0004573011786408989,0.0004297951942987733,0.0004916366707897473,0.00043387134492540335,0.0004615259997310794,0.0004908623830819131,0.0004625231298374049,0.0005482790897947982,0.0005390998877483457,0.0004186723890604664,0.00040374122425911,0.0004924842625287093,0.00043893685430459556,0.0006321712478502961,0.0004133636745795869,0.00038859609702696985,0.00041186556390486494,0.0004772888109072371,0.0007495272054787567,0.00045256560249039534,0.0003988976297859912,0.0012350637282329158,0.0003525728628845224,0.00032939710664692604,0.0003091913833038822,0.0015942881864218078,0.0016099631966193361,0.0022525710666961175,0.0037363241626771956,0.006048809729828659,0.007626509513079914,0.009777793487247487,0.012075138569904633,5.142461994358774e-05,nan,nan,nan,nan,nan,nan,nan,nan,nan,nan,nan,nan,nan,nan,0.026847626980165473
