Contains move time for player StaticBoard4; opponent is Edax4
Colums refer to move number, rows to game number
game,1,2,3,4,5,6,7,8,9,10,11,12,13,14,15,16,17,18,19,20,21,22,23,24,25,26,27,28,29,30,31,32,33,34,35,36,37,38,39,40,41,42,43,44,45,46,47,48,49,50,total
1,0.27176464535295963,0.6715158084407449,1.0897768922150135,1.2169667864218354,1.9895443096756935,0.7801772197708488,1.3132042298093438,0.6626496175304055,1.3542539030313492,0.7797768646851182,0.7329305689781904,0.5315139135345817,0.8528786469250917,0.5048894379287958,0.32614570390433073,0.7119308030232787,0.4423573687672615,0.6107843276113272,0.28518421202898026,0.19917571172118187,0.20344627369195223,0.2737397812306881,0.13978098705410957,0.05489279516041279,0.002089075744152069,0.0022075828164815903,0.0020183008164167404,0.0018036328256130219,0.0016295965760946274,0.001384875737130642,0.0012203529477119446,0.0010636290535330772,0.0008943900465965271,0.0,0.0,0.0,0.0,0.0,0.0,0.0,0.0,0.0,0.0,0.0,0.0,0.0,0.0,0.0,0.0,0.0,16.013592245057225
2,0.3534873453900218,0.3370000505819917,0.7687951559200883,0.8257134323939681,1.6010571802034974,1.5432660784572363,1.3513004938140512,1.4992085751146078,1.3966241590678692,1.0453582825139165,0.8139308281242847,0.41165837924927473,0.6213962845504284,0.8511507986113429,0.39014383126050234,0.22699675988405943,0.13280342239886522,0.14169709011912346,0.39251471869647503,0.2314486326649785,0.24370237439870834,0.16271637193858624,0.1283058412373066,0.15086717531085014,0.08553308434784412,0.04259258136153221,0.00176332239061594,0.0015510357916355133,0.025803646072745323,0.0008228281512856483,0.0007218606770038605,0.0009484598413109779,0.0,0.0,0.0,0.0,0.0,0.0,0.0,0.0,0.0,0.0,0.0,0.0,0.0,0.0,0.0,0.0,0.0,0.0,15.780880080536008

total time per move x,0.6252519907429814,1.0085158590227365,1.8585720481351018,2.0426802188158035,3.590601489879191,2.323443298228085,2.664504723623395,2.1618581926450133,2.7508780620992184,1.8251351471990347,1.5468613971024752,0.9431722927838564,1.4742749314755201,1.3560402365401387,0.7162895351648331,0.9389275629073381,0.5751607911661267,0.7524814177304506,0.6776989307254553,0.4306243443861604,0.44714864809066057,0.43645615316927433,0.26808682829141617,0.20575997047126293,0.08762216009199619,0.0448001641780138,0.0037816232070326805,0.003354668617248535,0.02743324264883995,0.0022077038884162903,0.001942213624715805,0.002012088894844055,0.0008943900465965271,0,0,0,0,0,0,0,0,0,0,0,0,0,0,0,0,0,31.794472325593233
average time per move x,0.3126259953714907,0.5042579295113683,0.9292860240675509,1.0213401094079018,1.7953007449395955,1.1617216491140425,1.3322523618116975,1.0809290963225067,1.3754390310496092,0.9125675735995173,0.7734306985512376,0.4715861463919282,0.7371374657377601,0.6780201182700694,0.35814476758241653,0.46946378145366907,0.28758039558306336,0.3762407088652253,0.33884946536272764,0.2153121721930802,0.22357432404533029,0.21822807658463717,0.13404341414570808,0.10287998523563147,0.043811080045998096,0.0224000820890069,0.0018908116035163403,0.0016773343086242676,0.013716621324419975,0.0011038519442081451,0.0009711068123579025,0.0010060444474220276,0.0008943900465965271,nan,nan,nan,nan,nan,nan,nan,nan,nan,nan,nan,nan,nan,nan,nan,nan,nan,15.897236162796617
std of time per move x,0.05778667537308078,0.23653836079568152,0.2269683623711738,0.276657899795086,0.27470188365348613,0.5395853066250478,0.026938126615601538,0.5915365117701388,0.029960295364033544,0.18779442150388112,0.057275832520070964,0.08475066105587727,0.16368274816020617,0.24484375620151003,0.04525350983678924,0.3429001503319517,0.21888769462014987,0.33169476659880176,0.0758941290927735,0.022820401248055955,0.028465361793875817,0.07850540558089478,0.00811415342216583,0.06786413502454984,0.059003824333059264,0.02855650632941415,0.00018029697394001686,0.00017861307563310505,0.017093634327820954,0.0003974276593005232,0.00035248726498676643,8.143693094615903e-05,nan,nan,nan,nan,nan,nan,nan,nan,nan,nan,nan,nan,nan,nan,nan,nan,nan,nan,0.16455234959755227
err of average time,0.040861350018531084,0.1672578789293766,0.1604908681474626,0.19562667701393363,0.19424356473609805,0.38154442934319377,0.019048132002353668,0.4182794787921011,0.02118512801826,0.13279070891439915,0.04050012957304716,0.05992776714265346,0.11574118118733166,0.17313068034127352,0.031999063678085804,0.24246702156960961,0.15477697318419814,0.23454361874610186,0.05366525333374738,0.016136460471898317,0.020128050353378057,0.05551170464605092,0.005737572908401489,0.04798719007521868,0.04172200430184602,0.02019249927252531,0.00012748921290040016,0.00012629851698875427,0.012087024748325348,0.0002810237929224968,0.00024924613535404205,5.7584606111049645e-05,nan,nan,nan,nan,nan,nan,nan,nan,nan,nan,nan,nan,nan,nan,nan,nan,nan,nan,0.11635608226060866
