Contains move time for player Edax3; opponent is DynamicBoard4
Colums refer to move number, rows to game number
game,1,2,3,4,5,6,7,8,9,10,11,12,13,14,15,16,17,18,19,20,21,22,23,24,25,26,27,28,29,30,31,32,33,34,35,36,37,38,39,40,41,42,43,44,45,46,47,48,49,50,total
1,0.41295543126761913,0.10797422006726265,0.10778273735195398,0.10591532941907644,0.11897315364331007,0.10556690767407417,0.10570314433425665,0.10558977071195841,0.10560783464461565,0.10534606501460075,0.10536134336143732,0.1049252599477768,0.10453345067799091,0.003014594316482544,0.10420835576951504,0.10428433027118444,0.11597280483692884,0.10387587361037731,0.0021893149241805077,0.10334860999137163,0.10330066177994013,0.10312180127948523,0.10375751368701458,0.10406665317714214,0.10381451528519392,0.10345977172255516,0.10337591078132391,0.1034803306683898,0.1038529584184289,0.10279151238501072,0.10256540589034557,0.10203378181904554,0.0,0.0,0.0,0.0,0.0,0.0,0.0,0.0,0.0,0.0,0.0,0.0,0.0,0.0,0.0,0.0,0.0,0.0,3.472749348729849
2,0.10822573211044073,0.10783505719155073,0.10763172339648008,0.10591857880353928,0.10571289248764515,0.10588359273970127,0.11870109476149082,0.1055771391838789,0.10516384243965149,0.10498748999089003,0.10508229024708271,0.1048107948154211,0.10466448776423931,0.1043415879830718,0.10425109602510929,0.10530033241957426,0.10498323757201433,0.10463764797896147,0.10444569401443005,0.10496038571000099,0.10422772914171219,0.10418540239334106,0.10557701997458935,0.10538222640752792,0.10518104210495949,0.1031480859965086,0.10294838435947895,0.10404275078326464,0.10326057206839323,0.10287843085825443,0.10257357452064753,0.0003187302500009537,0.0,0.0,0.0,0.0,0.0,0.0,0.0,0.0,0.0,0.0,0.0,0.0,0.0,0.0,0.0,0.0,0.0,0.0,3.266838646493852

total time per move x,0.5211811633780599,0.21580927725881338,0.21541446074843407,0.21183390822261572,0.22468604613095522,0.21145050041377544,0.22440423909574747,0.2111669098958373,0.21077167708426714,0.21033355500549078,0.21044363360852003,0.2097360547631979,0.20919793844223022,0.10735618229955435,0.20845945179462433,0.2095846626907587,0.22095604240894318,0.20851352158933878,0.10663500893861055,0.20830899570137262,0.20752839092165232,0.2073072036728263,0.20933453366160393,0.20944887958467007,0.2089955573901534,0.20660785771906376,0.20632429514080286,0.20752308145165443,0.20711353048682213,0.20566994324326515,0.2051389804109931,0.1023525120690465,0,0,0,0,0,0,0,0,0,0,0,0,0,0,0,0,0,0,6.739587995223701
average time per move x,0.26059058168902993,0.10790463862940669,0.10770723037421703,0.10591695411130786,0.11234302306547761,0.10572525020688772,0.11220211954787374,0.10558345494791865,0.10538583854213357,0.10516677750274539,0.10522181680426002,0.10486802738159895,0.10459896922111511,0.053678091149777174,0.10422972589731216,0.10479233134537935,0.11047802120447159,0.10425676079466939,0.05331750446930528,0.10415449785068631,0.10376419546082616,0.10365360183641315,0.10466726683080196,0.10472443979233503,0.1044977786950767,0.10330392885953188,0.10316214757040143,0.10376154072582722,0.10355676524341106,0.10283497162163258,0.10256949020549655,0.05117625603452325,nan,nan,nan,nan,nan,nan,nan,nan,nan,nan,nan,nan,nan,nan,nan,nan,nan,nan,3.3697939976118505
std of time per move x,0.2154764367029774,9.840301310531783e-05,0.00010678299196939792,2.2976617883517075e-06,0.009376420583475232,0.0002239301574054279,0.009190938888623866,8.931839161769622e-06,0.0003139498989241257,0.0002535508308299826,0.00019732034947137015,8.09390712981241e-05,9.26572122731686e-05,0.07164900433889161,3.0221924560342952e-05,0.00071842200882654,0.007770797535326752,0.0005386558217599573,0.07230617907429773,0.0011396975403946414,0.0006555356181257462,0.0007520795600850288,0.001286585234355679,0.0009302507523532774,0.00096628038092952,0.00022039509048657664,0.0003023068320229912,0.00039769107710371625,0.00041888040519256825,6.146064184101122e-05,5.776093879516431e-06,0.07192340271321081,nan,nan,nan,nan,nan,nan,nan,nan,nan,nan,nan,nan,nan,nan,nan,nan,nan,nan,0.14560085386995728
err of average time,0.15236484957858917,6.958143785595894e-05,7.550697773694991e-05,1.6246922314167023e-06,0.00663013057783246,0.00015834253281354904,0.006498975213617086,6.3157640397548676e-06,0.00022199610248208043,0.00017928751185536385,0.00013952655717730522,5.7232566177845e-05,6.551854312419891e-05,0.05066349683329462,2.137012779712677e-05,0.0005080010741949081,0.005494783632457256,0.000380887184292078,0.05112818954512476,0.0008058878593146801,0.00046353368088603014,0.0005318005569279194,0.000909753143787384,0.0006577866151928901,0.0006832634098827839,0.00015584286302328107,0.0002137632109224796,0.00028121005743741984,0.0002961931750178337,4.345923662185668e-05,4.084315150976181e-06,0.05085752578452229,nan,nan,nan,nan,nan,nan,nan,nan,nan,nan,nan,nan,nan,nan,nan,nan,nan,nan,0.10295535111799835
