Contains move time for player AlphaBeta1; opponent is Edax2
Colums refer to move number, rows to game number
game,1,2,3,4,5,6,7,8,9,10,11,12,13,14,15,16,17,18,19,20,21,22,23,24,25,26,27,28,29,30,31,32,33,34,35,36,37,38,39,40,41,42,43,44,45,46,47,48,49,50,total
1,0.018491197377443314,0.016056747175753117,0.021690838038921356,0.025161998346447945,0.031059008091688156,0.026410436257719994,0.02786586806178093,0.023446587845683098,0.02303812839090824,0.02452500071376562,0.027362137101590633,0.028856861405074596,0.024064812809228897,0.022257709875702858,0.020438886247575283,0.018102720379829407,0.017340514808893204,0.012937192805111408,0.012235979549586773,0.010395125485956669,0.004166692495346069,0.003747066482901573,0.0074379295110702515,0.0031840307638049126,0.002774599939584732,0.0024075964465737343,0.0020108167082071304,0.005320856347680092,0.0011258432641625404,0.00449173990637064,0.0004800092428922653,0.0,0.0,0.0,0.0,0.0,0.0,0.0,0.0,0.0,0.0,0.0,0.0,0.0,0.0,0.0,0.0,0.0,0.0,0.0,0.46888493187725544
2,0.02071469184011221,0.022050321102142334,0.02179922442883253,0.024134045466780663,0.023914719000458717,0.02355797402560711,0.027555151842534542,0.023880785331130028,0.018753024749457836,0.01617261953651905,0.016530320048332214,0.00797181949019432,0.007439862936735153,0.007254892960190773,0.007124633528292179,0.006963646039366722,0.006783735938370228,0.006726779974997044,0.0,0.0,0.0,0.0,0.0,0.0,0.0,0.0,0.0,0.0,0.0,0.0,0.0,0.0,0.0,0.0,0.0,0.0,0.0,0.0,0.0,0.0,0.0,0.0,0.0,0.0,0.0,0.0,0.0,0.0,0.0,0.0,0.28932824824005365

total time per move x,0.03920588921755552,0.03810706827789545,0.04349006246775389,0.04929604381322861,0.054973727092146873,0.0499684102833271,0.05542101990431547,0.047327373176813126,0.04179115314036608,0.04069762025028467,0.04389245714992285,0.03682868089526892,0.03150467574596405,0.02951260283589363,0.027563519775867462,0.02506636641919613,0.02412425074726343,0.019663972780108452,0.012235979549586773,0.010395125485956669,0.004166692495346069,0.003747066482901573,0.0074379295110702515,0.0031840307638049126,0.002774599939584732,0.0024075964465737343,0.0020108167082071304,0.005320856347680092,0.0011258432641625404,0.00449173990637064,0.0004800092428922653,0,0,0,0,0,0,0,0,0,0,0,0,0,0,0,0,0,0,0,0.7582131801173091
average time per move x,0.01960294460877776,0.019053534138947725,0.021745031233876944,0.024648021906614304,0.027486863546073437,0.02498420514166355,0.027710509952157736,0.023663686588406563,0.02089557657018304,0.020348810125142336,0.021946228574961424,0.01841434044763446,0.015752337872982025,0.014756301417946815,0.013781759887933731,0.012533183209598064,0.012062125373631716,0.009831986390054226,0.012235979549586773,0.010395125485956669,0.004166692495346069,0.003747066482901573,0.0074379295110702515,0.0031840307638049126,0.002774599939584732,0.0024075964465737343,0.0020108167082071304,0.005320856347680092,0.0011258432641625404,0.00449173990637064,0.0004800092428922653,nan,nan,nan,nan,nan,nan,nan,nan,nan,nan,nan,nan,nan,nan,nan,nan,nan,nan,nan,0.37910659005865455
std of time per move x,0.001572248012483915,0.004238096766892697,7.664075129452088e-05,0.0007268724519529742,0.005051775263165414,0.002016995387405536,0.00021970954565376664,0.00030702398633367144,0.0030300258429567495,0.005906025369485929,0.007659251290931115,0.01476795476337712,0.011755614791726755,0.010608593577858838,0.009414598384236514,0.007876515002282234,0.007464769926833658,0.004391425026141806,nan,nan,nan,nan,nan,nan,nan,nan,nan,nan,nan,nan,nan,nan,nan,nan,nan,nan,nan,nan,nan,nan,nan,nan,nan,nan,nan,nan,nan,nan,nan,nan,0.12696574860723298
err of average time,0.0011117472313344479,0.0029967869631946087,5.419319495558738e-05,0.0005139764398336409,0.0035721445456147194,0.001426231116056442,0.00015535810962319374,0.00021709874272346497,0.0021425518207252026,0.004176190588623285,0.0054159085266292095,0.010442520957440136,0.008312474936246872,0.0075014084577560425,0.006657126359641552,0.005569537170231342,0.005278389435261487,0.0031052064150571823,nan,nan,nan,nan,nan,nan,nan,nan,nan,nan,nan,nan,nan,nan,nan,nan,nan,nan,nan,nan,nan,nan,nan,nan,nan,nan,nan,nan,nan,nan,nan,nan,0.08977834181860088
