Contains move time for player Greedy; opponent is Edax1
Colums refer to move number, rows to game number
game,1,2,3,4,5,6,7,8,9,10,11,12,13,14,15,16,17,18,19,20,21,22,23,24,25,26,27,28,29,30,31,32,33,34,35,36,37,38,39,40,41,42,43,44,45,46,47,48,49,50,total
1,0.012234692461788654,0.011686081998050213,0.011548993177711964,0.011258676648139954,0.01095893420279026,0.010204094462096691,0.010162213817238808,0.009651885367929935,0.009179113432765007,0.008915012702345848,0.008405101485550404,0.007901828736066818,0.007449525408446789,0.007229224778711796,0.006751688197255135,0.0063563063740730286,0.005776402540504932,0.0053764088079333305,0.004985281266272068,0.0045235129073262215,0.004050559364259243,0.0039457892999053,0.003525828942656517,0.0032103853300213814,0.0026435554027557373,0.0025491127744317055,0.002183185890316963,0.001696765422821045,0.0013449657708406448,0.000998450443148613,0.0003485698252916336,0.0,0.0,0.0,0.0,0.0,0.0,0.0,0.0,0.0,0.0,0.0,0.0,0.0,0.0,0.0,0.0,0.0,0.0,0.0,0.19705214723944664
2,0.012012201361358166,0.011548863723874092,0.011481022462248802,0.011110472492873669,0.01061423122882843,0.010254169814288616,0.009953734464943409,0.00935975369066,0.008976378478109837,0.008458790369331837,0.008079979568719864,0.007716952823102474,0.0074135782197117805,0.006374615244567394,0.006663678213953972,0.006123049184679985,0.0055562397465109825,0.005572883412241936,0.004931705072522163,0.004779336042702198,0.004559849388897419,0.00439120177179575,0.004219052381813526,0.004042312502861023,0.003832481801509857,0.003785933367908001,0.0033630235120654106,0.0029682163149118423,0.002449672669172287,0.002283410169184208,0.0020853057503700256,0.0018977625295519829,0.0,0.0,0.0,0.0,0.0,0.0,0.0,0.0,0.0,0.0,0.0,0.0,0.0,0.0,0.0,0.0,0.0,0.0,0.20685985777527094
3,0.012017665430903435,0.011527804657816887,0.011464348994195461,0.011071732267737389,0.010598858818411827,0.0102338632568717,0.009992520324885845,0.009717521257698536,0.00907190516591072,0.008746901527047157,0.008395918644964695,0.007818348705768585,0.007433374412357807,0.006983332335948944,0.006450938992202282,0.006217951886355877,0.005977414548397064,0.005795012228190899,0.005762319080531597,0.005380532704293728,0.005002799443900585,0.004494268447160721,0.00430887658149004,0.004081183113157749,0.003959172405302525,0.003509676083922386,0.003123195841908455,0.0026435935869812965,0.0025670593604445457,0.0022096363827586174,0.001725485548377037,0.0012619029730558395,0.001054602675139904,0.0008706599473953247,0.0006380472332239151,0.00030684005469083786,0.0,0.0,0.0,0.0,0.0,0.0,0.0,0.0,0.0,0.0,0.0,0.0,0.0,0.0,0.21241526491940022
4,0.011888924986124039,0.011658097617328167,0.011480432003736496,0.011093571782112122,0.010631253011524677,0.01020773034542799,0.009917233139276505,0.009453858248889446,0.009111238643527031,0.00867027509957552,0.008294782601296902,0.007938215509057045,0.007464434951543808,0.007042148150503635,0.0068092867732048035,0.006321702152490616,0.005848202854394913,0.005422783084213734,0.004918425343930721,0.00444573350250721,0.004109285771846771,0.0038197431713342667,0.0032860934734344482,0.0028522154316306114,0.002780119888484478,0.0023160427808761597,0.0017666956409811974,0.0016419263556599617,0.001501576043665409,0.0012092329561710358,0.0008114734664559364,0.000443900004029274,0.0,0.0,0.0,0.0,0.0,0.0,0.0,0.0,0.0,0.0,0.0,0.0,0.0,0.0,0.0,0.0,0.0,0.0,0.19515663478523493
5,0.011987710371613503,0.011652017012238503,0.011390378698706627,0.01108133140951395,0.010825274512171745,0.01027023233473301,0.009907804429531097,0.009413698688149452,0.0077473754063248634,0.0,0.0,0.0,0.0,0.0,0.0,0.0,0.0,0.0,0.0,0.0,0.0,0.0,0.0,0.0,0.0,0.0,0.0,0.0,0.0,0.0,0.0,0.0,0.0,0.0,0.0,0.0,0.0,0.0,0.0,0.0,0.0,0.0,0.0,0.0,0.0,0.0,0.0,0.0,0.0,0.0,0.09427582286298275
6,0.011561852879822254,0.011938774026930332,0.011775760911405087,0.01123877614736557,0.010879172943532467,0.010721810162067413,0.010285492986440659,0.009838231839239597,0.00930216908454895,0.008920729160308838,0.008254298008978367,0.007833527401089668,0.0075157685205340385,0.007283568382263184,0.006852892227470875,0.006515952758491039,0.006039349362254143,0.005658765323460102,0.005102756433188915,0.004763878881931305,0.004365088418126106,0.0038273530080914497,0.003733479417860508,0.0032208627089858055,0.0031307563185691833,0.0026128962635993958,0.002385154366493225,0.0022088857367634773,0.00201425701379776,0.001857520081102848,0.0017829835414886475,0.0013319030404090881,0.0008611399680376053,0.0,0.0,0.0,0.0,0.0,0.0,0.0,0.0,0.0,0.0,0.0,0.0,0.0,0.0,0.0,0.0,0.0,0.2056158073246479
7,0.012345544993877411,0.011795836500823498,0.01143958605825901,0.011226163245737553,0.01079767569899559,0.010718358680605888,0.009526435285806656,0.009776260703802109,0.009177418425679207,0.00884200818836689,0.008421694859862328,0.007982755079865456,0.007515341974794865,0.0070156920701265335,0.006863505579531193,0.006811639294028282,0.006460975855588913,0.005917585454881191,0.005393416620790958,0.005254746414721012,0.005061552859842777,0.005049895495176315,0.004635955207049847,0.004280567169189453,0.003806617110967636,0.0032827090471982956,0.003155839629471302,0.0031681954860687256,0.002845119684934616,0.0,0.0,0.0,0.0,0.0,0.0,0.0,0.0,0.0,0.0,0.0,0.0,0.0,0.0,0.0,0.0,0.0,0.0,0.0,0.0,0.0,0.2085690926760435
8,0.012361175380647182,0.011823481880128384,0.01150596421211958,0.011055647395551205,0.010841011069715023,0.010609141550958157,0.01012268103659153,0.009896242059767246,0.009501779451966286,0.008936746045947075,0.008485602214932442,0.008027475327253342,0.007599583826959133,0.006562706083059311,0.006366722285747528,0.006376901641488075,0.006207434460520744,0.006121188402175903,0.0056095728650689125,0.005423469468951225,0.0052887629717588425,0.004956518299877644,0.004455212503671646,0.0042908452451229095,0.0040585435926914215,0.003867815248668194,0.0037188371643424034,0.00359452236443758,0.0031641805544495583,0.0030544931069016457,0.0025449255481362343,0.002339143306016922,0.0022978857159614563,0.0018664728850126266,0.0013427892699837685,0.0010501528158783913,0.0,0.0,0.0,0.0,0.0,0.0,0.0,0.0,0.0,0.0,0.0,0.0,0.0,0.0,0.22532562725245953
9,0.012263213284313679,0.011843298561871052,0.011755918152630329,0.011538852006196976,0.010969736613333225,0.010596963576972485,0.01026767585426569,0.009715382009744644,0.009409448131918907,0.00903724879026413,0.008448809385299683,0.007982057519257069,0.007397576235234737,0.007413486018776894,0.006901668384671211,0.00648096576333046,0.00594580452889204,0.005798589438199997,0.005644889548420906,0.005299732089042664,0.004813358187675476,0.004629708826541901,0.00428309291601181,0.0039893388748168945,0.003653966821730137,0.003309485502541065,0.0028610704466700554,0.002345295622944832,0.001943536102771759,0.0015186397358775139,0.0011500697582960129,0.0006891768425703049,0.0,0.0,0.0,0.0,0.0,0.0,0.0,0.0,0.0,0.0,0.0,0.0,0.0,0.0,0.0,0.0,0.0,0.0,0.20989805553108454
10,0.012336792424321175,0.011878143064677715,0.011549020186066628,0.011133089661598206,0.010881551541388035,0.010400930419564247,0.010244889184832573,0.009658101946115494,0.00931266788393259,0.009018252603709698,0.00855596549808979,0.008255599066615105,0.007766809314489365,0.007350856438279152,0.006828752346336842,0.006311112083494663,0.005809955298900604,0.00577626284211874,0.0052995989099144936,0.0048477305099368095,0.004465416073799133,0.004238290712237358,0.004078718833625317,0.003947076387703419,0.0035714535042643547,0.003145923838019371,0.0027704332023859024,0.002264276146888733,0.0020838864147663116,0.001970672979950905,0.0015907399356365204,0.0011088531464338303,0.0007774671539664268,0.0,0.0,0.0,0.0,0.0,0.0,0.0,0.0,0.0,0.0,0.0,0.0,0.0,0.0,0.0,0.0,0.0,0.2092292895540595
11,0.012089581228792667,0.011597045697271824,0.011527108028531075,0.011101381853222847,0.010812778025865555,0.01023947261273861,0.009810867719352245,0.009450751356780529,0.007720497436821461,0.0,0.0,0.0,0.0,0.0,0.0,0.0,0.0,0.0,0.0,0.0,0.0,0.0,0.0,0.0,0.0,0.0,0.0,0.0,0.0,0.0,0.0,0.0,0.0,0.0,0.0,0.0,0.0,0.0,0.0,0.0,0.0,0.0,0.0,0.0,0.0,0.0,0.0,0.0,0.0,0.0,0.09434948395937681
12,0.012134337797760963,0.011687807738780975,0.011468840762972832,0.011149468831717968,0.010801014490425587,0.010196983814239502,0.010070618242025375,0.009485471993684769,0.00911027193069458,0.008653448894619942,0.008269434794783592,0.006904108449816704,0.0,0.0,0.0,0.0,0.0,0.0,0.0,0.0,0.0,0.0,0.0,0.0,0.0,0.0,0.0,0.0,0.0,0.0,0.0,0.0,0.0,0.0,0.0,0.0,0.0,0.0,0.0,0.0,0.0,0.0,0.0,0.0,0.0,0.0,0.0,0.0,0.0,0.0,0.11993180774152279
13,0.012081255204975605,0.01161104440689087,0.011477052234113216,0.011142090894281864,0.010876964777708054,0.010270055383443832,0.009930198080837727,0.009071553125977516,0.0075567541643977165,0.0,0.0,0.0,0.0,0.0,0.0,0.0,0.0,0.0,0.0,0.0,0.0,0.0,0.0,0.0,0.0,0.0,0.0,0.0,0.0,0.0,0.0,0.0,0.0,0.0,0.0,0.0,0.0,0.0,0.0,0.0,0.0,0.0,0.0,0.0,0.0,0.0,0.0,0.0,0.0,0.0,0.0940169682726264
14,0.011988523416221142,0.011672748252749443,0.011549747548997402,0.011205241084098816,0.010752765461802483,0.010429851710796356,0.009982282295823097,0.009577974677085876,0.009149376302957535,0.008785558864474297,0.0084390165284276,0.007966329343616962,0.007460395805537701,0.007180907763540745,0.006643717177212238,0.006255979649722576,0.005792742595076561,0.005363853648304939,0.004971765913069248,0.004572678357362747,0.004140269011259079,0.0037051793187856674,0.003549478016793728,0.00339363981038332,0.0030083656311035156,0.002619217149913311,0.002251019701361656,0.001851825974881649,0.0012492407113313675,0.0011901101097464561,0.0007239934056997299,0.0,0.0,0.0,0.0,0.0,0.0,0.0,0.0,0.0,0.0,0.0,0.0,0.0,0.0,0.0,0.0,0.0,0.0,0.0,0.19742379523813725
15,0.012081015855073929,0.011730195954442024,0.0113668879494071,0.011041865684092045,0.010746698826551437,0.010077097453176975,0.010071875527501106,0.009617531672120094,0.009308957494795322,0.008862355723977089,0.008350398391485214,0.00783101562410593,0.007389971986413002,0.007103451527655125,0.006690283305943012,0.005935163237154484,0.005977288819849491,0.005492469295859337,0.005447784438729286,0.004860282875597477,0.0048174429684877396,0.004337538965046406,0.004024726338684559,0.0035984860733151436,0.0031754057854413986,0.002761624753475189,0.0022878190502524376,0.00394467543810606,0.0017772503197193146,0.0013761026784777641,0.0009693494066596031,0.0003115357831120491,0.0,0.0,0.0,0.0,0.0,0.0,0.0,0.0,0.0,0.0,0.0,0.0,0.0,0.0,0.0,0.0,0.0,0.0,0.20336454920470715
16,0.012550805695354939,0.011875887401401997,0.011536307632923126,0.011200608685612679,0.010733560658991337,0.01051498856395483,0.010188170708715916,0.009716994129121304,0.009319532662630081,0.008751893416047096,0.008270715363323689,0.007817791774868965,0.00771776307374239,0.0072217416018247604,0.006985841318964958,0.006963380612432957,0.006526848301291466,0.006299147382378578,0.005934860557317734,0.0053861793130636215,0.004824611358344555,0.004413200542330742,0.004296405240893364,0.003787965513765812,0.0035940194502472878,0.003498183563351631,0.0029484163969755173,0.0027954094111919403,0.002686622552573681,0.002529572695493698,0.0023559387773275375,0.0021959729492664337,0.0,0.0,0.0,0.0,0.0,0.0,0.0,0.0,0.0,0.0,0.0,0.0,0.0,0.0,0.0,0.0,0.0,0.0,0.21543933730572462
17,0.01239334512501955,0.011969043873250484,0.01156311109662056,0.011316073127090931,0.010940201580524445,0.010403315536677837,0.010099205188453197,0.009744588285684586,0.009444506838917732,0.009060581214725971,0.00848048459738493,0.008179503493010998,0.007692637853324413,0.007429739460349083,0.007111049257218838,0.006660838611423969,0.005992542020976543,0.005457545630633831,0.005245467647910118,0.005143000744283199,0.004642306827008724,0.004420028999447823,0.004199877381324768,0.004052483476698399,0.0038854992017149925,0.003489941358566284,0.003098566085100174,0.0027891332283616066,0.0024054525420069695,0.0020439866930246353,0.0015968028455972672,0.0010232124477624893,0.000881783664226532,0.0,0.0,0.0,0.0,0.0,0.0,0.0,0.0,0.0,0.0,0.0,0.0,0.0,0.0,0.0,0.0,0.0,0.21285585593432188
18,0.012389871291816235,0.0117849325761199,0.011627963744103909,0.01131078228354454,0.010698418132960796,0.010470928624272346,0.010209271684288979,0.00983559712767601,0.009554131887853146,0.009257825091481209,0.008837932720780373,0.008181205950677395,0.007671689614653587,0.0071403756737709045,0.006805081851780415,0.006272628903388977,0.006198585033416748,0.005871228873729706,0.005460225977003574,0.0049209557473659515,0.0046844687312841415,0.004235035739839077,0.0038168691098690033,0.003390243276953697,0.0028253160417079926,0.0027307188138365746,0.002244207076728344,0.002119358628988266,0.0016587553545832634,0.0015744064003229141,0.0020671989768743515,0.0007332703098654747,0.00034807994961738586,0.0,0.0,0.0,0.0,0.0,0.0,0.0,0.0,0.0,0.0,0.0,0.0,0.0,0.0,0.0,0.0,0.0,0.20692756120115519
19,0.012381913140416145,0.011920792981982231,0.011554433964192867,0.011305519379675388,0.010909026488661766,0.010416899807751179,0.010121911764144897,0.009682436473667622,0.009344682097434998,0.008623041212558746,0.008592520840466022,0.008255458436906338,0.007969548925757408,0.007447648793458939,0.007018612697720528,0.006573217920958996,0.006289534270763397,0.006015012040734291,0.005485508590936661,0.0049426257610321045,0.004663252271711826,0.004292633384466171,0.0037848390638828278,0.0034431060776114464,0.003008829429745674,0.0025454899296164513,0.0021559298038482666,0.0015783272683620453,0.0015247669070959091,0.0011431528255343437,0.0006613535806536674,0.0,0.0,0.0,0.0,0.0,0.0,0.0,0.0,0.0,0.0,0.0,0.0,0.0,0.0,0.0,0.0,0.0,0.0,0.0,0.20365202613174915
20,0.012361590750515461,0.011849521659314632,0.011529836803674698,0.011266360990703106,0.010956164449453354,0.010522348806262016,0.010053282603621483,0.00972357951104641,0.00936548225581646,0.008939677849411964,0.0085115572437644,0.007032753899693489,0.0,0.0,0.0,0.0,0.0,0.0,0.0,0.0,0.0,0.0,0.0,0.0,0.0,0.0,0.0,0.0,0.0,0.0,0.0,0.0,0.0,0.0,0.0,0.0,0.0,0.0,0.0,0.0,0.0,0.0,0.0,0.0,0.0,0.0,0.0,0.0,0.0,0.0,0.12211215682327747
21,0.012056352570652962,0.011571335606276989,0.011367294937372208,0.01113723125308752,0.010049785487353802,0.010403347201645374,0.010012201964855194,0.009493145160377026,0.008863239549100399,0.008898417465388775,0.008689945563673973,0.008226988837122917,0.007646271027624607,0.007262892089784145,0.006891267374157906,0.006513485684990883,0.006202954798936844,0.0056265294551849365,0.005226956680417061,0.004710875451564789,0.004492742940783501,0.004239212721586227,0.004057132638990879,0.0038761887699365616,0.00383948627859354,0.003501555882394314,0.003137660212814808,0.0026944661512970924,0.0021758656948804855,0.0016527557745575905,0.0014218362048268318,0.0012842491269111633,0.0009031835943460464,0.0004596998915076256,0.0,0.0,0.0,0.0,0.0,0.0,0.0,0.0,0.0,0.0,0.0,0.0,0.0,0.0,0.0,0.0,0.20858655404299498
22,0.012064634822309017,0.011623539961874485,0.011469145305454731,0.011115520261228085,0.01075039803981781,0.010350694879889488,0.00993067491799593,0.009652507491409779,0.00919036753475666,0.008805685676634312,0.0084161888808012,0.007978708483278751,0.007520644925534725,0.007095465436577797,0.006844379007816315,0.006409165449440479,0.005922416225075722,0.0054908692836761475,0.004973175004124641,0.004522059112787247,0.004156199283897877,0.0038304831832647324,0.0033497167751193047,0.0028619496151804924,0.002793792635202408,0.002339886501431465,0.0018042558804154396,0.0016634957864880562,0.0015427833423018456,0.0012344038113951683,0.0008242465555667877,0.0003235526382923126,0.0,0.0,0.0,0.0,0.0,0.0,0.0,0.0,0.0,0.0,0.0,0.0,0.0,0.0,0.0,0.0,0.0,0.0,0.1968510067090392
23,0.012051191180944443,0.011719544418156147,0.011538221500813961,0.011111573316156864,0.01075567863881588,0.010180914774537086,0.00982035044580698,0.009419992566108704,0.007711607962846756,0.0,0.0,0.0,0.0,0.0,0.0,0.0,0.0,0.0,0.0,0.0,0.0,0.0,0.0,0.0,0.0,0.0,0.0,0.0,0.0,0.0,0.0,0.0,0.0,0.0,0.0,0.0,0.0,0.0,0.0,0.0,0.0,0.0,0.0,0.0,0.0,0.0,0.0,0.0,0.0,0.0,0.09430907480418682
24,0.012019438669085503,0.010825213976204395,0.01149821374565363,0.011186473071575165,0.010728161782026291,0.010280967690050602,0.010024502873420715,0.009453917853534222,0.009193877689540386,0.00873937550932169,0.008249741978943348,0.007661711424589157,0.007664592936635017,0.007255314849317074,0.006778034381568432,0.006241396069526672,0.006032797507941723,0.005866958759725094,0.005777795799076557,0.005356172099709511,0.0049395086243748665,0.004528269171714783,0.004169343039393425,0.0036951620131731033,0.003377818502485752,0.0030504660680890083,0.00257156603038311,0.0021124761551618576,0.0017347829416394234,0.0012823566794395447,0.0009342925623059273,0.00043810997158288956,0.0,0.0,0.0,0.0,0.0,0.0,0.0,0.0,0.0,0.0,0.0,0.0,0.0,0.0,0.0,0.0,0.0,0.0,0.20366881042718887
25,0.012027347460389137,0.011721938848495483,0.01143699698150158,0.011245411820709705,0.010867652483284473,0.010337252169847488,0.009986243210732937,0.009653782472014427,0.009144261479377747,0.00810267310589552,0.008372794836759567,0.00785743910819292,0.007635052315890789,0.0072905151173472404,0.006740836426615715,0.006238345988094807,0.005636253394186497,0.00544667337089777,0.00528024323284626,0.00510838907212019,0.005057923495769501,0.004634966142475605,0.004285125993192196,0.0038716020062565804,0.0033951494842767715,0.0029402924701571465,0.0025699157267808914,0.0021701930090785027,0.0017160875722765923,0.0013889633119106293,0.0009117890149354935,0.00038402993232011795,0.0,0.0,0.0,0.0,0.0,0.0,0.0,0.0,0.0,0.0,0.0,0.0,0.0,0.0,0.0,0.0,0.0,0.0,0.20345614105463028
26,0.012276880443096161,0.011871928349137306,0.011469929479062557,0.011328129097819328,0.010861344635486603,0.010495446622371674,0.012382078915834427,0.009758430533111095,0.009400960057973862,0.008956827223300934,0.007881196215748787,0.00663411058485508,0.0,0.0,0.0,0.0,0.0,0.0,0.0,0.0,0.0,0.0,0.0,0.0,0.0,0.0,0.0,0.0,0.0,0.0,0.0,0.0,0.0,0.0,0.0,0.0,0.0,0.0,0.0,0.0,0.0,0.0,0.0,0.0,0.0,0.0,0.0,0.0,0.0,0.0,0.12331726215779781
27,0.012402244843542576,0.011999850161373615,0.011627241037786007,0.01124483160674572,0.010917510837316513,0.009913216345012188,0.010303021408617496,0.00993396621197462,0.009344790130853653,0.008950409479439259,0.008478670381009579,0.00823985319584608,0.007507015019655228,0.007123636081814766,0.006437930278480053,0.006398076191544533,0.006451313383877277,0.005946815945208073,0.0054548559710383415,0.00528369378298521,0.005076739005744457,0.004884789697825909,0.00476530846208334,0.004550963640213013,0.004434722475707531,0.004300393164157867,0.004136792384088039,0.0,0.0,0.0,0.0,0.0,0.0,0.0,0.0,0.0,0.0,0.0,0.0,0.0,0.0,0.0,0.0,0.0,0.0,0.0,0.0,0.0,0.0,0.0,0.20610865112394094
28,0.012391789816319942,0.011732878163456917,0.011617602780461311,0.011235477402806282,0.01069964561611414,0.010347416624426842,0.009953644126653671,0.009535468183457851,0.009187774732708931,0.008761787787079811,0.008109762333333492,0.008263401687145233,0.007835782133042812,0.007450948469340801,0.007123222574591637,0.00690105464309454,0.0064833881333470345,0.006110048852860928,0.005711185745894909,0.00526842288672924,0.004862004891037941,0.00438180286437273,0.004005040042102337,0.0035622799769043922,0.0029353387653827667,0.0026560528203845024,0.002105620689690113,0.0016547292470932007,0.0013246936723589897,0.0012478530406951904,0.0011330600827932358,0.0007011489942669868,0.0,0.0,0.0,0.0,0.0,0.0,0.0,0.0,0.0,0.0,0.0,0.0,0.0,0.0,0.0,0.0,0.0,0.0,0.2052903277799487
29,0.012305404990911484,0.011873743496835232,0.011616922914981842,0.011354710906744003,0.010818199254572392,0.010589424520730972,0.010121716186404228,0.00982498936355114,0.00932339858263731,0.007603572681546211,0.0,0.0,0.0,0.0,0.0,0.0,0.0,0.0,0.0,0.0,0.0,0.0,0.0,0.0,0.0,0.0,0.0,0.0,0.0,0.0,0.0,0.0,0.0,0.0,0.0,0.0,0.0,0.0,0.0,0.0,0.0,0.0,0.0,0.0,0.0,0.0,0.0,0.0,0.0,0.0,0.10543208289891481
30,0.012340807355940342,0.011859024874866009,0.011529634706676006,0.011178095825016499,0.010951253585517406,0.010567245073616505,0.009966677986085415,0.009719571098685265,0.008914242498576641,0.009050155058503151,0.008513114415109158,0.008177367970347404,0.007658228278160095,0.007182375527918339,0.006712915375828743,0.006365642882883549,0.006047133356332779,0.005434306338429451,0.005072248168289661,0.004728739149868488,0.004254070110619068,0.00410932581871748,0.0038845036178827286,0.003812088631093502,0.0033101430162787437,0.003166377544403076,0.002865186892449856,0.002370992675423622,0.0020144199952483177,0.001573123037815094,0.0011345632374286652,0.0006109662353992462,0.00044454634189605713,0.0,0.0,0.0,0.0,0.0,0.0,0.0,0.0,0.0,0.0,0.0,0.0,0.0,0.0,0.0,0.0,0.0,0.20551908668130636
31,0.012051491998136044,0.011649137362837791,0.011550508439540863,0.011163812130689621,0.010797964408993721,0.010256479494273663,0.00979259517043829,0.008776014670729637,0.007379654794931412,0.0,0.0,0.0,0.0,0.0,0.0,0.0,0.0,0.0,0.0,0.0,0.0,0.0,0.0,0.0,0.0,0.0,0.0,0.0,0.0,0.0,0.0,0.0,0.0,0.0,0.0,0.0,0.0,0.0,0.0,0.0,0.0,0.0,0.0,0.0,0.0,0.0,0.0,0.0,0.0,0.0,0.09341765847057104
32,0.01208040677011013,0.011681336909532547,0.011434126645326614,0.011243106797337532,0.010570854879915714,0.010436182841658592,0.010006601922214031,0.009602530859410763,0.009143007919192314,0.008787721395492554,0.008561316877603531,0.008162041194736958,0.007666868157684803,0.007135879248380661,0.006683018058538437,0.0064208898693323135,0.005806242115795612,0.0052720168605446815,0.0050924792885780334,0.004645219072699547,0.0044980160892009735,0.004140402190387249,0.003746592439711094,0.0034066159278154373,0.0030165985226631165,0.0024758195504546165,0.002215338870882988,0.00214494951069355,0.0016912762075662613,0.0013620583340525627,0.000988893210887909,0.0003654658794403076,0.0,0.0,0.0,0.0,0.0,0.0,0.0,0.0,0.0,0.0,0.0,0.0,0.0,0.0,0.0,0.0,0.0,0.0,0.20048387441784143
33,0.011940094642341137,0.011581813916563988,0.01145348884165287,0.01102947536855936,0.01067323423922062,0.010401405394077301,0.010128851979970932,0.009469916112720966,0.009239218197762966,0.008707165718078613,0.008312761783599854,0.007877991534769535,0.007470482029020786,0.007100078277289867,0.00665674451738596,0.005982613191008568,0.0057836296036839485,0.005579754710197449,0.005426492542028427,0.005187871865928173,0.004976262338459492,0.004804362542927265,0.004661706276237965,0.004628938622772694,0.004180676303803921,0.0038031553849577904,0.003225295804440975,0.003010162152349949,0.0029348405078053474,0.0025293631479144096,0.0020433692261576653,0.0019684191793203354,0.0014199502766132355,0.001198556274175644,0.0011464031413197517,0.0005200691521167755,0.0003502173349261284,0.0,0.0,0.0,0.0,0.0,0.0,0.0,0.0,0.0,0.0,0.0,0.0,0.0,0.21740483213216066
34,0.011280865408480167,0.011696185916662216,0.011419939808547497,0.011167979799211025,0.01288955844938755,0.0103264469653368,0.009868057444691658,0.009396987967193127,0.007764178328216076,0.0,0.0,0.0,0.0,0.0,0.0,0.0,0.0,0.0,0.0,0.0,0.0,0.0,0.0,0.0,0.0,0.0,0.0,0.0,0.0,0.0,0.0,0.0,0.0,0.0,0.0,0.0,0.0,0.0,0.0,0.0,0.0,0.0,0.0,0.0,0.0,0.0,0.0,0.0,0.0,0.0,0.09581020008772612
35,0.012114173732697964,0.01173313520848751,0.011429838836193085,0.011197253130376339,0.010801621712744236,0.00992294866591692,0.010269660502672195,0.009618020616471767,0.009259277954697609,0.00889170728623867,0.00824190117418766,0.007770235650241375,0.0074130091816186905,0.006990778259932995,0.006410269066691399,0.006214096210896969,0.006089802831411362,0.0057517895475029945,0.005378829315304756,0.005002638325095177,0.004629685543477535,0.004199443385004997,0.003865041770040989,0.0032610632479190826,0.003183828666806221,0.0027816062793135643,0.0024583032354712486,0.0020168153569102287,0.001582982949912548,0.0010265735909342766,0.0010071657598018646,0.00033995695412158966,0.0,0.0,0.0,0.0,0.0,0.0,0.0,0.0,0.0,0.0,0.0,0.0,0.0,0.0,0.0,0.0,0.0,0.0,0.20085345394909382
36,0.012455111369490623,0.011926708742976189,0.01153134647756815,0.011140208691358566,0.01081765815615654,0.010508007369935513,0.009855684824287891,0.00957433506846428,0.0092502785846591,0.008959854952991009,0.008460543118417263,0.008087338879704475,0.007779737934470177,0.007376204244792461,0.006837875582277775,0.006097497418522835,0.005213533528149128,0.0057162754237651825,0.0050750840455293655,0.004585599526762962,0.004445461556315422,0.004080562852323055,0.003764812834560871,0.003371305763721466,0.0029211053624749184,0.0023858631029725075,0.0020985063165426254,0.0017732158303260803,0.0013947868719696999,0.0009563332423567772,0.00038621481508016586,0.0,0.0,0.0,0.0,0.0,0.0,0.0,0.0,0.0,0.0,0.0,0.0,0.0,0.0,0.0,0.0,0.0,0.0,0.0,0.19882705248892307
37,0.012357581406831741,0.011930095963180065,0.011738103814423084,0.011333365924656391,0.010874363593757153,0.010579324327409267,0.010180857963860035,0.00964339915663004,0.00927397608757019,0.008332830853760242,0.008344334550201893,0.008035644888877869,0.007702256552875042,0.007140066474676132,0.006831846199929714,0.0064620450139045715,0.0059739332646131516,0.005512891337275505,0.005176565609872341,0.004752119071781635,0.00429399311542511,0.004089626483619213,0.003935124725103378,0.0035523492842912674,0.0031117331236600876,0.0029836101457476616,0.0026247454807162285,0.0022254521027207375,0.001805162988603115,0.0013291165232658386,0.0008550863713026047,0.0006735492497682571,0.0,0.0,0.0,0.0,0.0,0.0,0.0,0.0,0.0,0.0,0.0,0.0,0.0,0.0,0.0,0.0,0.0,0.0,0.20365515165030956
38,0.013043942861258984,0.011808672919869423,0.011471561156213284,0.011219974607229233,0.010886418633162975,0.010596944950520992,0.010066756047308445,0.00962835829705,0.00916250143200159,0.00875137560069561,0.008228828199207783,0.008092295378446579,0.007680629380047321,0.007400868460536003,0.0069784559309482574,0.0065880464389920235,0.0060774823650717735,0.005948594771325588,0.0053871627897024155,0.005230252631008625,0.005148756317794323,0.004822199232876301,0.004406312480568886,0.004030334763228893,0.0034838300198316574,0.0032874196767807007,0.003087438642978668,0.0029010437428951263,0.0027115968987345695,0.0025278301909565926,0.0024456558749079704,0.0,0.0,0.0,0.0,0.0,0.0,0.0,0.0,0.0,0.0,0.0,0.0,0.0,0.0,0.0,0.0,0.0,0.0,0.0,0.2131015406921506
39,0.012308045290410519,0.011790470220148563,0.011516462080180645,0.011290671303868294,0.010879505425691605,0.010569969192147255,0.010205551981925964,0.009756682440638542,0.009184922091662884,0.00885020475834608,0.00840096827596426,0.007915908470749855,0.0072759417816996574,0.007246881723403931,0.007111159153282642,0.007234295830130577,0.00670813862234354,0.006355090066790581,0.005782094784080982,0.005313616245985031,0.0050638820976018906,0.004658736288547516,0.004122818820178509,0.003936362452805042,0.0037159398198127747,0.003558563068509102,0.0033933762460947037,0.003208632580935955,0.0030717728659510612,0.0,0.0,0.0,0.0,0.0,0.0,0.0,0.0,0.0,0.0,0.0,0.0,0.0,0.0,0.0,0.0,0.0,0.0,0.0,0.0,0.0,0.21042666397988796
40,0.01237788237631321,0.01195107027888298,0.011646993458271027,0.011292488314211369,0.01083548553287983,0.010659169405698776,0.010343097150325775,0.009784456342458725,0.009216312319040298,0.008854116313159466,0.008329382166266441,0.007903404533863068,0.007882008329033852,0.00735075306147337,0.00697715487331152,0.006251065991818905,0.006298912689089775,0.005740136839449406,0.005311973392963409,0.0049159349873661995,0.00461940560489893,0.004240586422383785,0.0037593962624669075,0.003420223481953144,0.0029798652976751328,0.0024824952706694603,0.0021641887724399567,0.0016833329573273659,0.0015855934470891953,0.0011010738089680672,0.0006511667743325233,0.0,0.0,0.0,0.0,0.0,0.0,0.0,0.0,0.0,0.0,0.0,0.0,0.0,0.0,0.0,0.0,0.0,0.0,0.0,0.20260912645608187
41,0.012034863233566284,0.011637511663138866,0.011359203606843948,0.010992342606186867,0.011054378002882004,0.010098833590745926,0.009843491017818451,0.009487076662480831,0.007691239006817341,0.0,0.0,0.0,0.0,0.0,0.0,0.0,0.0,0.0,0.0,0.0,0.0,0.0,0.0,0.0,0.0,0.0,0.0,0.0,0.0,0.0,0.0,0.0,0.0,0.0,0.0,0.0,0.0,0.0,0.0,0.0,0.0,0.0,0.0,0.0,0.0,0.0,0.0,0.0,0.0,0.0,0.09419893939048052
42,0.011999954469501972,0.011736993677914143,0.011556068435311317,0.011235509999096394,0.010826167650520802,0.010239681228995323,0.009959159418940544,0.009453770704567432,0.007879247888922691,0.0,0.0,0.0,0.0,0.0,0.0,0.0,0.0,0.0,0.0,0.0,0.0,0.0,0.0,0.0,0.0,0.0,0.0,0.0,0.0,0.0,0.0,0.0,0.0,0.0,0.0,0.0,0.0,0.0,0.0,0.0,0.0,0.0,0.0,0.0,0.0,0.0,0.0,0.0,0.0,0.0,0.09488655347377062
43,0.011987411417067051,0.011662344448268414,0.011437695473432541,0.011200889013707638,0.01080500241369009,0.010245944373309612,0.009811143390834332,0.00942217092961073,0.00770502258092165,0.0,0.0,0.0,0.0,0.0,0.0,0.0,0.0,0.0,0.0,0.0,0.0,0.0,0.0,0.0,0.0,0.0,0.0,0.0,0.0,0.0,0.0,0.0,0.0,0.0,0.0,0.0,0.0,0.0,0.0,0.0,0.0,0.0,0.0,0.0,0.0,0.0,0.0,0.0,0.0,0.0,0.09427762404084206
44,0.012044541537761688,0.01170275267213583,0.011464911513030529,0.011153548024594784,0.010800499469041824,0.010248067788779736,0.009988118894398212,0.009326071478426456,0.00921602826565504,0.008767297491431236,0.008247455582022667,0.007650249637663364,0.00759221613407135,0.007215102203190327,0.006705791689455509,0.006255502812564373,0.005664358846843243,0.005857259035110474,0.0057417890056967735,0.0053475284948945045,0.004881898872554302,0.004484409466385841,0.004260405898094177,0.00422318559139967,0.003834298811852932,0.003386576659977436,0.002895945683121681,0.0028038201853632927,0.002269505523145199,0.0022451989352703094,0.0017244722694158554,0.0016337661072611809,0.0,0.0,0.0,0.0,0.0,0.0,0.0,0.0,0.0,0.0,0.0,0.0,0.0,0.0,0.0,0.0,0.0,0.0,0.2096325745806098
45,0.012103544548153877,0.011604505591094494,0.011412322521209717,0.011169061996042728,0.010753708891570568,0.010418244637548923,0.010320045053958893,0.009597360156476498,0.009206091053783894,0.008917631581425667,0.008275657892227173,0.007908648811280727,0.007461152039468288,0.007093062624335289,0.006569412536919117,0.006065969355404377,0.005833569914102554,0.0054012201726436615,0.005227295681834221,0.00514512974768877,0.004795488901436329,0.004328714683651924,0.003921428695321083,0.003669979050755501,0.0033303899690508842,0.0027511324733495712,0.0023940233513712883,0.0019266866147518158,0.0014902064576745033,0.0010183006525039673,0.0009083505719900131,0.0004631243646144867,0.0,0.0,0.0,0.0,0.0,0.0,0.0,0.0,0.0,0.0,0.0,0.0,0.0,0.0,0.0,0.0,0.0,0.0,0.2014814605936408
46,0.012258224189281464,0.011829336173832417,0.01153830997645855,0.011188126169145107,0.010882415808737278,0.010791764594614506,0.010267741046845913,0.009776553139090538,0.009309948422014713,0.008731730282306671,0.008251167833805084,0.007978112436830997,0.007708175107836723,0.0072910962626338005,0.006818525493144989,0.006508226506412029,0.006046745926141739,0.00562454666942358,0.005152049474418163,0.004716379567980766,0.004210073500871658,0.0038035912439227104,0.0038989586755633354,0.0033906595781445503,0.003214258700609207,0.00283206719905138,0.0028220675885677338,0.0024057291448116302,0.0022842027246952057,0.0022322889417409897,0.0017884857952594757,0.0013507399708032608,0.0009339163079857826,0.0003037862479686737,0.0,0.0,0.0,0.0,0.0,0.0,0.0,0.0,0.0,0.0,0.0,0.0,0.0,0.0,0.0,0.0,0.20814000070095062
47,0.012584608048200607,0.011851446703076363,0.011463234201073647,0.01112374197691679,0.010869004763662815,0.010535698384046555,0.010008113458752632,0.009914618916809559,0.00960992556065321,0.008921008557081223,0.008455275557935238,0.007987378165125847,0.007510424591600895,0.007092641666531563,0.006624719128012657,0.00639527291059494,0.006185263395309448,0.006077269092202187,0.00605207122862339,0.005682596005499363,0.0051107387989759445,0.004842679016292095,0.004420229233801365,0.0039480216801166534,0.0035250969231128693,0.0032048290595412254,0.0027192095294594765,0.0023424057289958,0.0019141165539622307,0.0014901300892233849,0.0011171363294124603,0.000580955296754837,0.00030957721173763275,0.0,0.0,0.0,0.0,0.0,0.0,0.0,0.0,0.0,0.0,0.0,0.0,0.0,0.0,0.0,0.0,0.0,0.2104694377630949
48,0.012463117949664593,0.011822647415101528,0.0116789685562253,0.011314405128359795,0.010868334211409092,0.010557758621871471,0.009980026632547379,0.009803765453398228,0.009252711199223995,0.00892911572009325,0.008366765454411507,0.008158326148986816,0.007427711971104145,0.007397164590656757,0.007034813053905964,0.006807216443121433,0.006216861307621002,0.00596972182393074,0.005560196004807949,0.004922143183648586,0.004630931653082371,0.004321519285440445,0.0038352925330400467,0.0032349098473787308,0.0029507530853152275,0.002512263134121895,0.002243002876639366,0.0016649430617690086,0.0012238575145602226,0.0008380301296710968,0.0003632130101323128,0.0,0.0,0.0,0.0,0.0,0.0,0.0,0.0,0.0,0.0,0.0,0.0,0.0,0.0,0.0,0.0,0.0,0.0,0.0,0.20235048700124025
49,0.012424034997820854,0.011738935485482216,0.011422608979046345,0.011166363954544067,0.010730951093137264,0.010421041399240494,0.009964395314455032,0.009626672603189945,0.009109077975153923,0.007593375630676746,0.0,0.0,0.0,0.0,0.0,0.0,0.0,0.0,0.0,0.0,0.0,0.0,0.0,0.0,0.0,0.0,0.0,0.0,0.0,0.0,0.0,0.0,0.0,0.0,0.0,0.0,0.0,0.0,0.0,0.0,0.0,0.0,0.0,0.0,0.0,0.0,0.0,0.0,0.0,0.0,0.10419745743274689
50,0.012422718107700348,0.011862858198583126,0.011639718897640705,0.011288242414593697,0.010870939120650291,0.010523651726543903,0.010256820358335972,0.009665612131357193,0.009209725074470043,0.008720825426280499,0.00854579359292984,0.008020292036235332,0.007543358951807022,0.007269531488418579,0.006785172037780285,0.006400651298463345,0.0059322789311409,0.005480821244418621,0.005334815010428429,0.004941612482070923,0.004529823549091816,0.0042227329686284065,0.003809303045272827,0.003453589044511318,0.0030321329832077026,0.0025110123679041862,0.002048625610768795,0.0019327867776155472,0.0015853354707360268,0.001191362738609314,0.0006744852289557457,0.0,0.0,0.0,0.0,0.0,0.0,0.0,0.0,0.0,0.0,0.0,0.0,0.0,0.0,0.0,0.0,0.0,0.0,0.0,0.20170662831515074
51,0.012091604992747307,0.011618457734584808,0.011579207144677639,0.011241274885833263,0.010812051594257355,0.010158726945519447,0.009942051954567432,0.008749923668801785,0.00731249526143074,0.0,0.0,0.0,0.0,0.0,0.0,0.0,0.0,0.0,0.0,0.0,0.0,0.0,0.0,0.0,0.0,0.0,0.0,0.0,0.0,0.0,0.0,0.0,0.0,0.0,0.0,0.0,0.0,0.0,0.0,0.0,0.0,0.0,0.0,0.0,0.0,0.0,0.0,0.0,0.0,0.0,0.09350579418241978
52,0.012055638246238232,0.011468731798231602,0.01136881485581398,0.011004924774169922,0.010674366727471352,0.010297761298716068,0.010111987590789795,0.009630279615521431,0.009067741222679615,0.008652579970657825,0.00827866792678833,0.007915492169559002,0.007555311545729637,0.007002439349889755,0.006394058465957642,0.0062238359823822975,0.005892728455364704,0.005409945733845234,0.00519462488591671,0.005107808858156204,0.004658159799873829,0.004566906951367855,0.004189205355942249,0.0038955984637141228,0.0034847883507609367,0.002969212830066681,0.002533653751015663,0.002338878810405731,0.002156670205295086,0.0019485531374812126,0.0017158826813101768,0.0013091852888464928,0.0,0.0,0.0,0.0,0.0,0.0,0.0,0.0,0.0,0.0,0.0,0.0,0.0,0.0,0.0,0.0,0.0,0.0,0.20507443509995937
53,0.012021995149552822,0.011600359342992306,0.011417112313210964,0.011125998571515083,0.010762955993413925,0.010534294880926609,0.010185502469539642,0.009911304339766502,0.009286992251873016,0.00889346282929182,0.008605715818703175,0.008003783412277699,0.007485290989279747,0.007019840180873871,0.0067612724378705025,0.006227836012840271,0.0057379091158509254,0.005235902965068817,0.004964655265212059,0.00495026633143425,0.004454342648386955,0.004261435940861702,0.004193593747913837,0.0038767196238040924,0.0034464355558156967,0.002911030314862728,0.002488270401954651,0.002060513012111187,0.0015735635533928871,0.0015307078137993813,0.0010978635400533676,0.0006134705618023872,0.0,0.0,0.0,0.0,0.0,0.0,0.0,0.0,0.0,0.0,0.0,0.0,0.0,0.0,0.0,0.0,0.0,0.0,0.20324039738625288
54,0.01205865666270256,0.011639626696705818,0.011584363877773285,0.010783692821860313,0.010324941948056221,0.009612588211894035,0.007875962182879448,0.0,0.0,0.0,0.0,0.0,0.0,0.0,0.0,0.0,0.0,0.0,0.0,0.0,0.0,0.0,0.0,0.0,0.0,0.0,0.0,0.0,0.0,0.0,0.0,0.0,0.0,0.0,0.0,0.0,0.0,0.0,0.0,0.0,0.0,0.0,0.0,0.0,0.0,0.0,0.0,0.0,0.0,0.0,0.07387983240187168
55,0.01201762817800045,0.011596018448472023,0.011410373263061047,0.011221477761864662,0.010793349705636501,0.010344122536480427,0.010105999186635017,0.00943688116967678,0.009303891099989414,0.00879570934921503,0.00860439520329237,0.008010176941752434,0.007571824826300144,0.0070789409801363945,0.006492833606898785,0.0064364243298769,0.0058742789551615715,0.0056764353066682816,0.005656866356730461,0.0052103521302342415,0.004867251962423325,0.004495542496442795,0.004005632363259792,0.003685319796204567,0.0032038800418376923,0.0027616089209914207,0.0022327061742544174,0.0020359130576252937,0.001996452920138836,0.0016810959205031395,0.0012247022241353989,0.0007503367960453033,0.0,0.0,0.0,0.0,0.0,0.0,0.0,0.0,0.0,0.0,0.0,0.0,0.0,0.0,0.0,0.0,0.0,0.0,0.20457842200994492
56,0.012262115254998207,0.011839257553219795,0.011749283410608768,0.011372835375368595,0.011010651476681232,0.01053947489708662,0.010115524753928185,0.009498164989054203,0.007876824587583542,0.0,0.0,0.0,0.0,0.0,0.0,0.0,0.0,0.0,0.0,0.0,0.0,0.0,0.0,0.0,0.0,0.0,0.0,0.0,0.0,0.0,0.0,0.0,0.0,0.0,0.0,0.0,0.0,0.0,0.0,0.0,0.0,0.0,0.0,0.0,0.0,0.0,0.0,0.0,0.0,0.0,0.09626413229852915
57,0.01197830494493246,0.011862237937748432,0.011739825829863548,0.011427735909819603,0.011054741218686104,0.010639444924890995,0.01010982133448124,0.009452755562961102,0.009531864896416664,0.009126409888267517,0.008777352049946785,0.00862828828394413,0.006245974451303482,0.007655966095626354,0.007109465077519417,0.0066149355843663216,0.006161458790302277,0.005790562368929386,0.00534218642860651,0.004927575588226318,0.0045880526304244995,0.004290523007512093,0.00386724341660738,0.003396095708012581,0.002866523340344429,0.002693173475563526,0.0026334794238209724,0.002234548330307007,0.0017609503120183945,0.0012521399185061455,0.0011341609060764313,0.0006994390860199928,0.0,0.0,0.0,0.0,0.0,0.0,0.0,0.0,0.0,0.0,0.0,0.0,0.0,0.0,0.0,0.0,0.0,0.0,0.2055932367220521
58,0.012338032014667988,0.011759653687477112,0.011432424187660217,0.011218708008527756,0.010118085891008377,0.010636859573423862,0.010228016413748264,0.00968822743743658,0.009239068254828453,0.00878334790468216,0.007336309179663658,0.0,0.0,0.0,0.0,0.0,0.0,0.0,0.0,0.0,0.0,0.0,0.0,0.0,0.0,0.0,0.0,0.0,0.0,0.0,0.0,0.0,0.0,0.0,0.0,0.0,0.0,0.0,0.0,0.0,0.0,0.0,0.0,0.0,0.0,0.0,0.0,0.0,0.0,0.0,0.11277873255312443
59,0.012242776341736317,0.011804703623056412,0.011780068278312683,0.011502382345497608,0.011001369915902615,0.010619226843118668,0.010160724632441998,0.009894950315356255,0.009298874996602535,0.008837027475237846,0.008197654969990253,0.008326725102961063,0.008145666681230068,0.007526339031755924,0.0073314690962433815,0.006928758695721626,0.00643360149115324,0.006219458766281605,0.00565214641392231,0.005136705935001373,0.004640239290893078,0.004181671887636185,0.0036905696615576744,0.0035403892397880554,0.0032072188332676888,0.002907184883952141,0.002391928806900978,0.0019627390429377556,0.0015705395489931107,0.0011590858921408653,0.0007373401895165443,0.00035039056092500687,0.0,0.0,0.0,0.0,0.0,0.0,0.0,0.0,0.0,0.0,0.0,0.0,0.0,0.0,0.0,0.0,0.0,0.0,0.20737992879003286
60,0.012512688525021076,0.011699335649609566,0.011648918502032757,0.01132087130099535,0.010964269749820232,0.010568385012447834,0.010181978344917297,0.00967483688145876,0.009206985123455524,0.008955559693276882,0.00839158147573471,0.00808863528072834,0.007778989151120186,0.007020819932222366,0.006629291921854019,0.006294245831668377,0.005841046571731567,0.0056767649948596954,0.005289239808917046,0.004883036017417908,0.0044621666893363,0.004192856140434742,0.0037355953827500343,0.0033357059583067894,0.002871602773666382,0.0024219313636422157,0.002386045642197132,0.0020166700705885887,0.0015395395457744598,0.001309880055487156,0.0011026272550225258,0.0006013130769133568,0.0,0.0,0.0,0.0,0.0,0.0,0.0,0.0,0.0,0.0,0.0,0.0,0.0,0.0,0.0,0.0,0.0,0.0,0.20260341372340918
61,0.012049859389662743,0.011687013320624828,0.01154228113591671,0.011234374716877937,0.010865699499845505,0.010454642586410046,0.010059632360935211,0.008935606107115746,0.00915725901722908,0.008755660615861416,0.008256400935351849,0.007758804596960545,0.007355394773185253,0.007030311971902847,0.006528538651764393,0.006176448427140713,0.005759506486356258,0.005335136316716671,0.00482548214495182,0.004662465304136276,0.004622462205588818,0.0043698931112885475,0.0038433102890849113,0.003330509178340435,0.0031776130199432373,0.00283240620046854,0.002492799423635006,0.002033185213804245,0.0014888038858771324,0.0013544736430048943,0.0011080456897616386,0.0009999601170420647,0.00030760932713747025,0.0,0.0,0.0,0.0,0.0,0.0,0.0,0.0,0.0,0.0,0.0,0.0,0.0,0.0,0.0,0.0,0.0,0.2003915896639228
62,0.012011473067104816,0.01158787403255701,0.011417808011174202,0.011124464683234692,0.010664707981050014,0.010350951924920082,0.010024545714259148,0.00964067131280899,0.009071997366845608,0.008635854348540306,0.00825940165668726,0.007964985445141792,0.0075189946219325066,0.007180508226156235,0.006663483567535877,0.0062707653269171715,0.006072674877941608,0.005474608391523361,0.005096718668937683,0.0047385962679982185,0.004295242018997669,0.0037307627499103546,0.0033241556957364082,0.002831290476024151,0.0026179365813732147,0.00248162355273962,0.001988680101931095,0.0019640596583485603,0.0015232805162668228,0.0011425670236349106,0.0006462698802351952,0.0,0.0,0.0,0.0,0.0,0.0,0.0,0.0,0.0,0.0,0.0,0.0,0.0,0.0,0.0,0.0,0.0,0.0,0.0,0.19631695374846458
63,0.011998900212347507,0.011763756163418293,0.011506959795951843,0.01113633532077074,0.010829642415046692,0.0103308679535985,0.009884166531264782,0.00938477460294962,0.007849574089050293,0.0,0.0,0.0,0.0,0.0,0.0,0.0,0.0,0.0,0.0,0.0,0.0,0.0,0.0,0.0,0.0,0.0,0.0,0.0,0.0,0.0,0.0,0.0,0.0,0.0,0.0,0.0,0.0,0.0,0.0,0.0,0.0,0.0,0.0,0.0,0.0,0.0,0.0,0.0,0.0,0.0,0.09468497708439827
64,0.012100104242563248,0.01163745392113924,0.011403864249587059,0.011112844571471214,0.010801934637129307,0.010440660640597343,0.01027518231421709,0.009503240697085857,0.009056624956429005,0.008790540508925915,0.00837728288024664,0.007825775071978569,0.00738384947180748,0.006949275732040405,0.00641636922955513,0.006227386184036732,0.0059651220217347145,0.005804252810776234,0.005667014978826046,0.005452116020023823,0.005296860821545124,0.004820144735276699,0.004645906388759613,0.004449608735740185,0.0042903367429971695,0.004099516198039055,0.004059309139847755,0.0036756591871380806,0.003184022381901741,0.002670613117516041,0.002545855939388275,0.0,0.0,0.0,0.0,0.0,0.0,0.0,0.0,0.0,0.0,0.0,0.0,0.0,0.0,0.0,0.0,0.0,0.0,0.0,0.2149287285283208
65,0.012083013541996479,0.011742178350687027,0.011421156115829945,0.011075295507907867,0.010815165005624294,0.010376513935625553,0.009965288452804089,0.009518949314951897,0.009074284695088863,0.00849907472729683,0.007526238448917866,0.007762942463159561,0.007319692522287369,0.007433904334902763,0.006925932131707668,0.006424402818083763,0.006074828095734119,0.00778565276414156,0.005228905007243156,0.004731106571853161,0.00420593935996294,0.004253539256751537,0.003840419463813305,0.0034798970445990562,0.003076903522014618,0.0027430299669504166,0.0021802959963679314,0.0018088268116116524,0.0014328332617878914,0.000975082628428936,0.0004011737182736397,0.0,0.0,0.0,0.0,0.0,0.0,0.0,0.0,0.0,0.0,0.0,0.0,0.0,0.0,0.0,0.0,0.0,0.0,0.0,0.20018246583640575
66,0.01234530657529831,0.011915124021470547,0.011779429391026497,0.01147912722080946,0.011098547838628292,0.010721998289227486,0.010269330814480782,0.009943118318915367,0.009439356625080109,0.009035231545567513,0.008639099076390266,0.008198748342692852,0.00791145209223032,0.0073570748791098595,0.006851972080767155,0.00628434494137764,0.00626369658857584,0.005794779397547245,0.005352429114282131,0.004849962890148163,0.0048029059544205666,0.00430257897824049,0.003895603120326996,0.003802107647061348,0.0034193620085716248,0.0029887091368436813,0.0026629893109202385,0.002176772803068161,0.0017705997452139854,0.0014067534357309341,0.0009409505873918533,0.0003469157963991165,0.0,0.0,0.0,0.0,0.0,0.0,0.0,0.0,0.0,0.0,0.0,0.0,0.0,0.0,0.0,0.0,0.0,0.0,0.20804637856781483
67,0.012488490901887417,0.011884658597409725,0.011536845937371254,0.011098334565758705,0.010839680209755898,0.009189300239086151,0.01031754445284605,0.009759068489074707,0.009558907710015774,0.008947075344622135,0.008594718761742115,0.007894073612987995,0.0074300989508628845,0.007158392108976841,0.007085539400577545,0.006817758083343506,0.006452798843383789,0.006038532592356205,0.005617189221084118,0.0052301958203315735,0.0046503785997629166,0.004490779712796211,0.004325948655605316,0.003950614482164383,0.003833029419183731,0.0033729588612914085,0.003228122368454933,0.0,0.0,0.0,0.0,0.0,0.0,0.0,0.0,0.0,0.0,0.0,0.0,0.0,0.0,0.0,0.0,0.0,0.0,0.0,0.0,0.0,0.0,0.0,0.2017910359427333
68,0.012350150384008884,0.011767935939133167,0.011510367505252361,0.011205674149096012,0.01085607334971428,0.010462397709488869,0.010148873552680016,0.00977471936494112,0.009508251212537289,0.009055837988853455,0.00817093625664711,0.008135455660521984,0.007676322013139725,0.007267547771334648,0.00682179257273674,0.006433665752410889,0.0060788290575146675,0.00557156465947628,0.005142374895513058,0.004803411662578583,0.004500889219343662,0.004077351652085781,0.0034897569566965103,0.003315201960504055,0.0028656432405114174,0.0027353959158062935,0.0022687306627631187,0.004074965603649616,0.001784556545317173,0.0013833893463015556,0.000983026809990406,0.00045518018305301666,0.0,0.0,0.0,0.0,0.0,0.0,0.0,0.0,0.0,0.0,0.0,0.0,0.0,0.0,0.0,0.0,0.0,0.0,0.20467626955360174
69,0.012342885136604309,0.011822485364973545,0.011524544097483158,0.011238722130656242,0.010865694843232632,0.010541299358010292,0.010080132633447647,0.009520002640783787,0.00927682314068079,0.008965198881924152,0.008315681479871273,0.007701512426137924,0.007929976098239422,0.007407540455460548,0.0068821292370557785,0.006654338911175728,0.00653095543384552,0.006057902239263058,0.00594442430883646,0.0055822692811489105,0.005153517238795757,0.004787405952811241,0.004389459267258644,0.004052449017763138,0.0036554355174303055,0.003290588967502117,0.0029294705018401146,0.002464810386300087,0.0019913529977202415,0.0015979427844285965,0.0011435272172093391,0.0007064631208777428,0.0,0.0,0.0,0.0,0.0,0.0,0.0,0.0,0.0,0.0,0.0,0.0,0.0,0.0,0.0,0.0,0.0,0.0,0.2113469410687685
70,0.01235907431691885,0.011858764104545116,0.011775009334087372,0.011488023214042187,0.011002272367477417,0.010549417696893215,0.010245131328701973,0.009800697676837444,0.009478452615439892,0.00902019813656807,0.00837380439043045,0.008022923022508621,0.007562479004263878,0.007122902199625969,0.006649252027273178,0.006450585089623928,0.006262875162065029,0.00616233516484499,0.005894139409065247,0.005407456308603287,0.005044188350439072,0.004743808880448341,0.004373141564428806,0.0038363561034202576,0.0033694561570882797,0.002957276999950409,0.0026222001761198044,0.002171013504266739,0.0017129937186837196,0.001243462786078453,0.0011620083823800087,0.0006607268005609512,0.00030867569148540497,0.0,0.0,0.0,0.0,0.0,0.0,0.0,0.0,0.0,0.0,0.0,0.0,0.0,0.0,0.0,0.0,0.0,0.20969110168516636
71,0.012025953270494938,0.011689163744449615,0.011487584561109543,0.011183688417077065,0.0106029212474823,0.010263700038194656,0.00829449575394392,0.0,0.0,0.0,0.0,0.0,0.0,0.0,0.0,0.0,0.0,0.0,0.0,0.0,0.0,0.0,0.0,0.0,0.0,0.0,0.0,0.0,0.0,0.0,0.0,0.0,0.0,0.0,0.0,0.0,0.0,0.0,0.0,0.0,0.0,0.0,0.0,0.0,0.0,0.0,0.0,0.0,0.0,0.0,0.07554750703275204
72,0.011973647400736809,0.011694414541125298,0.011312768794596195,0.011061402969062328,0.010793887078762054,0.01044581551104784,0.01001205574721098,0.009575705043971539,0.009167305193841457,0.008700614795088768,0.008349088951945305,0.007806858047842979,0.006855810061097145,0.006892184726893902,0.006371495313942432,0.006381749175488949,0.005814858712255955,0.005701571702957153,0.0052873361855745316,0.004984719678759575,0.004532571882009506,0.004116634838283062,0.003702182322740555,0.0032870015129446983,0.0030647357925772667,0.0025722188875079155,0.002199319191277027,0.001640409231185913,0.0015328526496887207,0.001078716479241848,0.0009780032560229301,0.00046282634139060974,0.0,0.0,0.0,0.0,0.0,0.0,0.0,0.0,0.0,0.0,0.0,0.0,0.0,0.0,0.0,0.0,0.0,0.0,0.19835076201707125
73,0.012053596787154675,0.011686683632433414,0.011548088863492012,0.011083678342401981,0.010596267879009247,0.010235922411084175,0.010038360953330994,0.009531084448099136,0.009153729304671288,0.008636321872472763,0.008349237963557243,0.007825914770364761,0.007280678488314152,0.0067988187074661255,0.006719912402331829,0.006195656023919582,0.005957121029496193,0.0057499101385474205,0.005702082999050617,0.0053435396403074265,0.0049002766609191895,0.004415843635797501,0.004372685216367245,0.0038719819858670235,0.0033995667472481728,0.003385743126273155,0.00296601839363575,0.002510213293135166,0.0024184565991163254,0.0019891615957021713,0.0015441970899701118,0.0009819865226745605,0.0008854828774929047,0.0003721863031387329,0.0,0.0,0.0,0.0,0.0,0.0,0.0,0.0,0.0,0.0,0.0,0.0,0.0,0.0,0.0,0.0,0.20850040670484304
74,0.0119628282263875,0.011649616062641144,0.011545330286026001,0.011213123798370361,0.010803081095218658,0.01023353636264801,0.00981355831027031,0.00932393316179514,0.007845405489206314,0.0,0.0,0.0,0.0,0.0,0.0,0.0,0.0,0.0,0.0,0.0,0.0,0.0,0.0,0.0,0.0,0.0,0.0,0.0,0.0,0.0,0.0,0.0,0.0,0.0,0.0,0.0,0.0,0.0,0.0,0.0,0.0,0.0,0.0,0.0,0.0,0.0,0.0,0.0,0.0,0.0,0.09439041279256344
75,0.012107029557228088,0.01168308686465025,0.011381569318473339,0.011079580523073673,0.010841626673936844,0.010395105928182602,0.01023138128221035,0.00942238513380289,0.009303968399763107,0.008715162985026836,0.008448959328234196,0.007945869117975235,0.007342176511883736,0.006832052953541279,0.006660026498138905,0.0061391908675432205,0.006120946258306503,0.005699926055967808,0.005588896572589874,0.0050848061218857765,0.004773578606545925,0.004334248602390289,0.0042375121265649796,0.0034859348088502884,0.003293260931968689,0.0029160287231206894,0.002517915330827236,0.002030283212661743,0.0017916392534971237,0.0016863560304045677,0.0013105068355798721,0.0008989796042442322,0.00045140553265810013,0.0,0.0,0.0,0.0,0.0,0.0,0.0,0.0,0.0,0.0,0.0,0.0,0.0,0.0,0.0,0.0,0.0,0.20475139655172825
76,0.012497571296989918,0.01182213518768549,0.011580590158700943,0.01124922651797533,0.010920535773038864,0.01194999273866415,0.010262368246912956,0.009834387339651585,0.009187672287225723,0.008879485540091991,0.008654794655740261,0.008094851858913898,0.007491844706237316,0.007322467863559723,0.006416791118681431,0.006427722051739693,0.006331459619104862,0.005907309241592884,0.0054961685091257095,0.0051096417009830475,0.004587247967720032,0.004685228690505028,0.00418466329574585,0.0034677255898714066,0.0034115733578801155,0.0030144061893224716,0.002568141557276249,0.0020560193806886673,0.0019654473289847374,0.0014741932973265648,0.0013389158993959427,0.0008839694783091545,0.0006398390978574753,0.0002947598695755005,0.0,0.0,0.0,0.0,0.0,0.0,0.0,0.0,0.0,0.0,0.0,0.0,0.0,0.0,0.0,0.0,0.21000914741307497
77,0.01235208474099636,0.011888541281223297,0.011518611572682858,0.011281403712928295,0.010932393372058868,0.01056169718503952,0.010189327411353588,0.009716494008898735,0.009547187946736813,0.009136972017586231,0.008421638049185276,0.008153646253049374,0.007767274975776672,0.007255266420543194,0.0063958922401070595,0.0063497088849544525,0.005820979364216328,0.005660385824739933,0.005683848634362221,0.005231249146163464,0.004697728902101517,0.004575771279633045,0.004076779820024967,0.003919389098882675,0.0037979856133461,0.0034902235493063927,0.002915283665060997,0.002857060171663761,0.002449369989335537,0.0019515156745910645,0.0015679160133004189,0.0011843033134937286,0.00060291588306427,0.0004275841638445854,0.0,0.0,0.0,0.0,0.0,0.0,0.0,0.0,0.0,0.0,0.0,0.0,0.0,0.0,0.0,0.0,0.2123784301802516
78,0.01207644958049059,0.011852501891553402,0.011777611449360847,0.01135162077844143,0.011192304082214832,0.010756115429103374,0.010289548896253109,0.00988922268152237,0.009510788135230541,0.009027921594679356,0.008509337902069092,0.008039642125368118,0.0075033195316791534,0.007330441847443581,0.006905991584062576,0.006480027921497822,0.006045321933925152,0.005760951898992062,0.005394688807427883,0.005086195655167103,0.004369993694126606,0.003970678895711899,0.0034102927893400192,0.0031247856095433235,0.0029743267223238945,0.002681518904864788,0.0021904604509472847,0.0016513224691152573,0.001421499066054821,0.0013447897508740425,0.0007885340601205826,0.0005560992285609245,0.00041440874338150024,0.0,0.0,0.0,0.0,0.0,0.0,0.0,0.0,0.0,0.0,0.0,0.0,0.0,0.0,0.0,0.0,0.0,0.20367871411144733
79,0.012352434918284416,0.011811750009655952,0.01160908117890358,0.011295258067548275,0.010899647139012814,0.010627749375998974,0.010289457626640797,0.009776969440281391,0.009377027861773968,0.009005092084407806,0.008625075221061707,0.008047342300415039,0.0075963689014315605,0.007413918152451515,0.007043624296784401,0.006594501435756683,0.006179191172122955,0.005679521709680557,0.005087719298899174,0.004933549091219902,0.004607665352523327,0.004188919439911842,0.0035932594910264015,0.0032387785613536835,0.0031222086399793625,0.0026269424706697464,0.0025441553443670273,0.0021636327728629112,0.001729123294353485,0.0013576000928878784,0.0007831528782844543,0.0007012868300080299,0.0,0.0,0.0,0.0,0.0,0.0,0.0,0.0,0.0,0.0,0.0,0.0,0.0,0.0,0.0,0.0,0.0,0.0,0.20490200445055962
80,0.012312970124185085,0.012036609463393688,0.011518789455294609,0.011390580795705318,0.010886353440582752,0.010718537494540215,0.010186968371272087,0.009779881685972214,0.009382680989801884,0.009057612158358097,0.008603385649621487,0.008082721382379532,0.007713942788541317,0.007275715470314026,0.006775541231036186,0.006288302130997181,0.006134839728474617,0.006244588643312454,0.0056413449347019196,0.005321386270225048,0.004839636385440826,0.004453475587069988,0.003947855904698372,0.003580968827009201,0.0031362492591142654,0.002825741656124592,0.0024477122351527214,0.0020769527181982994,0.0016455361619591713,0.00110658910125494,0.0006517656147480011,0.0,0.0,0.0,0.0,0.0,0.0,0.0,0.0,0.0,0.0,0.0,0.0,0.0,0.0,0.0,0.0,0.0,0.0,0.0,0.2060652356594801
81,0.012069026939570904,0.011603184975683689,0.011454818770289421,0.011120837181806564,0.010803391225636005,0.010465900413691998,0.009988062083721161,0.009671741165220737,0.009170827455818653,0.008491136133670807,0.008522077463567257,0.008240317925810814,0.00785766914486885,0.0074845533818006516,0.007120106369256973,0.006663238629698753,0.006278635933995247,0.0057416148483753204,0.005155202001333237,0.004750005900859833,0.004359829239547253,0.003904128447175026,0.003509463742375374,0.003063908778131008,0.003002266399562359,0.0025203432887792587,0.0020831795409321785,0.0020267395302653313,0.0016322098672389984,0.0011990228667855263,0.0007229559123516083,0.0,0.0,0.0,0.0,0.0,0.0,0.0,0.0,0.0,0.0,0.0,0.0,0.0,0.0,0.0,0.0,0.0,0.0,0.0,0.2006763955578208
82,0.01209885161370039,0.011671528220176697,0.01144750602543354,0.011185687966644764,0.010814188979566097,0.010376944206655025,0.010025654919445515,0.009659206494688988,0.009196940809488297,0.008745898492634296,0.008437411859631538,0.007947771809995174,0.007543972693383694,0.0070330314338207245,0.006485511548817158,0.006153375841677189,0.005854278802871704,0.00530529860407114,0.004980939440429211,0.004629665985703468,0.0041258931159973145,0.0036767665296792984,0.0034390222281217575,0.0033114859834313393,0.0028272494673728943,0.0027135415002703667,0.002238505519926548,0.0021121827885508537,0.00173292588442564,0.001430516131222248,0.0008683530613780022,0.00042228028178215027,0.0,0.0,0.0,0.0,0.0,0.0,0.0,0.0,0.0,0.0,0.0,0.0,0.0,0.0,0.0,0.0,0.0,0.0,0.19849238824099302
83,0.011866053566336632,0.011701958253979683,0.011539393104612827,0.010480071417987347,0.010699053294956684,0.010373013094067574,0.010064766742289066,0.00895566213876009,0.009266634471714497,0.008771628141403198,0.008225666359066963,0.007604758255183697,0.007514902390539646,0.007052682340145111,0.006958264857530594,0.006541104055941105,0.006040215492248535,0.006037311628460884,0.005647968500852585,0.005282295867800713,0.004651119001209736,0.004603775218129158,0.004324746318161488,0.003977672196924686,0.0034108273684978485,0.0029952172189950943,0.0021226638928055763,0.0017497772350907326,0.001260656863451004,0.0011660708114504814,0.000955287367105484,0.0007669059559702873,0.00032924581319093704,0.0,0.0,0.0,0.0,0.0,0.0,0.0,0.0,0.0,0.0,0.0,0.0,0.0,0.0,0.0,0.0,0.0,0.20293736923485994
84,0.012039024382829666,0.01160317100584507,0.011546554043889046,0.01106991060078144,0.008789372630417347,0.010304281488060951,0.008272568695247173,0.0,0.0,0.0,0.0,0.0,0.0,0.0,0.0,0.0,0.0,0.0,0.0,0.0,0.0,0.0,0.0,0.0,0.0,0.0,0.0,0.0,0.0,0.0,0.0,0.0,0.0,0.0,0.0,0.0,0.0,0.0,0.0,0.0,0.0,0.0,0.0,0.0,0.0,0.0,0.0,0.0,0.0,0.0,0.0736248828470707
85,0.012028668075799942,0.011632923036813736,0.011423771269619465,0.011256500147283077,0.010739329271018505,0.010113205760717392,0.009545529261231422,0.009365200065076351,0.007710163481533527,0.0,0.0,0.0,0.0,0.0,0.0,0.0,0.0,0.0,0.0,0.0,0.0,0.0,0.0,0.0,0.0,0.0,0.0,0.0,0.0,0.0,0.0,0.0,0.0,0.0,0.0,0.0,0.0,0.0,0.0,0.0,0.0,0.0,0.0,0.0,0.0,0.0,0.0,0.0,0.0,0.0,0.09381529036909342
86,0.012352178804576397,0.011848989874124527,0.011487963609397411,0.011076302267611027,0.010874544270336628,0.010374277830123901,0.010186750441789627,0.009794294834136963,0.009333004243671894,0.009038708172738552,0.008480099029839039,0.00792747177183628,0.007145139388740063,0.0060154153034091,0.0,0.0,0.0,0.0,0.0,0.0,0.0,0.0,0.0,0.0,0.0,0.0,0.0,0.0,0.0,0.0,0.0,0.0,0.0,0.0,0.0,0.0,0.0,0.0,0.0,0.0,0.0,0.0,0.0,0.0,0.0,0.0,0.0,0.0,0.0,0.0,0.1359351398423314
87,0.012340468354523182,0.011759331449866295,0.01162535697221756,0.011203252710402012,0.010890532284975052,0.012079075910151005,0.010076239705085754,0.0097873630002141,0.00953687820583582,0.009038946591317654,0.008361425250768661,0.007889588363468647,0.007751472294330597,0.007195134647190571,0.006808307953178883,0.006275169551372528,0.005653088912367821,0.005802801810204983,0.0053419554606080055,0.004968708381056786,0.00445031002163887,0.004369898699223995,0.0038925427943468094,0.003547443076968193,0.0030133388936519623,0.0029350733384490013,0.0026436317712068558,0.002163088880479336,0.0017268825322389603,0.001361725851893425,0.0009210472926497459,0.00030369311571121216,0.0,0.0,0.0,0.0,0.0,0.0,0.0,0.0,0.0,0.0,0.0,0.0,0.0,0.0,0.0,0.0,0.0,0.0,0.20571377407759428
88,0.012300648726522923,0.011882861144840717,0.011579981073737144,0.01117183268070221,0.01095492485910654,0.010547097772359848,0.010259734466671944,0.009213789366185665,0.009424654766917229,0.008969778195023537,0.008574258536100388,0.008165632374584675,0.007726765237748623,0.007219281978905201,0.0067548127844929695,0.006286707706749439,0.005915885791182518,0.005385546013712883,0.0052651893347501755,0.005136582069098949,0.004700962454080582,0.004411204718053341,0.003864043392241001,0.0038424422964453697,0.003321448341012001,0.002849454991519451,0.0024255234748125076,0.0023476816713809967,0.0019791899248957634,0.001597316935658455,0.0011549796909093857,0.0006149830296635628,0.00039862003177404404,0.0,0.0,0.0,0.0,0.0,0.0,0.0,0.0,0.0,0.0,0.0,0.0,0.0,0.0,0.0,0.0,0.0,0.20624381583184004
89,0.012403536587953568,0.01182518806308508,0.011597881093621254,0.011311393231153488,0.01083864364773035,0.010589614510536194,0.010094544850289822,0.008889772929251194,0.00911779049783945,0.009004505351185799,0.008816634304821491,0.00834150891751051,0.007930205203592777,0.007488791830837727,0.007158556021749973,0.006224288605153561,0.006016065366566181,0.005851446650922298,0.00561219546943903,0.005558702163398266,0.004775519482791424,0.004635556600987911,0.004475805908441544,0.004399992525577545,0.0038443654775619507,0.003735208883881569,0.003485226072371006,0.00312232319265604,0.002673129551112652,0.002190643921494484,0.001644057221710682,0.0015252064913511276,0.001360015943646431,0.0,0.0,0.0,0.0,0.0,0.0,0.0,0.0,0.0,0.0,0.0,0.0,0.0,0.0,0.0,0.0,0.0,0.21653831657022238
90,0.011810683645308018,0.010338258929550648,0.01151768397539854,0.01121323648840189,0.010900422930717468,0.010553169995546341,0.01018519327044487,0.011201434768736362,0.009268984198570251,0.00886316504329443,0.008401721715927124,0.007811102084815502,0.007745004259049892,0.007093856111168861,0.007058462128043175,0.006997286342084408,0.0064056022092700005,0.006083201617002487,0.005692888982594013,0.0052310023456811905,0.004900339059531689,0.004459085874259472,0.004089179448783398,0.0036114128306508064,0.003459259867668152,0.0032739415764808655,0.0032237358391284943,0.0028712525963783264,0.0,0.0,0.0,0.0,0.0,0.0,0.0,0.0,0.0,0.0,0.0,0.0,0.0,0.0,0.0,0.0,0.0,0.0,0.0,0.0,0.0,0.0,0.20426056813448668
91,0.01215628907084465,0.011722106486558914,0.01156279444694519,0.011092117056250572,0.010672517120838165,0.010192004963755608,0.008434862829744816,0.0,0.0,0.0,0.0,0.0,0.0,0.0,0.0,0.0,0.0,0.0,0.0,0.0,0.0,0.0,0.0,0.0,0.0,0.0,0.0,0.0,0.0,0.0,0.0,0.0,0.0,0.0,0.0,0.0,0.0,0.0,0.0,0.0,0.0,0.0,0.0,0.0,0.0,0.0,0.0,0.0,0.0,0.0,0.07583269197493792
92,0.01205575093626976,0.011587961576879025,0.011350676417350769,0.011119951494038105,0.010758250020444393,0.010467798449099064,0.010243663564324379,0.009699877351522446,0.009046192280948162,0.008106106892228127,0.00821820180863142,0.008004290983080864,0.007616732269525528,0.007148031145334244,0.006492539308965206,0.006326721981167793,0.006014266051352024,0.00545226875692606,0.005237438715994358,0.005084956996142864,0.00489312969148159,0.004737905226647854,0.004641279578208923,0.004206542856991291,0.003692726604640484,0.0035326452925801277,0.00340389646589756,0.0028941193595528603,0.0027132220566272736,0.002528928220272064,0.002228616736829281,0.0,0.0,0.0,0.0,0.0,0.0,0.0,0.0,0.0,0.0,0.0,0.0,0.0,0.0,0.0,0.0,0.0,0.0,0.0,0.2095046890899539
93,0.012066077440977097,0.011704490520060062,0.011389198713004589,0.011138880625367165,0.010732842609286308,0.010264025069773197,0.009836096316576004,0.009550725109875202,0.007776204496622086,0.0,0.0,0.0,0.0,0.0,0.0,0.0,0.0,0.0,0.0,0.0,0.0,0.0,0.0,0.0,0.0,0.0,0.0,0.0,0.0,0.0,0.0,0.0,0.0,0.0,0.0,0.0,0.0,0.0,0.0,0.0,0.0,0.0,0.0,0.0,0.0,0.0,0.0,0.0,0.0,0.0,0.09445854090154171
94,0.011927473358809948,0.01170820277184248,0.011552633717656136,0.009712806902825832,0.00953836552798748,0.010307781398296356,0.008366378955543041,0.0,0.0,0.0,0.0,0.0,0.0,0.0,0.0,0.0,0.0,0.0,0.0,0.0,0.0,0.0,0.0,0.0,0.0,0.0,0.0,0.0,0.0,0.0,0.0,0.0,0.0,0.0,0.0,0.0,0.0,0.0,0.0,0.0,0.0,0.0,0.0,0.0,0.0,0.0,0.0,0.0,0.0,0.0,0.07311364263296127
95,0.011984043754637241,0.01162744127213955,0.011503065936267376,0.011141150258481503,0.010669945739209652,0.010244706645607948,0.010060585103929043,0.009549745358526707,0.009122715331614017,0.008659149520099163,0.008159575052559376,0.007816748693585396,0.007296302355825901,0.0069150179624557495,0.006419259123504162,0.006229081191122532,0.005795451812446117,0.00564534030854702,0.005364739336073399,0.0049333730712533,0.004521369934082031,0.00407798308879137,0.0037492364645004272,0.003335142508149147,0.0028931358829140663,0.0024870792403817177,0.0021097036078572273,0.0017643552273511887,0.0013281404972076416,0.00090777687728405,0.00045809708535671234,0.0,0.0,0.0,0.0,0.0,0.0,0.0,0.0,0.0,0.0,0.0,0.0,0.0,0.0,0.0,0.0,0.0,0.0,0.0,0.19676945824176073
96,0.012315889820456505,0.011796937324106693,0.011641058139503002,0.011360296048223972,0.010968762449920177,0.010594862513244152,0.010271002538502216,0.009699526242911816,0.009155506268143654,0.008772465400397778,0.008480655029416084,0.008063212968409061,0.007589296437799931,0.007132449187338352,0.006917391903698444,0.006510969251394272,0.006042906083166599,0.005583263002336025,0.005080856382846832,0.004878656007349491,0.00476382952183485,0.004276360385119915,0.00414383877068758,0.0036482801660895348,0.003440716303884983,0.003254098817706108,0.0031917495653033257,0.0026286067441105843,0.00247335247695446,0.002307782880961895,0.0022378843277692795,0.001721743494272232,0.0015481365844607353,0.0013357428833842278,0.0,0.0,0.0,0.0,0.0,0.0,0.0,0.0,0.0,0.0,0.0,0.0,0.0,0.0,0.0,0.0,0.21382808592170477
97,0.01234274823218584,0.011829509399831295,0.011480120941996574,0.011231701821088791,0.010756708681583405,0.010341784916818142,0.010008318349719048,0.008366494439542294,0.00949446763843298,0.009221983142197132,0.008676438592374325,0.008340399712324142,0.007920393720269203,0.007767361588776112,0.007212484255433083,0.006912471726536751,0.006329146213829517,0.005378153175115585,0.005182112567126751,0.004643108695745468,0.004469055682420731,0.004386166110634804,0.0038174260407686234,0.0038399985060095787,0.0033429916948080063,0.003058081492781639,0.002542939968407154,0.0020125489681959152,0.0019553666934370995,0.0015181703492999077,0.0011230157688260078,0.0007132003083825111,0.0,0.0,0.0,0.0,0.0,0.0,0.0,0.0,0.0,0.0,0.0,0.0,0.0,0.0,0.0,0.0,0.0,0.0,0.20621486939489841
98,0.01230010949075222,0.011927756480872631,0.011782530695199966,0.011277064681053162,0.01099138893187046,0.010628142394125462,0.010319942608475685,0.009801412001252174,0.009307506494224072,0.008925418369472027,0.00823848508298397,0.008037100546061993,0.007640370167791843,0.006984485313296318,0.006802929565310478,0.006577661260962486,0.00640108622610569,0.006210295483469963,0.005737378261983395,0.005748755298554897,0.005297078751027584,0.005258484743535519,0.004692306742072105,0.004522758536040783,0.004347542300820351,0.0041587622836232185,0.004018905572593212,0.003935419023036957,0.003500143066048622,0.0,0.0,0.0,0.0,0.0,0.0,0.0,0.0,0.0,0.0,0.0,0.0,0.0,0.0,0.0,0.0,0.0,0.0,0.0,0.0,0.0,0.21537122037261724
99,0.012301910668611526,0.011812266893684864,0.01151181012392044,0.01119200699031353,0.010905124247074127,0.010471793822944164,0.010008572600781918,0.009682388044893742,0.009247214533388615,0.00893571600317955,0.00847042165696621,0.008011849597096443,0.007714002393186092,0.007262585684657097,0.006874815560877323,0.006224348209798336,0.006003562361001968,0.005867498926818371,0.005748465657234192,0.005408443510532379,0.004842495545744896,0.00465681217610836,0.004509342834353447,0.004042842425405979,0.003945189528167248,0.003689426928758621,0.0032798824831843376,0.002750540152192116,0.0023324694484472275,0.0019480129703879356,0.0014409543946385384,0.0013412823900580406,0.0009781764820218086,0.0004650726914405823,0.0,0.0,0.0,0.0,0.0,0.0,0.0,0.0,0.0,0.0,0.0,0.0,0.0,0.0,0.0,0.0,0.21387729793787003
100,0.012277782894670963,0.011934301815927029,0.011769642122089863,0.011427192948758602,0.010940257459878922,0.01060644630342722,0.01018240861594677,0.009828119538724422,0.009319771081209183,0.008992924354970455,0.008331435732543468,0.008126852102577686,0.007957655005156994,0.00758164469152689,0.006995012052357197,0.0064886584877967834,0.006033275276422501,0.0058365799486637115,0.005709676072001457,0.005554359406232834,0.005373725667595863,0.005075751803815365,0.0046816859394311905,0.004187178798019886,0.0038520731031894684,0.003498266451060772,0.0029955757781863213,0.0026882831007242203,0.002231416292488575,0.001836930401623249,0.0014253603294491768,0.0008979495614767075,0.0003356765955686569,0.0,0.0,0.0,0.0,0.0,0.0,0.0,0.0,0.0,0.0,0.0,0.0,0.0,0.0,0.0,0.0,0.0,0.2149738697335124

total time per move x,1.2181911999359727,1.172936875373125,1.1531024537980556,1.1182805830612779,1.0799767756834626,1.0430157631635666,1.0008620414882898,0.9114425471052527,0.8565680431202054,0.7045106943696737,0.6538890451192856,0.612776149995625,0.5604121750220656,0.5312477424740791,0.4951883889734745,0.4686610195785761,0.4415968246757984,0.4207669459283352,0.39389642607420683,0.3684884160757065,0.3418385833501816,0.3192406836897135,0.2942867921665311,0.2696300148963928,0.24548026453703642,0.2213158207014203,0.1951072672381997,0.16738810297101736,0.13724940083920956,0.10582407098263502,0.08181470911949873,0.04592474456876516,0.018792341463267803,0.007594521157443523,0.0031272396445274353,0.0018770620226860046,0.0003502173349261284,0,0,0,0,0,0,0,0,0,0,0,0,0,17.662651947699487
average time per move x,0.012181911999359727,0.011729368753731251,0.011531024537980557,0.011182805830612779,0.010799767756834626,0.010430157631635666,0.010008620414882898,0.009594132074792134,0.009016505717054793,0.008806383679620921,0.008383192886144687,0.007958131818125,0.007573137500298185,0.007179023546947015,0.006783402588677733,0.006420013966829809,0.006049271570901348,0.005763930766141578,0.005395841453071326,0.00504778652158502,0.004682720319865501,0.00437316005054402,0.004031325920089467,0.003693561847895792,0.0033627433498224168,0.003031723571252333,0.0026727022909342427,0.0023575789150847514,0.001960705726274422,0.0015794637460094779,0.0012211150614850556,0.0008831681647839454,0.0007830142276361585,0.0007594521157443523,0.0010424132148424785,0.0006256873408953348,0.0003502173349261284,nan,nan,nan,nan,nan,nan,nan,nan,nan,nan,nan,nan,nan,0.17662651947699487
std of time per move x,0.00022660870771986147,0.0002056510340358093,0.00011204166670952126,0.00020336821505290996,0.0003567492529882608,0.0003228727577396381,0.0004951972784917913,0.0003194076328990446,0.0005931482075076637,0.00028305654818495897,0.00023123439767047018,0.00029089434173187883,0.0002615037562627671,0.0002634121745730258,0.00023027717935589418,0.00025022142181148344,0.00026299047256148235,0.000361263545975342,0.00028881006531268665,0.0003031257299086641,0.0003113414551963622,0.00033820340839221943,0.00036532743182698447,0.00041042336827596754,0.00042267294901893014,0.00046691051433058676,0.0005256946335824982,0.0005917132610469013,0.0005287412372534295,0.0005015863646632072,0.0005550945811574178,0.0005120213347685888,0.0004945678390183138,0.00053985365624349,0.0003636973511048275,0.00038274647821595143,nan,nan,nan,nan,nan,nan,nan,nan,nan,nan,nan,nan,nan,nan,0.04972640787848916
err of average time,2.2660870771986146e-05,2.056510340358093e-05,1.1204166670952125e-05,2.0336821505290995e-05,3.567492529882608e-05,3.228727577396381e-05,4.951972784917913e-05,3.277053168451816e-05,6.085572204809758e-05,3.164668416090065e-05,2.6182139798653198e-05,3.3150486872611827e-05,3.039919418818592e-05,3.062104331048897e-05,2.695190524490297e-05,2.9286202261862912e-05,3.0780706610248395e-05,4.2282699861096084e-05,3.380266136598624e-05,3.547818317317448e-05,3.643976108589492e-05,3.9583714903866815e-05,4.2758341723246454e-05,4.8036421859119224e-05,4.9470126841947196e-05,5.464774223518724e-05,6.152790298934509e-05,7.02234445120534e-05,6.319666537001632e-05,6.127852746760312e-05,6.781559654519771e-05,7.100458371690999e-05,0.00010095323739881683,0.0001707167156899008,0.000209980763563926,0.0002209787822293608,nan,nan,nan,nan,nan,nan,nan,nan,nan,nan,nan,nan,nan,nan,0.004972640787848916
