Contains move time for player Edax2; opponent is StaticBoard6
Colums refer to move number, rows to game number
game,1,2,3,4,5,6,7,8,9,10,11,12,13,14,15,16,17,18,19,20,21,22,23,24,25,26,27,28,29,30,31,32,33,34,35,36,37,38,39,40,41,42,43,44,45,46,47,48,49,50,total
1,0.404832380823791,0.11857926100492477,0.10621635988354683,0.11835943628102541,0.11864936351776123,0.11903857067227364,0.11890535894781351,0.10814300738275051,0.11389813013374805,0.107722207903862,0.10762407165020704,0.10760602355003357,0.138154243119061,0.11192354466766119,0.10645269136875868,0.10711813531816006,0.10576958768069744,0.10648777056485415,0.10560431331396103,0.10380173195153475,0.10622831154614687,0.10360067803412676,0.10381530597805977,0.10288762953132391,0.10329323634505272,0.1023072162643075,0.10251355729997158,0.10407296009361744,0.10285231098532677,0.10227569844573736,0.00034779682755470276,0.0,0.0,0.0,0.0,0.0,0.0,0.0,0.0,0.0,0.0,0.0,0.0,0.0,0.0,0.0,0.0,0.0,0.0,0.0,3.5690808910876513
2,0.10623557027429342,0.10651201754808426,0.10632466245442629,0.11917616054415703,0.11826740205287933,0.10563147440552711,0.10570081323385239,0.10556034278124571,0.11870858259499073,0.10522366780787706,0.10507664270699024,0.11751941218972206,0.10608070995658636,0.10591743048280478,0.10676577407866716,0.10571455955505371,0.10548489540815353,0.1038068775087595,0.10360659565776587,0.10334310494363308,0.10415461659431458,0.10410209465771914,0.10311554465442896,0.10274717211723328,0.10234432108700275,0.1025396753102541,0.10361314192414284,0.1033711675554514,0.10269343294203281,0.10237557347863913,0.0003257663920521736,0.0,0.0,0.0,0.0,0.0,0.0,0.0,0.0,0.0,0.0,0.0,0.0,0.0,0.0,0.0,0.0,0.0,0.0,0.0,3.1920392028987408

total time per move x,0.5110679510980844,0.22509127855300903,0.21254102233797312,0.23753559682518244,0.23691676557064056,0.22467004507780075,0.2246061721816659,0.21370335016399622,0.23260671272873878,0.21294587571173906,0.21270071435719728,0.22512543573975563,0.24423495307564735,0.21784097515046597,0.21321846544742584,0.21283269487321377,0.21125448308885098,0.21029464807361364,0.2092109089717269,0.20714483689516783,0.21038292814046144,0.2077027726918459,0.20693085063248873,0.2056348016485572,0.20563755743205547,0.2048468915745616,0.20612669922411442,0.20744412764906883,0.20554574392735958,0.2046512719243765,0.0006735632196068764,0,0,0,0,0,0,0,0,0,0,0,0,0,0,0,0,0,0,0,6.761120093986392
average time per move x,0.2555339755490422,0.11254563927650452,0.10627051116898656,0.11876779841259122,0.11845838278532028,0.11233502253890038,0.11230308609083295,0.10685167508199811,0.11630335636436939,0.10647293785586953,0.10635035717859864,0.11256271786987782,0.12211747653782368,0.10892048757523298,0.10660923272371292,0.10641634743660688,0.10562724154442549,0.10514732403680682,0.10460545448586345,0.10357241844758391,0.10519146407023072,0.10385138634592295,0.10346542531624436,0.1028174008242786,0.10281877871602774,0.1024234457872808,0.10306334961205721,0.10372206382453442,0.10277287196367979,0.10232563596218824,0.0003367816098034382,nan,nan,nan,nan,nan,nan,nan,nan,nan,nan,nan,nan,nan,nan,nan,nan,nan,nan,nan,3.380560046993196
std of time per move x,0.2111398295802246,0.008532829678560923,7.658148228880243e-05,0.0005775112648199537,0.00027008754196993667,0.00948024868623731,0.009337023816829673,0.0018262196532544985,0.0034015035559202137,0.0017667346449374353,0.0018013042803394802,0.007009824331661417,0.022679412795797424,0.004246964068692684,0.00022138290724855073,0.0009924779400015806,0.00020130783646720552,0.0018956776596004519,0.0014125997015916963,0.00032429826732256615,0.0014663237625529265,0.00035455509474183216,0.0004948059771514199,9.93183899714138e-05,0.0006709844137385129,0.0001643733677369947,0.0007775237442399571,0.0004962422627233302,0.00011234374179480401,7.062231303606681e-05,1.5577870336331223e-05,nan,nan,nan,nan,nan,nan,nan,nan,nan,nan,nan,nan,nan,nan,nan,nan,nan,nan,nan,0.2666087345084024
err of average time,0.1492984052747488,0.006033621728420257,5.4151285439729684e-05,0.00040836213156580925,0.00019098073244094846,0.00670354813337326,0.006602272856980562,0.0012913323007524014,0.002405226230621338,0.0012492700479924677,0.0012737144716084001,0.004956694319844246,0.016036766581237313,0.003003057092428207,0.0001565413549542427,0.0007017878815531731,0.00014234613627195358,0.0013404465280473232,0.0009988588280975819,0.00022931350395083425,0.0010368474759161472,0.0002507083117961883,0.00034988066181540484,7.02287070453167e-05,0.00047445762902498245,0.00011622952297329903,0.0005497923120856285,0.00035089626908302307,7.943902164697647e-05,4.993751645088195e-05,1.101521775126457e-05,nan,nan,nan,nan,nan,nan,nan,nan,nan,nan,nan,nan,nan,nan,nan,nan,nan,nan,nan,0.18852084409445521
