Contains move time for player MCTSMaxIter1; opponent is Edax1
Colums refer to move number, rows to game number
game,1,2,3,4,5,6,7,8,9,10,11,12,13,14,15,16,17,18,19,20,21,22,23,24,25,26,27,28,29,30,31,32,33,34,35,36,37,38,39,40,41,42,43,44,45,46,47,48,49,50,total
1,15.287833807058632,14.236589851789176,13.336073907092214,12.627796801738441,11.787226946093142,10.776253895834088,7.685409071855247,0.009131627157330513,0.008914182893931866,8.249677499756217,7.470119417645037,6.345108022913337,0.00765769649296999,0.007523722946643829,5.403267401270568,4.977554647251964,4.358103065751493,3.855545704253018,3.3319923989474773,2.766935241408646,0.0035422639921307564,0.004866036586463451,0.0044854069128632545,1.427676223218441,1.199617177248001,0.9268379090353847,0.7183611774817109,0.5030730869621038,0.4391923416405916,0.1860910477116704,0.0007998300716280937,0.0005339039489626884,0.00035531725734472275,0.0,0.0,0.0,0.0,0.0,0.0,0.0,0.0,0.0,0.0,0.0,0.0,0.0,0.0,0.0,0.0,0.0,137.94414663221687
2,15.615772056393325,14.40031136572361,13.478502322919667,12.679513439536095,11.93030887003988,11.241050348617136,10.574676115065813,9.652232820168138,8.699049042537808,8.147989519871771,7.033963204361498,6.313343485817313,5.792517296038568,0.0055792853236198425,0.006568035110831261,0.00644896924495697,0.006440944969654083,3.398056948557496,2.887532410211861,2.4343860521912575,2.0604518121108413,0.003834061324596405,0.004071197472512722,0.0034810900688171387,0.003280334174633026,0.0030577601864933968,0.003186074085533619,0.00270204059779644,0.00230411347001791,0.19912546407431364,0.0010785628110170364,0.0007921624928712845,0.0008279457688331604,0.0,0.0,0.0,0.0,0.0,0.0,0.0,0.0,0.0,0.0,0.0,0.0,0.0,0.0,0.0,0.0,0.0,146.59243515133858

total time per move x,30.903605863451958,28.636901217512786,26.81457623001188,25.307310241274536,23.717535816133022,22.017304244451225,18.26008518692106,9.661364447325468,8.70796322543174,16.39766701962799,14.504082622006536,12.65845150873065,5.800174992531538,0.013103008270263672,5.4098354363814,4.984003616496921,4.364544010721147,7.253602652810514,6.2195248091593385,5.201321293599904,2.063994076102972,0.008700097911059856,0.008556604385375977,1.4311573132872581,1.2028975114226341,0.929895669221878,0.7215472515672445,0.5057751275599003,0.44149645511060953,0.38521651178598404,0.0018783928826451302,0.001326066441833973,0.0011832630261778831,0,0,0,0,0,0,0,0,0,0,0,0,0,0,0,0,0,284.53658178355545
average time per move x,15.451802931725979,14.318450608756393,13.40728811500594,12.653655120637268,11.858767908066511,11.008652122225612,9.13004259346053,4.830682223662734,4.35398161271587,8.198833509813994,7.252041311003268,6.329225754365325,2.900087496265769,0.006551504135131836,2.7049177181907,2.4920018082484603,2.1822720053605735,3.626801326405257,3.1097624045796692,2.600660646799952,1.031997038051486,0.004350048955529928,0.004278302192687988,0.7155786566436291,0.6014487557113171,0.464947834610939,0.36077362578362226,0.25288756377995014,0.22074822755530477,0.19260825589299202,0.0009391964413225651,0.0006630332209169865,0.0005916315130889416,nan,nan,nan,nan,nan,nan,nan,nan,nan,nan,nan,nan,nan,nan,nan,nan,nan,142.26829089177772
std of time per move x,0.2318873599150062,0.11576859272916573,0.10071209866524951,0.03656918528688943,0.10117419868795648,0.3286607236343463,2.0430203189129967,6.818702245246028,6.1448532886797915,0.07190426014145276,0.30840901606943644,0.022460919581849904,4.090513451050788,0.0013749250288345128,3.816042717836693,3.5151025349137046,3.077089795037471,0.32349340146889927,0.31428067200105075,0.23514778677370382,1.4544546897620974,0.0007297167056829517,0.0002928903041033463,1.007058036382977,0.845937894320485,0.6532112075765693,0.5057051653472272,0.35381575999361015,0.30892662875998833,0.00921672419883393,0.0001970938101606241,0.000182616367697132,0.00033419882545557836,nan,nan,nan,nan,nan,nan,nan,nan,nan,nan,nan,nan,nan,nan,nan,nan,nan,6.115263457528724
err of average time,0.16396912466734648,0.08186075696721673,0.07121420791372657,0.025858318898826838,0.07154096197336912,0.23239822639152405,1.4446335216052828,4.8215505965054035,4.345067429821938,0.05084398994222283,0.21807810664176938,0.01588226854801178,2.892429799772799,0.0009722188115119933,2.6983496830798686,2.4855528390035033,2.175831060390919,0.22874437784776092,0.2222299943678081,0.16627459460869431,1.0284547740593553,0.0005159876309335232,0.00020710472017526624,0.7120975665748119,0.5981684215366839,0.4618900744244456,0.3575875516980886,0.2501855231821537,0.21844411408528686,0.00651720818132162,0.00013936636969447136,0.00012912927195429802,0.00023631425574421883,nan,nan,nan,nan,nan,nan,nan,nan,nan,nan,nan,nan,nan,nan,nan,nan,nan,4.324144259560853
