Contains move time for player DynamicBoard5; opponent is Edax4
Colums refer to move number, rows to game number
game,1,2,3,4,5,6,7,8,9,10,11,12,13,14,15,16,17,18,19,20,21,22,23,24,25,26,27,28,29,30,31,32,33,34,35,36,37,38,39,40,41,42,43,44,45,46,47,48,49,50,total
1,0.8687169579789042,1.6229473296552896,4.340100207366049,6.030486019328237,7.670165783725679,7.535057454369962,4.92678136844188,12.349756424315274,7.029175343923271,7.154502242803574,4.929236400872469,2.5090983724221587,2.3297507930547,5.176585064269602,3.1689655343070626,5.174601945094764,3.746044266037643,1.212783201597631,1.076097572222352,0.5111117232590914,0.34224420972168446,1.7519229361787438,0.859938770532608,0.1570379203185439,0.14363292511552572,0.05715918820351362,0.04496539477258921,0.010744436644017696,0.0007472550496459007,0.0005816658958792686,0.0003485511988401413,0.0,0.0,0.0,0.0,0.0,0.0,0.0,0.0,0.0,0.0,0.0,0.0,0.0,0.0,0.0,0.0,0.0,0.0,0.0,92.73128725867718
2,0.6749860718846321,0.7842396665364504,1.8369185635820031,3.2019202699884772,6.04069634899497,6.398659590631723,7.364245789125562,8.653597127646208,5.750559695996344,3.789444060996175,5.580017393454909,3.480680433101952,2.4676274927332997,2.196141069754958,1.6393595999106765,1.2632853267714381,1.2340064644813538,0.8791577378287911,0.4107016287744045,0.00467178039252758,1.0796155286952853,0.29380788281559944,0.003629012033343315,0.003453214652836323,0.0032589416950941086,0.1906301537528634,0.21474177576601505,0.07958705257624388,0.0018146513029932976,0.0016401419416069984,0.0014903321862220764,0.0013577062636613846,0.0010230569168925285,0.0,0.0,0.0,0.0,0.0,0.0,0.0,0.0,0.0,0.0,0.0,0.0,0.0,0.0,0.0,0.0,0.0,65.52696556318551

total time per move x,1.5437030298635364,2.40718699619174,6.177018770948052,9.232406289316714,13.71086213272065,13.933717045001686,12.291027157567441,21.00335355196148,12.779735039919615,10.943946303799748,10.509253794327378,5.989778805524111,4.797378285788,7.3727261340245605,4.808325134217739,6.437887271866202,4.980050730518997,2.091940939426422,1.4867992009967566,0.515783503651619,1.4218597384169698,2.0457308189943433,0.8635677825659513,0.16049113497138023,0.14689186681061983,0.24778934195637703,0.25970717053860426,0.09033148922026157,0.0025619063526391983,0.002221807837486267,0.0018388833850622177,0.0013577062636613846,0.0010230569168925285,0,0,0,0,0,0,0,0,0,0,0,0,0,0,0,0,0,158.2582528218627
average time per move x,0.7718515149317682,1.20359349809587,3.088509385474026,4.616203144658357,6.855431066360325,6.966858522500843,6.145513578783721,10.50167677598074,6.389867519959807,5.471973151899874,5.254626897163689,2.9948894027620554,2.398689142894,3.6863630670122802,2.4041625671088696,3.218943635933101,2.4900253652594984,1.045970469713211,0.7433996004983783,0.2578917518258095,0.7109298692084849,1.0228654094971716,0.4317838912829757,0.08024556748569012,0.07344593340530992,0.12389467097818851,0.12985358526930213,0.04516574461013079,0.0012809531763195992,0.0011109039187431335,0.0009194416925311089,0.0013577062636613846,0.0010230569168925285,nan,nan,nan,nan,nan,nan,nan,nan,nan,nan,nan,nan,nan,nan,nan,nan,nan,79.12912641093135
std of time per move x,0.13698842328253844,0.5930558760244536,1.770016714861388,2.000098022390152,1.1522088870342946,0.8035546355752149,1.7235476207663711,2.6135793030203964,0.904117795180361,2.3794554594432857,0.4601716529223559,0.6870122635858815,0.09749354931035902,2.107492159468026,1.08159472875487,2.765718504184059,1.7762789640773988,0.23590882780745345,0.4705059837860642,0.358107117864675,0.5214002598987019,1.031043041983264,0.605502437031045,0.1086007868627618,0.09925939557875518,0.0943782248314613,0.12005003028576229,0.04867908056029819,0.0007547631289550584,0.0007484555896576,0.0008073610788076382,nan,nan,nan,nan,nan,nan,nan,nan,nan,nan,nan,nan,nan,nan,nan,nan,nan,nan,nan,19.236360348462476
err of average time,0.09686544304713605,0.4193538315594196,1.251590821892023,1.4142828746698795,0.8147347173653543,0.5681989318691194,1.218732210341841,1.8480796483345328,0.6393078239634632,1.6825290909036992,0.3253904962912202,0.4857910303398966,0.0689383498392999,1.4902219972573219,0.764802967198193,1.9556583091616628,1.2560189007781444,0.1668127318844199,0.33269797172397375,0.2532199714332819,0.3686856594868004,0.7290575266815721,0.42815487924963236,0.07679235283285378,0.0701869917102158,0.06673548277467489,0.08488819049671291,0.03442130796611309,0.0005336981266736984,0.0005292380228638649,0.0005708904936909676,nan,nan,nan,nan,nan,nan,nan,nan,nan,nan,nan,nan,nan,nan,nan,nan,nan,nan,nan,13.602160847745834
