Contains move time for player AlphaBeta4; opponent is Greedy
Colums refer to move number, rows to game number
game,1,2,3,4,5,6,7,8,9,10,11,12,13,14,15,16,17,18,19,20,21,22,23,24,25,26,27,28,29,30,31,32,33,34,35,36,37,38,39,40,41,42,43,44,45,46,47,48,49,50,total
1,0.21016887499999992,0.5036440839999994,0.5828091669999997,1.0134061250000004,0.7446253330000001,1.5872344159999994,3.168454416000001,1.389844375000001,1.823513415999999,2.347705874999999,2.9658055419999982,1.4258561660000026,1.3771612090000005,2.6867379589999985,1.8224975420000007,1.685913499999998,2.316609916000001,1.0408331669999953,0.38639829199999554,0.8212380420000045,1.084998750000004,0.4306977500000002,0.6556639169999983,0.13216637499999706,0.05996583299999969,0.027362582999998608,0.0077287079999948105,0.0003586250000040536,0.0,0.0,0.0,0.0,0.0,0.0,0.0,0.0,0.0,0.0,0.0,0.0,0.0,0.0,0.0,0.0,0.0,0.0,0.0,0.0,0.0,0.0,32.299399957999995
2,0.21501533299999664,0.41253137500000037,0.9345752919999981,0.6162902909999985,1.8430774170000035,1.3993177089999946,0.8037764589999981,1.2934260409999965,0.8330247080000035,2.7164729160000007,0.3493903749999987,0.7100788750000007,2.750657457999999,5.706883667,2.383654041,1.148255208000002,1.1671030410000043,1.305874334000002,1.0614686669999998,0.29169808400000363,0.6032762499999933,0.5174384160000045,0.32769391700000483,0.06174249999999404,0.06064079099999731,0.0471627910000052,0.07668854100000999,0.027065124999992918,0.014872750000009205,0.003063540999988845,0.00036866599999996197,0.00010054199999842695,0.0,0.0,0.0,0.0,0.0,0.0,0.0,0.0,0.0,0.0,0.0,0.0,0.0,0.0,0.0,0.0,0.0,0.0,29.682685121
3,0.21230337500000473,0.3846985420000095,0.4720744580000087,0.5546546249999977,1.2008407920000082,0.39495999999999754,0.6127802909999929,1.1306647920000046,2.022408291000005,1.0116710420000032,0.895837708000002,0.9716792500000082,1.2998998340000014,1.4738499589999918,0.6414625419999993,0.4630917500000038,0.5230473750000044,0.7724296250000009,0.5638641249999949,0.36502833299999793,0.2691990419999968,0.3423875419999973,0.17069533299999762,0.11597679099999425,0.061274457999999754,0.04359745899999723,0.024506458999994152,0.023557999999994195,0.00826004200000341,0.0006062079999935577,0.00010287499999606098,0.0,0.0,0.0,0.0,0.0,0.0,0.0,0.0,0.0,0.0,0.0,0.0,0.0,0.0,0.0,0.0,0.0,0.0,0.0,17.027410918
4,0.21214408299999832,0.3847420830000061,0.4738861670000034,0.5436462080000126,0.620932083999989,0.5292092500000081,1.178368000000006,0.811632000000003,0.6721544579999943,0.7662715840000089,0.7035102080000115,1.1035097090000079,0.6080637080000031,0.4722651659999997,0.6355800829999936,0.25729024999999695,0.4670891250000011,0.42887245900000437,0.3406802089999985,0.26899370799999645,0.19631833299999357,0.127055833,0.11112162499999556,0.08482804199999805,0.10365570799999091,0.08214579100000208,0.06964370800000097,0.04899283299999979,0.023047708000007106,0.008387249999998403,0.0018764590000017733,0.00017212500000596265,0.0,0.0,0.0,0.0,0.0,0.0,0.0,0.0,0.0,0.0,0.0,0.0,0.0,0.0,0.0,0.0,0.0,0.0,12.336085957000037
5,0.2120765000000091,0.38285058299999264,0.4688019999999966,0.6912805000000048,0.6297851669999943,1.1485922090000003,0.5242965409999982,0.7392868329999942,0.7512821669999994,1.0200434999999999,2.2213050419999973,1.2340763750000008,0.7193333339999981,0.8809367499999894,0.8151517919999947,0.7541517499999912,0.9622536250000024,0.4039064159999981,0.2725710840000062,0.19926825000000292,0.26780562500000826,0.22644808300000818,0.2686215410000017,0.22806445900000938,0.16451037499999188,0.10078779200000554,0.06324483299999883,0.05735237499999357,0.054554207999998994,0.016549917000006076,0.0009735000000006266,0.0001016669999955866,0.0,0.0,0.0,0.0,0.0,0.0,0.0,0.0,0.0,0.0,0.0,0.0,0.0,0.0,0.0,0.0,0.0,0.0,16.48026479299999
6,0.21178529200000185,0.41024016699999777,0.9107314999999971,0.6235797499999904,1.8502122910000054,2.7117180409999975,2.0469515409999985,1.280811374999999,1.67598641699999,0.8674432079999974,1.2130074160000106,1.8478041250000103,0.9226077079999868,0.8582234170000049,0.9355738749999887,1.3982533340000032,1.0522128750000093,0.5411977500000091,0.7688060419999942,0.43858304200000475,0.46699358300000426,0.3558932079999977,0.33811433299999294,0.26622470800000997,0.28202366700000425,0.12805924999997842,0.08335024999999519,0.03561716699999806,0.03073499999999285,0.014373874999989766,0.0056387499999743795,0.0011846669999897586,0.00012570900000241636,0.0,0.0,0.0,0.0,0.0,0.0,0.0,0.0,0.0,0.0,0.0,0.0,0.0,0.0,0.0,0.0,0.0,24.574063332999927
7,0.2120127919999959,0.38658083299998225,0.4710860000000139,0.5503814159999934,0.6277020419999815,1.2999829590000047,1.2544275000000198,1.1904052080000156,0.9589948329999913,1.3798737910000227,1.259784374999981,0.8514776250000011,1.0168755409999903,0.5609225830000071,0.9435422500000072,0.416624832999986,0.8201555420000091,0.475528708000013,0.34313391699998874,0.22645645800000125,0.28224729100000445,0.08898612499999103,0.08271779199998264,0.06146912500000212,0.10330912499998135,0.1158146669999951,0.060998665999989043,0.0282297079999978,0.018941124999997783,0.002082790999992312,0.00036670800000138115,9.866699997473916e-05,0.0,0.0,0.0,0.0,0.0,0.0,0.0,0.0,0.0,0.0,0.0,0.0,0.0,0.0,0.0,0.0,0.0,0.0,16.091210995999916
8,0.21741987499999027,0.5196610829999884,0.5911735840000176,1.0245455000000163,0.9232500840000171,0.9959808330000044,1.039527167000017,1.0454422080000256,2.0193902910000077,2.274881832999995,1.5568310000000167,1.6393370410000045,0.870813792000007,1.259355792000008,1.5407807500000104,1.2372095830000092,2.2217198330000087,0.6563552080000079,0.9831014170000003,0.5416340830000195,0.4375808329999984,0.25263454099999194,0.22880620899999826,0.18889904200000274,0.0918747919999987,0.06194166599999562,0.12595229200002223,0.058471708999974226,0.007613958000007415,0.0009607080000080259,9.945799999400151e-05,0.0,0.0,0.0,0.0,0.0,0.0,0.0,0.0,0.0,0.0,0.0,0.0,0.0,0.0,0.0,0.0,0.0,0.0,0.0,24.613246165000163
9,0.21394437500001118,0.38771137499998076,0.701751583999993,0.5044668750000199,0.7890136670000061,0.8553359160000014,1.8557917079999982,1.1374725419999834,1.6548136250000027,1.5937990420000006,0.989935709000008,0.8866380830000082,0.715597583999994,0.986391832999999,0.6547889999999938,1.6742041669999992,2.3563569159999815,0.8745157500000005,0.9077066659999957,0.8053612919999864,0.42111983400002373,0.4169497909999791,0.17378850000000057,0.14148579200002587,0.07439391700000897,0.061874917000011465,0.048208125000002156,0.030658875000000307,0.014242375000009133,0.0009499580000067454,0.00010170900000616712,0.0,0.0,0.0,0.0,0.0,0.0,0.0,0.0,0.0,0.0,0.0,0.0,0.0,0.0,0.0,0.0,0.0,0.0,0.0,21.929371502000038
10,0.21214620800000716,0.4111554579999961,0.9166176659999792,0.6239000420000025,1.8597826669999904,2.732087750000005,0.8247982909999791,1.3200608329999852,0.45903558399999156,2.3871679169999993,0.1973059160000048,0.6840589580000085,1.2823635830000057,1.4624587499999961,1.3940502079999817,1.0995177499999897,0.5505724159999943,0.3439723749999928,0.5138599590000013,0.939772290999997,0.6678149999999903,0.24662995899998919,0.35632312499998875,0.26534995900001945,0.06360495799998489,0.03968808299998727,0.04596950000001243,0.01711366699998962,0.0030197499999928823,0.00026683300001195676,8.491599999160826e-05,0.0,0.0,0.0,0.0,0.0,0.0,0.0,0.0,0.0,0.0,0.0,0.0,0.0,0.0,0.0,0.0,0.0,0.0,0.0,21.920550371999866
11,0.21176304200000118,0.38389041599998563,0.4973079160000111,1.027508499999982,1.9513811669999939,1.556405667000007,1.9091918339999836,0.8522655419999978,2.9003637920000074,3.5937891250000007,1.3180654580000066,0.7643501659999856,0.829001207999994,0.615050124999982,0.3089514580000241,0.4820425829999806,0.42961916699999847,0.3368164169999943,0.32729575000001887,0.32399062500002174,0.2900971249999884,0.23921691699999315,0.15742966600001296,0.14560045799998989,0.10150745900000402,0.04727587499999686,0.024558834000004026,0.013893666999990728,0.012090249999999969,0.0031410829999742873,0.00044108299999834344,0.0,0.0,0.0,0.0,0.0,0.0,0.0,0.0,0.0,0.0,0.0,0.0,0.0,0.0,0.0,0.0,0.0,0.0,0.0,21.65430237499993
12,0.2118775840000069,0.38615162499999656,0.3017980829999942,0.45712849999998184,0.5227260409999985,0.5528187079999896,0.4342319170000053,1.0001177080000048,0.7743872080000074,1.4360963750000053,0.7190833329999862,1.0443127500000173,2.018788124999986,0.5069017499999973,0.45326883300000986,0.4898288340000363,0.38849304199999324,0.42713470900002903,0.3481992909999576,0.46974849999998014,0.3215964170000234,0.32747033399999737,0.2115018329999998,0.1979534170000079,0.19099183299999822,0.14217575000003535,0.12093633399996406,0.10178645900003858,0.08408766600001627,0.06628525000002128,0.03565312500001028,0.01630983299997979,0.0015240000000176224,0.00010149999997111081,0.0,0.0,0.0,0.0,0.0,0.0,0.0,0.0,0.0,0.0,0.0,0.0,0.0,0.0,0.0,0.0,14.761466667000064
13,0.21248862499999177,0.3881441670000072,0.4995747090000009,1.1754286670000056,0.7984260000000063,1.1440000830000372,2.446980583000027,2.941332999999986,2.578779333,3.2555300000000216,2.4544876669999667,2.110094707999963,1.4932872919999909,1.3883470409999745,0.4857566250000218,0.5836845000000039,0.8140071249999892,0.706441959000017,0.2598245410000004,0.16790241699999342,0.15397745899997517,0.15595137499997236,0.12498249999998734,0.1405740419999688,0.12040904200000568,0.07839475000002949,0.1310295829999859,0.060043333999999504,0.02286879199999703,0.011537125000018023,0.0004034159999832809,0.00012145900001314658,0.0,0.0,0.0,0.0,0.0,0.0,0.0,0.0,0.0,0.0,0.0,0.0,0.0,0.0,0.0,0.0,0.0,0.0,26.90481191899994
14,0.21232708299999103,0.387094999999988,0.4710238750000144,0.5490659160000178,0.6271259160000113,0.5269813749999912,1.071950749999985,0.48464691699996365,0.6524645829999827,0.2937643330000128,0.45366545799998903,0.8146995419999712,2.6167461659999844,0.7586074170000074,0.6383939160000409,0.7298284589999753,0.4643765000000144,0.571212040999967,0.4331329579999874,0.265803749999975,0.17728054099995916,0.19463670800001864,0.08673695800001724,0.1513619170000311,0.10563787500001354,0.08438637500000823,0.039653417000010904,0.03004020800000262,0.022144207999986065,0.03154066600001215,0.005403166000007786,0.00036645900001985865,8.22910000124466e-05,0.0,0.0,0.0,0.0,0.0,0.0,0.0,0.0,0.0,0.0,0.0,0.0,0.0,0.0,0.0,0.0,0.0,13.95218274399997
15,0.21147666599995318,0.5093423329999496,0.5928017919999888,1.0192666670000108,0.7564124579999998,1.601498749999962,3.2141922910000176,1.4050236669999663,1.8434965829999896,2.3763125410000043,1.7423138329999688,1.7835267500000214,1.3246169999999893,3.600276916000041,3.50871374999997,2.038161124999988,3.7049429580000037,1.7951019170000109,1.5970589159999804,2.453695792000019,0.47091837499999656,0.23269958399998814,0.1570535829999926,0.18314445900000464,0.20699887500001068,0.1169808750000243,0.03499304199999642,0.029060166000022036,0.004139208000026429,0.00036474999996016777,9.608300001673342e-05,0.0,0.0,0.0,0.0,0.0,0.0,0.0,0.0,0.0,0.0,0.0,0.0,0.0,0.0,0.0,0.0,0.0,0.0,0.0,38.51468170499987
16,0.2119679169999813,0.4074901660000023,0.9172833750000109,0.6595519589999981,0.9926038329999756,1.409290666000004,0.7034079580000139,0.9985924999999725,1.8864231250000216,1.9415017079999757,0.7469986660000245,1.0521564580000131,0.8371367080000027,2.437832042000025,1.6761120419999997,0.5439217080000276,0.8401603749999822,0.6514564170000199,0.6963804580000215,0.7152859580000381,0.5312562080000021,0.28401970900000606,0.21674641599997813,0.2473139999999603,0.1917854170000055,0.13799187500001153,0.08288362500002222,0.03124658299998373,0.015293834000033257,0.006589165999969282,0.005479666999974597,0.00036062499998479325,9.612499997047053e-05,0.0,0.0,0.0,0.0,0.0,0.0,0.0,0.0,0.0,0.0,0.0,0.0,0.0,0.0,0.0,0.0,0.0,22.076617289000012
17,0.21200833300002841,0.388961624999979,0.4987062909999622,1.2081841660000237,0.8252899579999848,1.4751500830000168,2.5340336250000064,4.303075583000009,3.128041666999991,2.496583290999979,2.569768750000037,2.214804958000002,1.944544542000017,2.1611170420000008,1.6438969580000276,2.590838500000018,0.8829282500000204,0.7216908330000251,0.5376171670000076,0.6038602909999895,0.22541891700001315,0.15310466599999017,0.15545520799997803,0.15813404200002878,0.1530716249999955,0.05244508300000916,0.03565929100000176,0.019155166000018653,0.004647291999958725,0.00030129100002795894,0.0,0.0,0.0,0.0,0.0,0.0,0.0,0.0,0.0,0.0,0.0,0.0,0.0,0.0,0.0,0.0,0.0,0.0,0.0,0.0,33.89849449400015
18,0.21335887499998307,0.3876250420000247,0.5133684170000379,1.7210125409999932,1.2460058749999803,0.7702581660000192,1.724216709000018,1.1405913749999854,0.9638898750000067,1.8398274589999914,1.5558293340000091,1.28294649999998,1.5812762500000304,1.3429275420000408,0.8899754589999702,1.2807461250000074,0.6916587089999666,0.6868122090000384,0.708041541,0.3722010829999931,0.36024729199999683,0.38171375000001717,0.2641832500000305,0.34564595899996675,0.3433866670000043,0.12956470899996475,0.14077833400000372,0.049653790999968805,0.024671917000034682,0.014449749999982942,0.006234500000005028,0.0003622919999770602,0.00010158300000284726,0.0,0.0,0.0,0.0,0.0,0.0,0.0,0.0,0.0,0.0,0.0,0.0,0.0,0.0,0.0,0.0,0.0,22.97356288000003
19,0.21138841699996647,0.5091309160000037,0.5902602500000285,1.019278292000024,0.7540445840000416,1.4498120829999834,1.2167400420000263,1.3711934579999934,2.259674000000018,0.9597482080000077,1.7455279589999577,1.6860767079999732,0.40632062500003485,0.6967027920000533,0.6079939159999981,0.4325258750000103,0.6107357499999466,0.8214143339999964,0.4710339160000103,0.3000902500000393,0.5853192910000189,0.3148454999999899,0.30542604199996504,0.16070720799996252,0.09363150000001497,0.08495450000003757,0.07489879099995278,0.03890858400001207,0.024555709000026127,0.014333125000007385,0.0032986670000241247,0.00021950000001424996,0.0,0.0,0.0,0.0,0.0,0.0,0.0,0.0,0.0,0.0,0.0,0.0,0.0,0.0,0.0,0.0,0.0,0.0,19.82079079200014
20,0.2119693330000132,0.5100912080000057,0.5900339170000279,1.0186609170000338,0.9248984159999623,0.9949977089999607,0.8388889999999947,1.1294767499999807,1.2396851670000046,2.313110832999996,0.734867582999982,2.536693624999998,0.6492863749999742,0.8613572079999585,0.9270804590000239,1.365431457999989,0.754481042000009,1.376796875000025,1.039284667000004,1.0722139580000203,0.8222492499999703,0.7491175409999755,0.5921015829999874,0.5882194160000154,0.33167654200002517,0.1503861669999651,0.04770987500000956,0.030559999999979937,0.012982125000007727,0.0009698750000097789,9.56249999717329e-05,0.0,0.0,0.0,0.0,0.0,0.0,0.0,0.0,0.0,0.0,0.0,0.0,0.0,0.0,0.0,0.0,0.0,0.0,0.0,24.41537449899988
21,0.21162829099995406,0.5100704160000191,0.5941984159999834,1.0222653339999965,0.7558005420000313,1.447796583000013,0.7984532080000122,1.0355901669999525,0.9515889169999809,0.4686304580000069,1.134228500000006,1.8351467499999785,1.0495850419999897,0.671272292000026,0.5583043750000343,0.5274141660000282,0.6929315829999609,0.5274307500000077,0.42829695800003265,0.3335974160000319,0.2872789580000017,0.2410317910000117,0.20178520799998978,0.17570208399996545,0.15574745800000755,0.09920775000000503,0.0913623330000064,0.0676591249999774,0.04719529199996941,0.030804959000022336,0.02251224999997703,0.005950791999964622,0.00025575000000799264,0.0,0.0,0.0,0.0,0.0,0.0,0.0,0.0,0.0,0.0,0.0,0.0,0.0,0.0,0.0,0.0,0.0,16.980723913999952
22,0.21613887500001283,0.5098424170000158,0.5913462089999939,1.0181058339999822,0.7586980840000024,1.1143444160000513,1.4210692909999807,1.0469545000000267,1.3291683749999947,1.947363666000001,1.550936457999967,0.9100728340000046,2.5774701249999907,7.519585249999977,1.9536616670000058,1.5658154999999851,1.7640500840000186,0.43946887499998866,0.4358515829999874,0.3379496659999859,0.4101527920000194,0.23467124999996258,0.18699104199998828,0.10598733300003005,0.09966404200002899,0.06784354199999143,0.030416209000009076,0.020948416000010184,0.01768774999999323,0.008728582999992796,0.0002583340000228418,0.0,0.0,0.0,0.0,0.0,0.0,0.0,0.0,0.0,0.0,0.0,0.0,0.0,0.0,0.0,0.0,0.0,0.0,0.0,30.19124300200002
23,0.21299537499999133,0.38657891700000846,0.7049210409999773,0.5049711670000079,0.7859058340000047,0.8614166250000608,1.8615657920000785,1.1376992499999687,2.2784595419999505,1.2577612080000335,0.7294851670000071,2.1118734170000835,2.3544589159999987,2.5596552500001053,2.335866249999981,1.4496073750000278,1.3708864579999727,0.35434254200004034,1.6548282500000369,1.5216610830000263,0.40279725000004873,0.23224049999998897,0.1539073339999959,0.09701799999993455,0.06680900000003476,0.04628741600004105,0.03196312499994747,0.020453208999924755,0.01352704199996424,0.008892791999983274,0.0016843749999679858,0.0002621250000629516,7.791699999870616e-05,0.0,0.0,0.0,0.0,0.0,0.0,0.0,0.0,0.0,0.0,0.0,0.0,0.0,0.0,0.0,0.0,0.0,27.510859544000255
24,0.21647187500002474,0.4105941249999887,0.9184406250000166,0.628991874999997,1.874083832999986,1.4358071249999966,0.8256330000000389,1.3521890420000773,0.47820549999994455,2.390792165999983,0.19782887500002744,0.5612946659999807,0.8394614579999597,0.7898008339999478,0.9255255829999669,1.5601112919999878,1.1420365410000386,0.620674749999921,0.4741900000000214,0.4002952499999992,0.25990058299998964,0.1234295840000641,0.12969550000002528,0.10650270799999362,0.06526387500002784,0.06278437499997835,0.047052874999963024,0.03096133299993653,0.013392583000040759,0.0029124999999794454,0.00038145900009567413,0.0001007080001045324,0.0,0.0,0.0,0.0,0.0,0.0,0.0,0.0,0.0,0.0,0.0,0.0,0.0,0.0,0.0,0.0,0.0,0.0,18.884806498000103
25,0.23718766700005744,0.4298117920000095,0.5761842919999935,1.065985416999979,1.2677898339999274,1.15296474999991,2.1782283750000033,1.4770370420000063,1.1329506659999424,1.3275057919998972,2.384079541999995,1.6079339169999685,1.183959709000078,0.7786358340000561,0.6689287499999637,0.879513750000001,1.2004715000000488,0.8980259590000514,0.742061165999985,0.9494535420000147,0.314568374999908,0.2537446659999887,0.23276108300001397,0.20777429099996425,0.137436125000022,0.12419841700000234,0.13600904199995512,0.05646045799994681,0.027817541999979767,0.0048226670000985905,0.0003043750000415457,0.0,0.0,0.0,0.0,0.0,0.0,0.0,0.0,0.0,0.0,0.0,0.0,0.0,0.0,0.0,0.0,0.0,0.0,0.0,23.63460633699981
26,0.21497341700001016,0.4136543749999646,0.9499144999999771,0.656761958000061,1.9220929160001106,2.8260272909999458,0.8543462920000593,1.3890865420000864,0.4566428329999326,2.4780146250000143,0.2042878339999561,0.7213012500000104,0.8282543750000286,1.8486965839999812,6.066812166999966,0.8336183329998903,1.1669379580000623,1.0182310829999324,0.9080140410000013,0.990760208000097,1.004403166999964,0.359099707999917,0.39947891700001037,0.7616192500000807,0.12687404200005403,0.130696667000052,0.04594520900002408,0.02640041699999074,0.010554082999988168,0.004368833000057748,0.000359624999987318,9.362499997678242e-05,0.0,0.0,0.0,0.0,0.0,0.0,0.0,0.0,0.0,0.0,0.0,0.0,0.0,0.0,0.0,0.0,0.0,0.0,29.61832212500019
27,0.21365379200005918,0.5134449159999122,0.609038582999915,1.0184253330000956,0.9264487499999632,1.0038306249999778,0.6924429169999939,1.2665428750000274,0.9753785830000652,1.1400961250000137,1.5753752919999897,2.588925541000094,1.4845737079999708,1.1642467919999717,0.6543421669999816,1.660012040999959,1.778098792000037,1.130636500000037,1.027253582999947,0.3203269169999885,0.29425404200003413,0.1812081670000225,0.18093137500000012,0.19602337500009526,0.10937970899999527,0.07184300000005805,0.050171999999975014,0.026149292000013702,0.012344457999915903,0.004654125000001841,0.00031466699999782577,0.0,0.0,0.0,0.0,0.0,0.0,0.0,0.0,0.0,0.0,0.0,0.0,0.0,0.0,0.0,0.0,0.0,0.0,0.0,22.87036804200011
28,0.2122610840000334,0.40706716699992285,0.9129670830000123,0.6260323329998982,1.8684726249999812,1.4308458749999318,0.8185190420000481,1.3165890000000218,0.851547332999985,2.7529793749999953,0.35876920800001244,0.7214852500000006,0.4948425420000149,1.457899207999958,0.3528142080000407,0.633174125000096,0.41485166699999354,0.5904352500000414,0.5623013750000609,0.5438626669999849,0.3379306669999096,0.30144562500004213,0.24175133300002472,0.21840674999998555,0.1570344589999877,0.09417604099996879,0.0692581659999405,0.046773541999982626,0.037563166999916575,0.012311708999959592,0.005370000000084474,0.00017020800009959203,0.0,0.0,0.0,0.0,0.0,0.0,0.0,0.0,0.0,0.0,0.0,0.0,0.0,0.0,0.0,0.0,0.0,0.0,18.849908083999935
29,0.21272749999991447,0.5094072499999811,0.5925672500000019,1.019576749999942,0.9227519580000489,0.9957009590000325,0.8476476660000571,1.1448361249999834,1.2441837079999232,2.251180750000003,0.7678802079999514,0.8998232920000646,0.6268065419999402,2.0905389170000035,1.9531150420000358,1.7008007499999849,0.9625475420000384,0.5007303329999786,0.5713341669999181,0.36405691600009504,0.3950385420000657,0.2161017500000071,0.17984987499994531,0.1566534999999476,0.08867404200009332,0.0635260000000244,0.044125582999981816,0.04331600000000435,0.011903916999926878,0.008977250000043568,0.0029706249999890133,0.0001261670000758386,0.0,0.0,0.0,0.0,0.0,0.0,0.0,0.0,0.0,0.0,0.0,0.0,0.0,0.0,0.0,0.0,0.0,0.0,21.389476876000003
30,0.21214416700001948,0.5136602499999299,0.5923301660000106,1.0284992500000953,0.9260443340000393,0.9952620420000358,0.8424500840000064,1.1350899579999805,1.2393587499999512,0.5485788340000681,1.8141935830000193,1.1030979999999317,1.1087999579999632,1.3476738330000444,0.9133459579999226,1.1232731249999688,1.2592690000000175,1.0935395000000199,0.6046613749999779,0.6456181659999629,0.37562695899998744,0.2499062499999809,0.21064195799999652,0.09354350000000977,0.11569579100000738,0.07151283400003194,0.073276250000049,0.031041207999919607,0.0042140410000683914,0.0003134160000399788,0.0,0.0,0.0,0.0,0.0,0.0,0.0,0.0,0.0,0.0,0.0,0.0,0.0,0.0,0.0,0.0,0.0,0.0,0.0,0.0,20.272662540000056
31,0.21200937499997963,0.3849275419999003,0.702469290999943,0.5040356250000286,0.7819830409999895,0.8605512080000608,1.8626852500000268,1.1565570829999388,1.0374640420000105,0.9061183329999949,0.6298707500000091,1.601998750000007,1.8230882919999658,1.7160188750000316,1.8822833750000427,2.0410652919999848,1.8290339999999787,0.9221383340000102,0.8162240000000338,0.3562586250000095,0.3209796669999605,0.39298504199996387,0.17834883299997273,0.24138095900002554,0.18826145900004576,0.19049608399996032,0.0588148330000422,0.025624083999900904,0.021246333000021878,0.0008065000000669897,9.645800002999749e-05,0.0,0.0,0.0,0.0,0.0,0.0,0.0,0.0,0.0,0.0,0.0,0.0,0.0,0.0,0.0,0.0,0.0,0.0,0.0,23.645821334999937
32,0.21162479199995232,0.38430016699999214,0.5014449589999685,1.1682768329999362,0.792289166000046,1.1513320409999324,2.1340558330000476,2.365410249999968,4.088715167000032,1.4238252919999468,1.487594166000008,3.4380058749999307,4.037704416999986,2.446123916999909,1.1830344169999307,1.7952489170000945,1.5053234999999177,0.929936084000019,0.7030095840000286,0.499653416000001,0.3983520409999528,0.18499020900003416,0.1428348750000623,0.12196912499996415,0.16195879200006402,0.05094183300002442,0.03906145899998137,0.017939416999979585,0.0015403749999904903,0.00029291600003489293,0.0,0.0,0.0,0.0,0.0,0.0,0.0,0.0,0.0,0.0,0.0,0.0,0.0,0.0,0.0,0.0,0.0,0.0,0.0,0.0,33.366789834999736
33,0.2124391250000599,0.4090845000000627,0.9146172079999815,0.632004957999925,1.8580892090000134,2.722292625000023,2.0689519170000494,1.2813210829999662,0.2841542920000393,1.2301438339999322,0.3739299579999624,0.7306695419999869,0.5270603750000191,1.046578875000023,0.6134029589999273,0.3655852079999704,0.23970045800001571,0.3429270000000315,0.36006187500004216,0.9229535419999593,0.21623954199992568,0.21791645899998002,0.1950875410000208,0.1575095829999782,0.18175866700005372,0.16775320800002191,0.07179420800002845,0.04341737499998999,0.016585041999974237,0.005337875000009262,0.00021558399998866662,0.0,0.0,0.0,0.0,0.0,0.0,0.0,0.0,0.0,0.0,0.0,0.0,0.0,0.0,0.0,0.0,0.0,0.0,0.0,18.40958362699996
34,0.21271804200000588,0.383465249999972,0.7077529169999934,0.5106971249999788,0.7990568330000087,0.8726663749999943,1.8683055000000195,1.1403497920000518,1.6565901660000009,1.598218291999956,0.9886531659999491,0.8865596250000181,0.704714416999991,0.9750821249999717,0.6592255000000478,1.6763567920000924,2.3672779160000346,0.8772651250000081,0.9020990409999285,0.6640575830000444,1.1333148329999858,0.7139727909999465,0.35364091600001757,0.1942551669999375,0.08600783299993964,0.03073400000005222,0.033463125000025684,0.015808750000019245,0.002672834000009061,0.00029254200001105346,0.0,0.0,0.0,0.0,0.0,0.0,0.0,0.0,0.0,0.0,0.0,0.0,0.0,0.0,0.0,0.0,0.0,0.0,0.0,0.0,23.01527437300001
35,0.21402324999996836,0.4083108329999732,0.9176563340000712,0.6310186670000348,1.8532787499999586,1.4170461250000699,0.8186434159999862,1.339065499999947,1.6825489170000765,0.871670791999918,1.2396641660000114,2.3494907499999726,2.821431417000099,0.504420874999937,1.450273124999967,2.019961041999977,0.704030542000055,3.5426074580000204,0.8702647500000467,0.7586811669999634,0.4756610829999772,0.46775141600005554,0.11517579199994543,0.11320000000000618,0.08640504200002397,0.04925375000004806,0.037668999999937114,0.014028832999997576,0.005137292000085836,0.0003639589999693271,9.612499991362711e-05,0.0,0.0,0.0,0.0,0.0,0.0,0.0,0.0,0.0,0.0,0.0,0.0,0.0,0.0,0.0,0.0,0.0,0.0,0.0,27.778830168000013
36,0.21717275000003156,0.3897104580000814,0.5023281659999839,1.173880457999985,0.8002898749999758,1.152797458000009,2.133785916000079,4.339433875000054,5.31355629199993,6.302931583000031,2.391271749999987,2.1141189999999597,1.0255368330000465,0.9361844589999464,1.0901485409999623,0.6680638330000193,1.2645523329999833,1.8336620830000356,0.6166925829999172,0.8030891249999286,0.7211002500000632,0.29381087499996283,0.1934507080000003,0.1508575830000609,0.06462808300000233,0.03611466699999255,0.03973504200007483,0.016928790999941157,0.00419166699998641,0.000369957999964754,9.712500002478919e-05,0.0,0.0,0.0,0.0,0.0,0.0,0.0,0.0,0.0,0.0,0.0,0.0,0.0,0.0,0.0,0.0,0.0,0.0,0.0,36.59049212000002
37,0.2127037919999566,0.40916537500004324,0.9292782500000385,0.6605649169999879,0.9941194580000001,1.4131671249999727,0.5719355840000162,1.4191797910000332,0.3817472089999683,0.6264731249999613,2.534098583999935,0.7660084999999981,1.3403862079999271,1.606731542000034,1.0175096250000024,1.0236846669999977,1.4791859590000058,0.9231177089999392,1.6047844579999264,0.6388696249999839,0.6504769580000129,0.5575611250000065,0.5481475830000591,0.3262460830000009,0.17221925000001193,0.07269937500007018,0.03299608400004672,0.01661320899995644,0.009304625000027045,0.000882790999980898,9.970799999337032e-05,0.0,0.0,0.0,0.0,0.0,0.0,0.0,0.0,0.0,0.0,0.0,0.0,0.0,0.0,0.0,0.0,0.0,0.0,0.0,22.939958293999894
38,0.2120317910000722,0.40714808300003824,0.9120800830000917,0.6237742079999862,1.8522615000000542,1.4204183330000433,0.824452625000049,1.3216702080000005,0.28606649999994715,1.1643034589999388,0.3806504159999804,0.36605020799993326,0.6498886250000169,0.6314835420000691,0.6150377079999316,0.5020378750000418,0.4913150410000071,0.7549946249999948,0.8729116669999257,0.43503341699999964,0.293759375000036,0.39195041700008915,0.25145550000002004,0.16600970800004688,0.14708287499991002,0.09141224999996211,0.07122449999997116,0.05073237500005234,0.03310800000008385,0.021413999999936095,0.011304917000074965,0.00096133399995324,9.541700001136633e-05,0.0,0.0,0.0,0.0,0.0,0.0,0.0,0.0,0.0,0.0,0.0,0.0,0.0,0.0,0.0,0.0,0.0,16.25412058200027
39,0.2115294579999727,0.5097500420000642,0.595279000000005,1.025624500000049,0.7570107499999494,1.4546732910000628,1.218301874999952,3.6917075420000174,1.317705458999967,0.7409966250000934,1.5858873749999702,1.4241181669999605,1.1678177500000402,1.1103814159999956,0.875228874999948,0.45508966600004896,0.7310997079999879,0.3290628749999769,0.2513667499999883,0.3013590829999657,0.16668816700007483,0.13505145900001025,0.07973550000008345,0.06812716700005694,0.08587362499997653,0.029392750000056367,0.016948834000004354,0.003663916000050449,0.0012407909999865296,0.0006221249999498468,0.0001242499999989377,0.0,0.0,0.0,0.0,0.0,0.0,0.0,0.0,0.0,0.0,0.0,0.0,0.0,0.0,0.0,0.0,0.0,0.0,0.0,20.341458791000264
40,0.2121530829999756,0.3876943330000131,0.729288624999981,0.5094357909999871,0.6201693329999216,1.6538007079999488,1.1783798750000187,1.1608311249999588,0.7853056249999781,0.43835762499998054,0.3494447919999857,0.28715762499996345,0.6666828329999817,0.30669254199995066,0.3059624160000567,0.4153131670000221,0.2174718329999905,0.2084053749999839,0.11977129199999581,0.11288629199998468,0.21881154199991215,0.1905698329999268,0.16408808400001362,0.18119620799996028,0.11535558299999593,0.06692854199991416,0.057184749999919404,0.03480424999997922,0.03143129099998987,0.0004002079999736452,0.0,0.0,0.0,0.0,0.0,0.0,0.0,0.0,0.0,0.0,0.0,0.0,0.0,0.0,0.0,0.0,0.0,0.0,0.0,0.0,11.725974580999264
41,0.21279333400002542,0.38529991699999755,0.5096247920000678,1.533943249999993,1.2159553330000108,1.1671230840000817,1.9433326670000497,1.7155771249999816,0.870490000000018,0.8653573750000305,1.253998749999937,1.2701545830000214,1.065587624999921,0.8061731249999866,0.5487800000000789,0.6283266249999997,0.39058254199994735,0.5866126249999297,0.3867797499999597,0.21179524999990917,0.17293166599995402,0.1306227499999295,0.11051770799997485,0.10137699999995675,0.08155258299996149,0.03679304100000991,0.02238624999995409,0.0186798339999541,0.018844416999968416,0.01751554199995553,0.0037423329999910493,0.0005509159999519397,0.00016854199998306285,0.0,0.0,0.0,0.0,0.0,0.0,0.0,0.0,0.0,0.0,0.0,0.0,0.0,0.0,0.0,0.0,0.0,18.28397033399949
42,0.21250562500006254,0.3875332919999437,0.5048773330000813,1.5202240419999953,1.4513756249999687,2.9604944999999816,1.4165396669999382,2.920142166000005,3.154343082999958,2.00182616699999,5.136984624999968,2.815129916999922,0.8963565000000244,1.213676540999927,1.9480984170000966,0.5154888329999494,0.9743437500000027,0.8544146660000251,0.2705879999999752,0.5959644580000258,2.4132006669999555,0.620129583999983,0.44559016699997755,0.3264562079999678,0.11761241699991842,0.15188641600002484,0.0776071249999859,0.01867120800000066,0.006370875000015985,0.00036829099997248704,0.00010020899992468912,0.0,0.0,0.0,0.0,0.0,0.0,0.0,0.0,0.0,0.0,0.0,0.0,0.0,0.0,0.0,0.0,0.0,0.0,0.0,35.92890037399957
43,0.21308533399997032,0.4091996660000632,0.9211959579999984,0.6264642919999233,1.855973707999965,2.7208515419999912,0.8217058750000206,1.3101398750000044,0.8522802499999216,2.747655125000051,0.36408204199995,0.7303535419999889,2.7559486659999948,3.898477458000002,0.5894687090000161,0.46690654099995754,0.3967166669999642,0.7178291669999908,0.4334006249999902,0.4285917920000202,0.23082166699998652,0.16926137500001914,0.24756954099996165,0.11741050000000541,0.057100041000012425,0.05770912499997394,0.03682091700000001,0.0004353330000412825,0.0,0.0,0.0,0.0,0.0,0.0,0.0,0.0,0.0,0.0,0.0,0.0,0.0,0.0,0.0,0.0,0.0,0.0,0.0,0.0,0.0,0.0,24.177455332999784
44,0.21392787499996757,0.5115718750000724,0.5993395830000736,1.027056000000016,0.7615064999999959,1.1111824999999271,1.0404269590000013,0.8443324169999187,0.2956119589999844,1.2196384590000662,0.9734552080000185,1.0548878330000662,2.081317791999936,1.9525910419999946,1.8311766250000119,3.3606412090000504,0.9206969589999972,1.002057541999875,0.5501588750000792,0.8227354170001036,0.535605083000064,0.37254054100003486,0.2501945419999174,0.20976187499991283,0.10027549999995244,0.09503637500006334,0.03792941599999722,0.017302416999882553,0.0047168750002128945,0.00035200000002078013,9.562500008541974e-05,0.0,0.0,0.0,0.0,0.0,0.0,0.0,0.0,0.0,0.0,0.0,0.0,0.0,0.0,0.0,0.0,0.0,0.0,0.0,23.7981228780003
45,0.2119988330000524,0.4078847499999938,0.9204167499999585,0.6248411249998753,1.8753152079998472,2.726532417000044,0.8177801669999099,1.3234087499999987,0.28462608300014836,0.3457059580000532,2.481126416000052,0.21628404199987017,0.5784364160001587,1.0255692910000107,1.0365955419999864,0.8642685419999907,0.42774083400013296,0.49076279199994133,0.6869296669999585,2.8752919170001405,0.34963341699995,0.1462210419999792,0.10484504199985167,0.1053280830001313,0.08481333400004587,0.11353158299993993,0.10617166699989866,0.034861792000128844,0.018176042000050074,0.00781279199986784,0.002089542000021538,0.0003916250000202126,0.0001178340000933531,0.0,0.0,0.0,0.0,0.0,0.0,0.0,0.0,0.0,0.0,0.0,0.0,0.0,0.0,0.0,0.0,0.0,21.2955092950001
46,0.21208083300007274,0.38441979200001697,0.30513208399997893,0.4598166250000304,0.5187041660001341,0.5472441249999065,0.7155426659999193,0.6395242080000116,1.1260984170000938,1.2165638330000093,0.9949321670001154,0.9659018750000996,0.9475977499998862,0.8759389589999955,0.33036124999989624,0.6715341669998907,0.8692120829998657,0.5857036669999616,0.4860292500000014,0.49180637499989643,0.4594303750000108,0.3544438750000154,0.35752916699993875,0.205795832999911,0.12199325000005956,0.07032641699993292,0.0501070829998298,0.029603375000078813,0.00046375000010812073,0.0,0.0,0.0,0.0,0.0,0.0,0.0,0.0,0.0,0.0,0.0,0.0,0.0,0.0,0.0,0.0,0.0,0.0,0.0,0.0,0.0,14.993837416999668
47,0.2117852500000481,0.38361441699998977,0.7012884999999187,0.5042742079999698,0.615831500000013,1.6453382499998952,1.1709721669999453,1.1515017500000795,0.7861044579999543,0.4372894999999062,0.34800574999985656,0.37838937500009706,0.44412708300001214,0.47813958299980186,0.6798544170001151,0.1656190000001061,0.2116881670001476,0.4345064999999977,0.19459912500019527,0.18716124999991735,0.09664491700004874,0.10209520900002644,0.09043479199999638,0.05521420800005217,0.03379883399998107,0.04275162499993712,0.030747333000135768,0.024728542000048037,0.01296587499996349,0.0004332910000357515,0.0,0.0,0.0,0.0,0.0,0.0,0.0,0.0,0.0,0.0,0.0,0.0,0.0,0.0,0.0,0.0,0.0,0.0,0.0,0.0,11.619904876000192
48,0.21314933399980873,0.511797500000057,0.5944227919999321,1.0316245000001345,0.7571762080001463,1.3217252500000995,0.9512388749999445,0.7855769580000924,0.2749791250000726,0.6495792919999985,0.7002424999998311,0.6433886249999432,0.7377287920000981,0.5001526670000658,0.48731487500003823,0.3280066249999436,0.4367496249999476,0.393847125000093,0.2875021669999569,0.17555158300001494,0.15986704200008717,0.16321362500002579,0.1450567920001049,0.09041341699980876,0.04754108399993129,0.0006957089999559685,0.0,0.0,0.0,0.0,0.0,0.0,0.0,0.0,0.0,0.0,0.0,0.0,0.0,0.0,0.0,0.0,0.0,0.0,0.0,0.0,0.0,0.0,0.0,0.0,12.388542087000133
49,0.21562995799990858,0.5105437080001138,0.5943307909999476,1.0230902089999745,0.7610424590000093,1.110059124999907,1.0196574999999939,0.8334308339999552,0.2947556250001071,1.053920332999951,1.7629303329999857,1.2857735409997986,1.6365207910000663,2.850410292000106,2.297410665999905,1.3708514169998125,1.3575841659999242,0.7715102080001088,0.6489031670000713,0.41661199999998644,0.7458750000000691,0.5317640829998709,0.4900279579999278,0.16003312499992717,0.10742066700004216,0.1097147909999876,0.040551416999960566,0.015839791999951558,0.002598791999844252,0.0003058339998460724,0.0,0.0,0.0,0.0,0.0,0.0,0.0,0.0,0.0,0.0,0.0,0.0,0.0,0.0,0.0,0.0,0.0,0.0,0.0,0.0,24.01909858199906
50,0.21168820799994137,0.4079687500000091,0.9155004579999968,0.6263302500001373,1.875239375000092,1.4256181660000493,0.8173380000000634,1.3148545000001377,0.8581439590000173,2.750740416999861,0.3580877500000952,0.7267032090001067,0.5002372079998167,0.5446848750000299,1.427443374999939,0.36350079200019536,0.3139015419999396,0.27921037500004786,0.35381120900001406,0.31054754100000537,0.27460191600016515,0.26721579100012605,0.2803590409998833,0.19510633300001246,0.1903690420001567,0.08172945799992704,0.07592887500004508,0.02890195899999526,0.008293667000089044,0.003091125000082684,0.0006866250000712171,0.00021095900001455448,0.0,0.0,0.0,0.0,0.0,0.0,0.0,0.0,0.0,0.0,0.0,0.0,0.0,0.0,0.0,0.0,0.0,0.0,17.788044750001063
51,0.310815625000032,0.4007863340000313,0.6540399999998954,1.2423459159999766,0.6072306670000671,1.3149085000000014,0.9377679579999949,0.7712195830001747,0.33081345800019335,0.469740541000192,0.41680620900001486,0.1756284160001087,0.2763228750000053,0.3976165830001719,0.3318202499999643,0.22927429100013796,0.26981404200000725,0.5528894589999709,1.1399747919999754,1.2285639589999846,0.734997083000053,0.4750816670000404,0.42116679200012186,0.23823058400012087,0.28306466699996236,0.18754058400008944,0.1623084170000766,0.10333812500016393,0.027054249999991953,0.004461125000034372,0.00035808300003736804,0.00010170799987463397,0.0,0.0,0.0,0.0,0.0,0.0,0.0,0.0,0.0,0.0,0.0,0.0,0.0,0.0,0.0,0.0,0.0,0.0,14.696082543001467
52,0.31472266699984175,0.4668211660000452,0.9208151249999901,1.7271259579999878,2.1196206250001524,2.4125527500000317,1.072236041999986,3.118481167000027,1.8504151249999268,1.9240520840000954,3.0090947499998038,0.4992251250000663,0.8778904579999107,1.612434832999952,0.6127261250001084,0.5572660839998207,0.6193191249999472,0.3172024999998939,0.32603916700008995,0.3037897920000887,0.3513320829999884,0.40405716700001904,0.26830166700005975,0.2805112080000072,0.2780704169999808,0.14798516599989853,0.09282541699985813,0.07258875000002263,0.0560042090000934,0.04759995800009165,0.02807675000008203,0.015576084000031187,0.007294209000065166,0.0026603329999943526,0.0001240409999354597,0.0,0.0,0.0,0.0,0.0,0.0,0.0,0.0,0.0,0.0,0.0,0.0,0.0,0.0,0.0,26.714838126999894
53,0.29361800000015137,0.5652820840000459,0.6670567080000183,1.6809146670000246,1.7751080410000668,1.953601583000136,1.1868283340002108,0.8340628339999512,0.7711657920001471,1.0056452080000327,1.6980800420001287,0.9271381250000559,0.7186705829999482,1.399450540999851,1.7412297920000128,1.0130831659998876,0.5783713339999395,0.5061466249999285,0.521273833000123,0.1787344580000081,0.5307325829999172,0.4529632080000283,0.23817408300010356,0.17682533300012437,0.09562316699998519,0.04763416699984191,0.014257083000075,0.014294833000121798,0.001904541999920184,9.291700007452164e-05,0.0,0.0,0.0,0.0,0.0,0.0,0.0,0.0,0.0,0.0,0.0,0.0,0.0,0.0,0.0,0.0,0.0,0.0,0.0,0.0,21.58796366600086
54,0.2386436249998951,0.3486560000001191,1.0665080420001232,0.7284529579999344,0.7268525419999605,1.9016763749998518,2.588244125000074,0.9352331249999679,3.1426528339998185,1.2568374999998468,1.267758375000085,0.740068957999938,1.1267653750001045,0.7859815000001618,0.7803597919998992,0.7974910839998302,1.4011720830001195,1.5643162919998304,0.7424602920000325,0.5725816249998843,0.5817855000000236,0.8005686249998689,0.3662471249999726,0.5024522920000436,0.26183766600001945,0.22199512499992125,0.14906558400002723,0.13880841700006386,0.11109616700014158,0.041353792000109024,0.012334582999983468,0.004747250000036729,0.0011114999999790598,0.00012629100001504412,0.0,0.0,0.0,0.0,0.0,0.0,0.0,0.0,0.0,0.0,0.0,0.0,0.0,0.0,0.0,0.0,25.906242418999682
55,0.302634874999967,0.4670803749997958,0.7975114159999066,1.2276754580000215,0.6313039169999684,1.2462417920000917,2.087671875000069,2.73001479200002,2.782457708000038,4.851094375000002,2.9453269999999065,1.559508625000035,1.557498915999986,0.8642368750001879,0.524924042000066,0.7511267079999016,2.7781829590001053,0.46441479199984315,0.4195702080000956,0.2378390839999156,0.3605252920001476,0.35209020800016333,0.14489658399998007,0.15733704100011892,0.1306806669999787,0.10922308399995018,0.050735333999909926,0.07052616600003603,0.03373429200019018,0.008831667000094967,0.0007555419999789592,9.404200000062701e-05,0.0,0.0,0.0,0.0,0.0,0.0,0.0,0.0,0.0,0.0,0.0,0.0,0.0,0.0,0.0,0.0,0.0,0.0,30.645745711000473
56,0.18749524999998357,0.3131710830000429,0.7751852500000496,1.5213543340000797,0.7734302919998299,1.5226701670001148,1.3202694579999843,1.3943919999999252,1.0619305829998211,2.3769670420001603,1.4385131669998827,2.250543124999922,0.952724334000095,0.7590964589999203,0.7343355000000429,0.5242866250000588,0.5998903339998378,0.5305139590000181,0.33300537499985694,0.28660683399994014,0.17900024999994457,0.16916229100002056,0.2777517080000962,0.2790256660000523,0.30527441599997474,0.12136358300017491,0.07958862500004216,0.05434691599998587,0.01159433399993759,0.0007812920000560553,9.208300002683245e-05,0.0,0.0,0.0,0.0,0.0,0.0,0.0,0.0,0.0,0.0,0.0,0.0,0.0,0.0,0.0,0.0,0.0,0.0,0.0,21.134362334999878
57,0.29472416700014037,0.5178899999998521,1.055340417000025,1.1869212090000474,1.049674915999958,1.8516486250000526,1.7928069999998115,2.0167850420000377,2.7237881250000555,1.3279725410000083,1.0353943749998962,2.2947127500001443,1.4748454170000969,1.693319583999937,0.7633615839999948,1.204346833000045,0.932195374999992,0.6906119170000693,0.7997224170001118,0.6822674170000482,0.415994499999897,0.2841197079999347,0.5189266669999597,0.0797189160000471,0.056069500000148764,0.04792845799988754,0.02852395899981275,0.014333125000121072,0.006770917000039844,0.0004047499999160209,9.654100017542078e-05,0.0,0.0,0.0,0.0,0.0,0.0,0.0,0.0,0.0,0.0,0.0,0.0,0.0,0.0,0.0,0.0,0.0,0.0,0.0,26.841216752000264
58,0.23698583300006248,0.48313374999997905,0.9285901250000279,1.1643065840000872,1.2731730419998257,0.3036325000000488,1.3316838339999322,1.748241582999981,0.7395446670000183,0.8226572920000308,2.480997708999894,1.5858805840000514,2.4023926249999477,1.1313628750001499,0.3445433749998301,0.5377813329998844,0.4615438329999506,0.38467337500014764,0.45347133399991435,0.3267182919998959,0.2897234160000153,0.19591654099986044,0.11806787499995153,0.1709440419999737,0.08326199999987693,0.0885920000000624,0.03954591599995183,0.02753041599999051,0.0019525420000263694,0.00028312499989624484,0.0,0.0,0.0,0.0,0.0,0.0,0.0,0.0,0.0,0.0,0.0,0.0,0.0,0.0,0.0,0.0,0.0,0.0,0.0,0.0,20.157132417999264
59,0.29287904099987827,0.2250399170000037,0.6313150419998692,0.5856028749999496,1.3963800839999294,1.8730921250000847,1.6093679590001102,2.341041500000074,0.6070007919997806,4.93774058300005,1.4917629999999917,4.154395084000043,3.648051416000044,1.7378072080000493,4.934242541000003,2.352837124999951,2.2622471670001687,1.7109346249999362,1.5906420829999206,3.1756262080000397,0.5026537500000359,0.4038984579999578,0.24406120799994824,0.17512854200003858,0.06413683300002049,0.04526725000005172,0.019877916000041296,0.010397042000022338,0.005465833999778624,0.0003343339999446471,7.887499987191404e-05,0.0,0.0,0.0,0.0,0.0,0.0,0.0,0.0,0.0,0.0,0.0,0.0,0.0,0.0,0.0,0.0,0.0,0.0,0.0,43.02930641699959
60,0.18685545800008185,0.5004032089998418,0.4792481659999339,0.7689912920000097,1.3613552499998605,0.9568429169999035,0.5627535829999033,1.276662750000014,0.7072113340000215,1.1885464590000083,1.0582532920000176,1.2196384159999525,1.2769497080000747,2.795043332999967,0.43072504100018705,0.41635345899999265,0.4260120829999323,0.29194362500015814,0.19865729200000715,0.23592520800002603,0.1725944160000381,0.12475225000002865,0.18088858300006905,0.13294733399993675,0.08957083299992519,0.05445945899987237,0.03051054100001238,0.024886500000093292,0.020664874999965832,0.019248374999961015,0.011197167000091213,0.0033281250000527507,0.0003914169999461592,9.233399987351731e-05,0.0,0.0,0.0,0.0,0.0,0.0,0.0,0.0,0.0,0.0,0.0,0.0,0.0,0.0,0.0,0.0,17.20390408399976
61,0.31151725000017905,0.5900932499998817,0.712808042000006,1.4831878750001124,1.7550185000000056,1.500421875000029,1.1868879159999324,1.1536823339999955,1.1373797500000364,0.8271778329999506,1.368406124999865,0.9948865419999038,1.7755553750000672,1.0908310419999907,0.7158940419999453,0.9381874999999127,0.39632908299995506,0.4422015840000313,0.340625166999871,0.21574695899994367,0.19992808300003162,0.2430119170001035,0.14731299999994008,0.17840054199996302,0.1418467089999922,0.09733487500011506,0.06022437499996158,0.04483775000016976,0.017248625000092943,0.003778582999984792,0.00012799999990420474,0.0,0.0,0.0,0.0,0.0,0.0,0.0,0.0,0.0,0.0,0.0,0.0,0.0,0.0,0.0,0.0,0.0,0.0,0.0,20.070890502999873
62,0.31029679199991733,0.5890349169999354,0.4943214170000374,1.032837458000131,1.2333949160001794,2.2650990419999744,1.1562395409998771,0.6061147499999606,1.9217939169998317,2.3530977080001776,3.2289882499999294,0.6624610000001212,1.0569689169999492,0.9304803749998882,1.8101772499999242,0.3543224580000697,0.4840400839998438,0.4080196249999517,0.2668955829999504,0.24904370800004472,0.23143674999982977,0.19397441699993578,0.30510145900007046,0.22335729199994603,0.16638908300001276,0.08771166700012145,0.07722229199998765,0.11691662499993072,0.042402457999969556,0.02179179200015824,0.0008641250001346634,9.545800003252225e-05,0.0,0.0,0.0,0.0,0.0,0.0,0.0,0.0,0.0,0.0,0.0,0.0,0.0,0.0,0.0,0.0,0.0,0.0,22.880891125999824
63,0.23675374999993437,0.6793059169999651,0.7400916249998772,1.793188624999857,1.100031041999955,1.3616635840000981,2.5883079579998594,0.9815372920002119,0.824408209000012,1.992163249999976,2.1133275409999897,0.7228715420001208,1.4050616669999272,0.5013560840000082,1.41330637499982,1.2693224580000333,1.248301999999967,1.8819240410000475,0.35874933300010525,0.279193874999919,0.38552958300010687,0.23825475000012375,0.1513081670000247,0.23779666700011148,0.10341937499993037,0.04609387499999684,0.021033875000057378,0.008896832999880644,0.0015849579999667185,9.862499996415863e-05,0.0,0.0,0.0,0.0,0.0,0.0,0.0,0.0,0.0,0.0,0.0,0.0,0.0,0.0,0.0,0.0,0.0,0.0,0.0,0.0,24.684882875999847
64,0.23736637500019242,0.5253923749999103,0.8466184159999557,0.9858581250000498,1.841925749999973,1.4075701249998929,0.5434990830001425,1.7892821249999997,1.149614124999971,1.3062045419999322,0.8752941249999822,1.4594441669999014,2.591136125000048,1.5661172079999233,1.046137207999891,0.8738693749999129,0.6078622090001318,0.9860278749999907,0.6177191249998941,0.5980615419998685,0.4384754580000845,0.5136658750000151,0.3552992920001543,0.39626795799995307,0.23957387499990546,0.16157891599982577,0.1370793329999742,0.10168724999994083,0.06762608300005013,0.029411875000050713,0.0004675830000451242,0.0,0.0,0.0,0.0,0.0,0.0,0.0,0.0,0.0,0.0,0.0,0.0,0.0,0.0,0.0,0.0,0.0,0.0,0.0,24.296133497999563
65,0.292729417000146,0.21175341699995442,1.0437975840000036,0.7304424580001978,0.6050361249999696,0.6588534590000563,0.22991729200020927,0.9043907919999583,2.688119499999857,2.2520749579998665,3.8659931670001697,2.8585497500000656,2.877632124999991,1.8038840839999466,3.366467916999909,3.2977201670000795,2.49019337499999,1.2682715000000826,0.9827258330001314,1.339899874999901,0.8160499170001003,1.0534599580000759,0.7596071670000129,0.33655333299998347,0.1684590830000161,0.09441479199995229,0.0680117499998687,0.044462416000214944,0.009001791000173398,0.0007854160000988486,9.675000001152512e-05,0.0,0.0,0.0,0.0,0.0,0.0,0.0,0.0,0.0,0.0,0.0,0.0,0.0,0.0,0.0,0.0,0.0,0.0,0.0,37.11935516800099
66,0.19271425000010822,0.5048476250001386,0.7201862499998697,0.9259514169998511,1.226917333000074,1.2714437080001062,1.077402624999877,1.4365322500000275,1.6496522909999385,0.950197333999995,0.6760117919998265,0.742749374999903,0.5628530829999363,0.36917349999998805,0.39261658300006275,0.35810762500000237,0.2529584160001832,0.23744974999999613,0.27217350000000806,0.25288945800002693,0.2374088330000177,0.19754437500000677,0.20268608300011692,0.14491199999997662,0.11455183299995042,0.07799566699986826,0.062269874999856256,0.01302820899991275,0.011452916000052937,0.005555875000027299,0.004148291000092286,0.0034387080002034054,0.0015546249999260908,0.0010780000000067957,9.558300007483922e-05,0.0,0.0,0.0,0.0,0.0,0.0,0.0,0.0,0.0,0.0,0.0,0.0,0.0,0.0,0.0,15.150549038000008
67,0.18757658300000912,0.3178365829999166,0.48538879099987753,0.3171922909998557,1.1412884159999521,0.45799129199986055,1.2079777909998484,0.8956605000000764,0.7691366249998737,0.7440537909999421,3.2575025840001217,1.0644864580001467,0.954367750000074,0.41692475000013474,1.1473423750001075,1.076614415999984,1.1012918339999942,1.4262641249999888,3.0355754580000394,0.5120088339999711,0.5317187919999924,0.3826825420001114,0.2564237090000461,0.12548595899988868,0.05812633400000777,0.040487959000074625,0.03285954199986918,0.027982874999906926,0.006339749999824562,0.0003858750001199951,9.354100006930821e-05,0.0,0.0,0.0,0.0,0.0,0.0,0.0,0.0,0.0,0.0,0.0,0.0,0.0,0.0,0.0,0.0,0.0,0.0,0.0,21.979068124999685
68,0.23800883400008388,0.292080500000111,0.8991207499998382,0.338119708000022,0.863390083000013,0.7816439159998936,0.7844893330000104,1.0343946660000256,0.6759003749998556,1.0116488330002085,0.45570841700009623,0.44628541700012647,0.6705296669999825,0.9768469160001132,0.5374313750000965,0.24892012500004057,0.37536074999979974,0.23324266600002375,0.1566376250000303,0.11554941600002167,0.10116041700007372,0.12851920899993274,0.0876626250001209,0.08274562499991589,0.05827858399993602,0.094043708000072,0.04922495899995738,0.033522166000011566,0.008584165999991455,0.0003891250000833679,0.0,0.0,0.0,0.0,0.0,0.0,0.0,0.0,0.0,0.0,0.0,0.0,0.0,0.0,0.0,0.0,0.0,0.0,0.0,0.0,11.779439956000488
69,0.2457753749999938,0.3447160000000622,1.172293166999907,0.6345228750001297,1.1159803749999355,1.263196291999975,0.2737726670000029,1.330255207999926,0.6240549589999773,1.5374283339999693,1.4834403329998622,2.1016353750001144,1.012409666999929,0.7646777499999189,0.4437008329998662,0.4134953329999007,0.4182132089999868,0.4185929999998734,0.39686237499995514,0.3029196669999692,0.26755366600013986,0.2740846659999079,0.1716574170000058,0.13585349999993923,0.130469334000054,0.10625658399999338,0.11245837499996014,0.0615646660000948,0.010963958000047569,0.004339374999972279,0.0003477089999250893,0.0,0.0,0.0,0.0,0.0,0.0,0.0,0.0,0.0,0.0,0.0,0.0,0.0,0.0,0.0,0.0,0.0,0.0,0.0,17.573492043999295
70,0.30059491600013644,0.21264579199987566,0.9946600830000989,0.7912778340000841,0.45718316700003925,0.2681511660000524,1.6519917079999686,2.067881416999853,2.288487499999974,0.729649666999876,2.472086042000001,2.4161169589999645,0.8336824170000909,1.0150213750000603,0.463238457999978,0.3423261670000102,0.4003151249999064,0.19711370799996075,0.23433758300006957,0.18477104199996575,0.2742481669999961,0.20243224999990161,0.1656812500000342,0.14492249999989326,0.1020075840001482,0.08096750000004249,0.05781600000000253,0.026959709000038856,0.0010925829999450798,0.00034304199994039664,0.0,0.0,0.0,0.0,0.0,0.0,0.0,0.0,0.0,0.0,0.0,0.0,0.0,0.0,0.0,0.0,0.0,0.0,0.0,0.0,19.37800271099991
71,0.30333874999996624,0.5664027919999626,0.8656078340000022,0.6328459169999405,0.2650865830000839,0.37739395900007366,2.0996505839998463,0.5660127919998104,0.9376744999999573,1.9840974170001573,0.6192465000001448,0.6514305000000604,1.450165707999986,2.012027334000095,2.9729326250001122,0.7780360829999609,1.0097424580001189,0.729887041000211,0.5828298750000158,0.8570156670000415,0.3137262919999557,0.27255975000002763,0.3200841660000151,0.2641572499999256,0.11315849999982674,0.09404266700016706,0.06814133399984712,0.0738310840001759,0.024226999999882537,0.01407741699995313,0.00787904100002379,0.00022408400013773644,0.0,0.0,0.0,0.0,0.0,0.0,0.0,0.0,0.0,0.0,0.0,0.0,0.0,0.0,0.0,0.0,0.0,0.0,21.827533504000485
72,0.29921570800001973,0.5249845420000838,0.8262356669999917,0.5268663749998268,0.9124190830000316,1.698036084000023,2.7409688330001245,2.3004922919999444,1.8956627089999074,1.4635372919999554,2.108533750000106,1.7911755000000085,1.8537715000002208,1.2431835830000182,1.8626440830000774,1.5552128340000309,3.146199582999998,0.7854096670000672,0.8312147080000614,0.4239877500001512,0.32656616700000995,0.31578158399997847,0.2785472920002121,0.2558930830000463,0.14554295900006764,0.13281579199997395,0.10486112499984301,0.09796616599987829,0.07186000000001513,0.05386158400006025,0.0025046670000392623,0.00036283300005379715,0.0,0.0,0.0,0.0,0.0,0.0,0.0,0.0,0.0,0.0,0.0,0.0,0.0,0.0,0.0,0.0,0.0,0.0,30.576314795000826
73,0.1877890830000979,0.3139630420000685,0.8948015000000851,0.3632405840000956,1.0424938339999699,1.5000987500000065,1.410197208999989,1.0729698749998988,1.2215286660000402,0.6456856669999524,0.5554317080000146,0.6251553330000661,0.5199692499998037,0.5405094170000666,0.3895711669999855,0.6153379169998061,0.6647738750000372,0.5704608339999595,0.7793782500000361,0.5766758750000918,0.30943887500006895,0.1886712919999809,0.12031241699992279,0.09544312499997432,0.027351208000027327,0.0006886670000767481,0.0,0.0,0.0,0.0,0.0,0.0,0.0,0.0,0.0,0.0,0.0,0.0,0.0,0.0,0.0,0.0,0.0,0.0,0.0,0.0,0.0,0.0,0.0,0.0,15.231937420000122
74,0.3103520000001936,0.5858996249999109,0.7142686249999315,0.8799906249998912,0.8869293339998876,1.566110333999859,2.950223249999908,1.4146597090000341,3.0152728750001643,1.8644870000000537,1.4875090000000455,1.6482694999999694,3.222369125000114,1.2501179159999083,1.4939042500000141,1.5714960840000458,1.6564332909999848,0.7592657089999193,0.6212853750000704,0.44845333400007803,0.28984804100014117,0.3333386659999178,0.26992845899985696,0.17284825000001547,0.13052312500008156,0.0855218330000298,0.06520341700002064,0.036911083999939365,0.012079374999984793,0.004500583999970331,0.00029816699998264085,0.0,0.0,0.0,0.0,0.0,0.0,0.0,0.0,0.0,0.0,0.0,0.0,0.0,0.0,0.0,0.0,0.0,0.0,0.0,29.748297961999924
75,0.32394445900013125,0.2666394590000891,1.0358704170000692,2.035514707999937,1.721888915999898,0.35479662499983533,1.696121875000017,3.4128065829997922,1.8465003329999945,2.4291054170000734,3.6789366250000057,1.6721521250001388,3.9550607909998234,0.6214710420001666,0.42414737500007504,0.35402991700016173,0.4582842080001228,0.3405104170001323,0.3601081660001455,0.36306450000006407,0.308605875000012,0.23621187499998086,0.31469429200001287,0.15469774999996844,0.03181870799994613,0.010524750000058702,0.000739874999908352,0.0,0.0,0.0,0.0,0.0,0.0,0.0,0.0,0.0,0.0,0.0,0.0,0.0,0.0,0.0,0.0,0.0,0.0,0.0,0.0,0.0,0.0,0.0,28.40824708300056
76,0.2378817500000423,0.48261875000002874,1.3354364580000038,0.3504488749999837,0.8485437080000793,1.0679764579999755,1.7929852500001289,1.5934636250001404,1.941253125000003,1.315781791000063,0.9174113750000288,0.7712304169999697,1.3557012500000383,1.7037285829999291,1.1246010840000054,1.0268274160000601,0.7804549999998471,1.1614082500000222,0.7161333340000056,0.6622360830001526,0.21229508299984445,0.1790869589999602,0.1297312920000877,0.1408577919999061,0.059412291999933586,0.05549783300011768,0.04222350000009101,0.0472915830000602,0.030620457999930295,0.008250750000115659,0.006512083999950846,0.0012936670000271988,9.666599999036407e-05,0.0,0.0,0.0,0.0,0.0,0.0,0.0,0.0,0.0,0.0,0.0,0.0,0.0,0.0,0.0,0.0,0.0,22.099292541000523
77,0.2936492090000229,0.46153000000003885,0.6090112079998562,1.3603525420001006,0.44777654200015604,0.4999106660000052,1.252221082999995,0.8045051249998778,1.73134104199994,1.2102162910000516,0.6412904159999471,0.7321348330001456,0.6461700830000154,0.7677887080001256,0.7501915000000281,0.617564166999955,0.8475715419999688,0.735737416999882,1.2851437500000884,1.0681059999999434,0.4715847500001473,0.34636758300007386,0.6745848750001642,0.2613659590001589,0.11154308299978766,0.060973791999913374,0.09431349999999838,0.0677527079999436,0.04741404199990029,0.03277104199992209,0.018860041999914756,0.003662124999891603,0.0002540420000514132,0.0,0.0,0.0,0.0,0.0,0.0,0.0,0.0,0.0,0.0,0.0,0.0,0.0,0.0,0.0,0.0,0.0,18.95365966700001
78,0.2402943330000653,0.33999154200000703,0.9435204169999452,0.8325557499999832,1.0556872499998917,1.0761354159999428,1.132190625000021,2.066309082999851,0.8148900409998987,1.863606457999822,0.662874082999906,0.8832952079999359,1.0894963749999533,0.5615314170001966,0.978995832999999,1.3763794169999528,1.502796791000037,1.0297428750000108,0.4466402090001793,0.4128543340000306,0.5139733329999672,0.3021185410000271,0.2954442499999459,0.1365246660000139,0.0807904169998892,0.07609983299994383,0.055820666000045094,0.014779249999946842,0.005791917000124158,0.0009350000000267755,0.00017037500015248952,0.0,0.0,0.0,0.0,0.0,0.0,0.0,0.0,0.0,0.0,0.0,0.0,0.0,0.0,0.0,0.0,0.0,0.0,0.0,20.79223570499971
79,0.19009674999983872,0.45748008400005347,0.36343858400005047,0.5105856250002034,0.8648969159999069,1.1522485000000415,2.0757032090000394,2.3936630830000922,0.7041823750000731,1.7017467499999839,2.0065342919999694,1.9204566250000425,1.1196464170000127,2.3299737079998977,1.6009167920001346,1.5965204579999863,1.8471610409999357,8.602998042000081,1.036278042000049,0.5755252919998384,0.37610737499994684,0.3054634999998598,0.26507312500007174,0.2637646250000216,0.12573187499992855,0.09490325000001576,0.02706112500004565,0.010351790999948207,0.0030556250001154694,0.00041483299992250977,9.287499983656744e-05,0.0,0.0,0.0,0.0,0.0,0.0,0.0,0.0,0.0,0.0,0.0,0.0,0.0,0.0,0.0,0.0,0.0,0.0,0.0,34.52207258399994
80,0.2939241670001138,0.5650800419998632,0.5766258749999906,1.3579972499999258,0.811221999999816,1.5390286669999114,2.168721000000005,1.2420054589999836,1.242313374999867,0.9231937499998821,0.6655492080001295,1.1110742910000226,1.3116140000001906,0.922640666999996,1.2453579589998753,1.0621142500001497,1.226510167000015,0.8100322090001555,0.4507282500001111,0.25754937500005326,0.22406691700007286,0.38744170899985875,0.6818453340001724,0.18302712499985319,0.2155600000000959,0.13282583299996986,0.05968770799995582,0.04155441699981566,0.010103874999913387,0.0007924999999886495,9.191699996335956e-05,0.0,0.0,0.0,0.0,0.0,0.0,0.0,0.0,0.0,0.0,0.0,0.0,0.0,0.0,0.0,0.0,0.0,0.0,0.0,21.720279295999717
81,0.18725962500002424,0.31636395900000025,1.0527405420000377,0.5446118329998626,0.7500497500000165,1.4988570830000754,1.6841902500000288,1.910877625000012,2.5079811670000254,1.5031843750000462,2.328033499999947,1.7305705409999064,0.8380780420000065,1.0889424169999984,1.3584802079999463,1.9017074999999295,0.8464158749998205,0.6281823749998239,0.6361497089999375,0.4621622079998815,0.1266560000001391,0.16272587499997826,0.0830553329999475,0.08858487499992407,0.04734020799992322,0.035109165999983816,0.019039791000068362,0.017743833999929848,0.012864791999845693,0.0024917920000007143,0.001115167000079964,0.00012650000007852213,0.0,0.0,0.0,0.0,0.0,0.0,0.0,0.0,0.0,0.0,0.0,0.0,0.0,0.0,0.0,0.0,0.0,0.0,24.371691916999225
82,0.3103547499999877,0.2625338749999173,0.9862946670000383,1.0404367500000262,0.6046560409999984,0.6079300839999178,0.19389016700006323,0.6956221670000104,1.3436299170000439,0.7405097500000011,2.0094597920001434,1.194215541999938,0.7782174169999507,1.599107709000009,0.7977699590001066,0.5438140419998945,0.5993721250001727,0.4207124170000043,0.3468731250000019,0.3118264590000308,0.2695454580000387,0.18145145800008322,0.22602099999994607,0.11511462499993286,0.08641937499987762,0.09367433300008088,0.05619470800002091,0.0463244580000719,0.03144191600017621,0.021174833000031867,0.009905667000111862,0.0031790420000561426,0.00040200000012191595,0.0001242089999777818,0.0,0.0,0.0,0.0,0.0,0.0,0.0,0.0,0.0,0.0,0.0,0.0,0.0,0.0,0.0,0.0,16.528199837000784
83,0.2957392499999969,0.5144720420000795,0.7836877080001159,1.4572677500000282,2.71045641600017,2.70838341700005,1.9794456249999257,5.109092665999924,4.4505653749999965,1.6086044159999346,4.6439587079999,2.7954938340001263,2.8799603750001097,2.3639332089999243,0.9320272079999086,1.1670324589999836,1.441639208999959,2.167054042000018,0.6792833750000682,0.4801397090000137,0.37805679200005216,0.3332453750001605,0.1785243750000518,0.10666941699992094,0.07713716700004625,0.046667667000065194,0.03344100000003891,0.02176279200011777,0.005543916000078752,0.0002149999997982377,0.0,0.0,0.0,0.0,0.0,0.0,0.0,0.0,0.0,0.0,0.0,0.0,0.0,0.0,0.0,0.0,0.0,0.0,0.0,0.0,42.34950029400056
84,0.1872936249999384,0.3123279999999795,0.8922099589999561,0.3547271660002025,1.0320925830001215,1.4915475000000242,1.2140003750000687,0.924466541999891,0.5619097499998134,0.246835166999972,0.3985704589999841,0.4296377499999835,0.31665112499990755,0.2961647909999101,0.2857936249999966,0.24713916700011396,0.32490641599997616,0.32595679200017,0.19611545899988414,0.22144495899988215,0.1783404170000722,0.1289440000000468,0.12608495899985428,0.02903279199995268,0.0009330419998150319,0.0,0.0,0.0,0.0,0.0,0.0,0.0,0.0,0.0,0.0,0.0,0.0,0.0,0.0,0.0,0.0,0.0,0.0,0.0,0.0,0.0,0.0,0.0,0.0,0.0,10.723126419999517
85,0.2940177499999663,0.46256433300004574,0.7918605410000055,1.1796125000000757,1.2066643339999246,0.8764645829999154,0.9638204160000896,0.8243298330000925,1.3330885000000308,1.19887841700006,1.0101050000000669,0.8135284170000432,0.5046220419999372,0.4534467500000119,0.4237632920001033,0.42811266700005035,0.35774366700002247,0.30507812499990905,0.2208778330000314,0.315072875000169,0.32321429200010243,0.25805179200006023,0.17369629199993142,0.2227700000000823,0.1780916249999791,0.14394624999999905,0.07440112499989482,0.05514104099984252,0.039560417000075176,0.01958816699993804,0.020330042000068715,0.004128458999957729,0.0004235000001244771,0.0,0.0,0.0,0.0,0.0,0.0,0.0,0.0,0.0,0.0,0.0,0.0,0.0,0.0,0.0,0.0,0.0,15.476994877000607
86,0.31073608399992736,0.2626759999998285,0.9868614580000212,1.0423073749998366,0.4320887920000587,0.45783449999998993,2.2691449169999487,0.2834968750000826,1.4062436250001156,0.7506318329999431,0.5791377089999514,0.5551284579998992,0.6374155829998926,0.7222009590000198,0.6815151250000326,0.5803188749998753,0.49491924999983894,0.385713375000023,0.42992008400005943,0.5502670829998806,0.34260845799985873,0.26468504199988274,0.28553629199996067,0.14150366600006237,0.14743862499994975,0.0824008340000546,0.05945150000002286,0.03558083300004,0.01888562500016633,0.0056287919999249425,0.0003790000000662985,9.483400003773568e-05,0.0,0.0,0.0,0.0,0.0,0.0,0.0,0.0,0.0,0.0,0.0,0.0,0.0,0.0,0.0,0.0,0.0,0.0,15.202751460999252
87,0.29828920900013145,0.22864591699999437,0.6338289170000735,0.5858773749998818,1.510787124999979,1.6117029170000023,2.11476879199995,1.2700025419999292,1.2439804579998963,1.853437582999959,1.6723384169999918,1.560675041999957,0.9145169589999114,1.1419906250000622,0.5892776660000436,0.5026562909999939,1.074873708999803,0.39714837500014255,0.40496083300013197,0.2259104170000228,0.31556658399995285,0.541615290999971,0.24194808300012483,0.21323312499998792,0.18762549999996736,0.19155829100009214,0.14408416700007365,0.10058541700004753,0.07366025000010268,0.029310542000075657,0.01829595899994274,0.011763666999968336,0.0033824169997842546,0.00016883300008885271,0.0,0.0,0.0,0.0,0.0,0.0,0.0,0.0,0.0,0.0,0.0,0.0,0.0,0.0,0.0,0.0,21.908467295000037
88,0.31089891700003136,0.4639782080000714,0.8180830000001151,0.7899137080000855,0.9642365419999805,1.6526103749999947,2.1710356659998524,1.0884006249998492,2.4383131249999224,1.4117414580000514,1.4753822919999493,3.187333041999864,1.3053947079999944,1.220567125000116,0.8352482089999285,0.6942662079998172,0.6826899999998659,0.44810870900005284,0.39559237499997835,0.3782957500000066,0.3395117500001561,0.255775500000027,0.29434570900002655,0.24466275000008864,0.19626100000004953,0.16956645799996295,0.12545687500005442,0.10534887499989054,0.0865648340000007,0.030503041000201847,0.017160791999913272,0.016383832999963488,0.0009227089999512827,0.00017312499994659447,0.0,0.0,0.0,0.0,0.0,0.0,0.0,0.0,0.0,0.0,0.0,0.0,0.0,0.0,0.0,0.0,24.61472729299976
89,0.18924720899985914,0.3232425000001058,0.6472147920001134,1.5019047499999942,1.1398690410001109,0.8865485830001489,1.4668549169998641,0.6641028340000048,1.0885244170001442,1.3769640000000436,1.9603402080001615,6.002309749999995,0.7589889999999286,0.7136076669999056,0.9895667920000051,0.9305800829999953,0.645044832999929,0.7550016249999771,0.503885500000024,0.3558625000000575,0.512805791999881,0.2627813750000314,0.23869775000002846,0.2801922920000379,0.24331050000000687,0.12986616600005618,0.028975790999993478,0.0005184169999665755,0.0,0.0,0.0,0.0,0.0,0.0,0.0,0.0,0.0,0.0,0.0,0.0,0.0,0.0,0.0,0.0,0.0,0.0,0.0,0.0,0.0,0.0,24.59680908400037
90,0.29476641600012954,0.563584665999997,0.5846110830000271,1.353311500000018,0.8122328340000422,1.5424148330000662,2.1976438750000398,1.259788791000119,1.738984500000015,0.6803376249999928,1.7269382500003303,0.8052612500000578,0.6173976250001942,0.2638036670000474,0.3760012079997068,0.2443792920003034,0.3758473750003759,0.5099678750002568,0.42685424999990573,0.4071315420001156,0.34837020900022253,0.30661970800019844,0.2594707080002081,0.2114238750000368,0.1768314159999136,0.11331345799999326,0.13790270900017276,0.05446091700014222,0.036164874999940366,0.02137720900009299,0.013933416999861947,0.006672208000054525,0.0030140419999042933,0.00038558400001420523,8.962499987319461e-05,0.0,0.0,0.0,0.0,0.0,0.0,0.0,0.0,0.0,0.0,0.0,0.0,0.0,0.0,0.0,18.47128841700237
91,0.31180416699999114,0.26314995799975804,1.0294652499997028,2.0280339169999024,0.9038261249997959,1.4302586250000786,3.2372991669999465,2.277529959000276,1.1318129169999338,1.6004123329998947,2.897792458999902,3.20530270800009,4.720376000000215,1.1240093749997868,1.856393874999867,1.592954582999937,2.338443500000267,1.6008615410000857,0.6507369159999143,0.32769108399998004,0.5080757499999891,0.3356477500001347,0.19116862499959097,0.12014712499967573,0.12883895899994968,0.0790449589999298,0.04882633299985173,0.029307958999652328,0.025271499999689695,0.004628333000255225,0.0003050420000363374,0.0,0.0,0.0,0.0,0.0,0.0,0.0,0.0,0.0,0.0,0.0,0.0,0.0,0.0,0.0,0.0,0.0,0.0,0.0,35.99941679399808
92,0.18694274999961635,0.31191929200031154,0.8898858339998696,0.35499025000035545,1.0337711669999408,1.489320332999796,1.0437032079998971,1.1085077079997063,0.3972713329999351,0.4624238750002405,0.4003747500000827,0.7491501670001526,0.5244753329998275,0.7007014589999017,0.49490783300007024,0.3268299589999515,0.281737250000333,0.2724293329997636,0.22120104200030255,0.3363531669997428,0.2864115839997794,0.3165222919997177,0.27864233399986915,0.2953141249995497,0.22752404200036835,0.17544933299996046,0.07864937500016822,0.05015941699957693,0.019708374999936495,0.00733162500000617,0.0012338750002527377,0.00029170899961172836,0.0,0.0,0.0,0.0,0.0,0.0,0.0,0.0,0.0,0.0,0.0,0.0,0.0,0.0,0.0,0.0,0.0,0.0,13.324134128998594
93,0.23640125000019907,0.48531387499997436,1.33164537499988,0.35470695799995156,0.7904553339999438,0.9038340000001881,0.3549042079998799,0.316327624999758,0.6646940840000752,1.5600179170000956,0.9511437500000284,0.9458465829998204,2.6749491250002393,2.4880394589999923,1.753601916000207,2.878371750000042,3.0198189590000766,1.6801531660003093,0.36419141600026705,0.4168439169998237,0.38432720899982087,0.21265733299969725,0.20291562500005966,0.2669226670000171,0.09228566599995247,0.05219466599965017,0.03576054099994508,0.016172124999684456,0.00430899999992107,0.00029229100027805544,0.0,0.0,0.0,0.0,0.0,0.0,0.0,0.0,0.0,0.0,0.0,0.0,0.0,0.0,0.0,0.0,0.0,0.0,0.0,0.0,25.439097789999778
94,0.31069666600023993,0.3985305410001274,0.6518351660001827,0.8712177500001417,1.050811916999919,0.9989453329999378,2.517706167000142,3.483517665999898,2.0422532920001686,1.6632906669997283,2.3912813329998244,1.4413025000003472,3.279157624999698,2.7871338340000875,2.0314272090004124,1.0132685830003538,1.8062948749998213,2.0017371250000906,1.2916766250000364,0.7804992090000269,0.5136781249998421,0.33060116700016806,0.39359058299987737,0.19375191700009964,0.18593937500008906,0.1500497090000863,0.04027687500001775,0.03396274999977322,0.0051042499999311985,0.0002876250000554137,0.0,0.0,0.0,0.0,0.0,0.0,0.0,0.0,0.0,0.0,0.0,0.0,0.0,0.0,0.0,0.0,0.0,0.0,0.0,0.0,34.659826459001124
95,0.18944216599993524,0.451734000000215,0.4365597920000255,1.342292042000281,0.7645903340003315,0.9791618330000347,0.9931472080002095,1.1208274159998837,0.7293922919998295,1.2302564160004295,0.43262066699981006,0.9588514170000053,0.6727405000001454,0.6455899170000521,1.033887582999796,0.9629007080002339,0.34372450000000754,0.5413735830002224,0.5190119170001708,0.5191909999998643,0.44378554199965947,0.6980675410000003,0.4041758330004086,0.3518142500001886,0.27979645799996433,0.07223225000007005,0.04900529200040182,0.024067207999905804,0.026346165999711957,0.014922958000170183,0.0035580420003498148,0.0003519169999890437,9.10420003492618e-05,0.0,0.0,0.0,0.0,0.0,0.0,0.0,0.0,0.0,0.0,0.0,0.0,0.0,0.0,0.0,0.0,0.0,17.235509790002652
96,0.23631441599991376,0.5283609170001,0.8458787079998729,0.9800158339999143,1.2485089589999916,0.2102736250003545,1.4223565000002054,0.92845083300017,0.8881853749999209,0.5452058340001713,0.8471834580000177,0.5716073339999639,0.6265853749996495,0.581436124999982,0.5622547920002035,0.5037715409998782,0.5383606669997789,0.4141979580003863,0.4706735409999965,0.46325341700003264,0.3691987499996685,0.24136216599981708,0.17352204200005872,0.12626295800009757,0.10643454199998814,0.09189004099971498,0.06646933399997579,0.04437058399980742,0.03344562499978565,0.015878375000283995,0.00038004099997124285,0.0,0.0,0.0,0.0,0.0,0.0,0.0,0.0,0.0,0.0,0.0,0.0,0.0,0.0,0.0,0.0,0.0,0.0,0.0,14.682089666999673
97,0.18650383299973328,0.6034740000000056,0.8360673749998568,0.3285507079999661,1.2255592499996055,1.044424207999782,1.4469382080001196,0.5038057080000726,1.4651202499999272,0.8677091250001467,1.2330556659999274,1.6815142499999638,1.8890684999996665,1.833758458000375,2.9721460840000873,1.378646542000297,1.5743695420001131,1.1821671249999781,0.6870737079998435,1.0923228750002636,0.45837354199966285,0.3267366250001942,0.5229844999998932,0.18713120800020988,0.14580462499998248,0.12649625000040032,0.03402516699998159,0.011732957999811333,0.001017000000047119,9.787499993763049e-05,0.0,0.0,0.0,0.0,0.0,0.0,0.0,0.0,0.0,0.0,0.0,0.0,0.0,0.0,0.0,0.0,0.0,0.0,0.0,0.0,25.84667516499985
98,0.29312179099997593,0.4609584999998333,0.6723061669999879,0.33754033300010633,0.5769249580002906,0.3834426670000539,0.21423908399992797,0.511097042000074,0.4234070000002248,0.5795176249998804,0.36473750000004657,0.40103429100008725,0.12578050000001895,0.09988558299983197,0.26790729200001806,0.2361312499997439,0.4130426249998891,0.38174595800001043,0.5669611250000344,1.0792487500002608,1.362133458000244,0.6565760829998908,2.191011666000122,0.2224322500001108,0.3616054579997581,0.21299308400011796,0.09499416699964058,0.06949412500034668,0.02248562500017215,0.0006600420001632301,9.53750000007858e-05,0.0,0.0,0.0,0.0,0.0,0.0,0.0,0.0,0.0,0.0,0.0,0.0,0.0,0.0,0.0,0.0,0.0,0.0,0.0,13.583511374000864
99,0.3104673749999165,0.22037729200019385,0.723571833999813,0.7587880410001162,1.5230610419998811,1.836440875000335,2.4021804999997585,2.8672499999997854,0.9776327089998631,0.6868022499998006,1.1751048750002155,1.7150422499998967,1.87243562499998,0.7126787090001017,0.42980379199980234,1.0695469160000357,0.3310982090001744,0.25835366599994813,0.36381120799978817,0.2498989169998822,0.22986312500006534,0.02801899999985835,0.0009040420000019367,0.0,0.0,0.0,0.0,0.0,0.0,0.0,0.0,0.0,0.0,0.0,0.0,0.0,0.0,0.0,0.0,0.0,0.0,0.0,0.0,0.0,0.0,0.0,0.0,0.0,0.0,0.0,20.743132251999214
100,0.29335879199970805,0.2088357080001515,1.0466065000000526,0.7409858329997405,0.4279476249998879,0.5156354999999166,1.7256280410001636,2.1104156249998596,3.0495641250004155,1.7333436250000887,7.58648891699977,1.3392585830001735,4.459757917000388,1.2647923330000594,1.1869234999999208,0.5469676670004446,0.43873154199991404,0.41987874999995256,0.27453158299977076,0.2612867080001706,0.21960545899992212,0.1890301250000448,0.1952625000003536,0.13085104200035858,0.08880450000015117,0.05252500000005966,0.033912832999703824,0.01450475000001461,0.0022003330000188726,0.0002958750001198496,0.0,0.0,0.0,0.0,0.0,0.0,0.0,0.0,0.0,0.0,0.0,0.0,0.0,0.0,0.0,0.0,0.0,0.0,0.0,0.0,30.557931291001296

total time per move x,23.79372500100029, 42.18286371100035, 73.90682575099896, 89.2715908320009, 107.91272191699957, 129.78521103800054, 142.05939091500036, 146.81165545799917, 141.3452808789992, 153.5923249980005, 149.51140762499932, 136.52194170700105, 139.19360258199993, 133.03708796700084, 115.39509237700003, 98.16205891700054, 100.07142883599994, 84.02647979900146, 61.33137987400106, 56.218215505000146, 41.61085150199981, 30.823241162999544, 27.240073252001196, 18.94755158499997, 13.189523172999522, 8.832714583000424, 5.920473918998745, 3.663099625998669, 1.900122375999942, 0.8247607480017081, 0.3018597940011887, 0.10413254800023708, 0.021583337000294023, 0.004910208999888255, 0.0003092489998834935, 0.0, 0.0, 0.0, 0.0, 0.0, 0.0, 0.0, 0.0, 0.0, 0.0, 0.0, 0.0, 0.0, 0.0, 0.0, 2277.5154927530048
number move x executed,100,100,100,100,100,100,100,100,100,100,100,100,100,100,100,100,100,100,100,100,100,100,100,99,99,98,96,95,92,91,74,41,22,9,3,0,0,0,0,0,0,0,0,0,0,0,0,0,0,0,100
average time per move x,0.2379372500100029,0.4218286371100035,0.7390682575099896,0.8927159083200089,1.0791272191699957,1.2978521103800054,1.4205939091500037,1.4681165545799917,1.413452808789992,1.5359232499800048,1.4951140762499933,1.3652194170700105,1.3919360258199993,1.3303708796700084,1.1539509237700003,0.9816205891700054,1.0007142883599993,0.8402647979900146,0.6133137987400106,0.5621821550500015,0.4161085150199981,0.30823241162999543,0.27240073252001196,0.19138940994949466,0.13322750679797496,0.09012974064286147,0.06167160332290359,0.038558943431564935,0.02065350408695589,0.009063304923095693,0.004079186405421468,0.0025398182439082214,0.0009810607727406375,0.0005455787777653617,0.0001030829999611645,0.0,0.0,0.0,0.0,0.0,0.0,0.0,0.0,0.0,0.0,0.0,0.0,0.0,0.0,0.0,22.775154927530046
std movetime at move x,0.042787862240889034,0.09835516791879138,0.2144142809289171,0.40166673722128526,0.4792479897032951,0.6208557607279376,0.7155761590207697,0.8834055762462373,0.9554628420526821,0.9891826818878428,1.1662921164451607,0.9072953443951546,0.9666557096550155,1.070777507188791,0.9384253176011507,0.6658101255405054,0.7306440997746821,0.9421083883876525,0.4114332295420177,0.49438141284072173,0.2980230385675265,0.16738671336349756,0.24069876877149732,0.10874443042902658,0.0748757578917356,0.04849170021536534,0.03771810760295611,0.02906881550481824,0.02197544104923186,0.013282581455656582,0.007598708266415309,0.005484245630909142,0.0025373136678041733,0.0020280723999245155,0.0007181256084362782,0.0,0.0,0.0,0.0,0.0,0.0,0.0,0.0,0.0,0.0,0.0,0.0,0.0,0.0,0.0,7.063716632248701