Contains move time for player MCTSMaxIterRemember50; opponent is Roxanne
Colums refer to move number, rows to game number
game,1,2,3,4,5,6,7,8,9,10,11,12,13,14,15,16,17,18,19,20,21,22,23,24,25,26,27,28,29,30,31,32,33,34,35,36,37,38,39,40,41,42,43,44,45,46,47,48,49,50,total
1,4.059304957999999,5.583000000086713e-06,3.5659621670000003,3.2316512500000005,3.2814105,4.541999999219115e-06,2.853032250000002,2.684795708000003,2.479241082999998,2.2623641250000013,2.0387923750000034,1.8981566659999984,1.7625731249999959,1.723808499999997,1.3244885419999974,1.1946263749999986,1.0810762089999955,0.9412089169999973,0.8555381669999989,0.6824636249999969,0.5705361250000038,0.44889145900000216,0.37599266699999845,0.2931348749999998,0.21608387500000248,0.14101645799999574,0.0930850830000054,2.6659999932121536e-06,0.015094791000002772,2.125000001740318e-06,0.0007698750000031396,0.0,0.0,0.0,0.0,0.0,0.0,0.0,0.0,0.0,0.0,0.0,0.0,0.0,0.0,0.0,0.0,0.0,0.0,0.0,40.07511466599999
2,4.120154458000002,5.374999993534857e-06,3.6214539170000037,3.358747958000002,3.1916713750000056,2.926880167,2.753197957999994,2.464157,2.0347812080000125,2.0612580420000057,4.625000002533852e-06,1.7681875420000068,1.5417917910000085,1.4455692920000018,1.2918268329999876,1.1309384999999992,1.0030868750000081,0.8081329580000016,0.7462839169999995,0.630840916000011,0.5180307090000014,0.41345616700000676,0.32361204100000407,0.2523991670000072,0.19822308300000202,0.10912020899999675,2.4169999903733697e-06,0.028949000000011438,1.7499999955816747e-06,0.0,0.0,0.0,0.0,0.0,0.0,0.0,0.0,0.0,0.0,0.0,0.0,0.0,0.0,0.0,0.0,0.0,0.0,0.0,0.0,0.0,38.74276525000006
3,4.080444374999999,4.625000002533852e-06,3.773535417000005,3.538862709,3.3241721670000004,3.011816499999995,2.9096634159999866,2.729515125000006,2.485771958000001,2.2793852920000006,2.1318259999999896,1.8941657080000027,1.7395728749999932,1.572633499999995,1.4030832500000088,1.2090117090000092,1.0642977910000013,0.707932332999988,0.8046838329999986,0.6676462089999973,0.5421848329999932,0.4371154159999975,0.3485822079999963,3.790999997477229e-06,0.20643912500000283,0.13068241599998487,0.07999591600000144,2.292000004899819e-06,0.032911291000004894,2.249999994319296e-06,0.001797750000008591,1.4580000140540506e-06,0.0,0.0,0.0,0.0,0.0,0.0,0.0,0.0,0.0,0.0,0.0,0.0,0.0,0.0,0.0,0.0,0.0,0.0,43.10774353799998
4,4.273824625000003,4.499999988638592e-06,3.7602957500000116,4.119610125000008,2.9791409580000163,2.9513339169999995,2.869916125000003,2.646747750000003,2.4158060419999856,2.2026070000000004,2.095854416999998,1.8656185000000107,1.6680308340000067,1.4894574589999934,1.3522586249999904,1.1984028340000066,1.041136999999992,0.9340724589999923,0.7997518329999878,0.6681562919999919,0.5535639160000017,0.542345666000017,0.35819433300000014,0.28119454100001917,3.4169999878486124e-06,0.1427581250000003,0.09775662499998816,0.04902770900000064,2.417000018795079e-06,0.004764166000001069,1.8750000094769348e-06,0.00011333300000160307,0.0,0.0,0.0,0.0,0.0,0.0,0.0,0.0,0.0,0.0,0.0,0.0,0.0,0.0,0.0,0.0,0.0,0.0,43.361753168000035
5,4.052368333000004,5.458000003955021e-06,3.6818598339999937,3.638923293000005,3.3267973750000124,2.9630247089999955,2.8950623749999806,2.633260207999996,2.4671920409999757,2.264715583999987,1.993107082999984,1.874290875000014,1.6919470420000096,1.5913486670000054,1.3757504169999777,1.275658582999995,1.1622592500000053,0.991437708999996,0.8162156249999839,0.7032341249999945,0.5669008339999948,0.46381187500000465,0.36805850000001783,0.32360404100001006,0.22234400000002097,0.15812470800000256,0.09683116700000483,0.054729499999979225,3.2080000096357253e-06,0.0019447079999963535,1.7910000167375983e-06,0.0,0.0,0.0,0.0,0.0,0.0,0.0,0.0,0.0,0.0,0.0,0.0,0.0,0.0,0.0,0.0,0.0,0.0,0.0,43.654812917999976
6,4.0877402920000065,3.6512313329999984,3.422378875000021,3.813163374999988,3.2975883750000037,3.0924523340000007,3.0259226249999926,2.6544417080000073,2.4444668329999786,2.1755121250000116,2.043570625000001,1.8059829580000155,1.616090249999985,1.4878238330000215,1.335879958000021,1.1288275829999748,1.0295995000000175,0.9359823339999593,0.7805002910000098,0.6251106249999907,0.5287678330000176,0.4301262920000113,0.32089133400000946,0.2652277079999976,0.15908291700003474,0.10134537499999396,2.7910000426345505e-06,0.008627790999980789,0.011663417000022491,2.04099995926299e-06,0.0,0.0,0.0,0.0,0.0,0.0,0.0,0.0,0.0,0.0,0.0,0.0,0.0,0.0,0.0,0.0,0.0,0.0,0.0,0.0,46.280003331000074
7,4.0418056670000055,4.9580000336391095e-06,3.7373542079999993,4.666999984692666e-06,3.1054169999999885,5.708000003323832e-06,1.6327424579999956,7.106787958999973,7.37499999559077e-06,2.9537650419999864,2.2530290830000013,1.8519502500000158,3.292000030796771e-06,1.7810752919999686,2.0062011659999825,1.3711849999999686,1.358533542000032,1.200219666999999,1.0917032080000126,0.9323803749999797,0.8497928329999809,0.6597948329999781,0.5419473750000066,0.45648274999996374,0.370528290999971,0.2660925409999777,0.20341783300000316,0.14237987499996052,0.0896878330000277,0.04679166599999007,0.01359366700000919,2.375000008214556e-06,0.0,0.0,0.0,0.0,0.0,0.0,0.0,0.0,0.0,0.0,0.0,0.0,0.0,0.0,0.0,0.0,0.0,0.0,40.064687788999834
8,4.128778082999986,3.8800175420000187,1.1083000003964116e-05,4.262010999999973,3.196275958000001,2.9357815829999936,2.7832525000000032,2.636586375000036,2.3858291660000077,2.182520957999998,1.9999032089999673,1.8069901249999702,1.6272857499999986,1.5547767080000199,1.5008548330000053,1.1893400410000368,0.9987738330000298,0.8687496669999746,0.7974958749999814,0.6350235000000453,0.5189272499999902,0.5094420839999998,0.33688841600002206,0.3166919999999891,0.16317462500001056,0.10704891700004282,0.06891329199999063,4.665999995268066e-06,0.007491833000017323,2.3749999513711373e-06,0.00011233399999355242,0.0,0.0,0.0,0.0,0.0,0.0,0.0,0.0,0.0,0.0,0.0,0.0,0.0,0.0,0.0,0.0,0.0,0.0,0.0,43.39895558100005
9,4.109949832999973,3.663034375000052,3.5638217080000345,3.0562306659999763,3.086931416000027,2.9882307089999927,2.7705270419999692,2.6927969159999634,2.499425125000016,2.3413384169999745,2.006303207999963,1.7800162079999495,1.6135717500000055,1.4242189160000294,1.257586042000014,1.124184458000002,1.033815250000032,0.9140952909999669,0.7392626250000376,0.618991957999981,0.5232999169999744,0.43854641699999775,0.34721666699999787,0.2701499170000261,0.2690801249999595,0.13227766699998256,0.07977387500000077,0.03428466700000854,1.9580000412133813e-06,0.002034208999987186,0.0009458750000135296,0.0,0.0,0.0,0.0,0.0,0.0,0.0,0.0,0.0,0.0,0.0,0.0,0.0,0.0,0.0,0.0,0.0,0.0,0.0,45.38194320699995
10,4.0741321250000055,4.541000009794516e-06,3.7227750420000234,3.175602958000013,3.2782198749999907,3.143567083999983,2.8883271249999893,2.573047792000011,2.4689076669999963,2.2704101659999765,2.1577913330000342,1.9188694999999711,1.733749624999973,1.5223270829999933,1.3345724999999788,1.2309324170000195,1.077305458000012,0.9390442499999949,0.8189723749999871,0.6915086660000043,0.5853692079999746,0.4951440000000389,0.4073637500000018,0.3170925000000011,0.2415625000000432,0.16178595799999584,0.12444066599999815,0.05575620799999115,2.082999969843513e-06,0.005744959000026029,1.9579999843699625e-06,0.00011666700004298036,0.0,0.0,0.0,0.0,0.0,0.0,0.0,0.0,0.0,0.0,0.0,0.0,0.0,0.0,0.0,0.0,0.0,0.0,43.414448039000035
11,4.554110290999972,3.826861625000049,3.60398483299997,3.3923442920000184,3.067934207999997,3.011962125000025,2.982223167000029,2.4510301250000452,2.339262166000026,2.1285062919999973,2.2478965829999993,1.8402746250000064,1.6128394579999963,1.488510916999985,1.274566625000034,1.1235214170000063,0.9367463340000199,0.8523429580000084,0.7183018329999982,0.5768462080000063,0.4836212089999776,0.38400712499998235,0.3154653330000201,0.2456580420000023,0.148801375000005,2.6249999791616574e-06,0.0,0.0,0.0,0.0,0.0,0.0,0.0,0.0,0.0,0.0,0.0,0.0,0.0,0.0,0.0,0.0,0.0,0.0,0.0,0.0,0.0,0.0,0.0,0.0,45.607621791000156
12,4.104620417000035,3.7253465000000006,3.6833641249999687,3.433794750000004,3.53890100000001,3.047532541999999,2.7536342500000046,2.6416680410000026,2.4209456250000017,2.293691916,2.056750333000025,1.8473398329999782,1.6194701669999176,1.532237916999975,1.4808686659999921,1.1463732500000106,1.0309725409999828,0.9064981249999846,0.7351742910000212,0.6387717090000251,0.5064099169999281,0.42104616699998587,0.3513038339999639,0.2571914590000688,0.16644358400003512,0.13461099999994985,0.05600112499996612,0.022856208999996852,0.004631417000041438,1.9159999737894395e-06,0.0,0.0,0.0,0.0,0.0,0.0,0.0,0.0,0.0,0.0,0.0,0.0,0.0,0.0,0.0,0.0,0.0,0.0,0.0,0.0,46.55845262599985
13,4.196916250000072,3.7063572910000175,3.6908372500000723,3.295432791000053,3.200970208000058,2.9302990420000015,2.734138250000001,2.5102171669999507,2.337565832999985,2.122906209000007,2.1312222499999507,1.780616458000054,1.5792734589999782,1.438192165999908,1.2740963749999992,1.1426515829999744,0.9859018749999677,0.8386460419999366,0.7240485830000125,0.6242723330000217,0.5212796660000549,0.3976667079999743,0.31163616700007424,0.22169958299991777,0.15022120800006178,0.14841870800000834,0.06569720799996048,0.020488750000026812,2.708000010898104e-06,0.00016183299999283918,0.0006151669999781006,0.00011508400007187447,0.0,0.0,0.0,0.0,0.0,0.0,0.0,0.0,0.0,0.0,0.0,0.0,0.0,0.0,0.0,0.0,0.0,0.0,45.08256420500015
14,4.114819708000027,5.167000040273706e-06,3.8079953750000186,3.542929250000043,3.269973082999968,3.201743167000018,2.8972359589999996,2.7870947080000406,2.576231083000039,2.435903417000077,2.18959212499999,1.9771073750000596,1.7741561249999904,1.5620843340000192,1.3833681249999472,1.2402338329999338,1.0796962910000047,0.971651124999994,0.8165017920000537,0.6960470000000214,0.5796273749999727,0.4795438329999797,0.3849429169999894,0.3078052089999801,0.2253081659999907,0.1998997910000071,0.09469804200000453,4.832999934478721e-06,0.03404749999992873,3.916999958164524e-06,0.001969833999964976,0.00095825000005334,0.0,0.0,0.0,0.0,0.0,0.0,0.0,0.0,0.0,0.0,0.0,0.0,0.0,0.0,0.0,0.0,0.0,0.0,44.63317870900005
15,4.321432208000033,7.332999985010247e-06,3.9165037079999365,3.3219779999999446,7.208000056380115e-06,3.034170916999983,2.920061333000035,8.542000045963505e-06,2.316684333000012,2.225126959000022,2.189907749999975,1.938973625000017,1.766499582999927,1.611368749999997,1.4423728339999116,1.2886299999998982,1.154935249999994,1.0851052499999696,0.8763165410000511,0.747320416999969,0.6549585000000206,0.5277573329999541,0.42764404199999717,0.34368112499998915,0.3089801669999588,0.1916030000001001,0.12250037500007238,4.916999955639767e-06,0.03251195799998641,3.1670000453232205e-06,0.0020984590000807657,0.0007263329999886992,0.00011762500002987508,0.0,0.0,0.0,0.0,0.0,0.0,0.0,0.0,0.0,0.0,0.0,0.0,0.0,0.0,0.0,0.0,0.0,38.76999754199994
16,4.0998875000000226,3.607364916999927,3.5004758750000065,3.446887624999931,3.1586485000000266,2.81493891599996,2.714086707999968,2.631820915999924,2.20476962500004,2.0933086659999844,1.9739192499999945,1.7969189170000845,1.7598487080000496,1.4805522499999597,1.284276707999993,1.1445715000000973,0.9923085420000461,0.8831334170000673,0.8134495829999651,0.6249937089999094,0.51794837500006,0.40194737499996336,0.31776370900001893,0.23687020800002756,0.16836066600001232,0.11526450000008026,3.7080000083733466e-06,0.048117208999997274,0.016796041000020523,2.2909999870535103e-06,0.0007298750000472864,0.00012020799999845622,0.0,0.0,0.0,0.0,0.0,0.0,0.0,0.0,0.0,0.0,0.0,0.0,0.0,0.0,0.0,0.0,0.0,0.0,44.85008599700018
17,4.137108375000025,3.6550897079999913,7.666999977118394e-06,3.5871073330000627,3.3762520410000434,3.1286694579999903,2.6602382499999067,2.7296252910000476,2.474874874999955,2.314603791999957,2.098895791000018,1.9188012500000013,1.747116040999913,1.5341247499999326,1.4328264170000011,1.259804082999949,1.1328641250000828,1.198416791999989,0.8281735000000481,0.7872985000000199,0.5943476670000791,0.4904062080000813,0.3916413330000523,0.3100269589999698,0.2327040830000442,0.16718041699994046,0.11196133299995381,0.056570082999996885,0.014265625000007276,2.167000047847978e-06,0.0006128750000016225,0.00011483299999781593,0.0,0.0,0.0,0.0,0.0,0.0,0.0,0.0,0.0,0.0,0.0,0.0,0.0,0.0,0.0,0.0,0.0,0.0,44.371731622000084
18,4.116681207999932,4.500000045482011e-06,3.852939167000045,7.75000000885484e-06,3.4217767080000385,3.195999334000021,2.9325404580000622,2.725511458999904,2.527534959000036,2.3153112499999224,2.111808500000052,1.9828706660000535,1.7526200419999896,1.5815114580000227,1.4416503340000872,1.2768472499999461,1.1586539999999559,0.9541937499999449,0.8401255410000203,0.731488000000013,0.5784066669999675,0.47339545800002725,0.377467165999974,0.2975391249999575,0.21267654199994013,0.13642495799990684,0.1042928329999313,0.04427774999999201,3.458999913164007e-06,0.0047930420000739105,1.8750000663203537e-06,0.0,0.0,0.0,0.0,0.0,0.0,0.0,0.0,0.0,0.0,0.0,0.0,0.0,0.0,0.0,0.0,0.0,0.0,0.0,41.14935520899985
19,4.175733749999949,3.687961082999891,3.6284551659999806,3.4511362499999905,3.197013375000097,2.9935913330000403,2.837433874999988,2.6616195839999364,2.4846946659999958,2.175845916999947,2.118860541999993,1.81454025000005,1.6604854580000392,1.5225050829999418,1.3124606250000852,1.1600711670000692,1.0340148330000147,0.8883784580000338,0.7420655839999881,0.6329525830000193,0.5204224170000771,0.4147471660000974,0.3218705829999635,0.23037633399997048,0.1546427499999936,2.708000010898104e-06,0.07065291599997181,2.9159999712646822e-06,0.0,0.0,0.0,0.0,0.0,0.0,0.0,0.0,0.0,0.0,0.0,0.0,0.0,0.0,0.0,0.0,0.0,0.0,0.0,0.0,0.0,0.0,45.892537372000106
20,4.303049583000075,3.72248691599998,7.208000056380115e-06,3.5286836669999957,3.2822414579999304,2.99864095800001,2.767755583000053,2.571095000000014,2.431736791999924,2.1582735420000745,1.9539005830000633,2.0319230840000273,1.6849762500000907,1.4980829999999514,1.298523709000051,1.1671481250000397,1.0430275000001075,0.864743083999997,0.7435858339999868,0.6540946669999812,0.5764873329999318,0.4455086250000022,0.3506901250000283,0.2514917080000032,0.1889864159999206,0.1438127499999382,0.06649966700001642,0.029359417000023313,2.5839999580057338e-06,0.0007980829999496564,0.0,0.0,0.0,0.0,0.0,0.0,0.0,0.0,0.0,0.0,0.0,0.0,0.0,0.0,0.0,0.0,0.0,0.0,0.0,0.0,42.75761325100018
21,4.150846916999967,6.041999995431979e-06,3.7212469580000516,3.3028260830000136,2.9652660840000635,2.786358250000035,2.716955917000064,2.6632836249999627,2.3907794579999972,2.188114583000015,1.9363187090000338,1.79130654100004,1.6160765829999946,1.5165739999999914,1.3187514579999515,1.1578414159999966,1.0127605420000236,0.8640712920000624,0.7566878750000114,0.6977154580000615,0.5425645839999333,0.4407318749999831,0.33046204200002194,0.2556854580000163,0.17725791700001992,0.11042550000001938,0.060361124999985805,2.083000026686932e-06,0.010886417000051551,2.0840000161115313e-06,0.0006127500000729924,0.00011737499994524114,0.0,0.0,0.0,0.0,0.0,0.0,0.0,0.0,0.0,0.0,0.0,0.0,0.0,0.0,0.0,0.0,0.0,0.0,41.482897001000424
22,4.105425083,4.167000042798463e-06,3.867785667000021,3.425406667000061,3.3110217079999984,2.982894834000035,2.88101800000004,2.6254727500000854,2.5058841669999765,2.2750219170000037,2.1080137919999515,1.8816609579999977,1.7057679590000134,1.5692231250000077,1.3682845000000725,1.1918092920000163,1.0804363339999554,0.9147450420000496,0.7933764579998979,0.6718364999999267,0.5821279169999798,0.48248120899995683,0.3696409169999697,0.2628317909999396,0.21760325000002467,0.1424572910000279,2.999999992425728e-06,0.038806415999943056,0.026892875000044114,2.5000000505315256e-06,0.00021004200004881568,5.9583000052043644e-05,0.0,0.0,0.0,0.0,0.0,0.0,0.0,0.0,0.0,0.0,0.0,0.0,0.0,0.0,0.0,0.0,0.0,0.0,43.38820571100018
23,4.1599708329999885,3.6270608750000974,3.5880244999999604,3.0514975840000034,3.1097094169999764,3.0211299160000635,2.816987334000032,2.599897042000066,2.3828643750000538,2.180671582999935,1.9919527920000064,1.8034579999999778,1.6444347920000837,1.4744726669999864,1.3335376669999732,1.1605580409999448,1.0583538749999661,0.9403624579999814,0.7735093339999821,0.6350537910000185,0.5301491660000011,0.44500749999997424,0.3264484580000726,0.2549350829999639,0.1852487909999354,0.1122223339999664,4.708000005848589e-06,0.04021162499998354,3.12499992105586e-06,0.0048768330000257265,0.0005294999999705396,0.00012229100002514315,0.0,0.0,0.0,0.0,0.0,0.0,0.0,0.0,0.0,0.0,0.0,0.0,0.0,0.0,0.0,0.0,0.0,0.0,45.25326628999994
24,4.1176980000000185,3.708999997797946e-06,3.8362640829999464,3.4472835830000577,3.2474147499999617,2.9964427919999252,2.846770875000061,2.5665566249999756,2.4879130829999667,2.2966968329999418,2.0655971250000675,1.8947646250001071,1.7213712080001642,1.539419917000032,1.4342691669999112,1.2189610830000674,1.0944880419999663,0.9412679170000047,0.8310813749999397,0.7577627910000047,0.5802087499998834,0.4575210830000742,0.3374991670000327,0.24126720799995383,0.18324416699988433,0.14493187500011118,0.08719195899993792,0.04498970800000279,0.018507333000115977,2.2500000795844244e-06,0.0,0.0,0.0,0.0,0.0,0.0,0.0,0.0,0.0,0.0,0.0,0.0,0.0,0.0,0.0,0.0,0.0,0.0,0.0,0.0,43.43739108300019
25,4.096560915999817,3.7372499999999036,3.6276726660000804,3.4771381250000104,3.2312252500000795,3.013569167000014,2.8481713749999926,2.608699665999893,2.3876807080000617,2.2096606249999695,2.071381416000122,1.8398864170001161,1.6772909999999683,1.469433292000076,1.3588078749999113,1.1676118749999205,1.0023705000000973,0.8734406249998301,0.7402105840001241,0.6301472500001637,0.49677245800012315,0.34887383399995997,0.30887733300005493,0.20223158399994645,1.9159999737894395e-06,0.0,0.0,0.0,0.0,0.0,0.0,0.0,0.0,0.0,0.0,0.0,0.0,0.0,0.0,0.0,0.0,0.0,0.0,0.0,0.0,0.0,0.0,0.0,0.0,0.0,45.42496645700021
26,4.195451959000138,1.016700002764992e-05,3.699680124999986,5.249999958323315e-06,3.2993865829998867,3.041831583999965,2.834638249999898,2.6646886250000534,2.4559997080000358,2.2337010420001207,2.046886124999901,1.8767057499999282,1.7104617909999433,1.5224623340000107,1.3475153330000467,1.1507448750001004,1.0369908340001075,0.9110228340000504,0.7586786249999022,0.62785479199988,0.5263256250000268,0.4502397910000582,0.3317452090000188,0.29240708400016047,0.21300270899996576,0.15617991699991762,0.09839050000005045,0.045211791999918205,2.3749998945277184e-06,0.0082601250001062,1.7499999103165464e-06,0.0,0.0,0.0,0.0,0.0,0.0,0.0,0.0,0.0,0.0,0.0,0.0,0.0,0.0,0.0,0.0,0.0,0.0,0.0,39.53648346299997
27,4.080027166999798,5.749999900217517e-06,3.7498166670000046,3.541064292000101,3.333294917000103,3.1246254169998338,2.9588639999999486,2.6815732499999285,2.466452166999943,2.2374859579999793,2.1222864579999623,1.916887208999924,1.7252416669998638,1.5453012499999659,1.375006957999858,1.2267637499999182,1.0682976670000244,0.9490067920000911,0.8301380830000653,0.6744705839998915,0.5734291249998478,0.46610245900001246,0.38255500000013853,0.3228549999998904,0.2080348749998393,0.16479920799997672,0.08991474999993443,6.041999995431979e-06,0.02913737500011848,3.000000106112566e-06,0.0,0.0,0.0,0.0,0.0,0.0,0.0,0.0,0.0,0.0,0.0,0.0,0.0,0.0,0.0,0.0,0.0,0.0,0.0,0.0,43.843446836998964
28,4.118048916000134,3.6937610830000267,7.083000127749983e-06,3.542422166000051,3.2886518329999035,3.092619040999807,2.854803291000053,2.633646332999888,2.495013125000014,2.2474383750000015,2.0372975000000224,1.9282700839999052,1.7108346249999613,1.5367992920000688,1.3829974580000908,1.2482945409999502,1.0825951660001465,0.9753745840000647,0.8315279579999242,0.6882702909999807,0.5813923329999398,0.4856899169999451,0.4087197919998289,0.28109954100000323,0.18037549999985458,0.13299412500009566,2.9170000743761193e-06,0.0,0.0,0.0,0.0,0.0,0.0,0.0,0.0,0.0,0.0,0.0,0.0,0.0,0.0,0.0,0.0,0.0,0.0,0.0,0.0,0.0,0.0,0.0,43.45894686999986
29,4.120592041999998,6.125000027168426e-06,3.766084749999891,3.4281933749998643,3.1836391670001376,2.834596541999872,2.915770833000124,2.6856025419999696,2.506915374999835,2.320987250000144,2.117281167000101,1.9057362920000287,1.6962402500000735,1.5279522910000196,1.3593337910001537,1.2067433750000873,1.1883373749999464,0.950657124999907,0.814564417000156,0.6516322499999205,0.5205714169999283,0.3833225420000872,0.3709010000000035,0.28324620800003686,0.21740524999995614,0.14218429200013816,0.08736616700002742,0.07984675000011521,0.009294208000028448,2.2500000795844244e-06,0.0006148330000996793,0.00011329199992360373,0.0,0.0,0.0,0.0,0.0,0.0,0.0,0.0,0.0,0.0,0.0,0.0,0.0,0.0,0.0,0.0,0.0,0.0,43.27573454300068
30,4.071609333999959,4.332999878897681e-06,3.7717570830000113,3.392194625000002,3.101905249999845,3.0766272500000014,2.8874958750000133,2.710723250000001,2.4735610829998222,2.2693828750000193,2.0878334170001835,1.9302076250000937,1.7260919999998805,1.5375300839998545,1.3810241669998504,1.2147312500001135,1.0756778750001104,0.9282624170000418,0.7769266669999979,0.6818559579999146,0.5929340000000138,0.47199733299999025,0.3705352080000921,0.29408300000000054,0.21973033299991584,0.1622493330000907,0.09538979200010544,0.049862917000154994,2.8750000637955964e-06,0.004262541000116471,1.874999952633516e-06,0.00012100000003556488,0.0,0.0,0.0,0.0,0.0,0.0,0.0,0.0,0.0,0.0,0.0,0.0,0.0,0.0,0.0,0.0,0.0,0.0,43.356572625000126
31,4.077172792000056,4.624999974112143e-06,3.7203618749999805,5.5830000746937e-06,3.342643624999937,6.166999810375273e-06,2.970782750000126,2.669705084000043,2.39487691599993,2.3130658750001203,2.1391075419999197,1.9696772499999042,1.8270282500000121,1.559261749999905,1.4053342920001342,1.1927754169998934,1.0840844169999855,0.9284521670001595,0.7938978749998569,0.6700113330000477,0.5406395840000187,0.44596979099992495,0.3389156670000375,0.28122416599990174,0.22935108399997262,0.16335337500004243,0.10224545799997031,0.060189125000079,2.625000206535333e-06,0.004882457999883627,2.291000100740348e-06,0.00010945799999717565,0.0,0.0,0.0,0.0,0.0,0.0,0.0,0.0,0.0,0.0,0.0,0.0,0.0,0.0,0.0,0.0,0.0,0.0,37.225140667000005
32,4.075353875000019,5.417000011220807e-06,3.756582875000049,7.791999905748526e-06,3.391752624999981,3.184704333000127,2.939518542000087,2.7460639579999224,2.6026586250000037,2.3849752080000144,2.2177508750000925,1.985980249999784,1.8141147079998063,1.6305509169999368,1.4959814589999496,1.3313843749999705,1.1589555419998305,1.0211707920000208,0.9080044170000292,0.7870988330000728,0.6607148339999185,0.5507314589999623,0.43740758300009475,0.3464320829998542,0.2638649999998961,0.1881626250001318,0.1354852500001016,0.07140529200000856,0.029928291000032914,2.165999831049703e-06,0.0025779589998364827,1.9999999949504854e-06,0.0,0.0,0.0,0.0,0.0,0.0,0.0,0.0,0.0,0.0,0.0,0.0,0.0,0.0,0.0,0.0,0.0,0.0,42.11932995999928
33,4.11642033399994,5.417000011220807e-06,3.731844334000016,6.541999937326182e-06,3.3837804580000466,3.11877529100002,2.8324519580000924,2.6680791660000978,2.458418832999996,2.1367084159999195,2.059778791999861,1.87932495799987,1.689327750000075,1.5457785000000968,1.386281125000096,1.224685708999914,1.0795053340000322,0.9374749999999494,0.7994005829998514,0.6734981670001616,0.6034243330000209,0.4662332499999593,0.3895290840000598,0.29619499999989785,0.2255120419999912,0.15656791700007489,0.0863517079999383,0.05253729200012458,0.012421375000030821,2.457999926264165e-06,0.0009169590000510652,0.0,0.0,0.0,0.0,0.0,0.0,0.0,0.0,0.0,0.0,0.0,0.0,0.0,0.0,0.0,0.0,0.0,0.0,0.0,40.01123808500006
34,4.07869125000002,2.832999825841398e-06,3.764518665999958,3.304385666999906,3.3766193339999973,3.078716792000023,2.8590025420000984,2.6749162080000133,2.472530583999969,2.284680041999991,2.0913794999999027,1.8945604159998766,1.7488691670000662,1.5815303749998293,1.3827762500000063,1.2536617920000026,1.071999834000053,0.9573703749999822,0.8084475840000778,0.6987751670001217,0.5862147909999749,0.47242295899991404,0.5232140420000633,0.2852742089999083,4.292000085115433e-06,0.0,0.0,0.0,0.0,0.0,0.0,0.0,0.0,0.0,0.0,0.0,0.0,0.0,0.0,0.0,0.0,0.0,0.0,0.0,0.0,0.0,0.0,0.0,0.0,0.0,43.250564670999665
35,4.13712983299979,3.999999989900971e-06,3.768280042000015,3.3938509590000194,3.3730019170000105,3.1216959170001246,2.909605249999913,2.6827960830000848,2.417278333000013,2.2791228749999846,2.1036426660000416,1.8783401250000225,1.7096639169999435,1.4970285829999739,1.3534129170000142,1.1940288749999581,1.0443641249999018,0.9327923329999521,0.8247689160000391,0.6923959169998852,0.5850960840000425,0.47966949999999997,0.3751162920000297,0.2936748329998409,0.20059025000000474,0.13754145799998696,0.12686220799992043,0.053445832999841514,2.2080000690039014e-06,0.0010030419998656726,0.0006060419998448197,0.00011387500012460805,0.0,0.0,0.0,0.0,0.0,0.0,0.0,0.0,0.0,0.0,0.0,0.0,0.0,0.0,0.0,0.0,0.0,0.0,43.56692520799925
36,4.0703187079998315,4.792000027009635e-06,3.7623297500001627,3.3852538749999894,3.2495673749999696,2.994459083000038,2.501070999999911,2.5520350839999537,2.5557925829998567,2.36167300000011,2.0481399580000925,2.500451582999858,3.9899934170000506,1.5053224169998884,1.3857025830000111,1.205703000000085,1.0669319999999516,0.9130478330000642,0.7887415840000358,0.6803433750001204,0.5464419580000595,0.5064804999999524,0.3839598750000732,0.2880222920000506,0.21006845800002338,0.15646654200008925,0.09308279099991523,3.12499992105586e-06,0.029960957999946913,2.4169999051082414e-06,0.0020428749999155116,1.7920001482707448e-06,0.0,0.0,0.0,0.0,0.0,0.0,0.0,0.0,0.0,0.0,0.0,0.0,0.0,0.0,0.0,0.0,0.0,0.0,45.73341658300001
37,4.085420916999965,7.957999969221419e-06,3.988799667000194,7.166999921537354e-06,3.4486799160001738,3.2459032089998345,2.996123916999977,2.7546582920001583,2.5410986669999147,2.3639040000000477,2.1584644170000047,1.9931278340000063,1.8438078750000386,1.629531625000027,1.460241250000081,1.308347582999886,1.1552571249999346,1.1479996250000113,0.9108408330000657,0.7532094590001179,0.6518682089999857,0.5259522090000246,0.4341711670001587,0.3448847500001193,0.29878104199997324,0.19271066700002848,0.1200631249998878,2.958000095532043e-06,0.03602362499987066,2.3340001007454703e-06,0.001842207999970924,1.7920001482707448e-06,0.0,0.0,0.0,0.0,0.0,0.0,0.0,0.0,0.0,0.0,0.0,0.0,0.0,0.0,0.0,0.0,0.0,0.0,42.39173542200069
38,4.022019,5.291999968903838e-06,3.7205947079999078,3.4213008750000427,3.092592332999857,3.106326041999864,2.9232393749998664,2.6668039589999353,2.4495019589999174,2.2315592499999184,2.004348082999968,1.8879363749999811,1.6326392080000005,1.469107584000085,1.358027125000035,1.2148345839998456,1.066327542000181,0.9299826250000933,0.8092678329999217,0.6766036669998812,0.5836825419999059,0.48548825000011675,0.3755175000001145,0.2841021669999009,0.20314583300000777,0.1435244159999911,3.958999968745047e-06,0.06954462499993497,0.030117749999817534,2.457999926264165e-06,0.0001657499999510037,0.0,0.0,0.0,0.0,0.0,0.0,0.0,0.0,0.0,0.0,0.0,0.0,0.0,0.0,0.0,0.0,0.0,0.0,0.0,42.858312668998906
39,4.088415416999851,3.6148736669999835,3.507686417000059,3.367862000000059,5.665999879056471e-06,3.171640000000025,2.8721327499999916,2.680451334000054,2.4743029999999635,2.3082970000000387,2.072683707999886,1.8902465830001347,1.7150999589998719,1.4859514590000344,1.3281326250000802,1.1873137909999514,1.057657708999841,0.9065852920000452,0.7611608749998595,0.6685745830000087,0.5726329999999962,0.46027649999996356,0.36160120899990034,0.28488591600012114,0.21728087500014226,0.14777933300001678,0.08869391600001109,2.9170000743761193e-06,0.012643540999988545,1.9579999843699625e-06,0.00072620899982212,0.00011337499995534017,0.0,0.0,0.0,0.0,0.0,0.0,0.0,0.0,0.0,0.0,0.0,0.0,0.0,0.0,0.0,0.0,0.0,0.0,43.30571258399959
40,4.078840749999927,5.709000106435269e-06,3.7291659590000563,7.208999932117877e-06,3.323902791999899,4.791000037585036e-06,1.7680208340000263,2.670638209000117,2.5085741660000167,3.12499992105586e-06,1.738543707999952,7.37499999559077e-06,0.002699333000009574,0.003816292000010435,0.0,0.0,0.0,0.0,0.0,0.0,0.0,0.0,0.0,0.0,0.0,0.0,0.0,0.0,0.0,0.0,0.0,0.0,0.0,0.0,0.0,0.0,0.0,0.0,0.0,0.0,0.0,0.0,0.0,0.0,0.0,0.0,0.0,0.0,0.0,0.0,19.824230252000007
41,4.316108166000049,5.667000095854746e-06,3.7796895000001314,3.5419242909999866,3.442263124999954,3.0153894170000513,2.9015507919998527,2.666636583999889,2.464327499999854,2.2521268339999096,2.033279915999856,1.89790516700009,1.6958857920001265,1.5643357909998485,1.36599891700007,1.2040566670000317,1.04471024999998,0.9530187499999556,0.7424135829999159,0.672573833999877,0.5440515420000338,0.4088879169999018,0.3327443340001537,0.23747641700015265,3.166999931636383e-06,0.0,0.0,0.0,0.0,0.0,0.0,0.0,0.0,0.0,0.0,0.0,0.0,0.0,0.0,0.0,0.0,0.0,0.0,0.0,0.0,0.0,0.0,0.0,0.0,0.0,43.0773639199997
42,4.088100084000189,4.459000138012925e-06,3.697676207999848,5.749999900217517e-06,3.407187749999821,3.139590791000046,3.017025291999971,2.7985407080000186,2.5790782920000765,2.38722400000006,2.1911940420000064,1.993722999999818,1.8537485829999696,1.6281197079999856,1.459274042000061,1.360709917000122,1.1490324999999757,1.0118333749999238,0.8590474999998605,0.7495218750000276,0.6486792499999865,0.5352725000000191,0.4517500839999684,0.3494178329999613,0.2703660419999778,0.18586029199991572,0.10332304100006695,0.06350095800007693,2.6669999897421803e-06,0.01578645799986589,2.125000037267455e-06,0.0007146250000005239,0.0001144169998497091,0.0,0.0,0.0,0.0,0.0,0.0,0.0,0.0,0.0,0.0,0.0,0.0,0.0,0.0,0.0,0.0,0.0,41.995428167999535
43,4.072201459000098,3.7332639170001585,8.084000000962988e-06,3.5089345410001442,3.291449041000078,3.0617873749999944,2.6665569159999905,2.68676937500004,2.470316124999954,2.266918709000038,2.0592580420000104,1.8710051250000106,1.6423626660000537,1.5236932499999511,1.3483260000000428,1.218175416000122,0.9824357090001286,0.8411510829998861,0.7729775000000245,0.6977518749999945,0.5733752080000158,0.475240291000091,0.38886041700015994,0.2916741669998828,3.6249998629500624e-06,0.1531848340000579,0.155823165999891,0.04404145800003789,2.6249999791616574e-06,0.004745624999941356,2.2500000795844244e-06,0.00014675000011266093,0.0,0.0,0.0,0.0,0.0,0.0,0.0,0.0,0.0,0.0,0.0,0.0,0.0,0.0,0.0,0.0,0.0,0.0,42.80244262400083
44,4.0942039589999695,6.665999990218552e-06,3.706883709000067,3.333172999999988,3.170422207999991,2.909342250000009,2.7802439590000176,2.5687055840000994,2.374085207999997,2.181345917000044,1.9895893329999126,1.807600875000162,1.681270250000125,1.4706557500001054,1.3021117089999734,1.15020262500002,1.0357547090000025,0.8680355840001539,0.8049411249999139,0.6249919169999885,0.5199987910000345,0.4064225829999941,0.30509791600002245,0.22967566700003772,3.499999820633093e-06,0.11071649999985311,2.4169999051082414e-06,0.03375516599999173,2.3749998945277184e-06,0.002318416999969486,1.916999963214039e-06,0.0,0.0,0.0,0.0,0.0,0.0,0.0,0.0,0.0,0.0,0.0,0.0,0.0,0.0,0.0,0.0,0.0,0.0,0.0,41.461561586000016
45,4.082514833999994,3.617331540999885,4.333000106271356e-06,3.561492041999827,3.288748917000021,3.0186820829999306,2.9094369169999936,2.6817840420001176,2.4921907499999634,2.297088416999941,2.0988482500001737,1.9080914579999444,1.7343488330000127,1.5489039999999932,1.4130540829999063,1.2381458749998728,1.0787448750002113,0.9664019580000058,0.8233173749999878,0.72886625000001,0.5841060420000304,0.47301179099986257,0.3680292499998359,0.28981770800010054,0.19254487499983952,0.15000466700007564,0.09041933299999982,2.415999915683642e-06,0.029088999999885345,2.417000132481917e-06,0.0020959589999165473,0.0006097909999880358,0.00011425000002418528,0.0,0.0,0.0,0.0,0.0,0.0,0.0,0.0,0.0,0.0,0.0,0.0,0.0,0.0,0.0,0.0,0.0,43.667844331999504
46,4.08304254199993,6.457999916165136e-06,3.757863000000043,3.007115874999954,3.327866791999895,2.9185687500000768,2.8460720829998536,2.711187749999908,2.4953627089998918,2.28887091699994,2.068277792000117,1.8523426669999026,1.699984416999996,1.7515075829999205,1.3817599999999857,1.1982204590001402,1.0556798329998855,0.9300070000001597,0.8061517500000264,0.6901589579999836,0.5697322500000155,0.5345742920001157,0.36102712499996414,0.267409583999779,0.15936549999992167,0.10049116699997285,0.08288870800015502,0.05012366699997983,0.021025749999807886,2.1669998204743024e-06,0.000711750000164102,0.00011575000007724157,0.0,0.0,0.0,0.0,0.0,0.0,0.0,0.0,0.0,0.0,0.0,0.0,0.0,0.0,0.0,0.0,0.0,0.0,43.0175150449993
47,4.0883846669999,5.332999990059761e-06,3.7301219580001543,3.452710249999882,5.500000042957254e-06,3.1586503329999687,2.7129249580000305,2.765318167000032,2.4427902920001543,2.091003833000059,2.0112417919999643,1.880572083000061,1.7445785830000204,1.5073180840001896,1.3287114170000223,1.208666624999978,1.0506132499999694,0.8895374999999603,0.8015601659999447,0.7052066250000735,0.5373624170001676,0.4442910419998043,0.35654616599981637,0.26604087500004425,0.20693637500016848,0.1452038749998792,0.08747254200011412,4.209000053378986e-06,0.010402042000123402,1.916999963214039e-06,0.0,0.0,0.0,0.0,0.0,0.0,0.0,0.0,0.0,0.0,0.0,0.0,0.0,0.0,0.0,0.0,0.0,0.0,0.0,0.0,39.62418287600053
48,4.077213917000108,4.58299996353162e-06,3.601080000000138,3.1322837499999423,3.033189916999845,2.2987826670000686,2.671235834000072,2.4868042499999774,2.301773207999986,2.089631167000107,1.921926041000006,1.7872212499999023,1.5220492919997923,1.4061810000000605,1.283492292000119,1.0975005420000343,0.9814981249999164,0.827557041999853,0.6903013339999688,0.6208795000000009,0.49413924999998926,0.3476702909999858,0.3024723329999688,0.2421033329999318,0.1882727080001132,0.1332804579999447,0.06007070800001202,2.125000037267455e-06,0.0,0.0,0.0,0.0,0.0,0.0,0.0,0.0,0.0,0.0,0.0,0.0,0.0,0.0,0.0,0.0,0.0,0.0,0.0,0.0,0.0,0.0,39.598616916999845
49,4.088142832999893,4.999999873689376e-06,3.783642541999825,3.4656695409998974,3.329539332999957,2.9370020829996974,3.0083497499999794,2.670174124999903,2.379700750000211,2.2799514580001414,2.16073600000027,1.9329639590000625,1.7245707500001117,1.5815213330001825,1.413224334000006,1.2461057919999803,1.1150600840001061,0.9517158749999908,0.8083453750000444,0.6874080829998093,0.5807839999997668,0.4835985830000027,0.3766108750000967,0.28532970800006296,0.21943029200019737,0.1532547080000768,0.09756358399999954,0.04080599999997503,1.9589997464208864e-06,0.002448707999974431,1.5410000742122065e-06,0.0,0.0,0.0,0.0,0.0,0.0,0.0,0.0,0.0,0.0,0.0,0.0,0.0,0.0,0.0,0.0,0.0,0.0,0.0,43.803658957999914
50,4.105132457999844,3.8087015840001186,3.625468040999749,3.434197999999924,2.964478791000147,3.029097874999934,2.7330007919999844,2.591354292000233,2.4432572919999984,2.236387709000155,2.023205667000184,1.8006043750001481,1.6236026250003306,1.454371583000011,1.3130237909999778,1.1859890829996402,1.0261980000000221,0.9114205420000872,0.7499749170001451,0.6417911660000755,0.5370093749997977,0.42991250000022774,0.4150452080002651,0.26604825000003984,0.17949595900017812,0.12173687499989683,0.07153204199994434,5.791000148747116e-06,0.011505083999963972,2.7090000003227033e-06,0.0,0.0,0.0,0.0,0.0,0.0,0.0,0.0,0.0,0.0,0.0,0.0,0.0,0.0,0.0,0.0,0.0,0.0,0.0,0.0,45.73355237600117
51,4.036945166999885,3.7534167919998254,3.514060625000184,3.254685333999987,3.027985415999865,2.856210916999771,2.6419938750000256,2.4289461250000386,2.2236032910000176,2.061156624999967,1.9226247080000576,1.6785789580003438,1.5524764589999904,1.3651424999998198,1.2303512500002398,1.043903083999794,0.9111428749997685,0.78095624999969,0.6611971669999548,0.5475087090003399,0.448069083000064,0.3767381249999744,0.2799822500001028,0.18585099999972954,4.832999820791883e-06,0.10000766599978306,0.04788550000012037,2.4589999156887643e-06,0.003706125000007887,1.708000127109699e-06,0.0,0.0,0.0,0.0,0.0,0.0,0.0,0.0,0.0,0.0,0.0,0.0,0.0,0.0,0.0,0.0,0.0,0.0,0.0,0.0,42.93513487599921
52,4.082187542000156,3.597075666999899,7.0840001171745826e-06,3.3764775829999962,4.12500003221794e-06,3.003571415999886,2.6391152500000317,2.510825708000084,2.3516369579997445,2.1152224160000515,1.9246106660002624,1.7260092910000822,1.5709234999999353,1.3761916670000574,1.2740337499999441,1.1095838750002258,0.951416375000008,0.8368830839999646,0.7413165000002664,0.6248624999998356,0.54236337500015,0.41128600000001825,0.31545025000013993,0.24107441700016352,0.17228845900035594,0.11299158299971168,0.07126016600022922,6.37500033917604e-06,0.022503250000227126,2.6669999897421803e-06,0.0008621669999229198,0.0,0.0,0.0,0.0,0.0,0.0,0.0,0.0,0.0,0.0,0.0,0.0,0.0,0.0,0.0,0.0,0.0,0.0,0.0,37.70204366600183
53,4.045554667000033,6.040999778633704e-06,3.556735916999969,3.1043954159999885,3.100510459000361,2.7578660000003765,2.6334864159998688,2.418556915999943,2.1666710839999723,2.0272421659997235,1.8786654169998656,1.687286542000038,1.5480092080001668,1.3585759160000634,1.1948228749997725,1.0883027080003558,0.9099411249999321,0.7781175410000287,0.6650721669998347,0.5547697089996291,0.44819808300007935,0.3664335830003438,0.3068474579999929,0.20498316700013675,0.14256012499981807,4.375000116851879e-06,0.03970629200011899,2.291999862791272e-06,0.0060810830000264104,1.7920001482707448e-06,6.654099979641614e-05,0.0,0.0,0.0,0.0,0.0,0.0,0.0,0.0,0.0,0.0,0.0,0.0,0.0,0.0,0.0,0.0,0.0,0.0,0.0,38.98947308100014
54,3.9779824580000422,1.0792000011861091e-05,3.569484249999732,3.248648457999934,3.1171422090001215,2.621028249999654,2.714611375000004,2.4099150000001828,2.218368165999891,2.012700292000318,1.8108925000001364,1.7772962079998251,1.6431674999998904,1.363231709000047,1.1843635840000388,1.046059792000051,0.9063647080001829,0.7853517919998012,0.6504659580000407,0.5755660419999913,0.43736649999982546,0.33134925000013027,0.25919483300003776,0.18321887499996592,5.7909996939997654e-06,0.06264270899964686,0.09650791700005357,0.0534994579998056,2.3329998839471955e-06,0.0031437090001418255,1.791999693523394e-06,0.0,0.0,0.0,0.0,0.0,0.0,0.0,0.0,0.0,0.0,0.0,0.0,0.0,0.0,0.0,0.0,0.0,0.0,0.0,39.059584209998775
55,3.9845625829998426,3.7013315829999556,3.237676458000351,3.206664458999967,3.0317910829999164,2.636980083000253,2.62275875000023,2.400407499999801,2.2019011249999494,2.001568207999753,1.8506467920001342,1.6657905420001953,1.5259728330001963,1.3623763750001672,1.1798637920001056,1.0533159999999953,0.8803876249999121,0.6891832500000419,0.6565494589999616,0.5595515830000295,0.4550302920001741,0.34929391600007875,0.2461474170004294,0.20810433299993747,0.14117062500008615,0.12012099999992643,0.04957058399986636,4.333000106271356e-06,0.004097000000001572,2.249999852210749e-06,0.0,0.0,0.0,0.0,0.0,0.0,0.0,0.0,0.0,0.0,0.0,0.0,0.0,0.0,0.0,0.0,0.0,0.0,0.0,0.0,42.02282183300122
56,4.078676915999949,5.959000191069208e-06,3.6331607500001155,4.417000127432402e-06,3.304353290999643,2.709542790999876,2.828401582999959,2.4966328749997047,2.4435413750002226,1.9326062919999458,2.045269666999957,1.9126525419997051,1.7691356250002173,1.5801190420002058,1.3795864580001762,1.1938055420000637,1.0162840000002689,0.8536292089997914,0.739141957999891,0.6436974580001333,0.5331064160000096,0.44036866599981295,0.3690847920001943,0.2848884999998518,0.20956862499997442,6.750000011379598e-06,0.0946075000001656,0.050414667000040936,0.019545124999694963,5.207999947742792e-06,0.0010830830001395952,0.0,0.0,0.0,0.0,0.0,0.0,0.0,0.0,0.0,0.0,0.0,0.0,0.0,0.0,0.0,0.0,0.0,0.0,0.0,38.56292708199999
57,3.9993679590002102,4.583000190905295e-06,3.56759725000029,3.0895775419999154,3.087284125000224,2.880725292000079,2.72827904199994,2.4531288750004023,2.2905497080000714,2.08951449999995,1.9508337919996848,1.7078411659999801,1.557690999999977,1.3550229160000526,1.1399836249997861,1.0265260000001035,0.9021166249999624,0.7630678330001501,0.6561233749998792,0.5599715000003016,0.4605913749996944,0.36912904200016783,0.28674058399974456,0.20600687500018466,0.1780532080001649,0.09132441699966876,2.6669999897421803e-06,0.026377458000297338,2.249999852210749e-06,0.0027076670003225445,1.7910001588461455e-06,0.0,0.0,0.0,0.0,0.0,0.0,0.0,0.0,0.0,0.0,0.0,0.0,0.0,0.0,0.0,0.0,0.0,0.0,0.0,39.4261440420014
58,4.041040375000193,4.667000212066341e-06,3.6197859579997385,3.338292624999667,3.1717697499998394,5.541000064113177e-06,2.8405801250000877,2.456586666000021,2.3838925830000335,2.0707786250000026,2.0439599579999594,1.8252999999999702,1.6446460000001935,1.4789855830003944,1.3135728330003076,1.141199499999857,1.0274990409998281,0.8821261250000134,0.713790083999811,1.1124999673484126e-05,0.5496459579999282,0.4517145410000012,0.3696327080001538,0.286308457999894,0.21787920899987512,0.1973909589996765,0.1058011670002088,0.057947875000081694,0.014564833999884286,2.2920003175386228e-06,0.0,0.0,0.0,0.0,0.0,0.0,0.0,0.0,0.0,0.0,0.0,0.0,0.0,0.0,0.0,0.0,0.0,0.0,0.0,0.0,38.24471516499989
59,3.951656582999931,3.706547999999657,3.5514036670001587,3.278642416999901,8.583000180806266e-06,2.895508250000148,2.7615584999998646,2.4316465830002016,2.225779875000171,2.085190667000006,1.8764209170003596,1.6743578340001477,1.48881079199964,1.3435552910000297,1.2480023749999418,1.0690263340002275,0.980815333999999,0.8248736249997819,0.6964824159999807,0.5571423340002184,0.4544994590000897,0.3631108750000749,0.2840128749999167,0.2131473750000623,0.15279541700010668,0.09515154200016696,0.05204016700008651,3.5839998417941388e-06,0.007381458000054408,1.7910001588461455e-06,0.0,0.0,0.0,0.0,0.0,0.0,0.0,0.0,0.0,0.0,0.0,0.0,0.0,0.0,0.0,0.0,0.0,0.0,0.0,0.0,40.269574920001105
60,4.060117917000298,5.832999704580288e-06,3.6569081669999832,6.708999990223674e-06,0.0023752089996378345,0.0,0.0,0.0,0.0,0.0,0.0,0.0,0.0,0.0,0.0,0.0,0.0,0.0,0.0,0.0,0.0,0.0,0.0,0.0,0.0,0.0,0.0,0.0,0.0,0.0,0.0,0.0,0.0,0.0,0.0,0.0,0.0,0.0,0.0,0.0,0.0,0.0,0.0,0.0,0.0,0.0,0.0,0.0,0.0,0.0,7.719413834999614
61,3.9753740830001334,4.833999810216483e-06,3.5925600829996256,3.272280459000285,3.054888000000119,2.895611542000097,2.67147120799973,2.4300074589996257,2.2108656659997905,2.001747416999933,1.7170930840002256,1.6644105000000309,1.5113911250000456,1.3511207080000531,1.193893250000201,1.0336600000000544,0.9175545420002891,0.7555737500001669,0.632728957999916,0.5577732919996379,0.4378475839998828,0.3604916249996677,0.2720657910003865,0.2013694590000341,0.14201320800020767,6.457999916165136e-06,0.04430716600018059,3.833000391750829e-06,0.00613808300022356,2.8750000637955964e-06,0.00012887499997304985,0.0,0.0,0.0,0.0,0.0,0.0,0.0,0.0,0.0,0.0,0.0,0.0,0.0,0.0,0.0,0.0,0.0,0.0,0.0,38.9043849170007
62,4.030113167000309,3.759642167000038,3.4421766249997745,3.3055643749999035,3.041895999999724,2.85677912500023,2.633396457999879,2.4580928329996823,2.2730680839999877,2.041230374999941,1.8091595409996444,1.585199915999965,1.4951549580000574,1.3401442500003213,1.1750769159998526,1.0438804589998654,0.9144969580001998,0.770023625000249,0.6713889170000584,0.5620669999998427,0.4615815420002036,0.3731822079998892,0.2932320830000208,0.20712025000011636,0.1800932080000166,0.09624808300031873,0.05160200000000259,2.541999947425211e-06,0.00569770799984326,1.7920001482707448e-06,0.0,0.0,0.0,0.0,0.0,0.0,0.0,0.0,0.0,0.0,0.0,0.0,0.0,0.0,0.0,0.0,0.0,0.0,0.0,0.0,42.87731316500003
63,4.034043083000142,5.041999884269899e-06,0.002485625000190339,0.0,0.0,0.0,0.0,0.0,0.0,0.0,0.0,0.0,0.0,0.0,0.0,0.0,0.0,0.0,0.0,0.0,0.0,0.0,0.0,0.0,0.0,0.0,0.0,0.0,0.0,0.0,0.0,0.0,0.0,0.0,0.0,0.0,0.0,0.0,0.0,0.0,0.0,0.0,0.0,0.0,0.0,0.0,0.0,0.0,0.0,0.0,4.036533750000217
64,4.032075707999866,3.657565749999776,7.624999852851033e-06,3.3184602500000437,2.99348050000026,2.8046348749999197,2.635842000000139,2.456799499999761,2.185606916999859,2.0069648329999836,1.8058001250001325,1.5975319589997525,1.4726021250003214,1.349134291000155,1.1538788330003626,0.9839135829997758,0.8567645419998371,0.746558124999865,0.6294442499997785,0.5123738339998454,0.42700333299990234,6.125000254542101e-06,0.28537374999996246,0.24646320800002286,0.14423758300017653,0.09741716700000325,3.000000106112566e-06,0.0003053330001421273,0.003136875000109285,1.8750001800071914e-06,0.0,0.0,0.0,0.0,0.0,0.0,0.0,0.0,0.0,0.0,0.0,0.0,0.0,0.0,0.0,0.0,0.0,0.0,0.0,0.0,38.403387874000146
65,3.9904145830000743,3.6589622920000693,3.0617982499998107,3.3036129580000306,3.086882166999658,2.8527134169999044,2.6383262919998742,2.3457589579998057,2.245491542000309,2.042076416999862,1.8911269579998589,1.71739341600005,1.5143468329997631,1.385618667000017,1.2449583750003512,1.0507425000000694,0.8965960420000556,0.7908157919996484,0.6419220839998161,0.5325168339995798,0.43400249999967855,0.35568462500032183,0.2685074999999415,0.20700299999998606,0.14392229199984286,0.08530500000006214,0.04492033300039111,2.5420004021725617e-06,0.009803250000004482,2.1670002752216533e-06,0.00011524999990797369,0.0,0.0,0.0,0.0,0.0,0.0,0.0,0.0,0.0,0.0,0.0,0.0,0.0,0.0,0.0,0.0,0.0,0.0,0.0,42.44134283599942
66,4.01010820800002,6.333999863272766e-06,3.6342312090000632,3.281500457999755,3.0584707080001863,2.853907583000364,2.631224792000012,2.4160611250003967,2.2284273750001375,2.075557541999842,1.8017114169997512,1.6820039169997472,1.5202689170000667,1.3448719580001125,1.212432125000305,1.0777029999999286,0.9152718749996893,0.8109927909999897,0.6938569580001968,0.5855670420000934,0.48766695799986337,0.3512789999999768,0.28539666699998634,0.20248929099989255,5.124999916006345e-06,0.12103358300009859,3.0830001378490124e-06,0.0389824169997155,2.207999841630226e-06,0.0033551659998920513,1.7920001482707448e-06,0.0,0.0,0.0,0.0,0.0,0.0,0.0,0.0,0.0,0.0,0.0,0.0,0.0,0.0,0.0,0.0,0.0,0.0,0.0,39.32439062399999
67,4.035633791999771,5.999999757477781e-06,0.0024940830003288283,0.0,0.0,0.0,0.0,0.0,0.0,0.0,0.0,0.0,0.0,0.0,0.0,0.0,0.0,0.0,0.0,0.0,0.0,0.0,0.0,0.0,0.0,0.0,0.0,0.0,0.0,0.0,0.0,0.0,0.0,0.0,0.0,0.0,0.0,0.0,0.0,0.0,0.0,0.0,0.0,0.0,0.0,0.0,0.0,0.0,0.0,0.0,4.038133874999858
68,3.9832335420001073,6.000000212225132e-06,3.6396092079999107,5.70800011701067e-06,3.273682583000209,2.8906733750000058,2.7047815420000916,2.4925742499999615,2.3982722920000015,2.1856150829999024,2.023232832999838,1.8534888750000391,1.7525906250002663,1.5320489999999154,1.3289926249999553,1.1964163329998883,1.041086790999998,0.8880075000001852,0.8207467080001152,0.6410410830003457,0.5438180829996782,0.4578117910000401,0.33193941699983043,0.28838474999975006,0.21145929200019964,0.14105537500017817,0.08635070799982714,0.05111595899961685,0.01678095899978871,3.000000106112566e-06,0.0008233749999817519,0.0,0.0,0.0,0.0,0.0,0.0,0.0,0.0,0.0,0.0,0.0,0.0,0.0,0.0,0.0,0.0,0.0,0.0,0.0,38.77564866500006
69,4.00728320799999,8.37500010675285e-06,3.681966750000356,4.583999725582544e-06,3.3032641670001794,6.874999598949216e-06,0.002269915999931982,0.0,0.0,0.0,0.0,0.0,0.0,0.0,0.0,0.0,0.0,0.0,0.0,0.0,0.0,0.0,0.0,0.0,0.0,0.0,0.0,0.0,0.0,0.0,0.0,0.0,0.0,0.0,0.0,0.0,0.0,0.0,0.0,0.0,0.0,0.0,0.0,0.0,0.0,0.0,0.0,0.0,0.0,0.0,10.994803874999889
70,4.021845624999969,5.207999947742792e-06,3.7143610420002915,5.207999947742792e-06,3.23561699999982,2.8268170420001297,2.765867167000124,2.711438041999827,2.4680960000000596,2.2544921669996256,2.0418022919998293,1.8683892499998365,1.7009961670000848,1.5206735829997342,1.3626712499999485,1.2414652500001466,1.096876666999833,0.9907887079998545,0.8159537090000413,0.701231000000007,0.5731438749999143,0.5878752079997867,0.3703862080001272,0.2814184170001681,0.19849154099983934,0.14691162500002974,2.750000021478627e-06,0.0,0.0,0.0,0.0,0.0,0.0,0.0,0.0,0.0,0.0,0.0,0.0,0.0,0.0,0.0,0.0,0.0,0.0,0.0,0.0,0.0,0.0,0.0,39.497622000998945
71,4.0149503749998985,3.683974874999876,5.332999990059761e-06,3.420286207999652,4.749999789055437e-06,3.0212966660001257,2.631031916000211,2.5634600829998817,2.4515195830003904,2.285579499999585,2.0481328339997162,1.9030960840000262,1.6937697920002392,1.4943703339999956,1.3599285410000448,1.1911482499999693,1.0784844159998102,0.9262827079996896,0.7896358329999202,0.6659525420000136,0.5701027079999221,0.453048249999938,0.3753774169999815,0.28073712500008696,0.2143614580004396,0.1497667920002641,0.08367783399990003,0.040582666999853245,1.7910001588461455e-06,0.0,0.0,0.0,0.0,0.0,0.0,0.0,0.0,0.0,0.0,0.0,0.0,0.0,0.0,0.0,0.0,0.0,0.0,0.0,0.0,0.0,39.39056666499937
72,3.9703691249997064,3.723852749999878,5.916999725741334e-06,3.527503875000093,3.137657957999636,2.919246834000205,2.666483542000151,2.5269079580002654,2.3243357500000457,2.149749666000389,2.0014852089998385,1.7958623330000592,1.5812887090000913,1.4043681670000296,1.2994456250003168,1.1523276670000087,0.9906184999999823,0.8283640419999756,0.7158420419996219,0.6093262920003326,0.5372469580001962,0.3978864170003362,0.27320141600011993,0.2270781669999451,0.17332262499985518,0.11307604200010246,0.05811195800015412,2.0830002540606074e-06,0.010319458000140003,2.249999852210749e-06,0.0008284580003419251,0.00011749999976018444,0.0,0.0,0.0,0.0,0.0,0.0,0.0,0.0,0.0,0.0,0.0,0.0,0.0,0.0,0.0,0.0,0.0,0.0,41.11623529300141
73,3.97228158300004,5.292000423651189e-06,3.6003654589999314,6.082999789214227e-06,0.002381958000114537,0.0,0.0,0.0,0.0,0.0,0.0,0.0,0.0,0.0,0.0,0.0,0.0,0.0,0.0,0.0,0.0,0.0,0.0,0.0,0.0,0.0,0.0,0.0,0.0,0.0,0.0,0.0,0.0,0.0,0.0,0.0,0.0,0.0,0.0,0.0,0.0,0.0,0.0,0.0,0.0,0.0,0.0,0.0,0.0,0.0,7.575040375000299
74,3.988688040999932,8.333000096172327e-06,3.4944145419999586,3.251158624999789,7.416999778797617e-06,2.875943500000176,2.6066964169999665,2.4123325829996247,2.228383749999921,2.054477499999848,1.7675694999998086,1.6553008329997283,1.4968945840000742,1.3300631249999242,1.191528250000374,1.0238281669999196,0.8784958329997608,0.7261167090000527,0.6209039589998611,0.5368360000002212,0.43420191700033683,0.3481309590001729,0.26300429100001566,0.18818529100008163,0.13306974999977683,0.13423104200001035,0.05887658299980103,0.018548584000200208,2.4169999051082414e-06,0.0010490829999980633,0.0,0.0,0.0,0.0,0.0,0.0,0.0,0.0,0.0,0.0,0.0,0.0,0.0,0.0,0.0,0.0,0.0,0.0,0.0,0.0,35.718947584999114
75,3.9782007920002798,5.999999757477781e-06,3.6164054169998963,3.30801429200028,3.137019499999951,2.6863941250003336,2.671051083999828,2.584836667000218,2.285472749999826,2.0859677089997604,1.930938999999853,1.7150837500003036,1.580476458999783,1.3737069590001738,1.2348101249999672,1.0816676659997029,0.9295927090001896,0.8157842079999682,0.7292435829999704,0.5979229579997991,0.559997958999702,0.39747562499997,0.32125524999992194,0.24692104199993992,0.18471391699995365,0.11669475000007878,0.06948995900029331,0.021858707999854232,0.009629208999740513,1.666000116529176e-06,0.0,0.0,0.0,0.0,0.0,0.0,0.0,0.0,0.0,0.0,0.0,0.0,0.0,0.0,0.0,0.0,0.0,0.0,0.0,0.0,40.27063383799941
76,3.9890559579998808,5.291999968903838e-06,3.6261396249997233,3.3669027500000084,2.9321772090002014,2.9220454999999674,2.643743125000128,2.511225624999952,2.31372837500021,2.1358479580003404,1.9467850419996466,1.7460024580000209,1.5572032919999401,1.3979415419998986,1.2506523329998345,1.2582876669998768,1.0006924999997864,0.8544155839999803,0.7573735830001169,0.6428550000000541,0.5174877909998941,0.4138535000001866,0.3912214590000076,0.25420941699985633,0.4017041249999238,0.08795958300015627,0.11972683300018616,0.045944959000280505,1.958000211743638e-06,0.0,0.0,0.0,0.0,0.0,0.0,0.0,0.0,0.0,0.0,0.0,0.0,0.0,0.0,0.0,0.0,0.0,0.0,0.0,0.0,0.0,41.08519004300024
77,4.369683124999938,3.5873900409997077,3.41872258300009,3.301047500000095,2.8936070830000062,2.7029460839999047,2.5408015000002706,2.3013834580001458,2.140335750000304,1.95308974999989,1.772157709000112,1.6193430830003308,1.5387587499999427,1.3098283330000413,1.157215959000041,1.0184976250002364,0.8865077079999537,0.7699064170001293,0.6981791670000348,0.555493750000096,0.4368930000000546,0.3543402499999502,0.2726387499997145,0.20914412499996615,0.14157737499999712,0.08973800000012488,0.05221595900002285,3.0409996725211386e-06,0.00020499999982348527,0.00011258299991823151,0.0,0.0,0.0,0.0,0.0,0.0,0.0,0.0,0.0,0.0,0.0,0.0,0.0,0.0,0.0,0.0,0.0,0.0,0.0,0.0,42.091763458000514
78,4.247687791000317,5.542000053537777e-06,4.142717875000017,7.624999852851033e-06,3.2023656660003326,2.8523202080000374,2.658887749999849,2.483411457999864,2.2660363750001125,2.073463332999836,1.8633449170001768,1.6848883329998898,1.5194931669998368,1.3467249169998468,1.1981445839996923,1.0574419159997888,0.9084609589999673,0.7618339580003521,0.6892559580001034,0.5808771249999154,0.49043129199981195,0.39218391699978383,0.3124833749998288,0.2372187920000215,0.1786008750000292,0.1691539999997076,0.07690833400010888,0.03408558399996764,2.415999915683642e-06,0.0010086659999615222,0.0,0.0,0.0,0.0,0.0,0.0,0.0,0.0,0.0,0.0,0.0,0.0,0.0,0.0,0.0,0.0,0.0,0.0,0.0,0.0,37.42944670799898
79,3.9044312080000054,3.578301209000074,3.326916125000025,6.101681376000215,3.027565792000132,2.7610111250000955,2.681738540999959,2.6158238749999327,2.159696124999755,2.013431667000077,1.7854988750000302,1.617607125000177,1.4950215839999146,1.3000960829999713,1.1654943749999802,0.9928354170001512,0.8639374159997715,0.7659118340002351,0.7178568330000417,0.6216300419996514,0.43733324999993783,0.30704824999975244,0.25575645799972335,0.19888716700006626,0.14052862500011543,0.08075991700025043,0.05337450000024546,0.024254624999684893,0.0028930419998687285,2.3329998839471955e-06,0.0,0.0,0.0,0.0,0.0,0.0,0.0,0.0,0.0,0.0,0.0,0.0,0.0,0.0,0.0,0.0,0.0,0.0,0.0,0.0,44.997324793999724
80,3.926862667000023,5.834000148752239e-06,3.5997456659997624,3.4113682500001232,3.12887820800006,2.8289905419997012,2.754065332999744,2.5041243749997193,2.353599709000264,2.1609303750001345,1.9117469590000837,1.89105683400021,1.6182451670001683,1.4139945420001823,1.2532009159999689,1.184916874999999,0.9482387079997352,0.7737717919999341,0.705596875000083,0.6135391249999884,0.4823289589999149,0.40614879200029463,0.3403671660003056,0.2283366249998835,2.750000021478627e-06,0.10856675000013638,0.0658402910003133,2.8750000637955964e-06,0.006762375000107568,1.7500001376902219e-06,0.0,0.0,0.0,0.0,0.0,0.0,0.0,0.0,0.0,0.0,0.0,0.0,0.0,0.0,0.0,0.0,0.0,0.0,0.0,0.0,40.62123708500121
81,3.970395458999974,6.083000243961578e-06,0.002503750000414584,0.0,0.0,0.0,0.0,0.0,0.0,0.0,0.0,0.0,0.0,0.0,0.0,0.0,0.0,0.0,0.0,0.0,0.0,0.0,0.0,0.0,0.0,0.0,0.0,0.0,0.0,0.0,0.0,0.0,0.0,0.0,0.0,0.0,0.0,0.0,0.0,0.0,0.0,0.0,0.0,0.0,0.0,0.0,0.0,0.0,0.0,0.0,3.9729052920006325
82,3.946426416000122,3.595486207999784,3.3386073329998,2.9239870000001247,3.0564942080000037,2.7915796249999403,2.560250625000208,2.3709268750003503,2.36170224999978,2.007135333000406,1.8903512090000731,1.7079367080000338,1.5524950419999186,1.4500219589999688,1.1809668330001841,1.0437270000002172,0.9316783330000362,0.8425392080002894,0.6415303329999915,0.5380926660000114,0.4476500840000881,0.36194720799994684,0.2849355840003227,0.21377045799999905,0.1463745419996485,2.249999852210749e-06,0.05251979200011192,1.791999693523394e-06,0.0,0.0,0.0,0.0,0.0,0.0,0.0,0.0,0.0,0.0,0.0,0.0,0.0,0.0,0.0,0.0,0.0,0.0,0.0,0.0,0.0,0.0,42.239136874000906
83,3.987467166999977,3.608619374999762,3.351866166000036,3.2319903749998957,2.937442791999729,2.8012762920002388,2.6572849169997426,2.4215984580000622,2.221434666999812,2.011483291999866,1.8569422919999852,1.712792249999893,1.7450252919998093,1.3962660839997625,1.1910540840003705,1.0951042920000873,0.9404111250000824,0.7646034170002167,0.6602565829998639,0.5487180830000398,0.4451872919999005,0.28982891599980576,0.2394332089997988,0.2130544159999772,0.1541354579999279,0.0984845419998237,0.03981270800022685,1.7920001482707448e-06,0.0048687499997868144,1.5830000847927295e-06,0.0,0.0,0.0,0.0,0.0,0.0,0.0,0.0,0.0,0.0,0.0,0.0,0.0,0.0,0.0,0.0,0.0,0.0,0.0,0.0,42.62644566899871
84,3.9506423749999158,5.999999757477781e-06,3.554451292000067,3.3300607500000297,2.943509042000187,2.8667350000000624,2.419890416000271,2.4620087919997786,2.346409332999883,1.9330419580001035,1.9177753330000087,1.714282749999711,1.5362355830002343,1.402321375000156,1.254491374999816,1.1354084579998016,0.9726907079998455,0.8397974999998041,0.7524986250000438,0.6202072090000001,0.5085247920001166,0.406734791999952,0.3620962079999117,0.24120820900043327,0.16914425000004485,0.1118047499999193,0.06202220800014402,2.1250002646411303e-06,0.012343791000148485,1.5830000847927295e-06,0.0,0.0,0.0,0.0,0.0,0.0,0.0,0.0,0.0,0.0,0.0,0.0,0.0,0.0,0.0,0.0,0.0,0.0,0.0,0.0,39.8263465820005
85,3.969671833999655,3.6643001249999543,3.6005313750001733,3.4059417080002277,3.1713729590001094,2.878905417000169,2.5414392079997015,2.394888499999979,2.224197208000078,2.023677958999997,1.8698598329997367,1.6845777499997894,1.4354810829995586,1.343374582999786,1.191062249999959,1.044238416999633,0.9775303749997875,0.7844797500001732,0.656911417000174,0.5327547090000735,0.3934985409996443,0.3479042919998392,0.2506493750001937,0.201754875000006,0.1280559169999833,3.1670001590100583e-06,0.07087616700027866,2.000000222324161e-06,0.009166791999632551,1.5830000847927295e-06,0.0,0.0,0.0,0.0,0.0,0.0,0.0,0.0,0.0,0.0,0.0,0.0,0.0,0.0,0.0,0.0,0.0,0.0,0.0,0.0,42.79710916899876
86,4.033745791000001,5.750000127591193e-06,3.6190809999998237,4.375000116851879e-06,0.002362540999911289,0.0,0.0,0.0,0.0,0.0,0.0,0.0,0.0,0.0,0.0,0.0,0.0,0.0,0.0,0.0,0.0,0.0,0.0,0.0,0.0,0.0,0.0,0.0,0.0,0.0,0.0,0.0,0.0,0.0,0.0,0.0,0.0,0.0,0.0,0.0,0.0,0.0,0.0,0.0,0.0,0.0,0.0,0.0,0.0,0.0,7.655199456999981
87,3.953945957999622,3.6129977919999874,3.480992833000073,3.1102380829997855,3.0320382919999247,2.5685869169997204,2.6112554169999385,2.38295162500026,2.2309659160000592,1.9908463340002527,1.8281729589998577,1.6718878749998112,1.492876625000008,1.3624290409998139,1.1885109590002685,1.0336916660003226,0.8915289579999808,0.8514645830000518,0.638272790999963,0.5094562920003227,0.4389749160000065,0.36196366700005456,0.2751114580000831,0.19737704199997097,0.1256088750001254,0.08826254199993855,2.2089998310548253e-06,0.0,0.0,0.0,0.0,0.0,0.0,0.0,0.0,0.0,0.0,0.0,0.0,0.0,0.0,0.0,0.0,0.0,0.0,0.0,0.0,0.0,0.0,0.0,41.93041162500003
88,3.981265583000095,6.582999958482105e-06,3.639979540999775,3.252216541999587,2.962138749999667,2.8435306249998575,2.496955166999669,2.4112012499999764,2.266724874999909,2.0160885829996005,2.0170628340001713,1.691608042000098,1.4909786670000358,1.3480269169999701,1.2165388329999587,1.0575987080001141,0.907151999999769,0.7807229169998209,0.6384643749997849,0.522008082999946,0.423094416999902,0.360116416999972,0.2810243750000154,0.1972254580000481,0.13669554199987033,3.000000106112566e-06,0.07490050000023984,2.4169999051082414e-06,0.015350666000358615,2.041999778157333e-06,0.00016212499986067996,0.0,0.0,0.0,0.0,0.0,0.0,0.0,0.0,0.0,0.0,0.0,0.0,0.0,0.0,0.0,0.0,0.0,0.0,0.0,39.02884583399782
89,3.9789573749999363,4.5409997255774215e-06,0.0025034999998752028,0.0,0.0,0.0,0.0,0.0,0.0,0.0,0.0,0.0,0.0,0.0,0.0,0.0,0.0,0.0,0.0,0.0,0.0,0.0,0.0,0.0,0.0,0.0,0.0,0.0,0.0,0.0,0.0,0.0,0.0,0.0,0.0,0.0,0.0,0.0,0.0,0.0,0.0,0.0,0.0,0.0,0.0,0.0,0.0,0.0,0.0,0.0,3.981465415999537
90,3.9790188340002715,4.542000169749372e-06,0.0024800830001368013,0.0,0.0,0.0,0.0,0.0,0.0,0.0,0.0,0.0,0.0,0.0,0.0,0.0,0.0,0.0,0.0,0.0,0.0,0.0,0.0,0.0,0.0,0.0,0.0,0.0,0.0,0.0,0.0,0.0,0.0,0.0,0.0,0.0,0.0,0.0,0.0,0.0,0.0,0.0,0.0,0.0,0.0,0.0,0.0,0.0,0.0,0.0,3.981503459000578
91,3.9861137079997206,3.6799683330000335,3.3184308750001037,3.052905959000327,2.89001774999997,2.8721761249998963,2.397965167000166,2.4200291669999388,2.28712779100033,2.0319882079998024,1.8368310419996305,1.6618417079998835,1.491481874999863,1.3259429160002583,1.1935868749997098,1.049560333000045,0.9353482920000715,0.78962729199975,0.6642172500000925,0.5423684159995901,0.4687728750000133,0.32948674999988725,0.26359058399975765,0.19776958300008118,0.14892708300021695,0.09723524999981237,0.05527987499999654,2.541999947425211e-06,0.0022253750003073947,1.8750001800071914e-06,0.0,0.0,0.0,0.0,0.0,0.0,0.0,0.0,0.0,0.0,0.0,0.0,0.0,0.0,0.0,0.0,0.0,0.0,0.0,0.0,41.99082087399938
92,3.985259208000116,3.611579707999681,3.4682118339997032,3.0911322090000795,3.040092249999816,2.800422792000063,2.5979227919997356,2.347945625000193,2.2000425420001193,2.018992000000253,1.8482306659998358,1.6825522499998442,1.5075278750000507,1.3384067500001038,1.2154693340003178,1.0835703329998978,0.9204310830000395,0.7757876249997935,0.6690034580001338,0.5386269999999058,0.4353624579998723,0.35127754199993433,0.27293674999964423,4.66699975731899e-06,0.1695862080000552,2.1250002646411303e-06,0.0423739170000772,1.7500001376902219e-06,0.0,0.0,0.0,0.0,0.0,0.0,0.0,0.0,0.0,0.0,0.0,0.0,0.0,0.0,0.0,0.0,0.0,0.0,0.0,0.0,0.0,0.0,42.012752750999425
93,4.0255158330000995,7.04200010659406e-06,0.002459167000324669,0.0,0.0,0.0,0.0,0.0,0.0,0.0,0.0,0.0,0.0,0.0,0.0,0.0,0.0,0.0,0.0,0.0,0.0,0.0,0.0,0.0,0.0,0.0,0.0,0.0,0.0,0.0,0.0,0.0,0.0,0.0,0.0,0.0,0.0,0.0,0.0,0.0,0.0,0.0,0.0,0.0,0.0,0.0,0.0,0.0,0.0,0.0,4.027982042000531
94,3.9691009580001264,6.290999863267643e-06,3.5724984170001335,3.182135042000027,3.033566042000075,2.7777355420003005,2.6343327079998744,2.376248958999895,2.225591415999588,2.0301701250000406,1.8314718329997959,1.6617776250000134,1.500072709000051,1.3216401670001687,1.180569208000179,1.0564586250002321,0.8984457080000539,0.7893298750000213,0.7093315839997558,0.5347459160002472,0.4347488329999578,0.32941454100000556,0.2418998749999446,0.19526041700009955,2.8750000637955964e-06,0.10343558400018082,2.6249999791616574e-06,0.03903008299994326,2.457999926264165e-06,0.0040412920002381725,0.002197708000039711,1.791999693523394e-06,0.0,0.0,0.0,0.0,0.0,0.0,0.0,0.0,0.0,0.0,0.0,0.0,0.0,0.0,0.0,0.0,0.0,0.0,38.635266833000514
95,3.985751167000217,3.6033794579998357,6.582999958482105e-06,3.4375755829996706,3.1994898749999265,2.559914167000443,2.7282804999999826,2.543213833000209,2.3049069160001636,2.108518125000046,1.9106658330001665,1.676529458999994,1.5021244169997772,1.3520068339998943,1.1967937919998803,1.0636050840003008,0.9206849160000274,0.7910969170002318,0.6724708749998172,0.5707122919998255,0.4988926249998258,0.3964224579999609,0.2950151250001909,0.24007849999998143,0.1697792089998984,0.11184358300033637,0.05674150000004374,1.791999693523394e-06,0.0,0.0,0.0,0.0,0.0,0.0,0.0,0.0,0.0,0.0,0.0,0.0,0.0,0.0,0.0,0.0,0.0,0.0,0.0,0.0,0.0,0.0,39.8965014180003
96,4.006727291999596,3.737363875000028,3.5158747079999557,3.317886916000134,2.958288166999864,2.8155394169998544,2.608838167000158,2.419740415999968,2.232256000000234,2.07139241699997,1.8570669579999048,1.699994874999902,1.5146273340001244,1.2966212920000544,1.1538737500000025,1.0405632919996606,0.8716416659999595,0.7308523330002572,0.6273479169999518,0.5280946249999943,0.43044416700013244,0.3420816249999916,0.2623490830001174,0.20403291700040427,0.14239195800018933,0.08960004200025651,0.07385420799982967,3.3750002330634743e-06,0.00020879199973933282,6.537499984915485e-05,0.0,0.0,0.0,0.0,0.0,0.0,0.0,0.0,0.0,0.0,0.0,0.0,0.0,0.0,0.0,0.0,0.0,0.0,0.0,0.0,42.54962295900032
97,4.178825958000289,5.5830000746937e-06,3.671517415999915,3.36728870800016,3.254386084000089,2.9180261249998694,2.7267155829999865,2.561678749999828,2.31012550000014,2.1303554589999294,2.0131084999998166,1.8104980840003009,1.6464293750000252,1.45052191700006,1.2658118330000434,1.1350996669998494,0.963817625000047,0.8758247089999713,0.7525541249997332,0.6242896670000846,0.5117627499998889,0.4160114589999466,0.32681158300010793,0.24397016600005372,0.1765269160000571,0.11678133300029003,0.0735360829999081,0.01958066699990013,1.9169997358403634e-06,0.0,0.0,0.0,0.0,0.0,0.0,0.0,0.0,0.0,0.0,0.0,0.0,0.0,0.0,0.0,0.0,0.0,0.0,0.0,0.0,0.0,41.5418635420001
98,4.008630000000267,3.4643495830000575,3.4920520830000896,3.2593971659998715,2.989426000000094,2.7706082089998745,2.6247745000000577,2.3476189170000907,2.1956310830000803,2.0317230410000775,1.8344898750001448,1.6656214999998156,1.5272909579998668,1.3362816250000833,1.1525920839999344,1.0143726250003056,0.8936847909999415,0.7780653340000754,0.6981207920002817,0.5387654580003982,0.4246003749999545,0.34247983399973236,0.2627123750003193,2.79200003205915e-06,0.15123637500028053,0.10068887500028723,2.541999947425211e-06,0.03097804199978782,2.415999915683642e-06,0.0019657089997053845,1.7090001165342983e-06,0.0,0.0,0.0,0.0,0.0,0.0,0.0,0.0,0.0,0.0,0.0,0.0,0.0,0.0,0.0,0.0,0.0,0.0,0.0,41.938166668001486
99,4.034733999999844,3.6732140830004028,1.0417000339657534e-05,3.3988405000000057,6.541999937326182e-06,0.002302583000073355,0.0,0.0,0.0,0.0,0.0,0.0,0.0,0.0,0.0,0.0,0.0,0.0,0.0,0.0,0.0,0.0,0.0,0.0,0.0,0.0,0.0,0.0,0.0,0.0,0.0,0.0,0.0,0.0,0.0,0.0,0.0,0.0,0.0,0.0,0.0,0.0,0.0,0.0,0.0,0.0,0.0,0.0,0.0,0.0,11.109108125000603
100,3.9814004160002696,3.7339387079996413,1.0582999948383076e-05,3.536844665999979,3.140425624999807,2.894352499999968,2.7434964999997646,2.494131958000253,2.3477545410000857,2.1956406250001237,1.9776958749998812,1.7653324999996585,1.5602429580003445,1.4036461669998062,1.2667435419998583,1.1149624580002637,0.9488096250001945,0.8056680419999793,0.6847490420000213,0.5775358750001942,0.47778679200018814,0.37843116700014434,0.3183674169999904,0.24651179199963735,0.1807890420000149,0.11845979200006695,0.07492183300018951,0.037278875000083644,4.500000159168849e-06,0.00017145800029538805,0.0,0.0,0.0,0.0,0.0,0.0,0.0,0.0,0.0,0.0,0.0,0.0,0.0,0.0,0.0,0.0,0.0,0.0,0.0,0.0,41.00610487400081

total time per move x,406.9479441640004, 143.351597248998, 294.4329777490013, 262.07858729399857, 263.8546829969988, 245.92493338100047, 243.25867883399917, 230.14046095800015, 208.46045774200067, 191.26830804599967, 175.48041604399856, 159.83316574899914, 144.63358383900072, 129.33128079600087, 115.40687654500245, 101.49594350100028, 88.98762425099912, 77.12694617700011, 66.23421099999862, 55.27216183600021, 46.23657058599784, 37.06874516600006, 29.660405919002137, 21.909222374999622, 14.872256833000058, 10.049928418001713, 5.656675164003161, 2.024598253000555, 0.7704159949985936, 0.1333409970014472, 0.04319446100004143, 0.00485058200015942, 0.00034629199990376947, 0.0, 0.0, 0.0, 0.0, 0.0, 0.0, 0.0, 0.0, 0.0, 0.0, 0.0, 0.0, 0.0, 0.0, 0.0, 0.0, 0.0, 3771.951389193001
number move x executed,100,100,100,94,94,91,90,89,89,89,89,89,89,89,88,88,88,88,88,88,88,88,88,88,88,85,84,81,76,72,47,26,3,0,0,0,0,0,0,0,0,0,0,0,0,0,0,0,0,0,100
average time per move x,4.069479441640004,1.43351597248998,2.944329777490013,2.7880700775957292,2.80696471273403,2.7024717953956094,2.7028742092666573,2.585847875932586,2.3422523341797827,2.149082112876401,1.9716900679100962,1.795878266842687,1.6250964476292216,1.4531604583820323,1.3114417789204824,1.1533629943295487,1.0112230028522626,0.8764425701931831,0.752661488636348,0.628092748136366,0.5254155748408845,0.421235740522728,0.3370500672613879,0.24896843607954117,0.16900291855681884,0.11823445197649074,0.06734137100003763,0.02499504016050068,0.010137052565770969,0.0018519582916867667,0.0009190310851072644,0.0001865608461599777,0.00011543066663458983,0.0,0.0,0.0,0.0,0.0,0.0,0.0,0.0,0.0,0.0,0.0,0.0,0.0,0.0,0.0,0.0,0.0,37.719513891930006
