Contains move time for player Roxanne; opponent is AlphaBeta6
Colums refer to move number, rows to game number
game,1,2,3,4,5,6,7,8,9,10,11,12,13,14,15,16,17,18,19,20,21,22,23,24,25,26,27,28,29,30,31,32,33,34,35,36,37,38,39,40,41,42,43,44,45,46,47,48,49,50,total
1,0.0028324170000004756,0.002532000000000423,0.0025025000000020725,0.0024507909999940125,0.0023609580000112373,0.002281124999996109,0.0022093749999925194,0.0021906250000256478,0.002036500000031083,0.001936292000038975,0.0019225000000346881,0.0018559590000677417,0.0017449169999963487,0.0015898329999117777,0.0015085830000316491,0.0014154170000892918,0.001344958000004226,0.001227917000051093,0.0011787920000188024,0.0010906669999712904,0.0009552909999683834,0.0008681670000214581,0.0007456250000359432,0.000635624999972606,0.000573040999938712,0.0004575409999461044,0.00040500000000065484,0.00027241600002980704,0.00017958400007955788,5.9333999956834305e-05,0.0,0.0,0.0,0.0,0.0,0.0,0.0,0.0,0.0,0.0,0.0,0.0,0.0,0.0,0.0,0.0,0.0,0.0,0.0,0.0,0.043363750000219525
2,0.002657666999994035,0.00259249999999156,0.002546750000078646,0.0025042500000154178,0.002422000000024127,0.0023249170000099184,0.0022612090000393437,0.0021792919999370497,0.002164958000093975,0.002140374999953565,0.0020087499999590364,0.009289541000043755,0.0018414589999338205,0.0018131249998987187,0.001678000000083557,0.0015281250000498403,0.001400915999965946,0.0012761670000145386,0.0012482500001169683,0.0011535419998836005,0.0010632500000156142,0.0009613340000669268,0.0008586670001022867,0.0007784169999922597,0.0006284579999373818,0.0005160420000720478,0.0004254999998920539,0.00029983299987179635,0.0001861660000486154,6.287499991231016e-05,0.0,0.0,0.0,0.0,0.0,0.0,0.0,0.0,0.0,0.0,0.0,0.0,0.0,0.0,0.0,0.0,0.0,0.0,0.0,0.0,0.05281233499999871
3,0.0026411660001031123,0.002607041000146637,0.0025564999998550775,0.002528582999957507,0.0024604999998700805,0.002409875000012107,0.0023062090001531033,0.0021821249999902648,0.0020929999998315907,0.001999166999667068,0.001989667000088957,0.0019287090003672347,0.0018568749997029954,0.0017291250001107983,0.001569375000144646,0.00148770899977535,0.001330791999862413,0.0012142079999648558,0.001108500000100321,0.0010205829998994886,0.0009249999998246494,0.0008428750002167362,0.0006972920000407612,0.0007384159998764517,0.0006292080001912836,0.0005193749998397834,0.0004190839999864693,0.000326834000134113,0.0002399999998488056,0.00011591600014071446,6.304199996520765e-05,0.0,0.0,0.0,0.0,0.0,0.0,0.0,0.0,0.0,0.0,0.0,0.0,0.0,0.0,0.0,0.0,0.0,0.0,0.0,0.044536750999668584
4,0.00264058400034628,0.0026229159998365503,0.002549082999848906,0.0024406659999840485,0.0024193750000449654,0.002329250000002503,0.002301250000073196,0.0022033340001144097,0.002115834000051109,0.002003416999741603,0.00186600000006365,0.0018303330002709117,0.001715416000024561,0.001609416999599489,0.0015503329996136017,0.0014764999996259576,0.0013350839999475284,0.0012421249998624262,0.0011363749999873107,0.0010352090002925252,0.0009352080001008289,0.0008511249998264248,0.0007382500002677261,0.0006632909999098047,0.000570125000194821,0.00043929200001002755,0.0003516670003591571,0.0002633330000207934,0.00017062500000974978,8.299999990413198e-05,0.0,0.0,0.0,0.0,0.0,0.0,0.0,0.0,0.0,0.0,0.0,0.0,0.0,0.0,0.0,0.0,0.0,0.0,0.0,0.0,0.043488416999935
5,0.00270562500008964,0.0026535840001997713,0.0025564590000612952,0.0024456250002913293,0.002407208000022365,0.002332915999886609,0.0022707499997522973,0.002193792000070971,0.0020901660000163247,0.0020720830002574075,0.0019513749998623098,0.0018935410002995923,0.0017825840000114113,0.0016893329998310946,0.0015567089999422024,0.0013962499997433042,0.0013181670001358725,0.0011953749999520369,0.0010573330000624992,0.0010616250001476146,0.0009780000000318978,0.0008983749999060819,0.0007559579998996924,0.000732375000097818,0.0006320839997897565,0.0005453750000015134,0.0005322500001057051,0.0004250830002092698,0.00032187500028157956,0.000259124999956839,0.0001160000001618755,6.370800019794842e-05,0.0,0.0,0.0,0.0,0.0,0.0,0.0,0.0,0.0,0.0,0.0,0.0,0.0,0.0,0.0,0.0,0.0,0.0,0.044890708001275925
6,0.002635374999954365,0.0025899580000441347,0.0025525830001242866,0.0025245000001632434,0.0024601249997431296,0.002354292000291025,0.002255082999909064,0.0021866669999326405,0.0021065410001028795,0.001967375000276661,0.0018779170000016165,0.0018190830001003633,0.0017179170004055777,0.0015946250000524742,0.00147541700016518,0.0013870830002815637,0.0012675419998231519,0.0012104590000490134,0.001060916000369616,0.0009515410001768032,0.0009930840001288743,0.0008956669998951838,0.0007886250000410655,0.0007133750000321015,0.0006171250001898443,0.0005354579998311237,0.00041533300009177765,0.00031816700038689305,0.00022895899974173517,0.000101582999832317,5.225000040809391e-05,0.0,0.0,0.0,0.0,0.0,0.0,0.0,0.0,0.0,0.0,0.0,0.0,0.0,0.0,0.0,0.0,0.0,0.0,0.0,0.0436546250025458
7,0.0026258329999109264,0.0026033750000351574,0.002565041999787354,0.0024776669997663703,0.0024357080001209397,0.0023851670002841274,0.0022868329997436376,0.0024154169996108976,0.002173958000184939,0.0021275409999361727,0.0020162910000181,0.0019317920000503364,0.0018069160000777629,0.001674750000347558,0.0016503750002812012,0.0015001249998931598,0.001366917000268586,0.001280582999697799,0.0012316249999457796,0.0011227499999222346,0.0010342499999751453,0.0008817499997348932,0.0007993330000317656,0.000698292000379297,0.0005522909996216185,0.0004941249999319552,0.00043333299981895834,0.00030995799988886574,0.00021304199981386773,0.00013991700052429223,0.0,0.0,0.0,0.0,0.0,0.0,0.0,0.0,0.0,0.0,0.0,0.0,0.0,0.0,0.0,0.0,0.0,0.0,0.0,0.0,0.0452349559996037
8,0.00263662499946804,0.0026094579998243717,0.0025646249996498227,0.0025121250000665896,0.0024447499999951106,0.0024198330002036528,0.0022266249998210697,0.0022488750000775326,0.002164541999263747,0.0020917080000799615,0.002096375000292028,0.0018683329999475973,0.001826583999900322,0.0017633749994274694,0.0017159170001832535,0.0015516669991484378,0.0014166250002745073,0.0013166250000722357,0.00118720799946459,0.0010450409999975818,0.0009179999997286359,0.0008097919999272563,0.0007233750002342276,0.0006255409998630057,0.0005463750003400492,0.00044354100009513786,0.0003500000002532033,0.0002840830002242001,0.00019041700033994857,6.033299996488495e-05,0.0,0.0,0.0,0.0,0.0,0.0,0.0,0.0,0.0,0.0,0.0,0.0,0.0,0.0,0.0,0.0,0.0,0.0,0.0,0.0,0.04465837299812847
9,0.0026390419998278958,0.0025954169996111887,0.0025588329999663983,0.002516124999601743,0.002419791999273002,0.002344542000173533,0.002261083000121289,0.002155958999537688,0.0021450000003824243,0.0021158749996175175,0.0021315419999154983,0.001980333000574319,0.0018399579994365922,0.0017094169998017605,0.0016084170001704479,0.0014489169998341822,0.0014223750004020985,0.0013128749997122213,0.001178375000563392,0.0010411670000394224,0.000901209000403469,0.0008384579996345565,0.000862458000483457,0.0007860409996283124,0.0006995830008236226,0.0005576250005105976,0.0005198329999984708,0.00039737500082992483,0.00028491699958976824,0.0001906670004245825,7.387499954347732e-05,0.0,0.0,0.0,0.0,0.0,0.0,0.0,0.0,0.0,0.0,0.0,0.0,0.0,0.0,0.0,0.0,0.0,0.0,0.0,0.04553708500043285
10,0.0026149170007556677,0.0026247910000165575,0.0025578750000931905,0.0024890409995350637,0.002417083000182174,0.0023555409998152754,0.0023114169998734724,0.002207708000241837,0.0021133750005901675,0.0020708749998448184,0.0019739999997909763,0.0019198330001017894,0.0017674999999144347,0.001570166999954381,0.0014629580000473652,0.001367124999887892,0.0012831659996663802,0.001223167000716785,0.0011099160001322161,0.0010078339992105612,0.0009195830007229233,0.0008384579996345565,0.0007920830003058654,0.0006595419999939622,0.0006105829997977708,0.00046712499988643685,0.0003859590005959035,0.00025012500009324867,0.00018283299959875876,7.287500011443626e-05,0.0,0.0,0.0,0.0,0.0,0.0,0.0,0.0,0.0,0.0,0.0,0.0,0.0,0.0,0.0,0.0,0.0,0.0,0.0,0.0,0.04362745500111487
11,0.0026703749999796855,0.0026123749994440004,0.0025510420000500744,0.0024676670000189915,0.002465249999659136,0.0024059580000539427,0.0023190829997474793,0.0022444169999289443,0.0021837499998582643,0.002151166999283305,0.0020783749996553524,0.0019786659995588707,0.0018572079998193658,0.0017544580005051102,0.0016695829999662237,0.0015596670000377344,0.0014397080003618612,0.0013196669997341814,0.0012280000000828295,0.0010928749998129206,0.001004833000479266,0.0008900829998310655,0.0007969170001160819,0.0006966250002733432,0.0005727080006181495,0.00044224999965081224,0.00041120799960481236,0.0003122079997410765,0.00022133299989945954,0.0001067080002030707,0.00010012499933509389,0.0,0.0,0.0,0.0,0.0,0.0,0.0,0.0,0.0,0.0,0.0,0.0,0.0,0.0,0.0,0.0,0.0,0.0,0.0,0.045604288997310505
12,0.0026394169999548467,0.0026041669998448924,0.002495708999958879,0.002478583000083745,0.0024372500001845765,0.0023632920001546154,0.0023038330000417773,0.002223833999778435,0.002199583000219718,0.0020558750002237502,0.001915875000122469,0.0018089579998559202,0.0016935000003286405,0.0015434580000146525,0.001463459000660805,0.001351375000012922,0.0012890829993921216,0.0011821250000139116,0.0010565829998085974,0.0010763330001282156,0.0009740420000525774,0.0008449169999948936,0.0007998330002010334,0.0007536250004704925,0.0006585000000995933,0.0005554159997700481,0.0004665000005843467,0.0003619169992816751,0.0002128750002157176,0.00010945800022454932,6.324999958451372e-05,0.0,0.0,0.0,0.0,0.0,0.0,0.0,0.0,0.0,0.0,0.0,0.0,0.0,0.0,0.0,0.0,0.0,0.0,0.0,0.04398262500126293
13,0.002643374999934167,0.002605624999887368,0.0025331670003652107,0.0024890000004234025,0.002413749999504944,0.002384333999543742,0.00229108300027292,0.00224558399986563,0.002217999999629683,0.0021310829997673864,0.001966666000043915,0.0018312920001335442,0.0017692080000415444,0.0016571670003031613,0.0015294160002667923,0.001471874999879219,0.0013659159994858783,0.001299000000472006,0.0011916670000573504,0.0010778329997265246,0.0010014999998020357,0.000895166999725916,0.0008052499997575069,0.0006768330003978917,0.0005828339999425225,0.0004424170001584571,0.00035312499949213816,0.0002642919998834259,0.0001536250001663575,0.00013454199961415725,0.0,0.0,0.0,0.0,0.0,0.0,0.0,0.0,0.0,0.0,0.0,0.0,0.0,0.0,0.0,0.0,0.0,0.0,0.0,0.0,0.0444246259985448
14,0.0026391250003143796,0.002577457999905164,0.002494458999535709,0.0024754579999353155,0.0024512079999112757,0.0023722079995422973,0.0022871669998494326,0.0021970410007270402,0.0020711669994852855,0.0019718749999810825,0.0019368749999557622,0.0018522079999456764,0.0017597500000192667,0.0016536670000277809,0.0016000000005078618,0.0015209169996523997,0.001472457999625476,0.0013541250000344007,0.0012459999998100102,0.0011702920000971062,0.0010342499999751453,0.0009017089996632421,0.000803042000370624,0.0006529169995701523,0.0005436250003185705,0.0004405839999890304,0.0003481660005490994,0.0002630419994602562,0.0001735420000841259,8.616699960839469e-05,0.0,0.0,0.0,0.0,0.0,0.0,0.0,0.0,0.0,0.0,0.0,0.0,0.0,0.0,0.0,0.0,0.0,0.0,0.0,0.0,0.044350501998451364
15,0.0026550829998086556,0.0025980829996115062,0.0025658329996076645,0.0024923749997469713,0.0024457079998683184,0.0023711670000921004,0.0022341250005410984,0.0021400419991550734,0.002089708999847062,0.002034582999840495,0.0019965419996879064,0.0018571669997982099,0.0017638330000409042,0.0016615419999652659,0.0015872089998083538,0.00148816699947929,0.0013575419998232974,0.0012660419997700956,0.0011841670002468163,0.0011327920001349412,0.0010184160000790143,0.0009054999991349177,0.0007985829997778637,0.0007030830001895083,0.0005763339995610295,0.00043850000110978726,0.00041104199954133946,0.00032912500137172174,0.0002512079990992788,0.00013108399980410468,6.420899990189355e-05,0.0,0.0,0.0,0.0,0.0,0.0,0.0,0.0,0.0,0.0,0.0,0.0,0.0,0.0,0.0,0.0,0.0,0.0,0.0,0.044548794996444485
16,0.002619708000565879,0.002563124999142019,0.002540958999816212,0.0025026250004884787,0.0024019590000534663,0.00229975000002014,0.002262874999360065,0.002218374998847139,0.0021204170006967615,0.0020174580004095333,0.0019280410015198868,0.0018799170011334354,0.001801500000510714,0.0016850829997565597,0.001603166001586942,0.001506458998846938,0.0014038749995961552,0.0012783750007656636,0.001137624998591491,0.0010549590006121434,0.0009214169986080378,0.0008382500000152504,0.000727459000700037,0.0006086249995860271,0.0006261670005187625,0.0005038340004830388,0.0004585840015352005,0.00036712499968416523,0.00025783399905776605,0.00013424999997369014,0.0,0.0,0.0,0.0,0.0,0.0,0.0,0.0,0.0,0.0,0.0,0.0,0.0,0.0,0.0,0.0,0.0,0.0,0.0,0.0,0.0442697960024816
17,0.002627625000968692,0.0026000839989137603,0.0025450420016568387,0.002502125000319211,0.002455583000482875,0.0024115839987643994,0.002283915999214514,0.0021851249985047616,0.002124208000168437,0.0021299590007402003,0.002040042001681286,0.0019496659988362808,0.0018223749993921956,0.0017253749992960365,0.001576459000716568,0.0014894579999236157,0.0014368749998538988,0.0013410829997155815,0.0012373329991532955,0.0010874159997911192,0.0009714170009829104,0.0008552079998480622,0.0007852500002627494,0.000723916999049834,0.0006395000000338769,0.000502416000017547,0.0003582499994081445,0.0002804159994411748,0.00016070800120360218,7.233399992401246e-05,0.0,0.0,0.0,0.0,0.0,0.0,0.0,0.0,0.0,0.0,0.0,0.0,0.0,0.0,0.0,0.0,0.0,0.0,0.0,0.0,0.04492074899826548
18,0.0026274580013705418,0.002590542000689311,0.002529916000639787,0.002507167000658228,0.002442708999296883,0.0023287500007427298,0.0022832080012449296,0.0022326670004986227,0.002132375000655884,0.002014499999859254,0.0019319580005685566,0.0018436669997754507,0.001750583000102779,0.0016580419996898854,0.0015339170004153857,0.0014348339991556713,0.0013109159990563057,0.0012195420003990876,0.001144374999057618,0.001013208000586019,0.0009117079989664489,0.0007704170002398314,0.0007778340004733764,0.0007322910005314043,0.0006550409998453688,0.0004854159997194074,0.00048116600009961985,0.00036424999962036964,0.0003189999988535419,0.0002968340013467241,0.00017395800023223273,0.00012720800077659078,0.0,0.0,0.0,0.0,0.0,0.0,0.0,0.0,0.0,0.0,0.0,0.0,0.0,0.0,0.0,0.0,0.0,0.0,0.044625457005167846
19,0.002645999999003834,0.0026227920006931527,0.002553624999563908,0.002503166999304085,0.0024000419998628786,0.002345499999137246,0.002317749998837826,0.0022652909992757486,0.002234416999272071,0.002185499999541207,0.0020725839985971106,0.0019731249994947575,0.0018762909985525766,0.0017617920002521714,0.0017171670006064232,0.0016271669992420357,0.0015134999994188547,0.0014051660000404809,0.001310541998464032,0.00123150000035821,0.001064334001057432,0.0009753329995874083,0.000895249999302905,0.0007755839997116709,0.0006526249999296851,0.0005375000000640284,0.0003946249998989515,0.00028095800007577054,0.00016870799845492002,6.387499888660386e-05,0.0,0.0,0.0,0.0,0.0,0.0,0.0,0.0,0.0,0.0,0.0,0.0,0.0,0.0,0.0,0.0,0.0,0.0,0.0,0.0,0.046371709986487986
20,0.0026670409988582833,0.0025984999992942903,0.002566875000411528,0.002509666999685578,0.0024465829992550425,0.0023921659994812217,0.0023023329995339736,0.002185583000027691,0.00215987500087067,0.002040875000602682,0.001999624999371008,0.001957291000508121,0.0018319579994567903,0.0016699160005373415,0.0015791660007380415,0.0014159579986881,0.0013195409992476925,0.0012385420013742987,0.0011128750011266675,0.0009850419992289972,0.0008625420014141127,0.000850791999255307,0.0007421250011248048,0.0007249589998536976,0.0006197080001584254,0.0005574999995587859,0.00043200000072829425,0.0003851249985018512,0.00029108300077496096,0.00016762499944888987,5.633300133922603e-05,0.0,0.0,0.0,0.0,0.0,0.0,0.0,0.0,0.0,0.0,0.0,0.0,0.0,0.0,0.0,0.0,0.0,0.0,0.0,0.044669204000456375
21,0.002673708000656916,0.0025753749996511033,0.002531207999709295,0.0024441250006930204,0.0023943329997564433,0.00234620799892582,0.0022925000012037344,0.0022155830010888167,0.002116834000844392,0.0020400829998834524,0.001999000000068918,0.001909999999043066,0.001780665999831399,0.0016708749990357319,0.0015725419998489087,0.001408749998518033,0.0012896249991172226,0.0011813330002041766,0.0011276660006842576,0.0010269999984302558,0.0009310410005127778,0.0008293329992739018,0.0007259590001922334,0.0006302499987214105,0.000532541000211495,0.0004817910012206994,0.00039149999975052197,0.0002962079997814726,0.00017341599959763698,5.5124999562394805e-05,0.0,0.0,0.0,0.0,0.0,0.0,0.0,0.0,0.0,0.0,0.0,0.0,0.0,0.0,0.0,0.0,0.0,0.0,0.0,0.0,0.04364457799601951
22,0.0026490410000405973,0.002582708000772982,0.0025089169994316762,0.0024672500003362074,0.002417542000330286,0.00231266599985247,0.0022486249999928987,0.0021898750001128064,0.0021806250006193295,0.0021305419995769626,0.0019919170008506626,0.001950584000951494,0.0018749169994407566,0.0017499170007795328,0.0016984160010906635,0.0015870000006543705,0.001470875000450178,0.0013734999993175734,0.0012387499991746154,0.0011784999987867195,0.0010631250006554183,0.0009604579990991624,0.0008326669994858094,0.0007191659988166066,0.0005892499993933598,0.0004888340008619707,0.0003421669989620568,0.0003257909993408248,0.0002168749997508712,0.00013483399925462436,0.0,0.0,0.0,0.0,0.0,0.0,0.0,0.0,0.0,0.0,0.0,0.0,0.0,0.0,0.0,0.0,0.0,0.0,0.0,0.0,0.04547533399818349
23,0.002642833000209066,0.0025737089999893215,0.0025217919992428506,0.0024843339997460134,0.0024044580004556337,0.0023379590002150508,0.0022750829994038213,0.002226499998869258,0.0021977500000502914,0.002096500000334345,0.001992374998735613,0.0018895829998655245,0.0017841249991761288,0.001660500000070897,0.0015953340007399675,0.0014330410012917127,0.001291000000492204,0.0012281670005904743,0.0011159999994561076,0.0010160830006498145,0.0008912499997677514,0.0007787079994159285,0.0007926660000521224,0.0006377500012604287,0.0006617909984925063,0.0006076669997128192,0.0004211670002405299,0.00037066699951537885,0.000348374998793588,0.0003350409988343017,0.00025495900081295986,0.0,0.0,0.0,0.0,0.0,0.0,0.0,0.0,0.0,0.0,0.0,0.0,0.0,0.0,0.0,0.0,0.0,0.0,0.0,0.04486716699648241
24,0.0026409999991301447,0.002594874998976593,0.002531500000259257,0.002494874999683816,0.002412499999991269,0.0024070830004347954,0.0023230000006151386,0.0021153750003577443,0.0019946659995184746,0.001951792000909336,0.0018698329986364115,0.0017870000010589138,0.001660916999753681,0.001557874998979969,0.0014232909998099785,0.001329417000306421,0.001238708000528277,0.0011827500002254965,0.00117333299931488,0.001089749999664491,0.0009687500005384209,0.0009007919998111902,0.0009570000001986045,0.0008427920001849998,0.0007812500007275958,0.0007020409993856447,0.0005287919993861578,0.00044395799886842724,0.00038108300032035913,0.00028812500022468157,0.00019529100063664373,7.383299998764414e-05,0.0,0.0,0.0,0.0,0.0,0.0,0.0,0.0,0.0,0.0,0.0,0.0,0.0,0.0,0.0,0.0,0.0,0.0,0.04484324699842546
25,0.0026529590013524285,0.0026065830006700708,0.0025482499986537732,0.0025641660013207,0.0024169579992303625,0.0023672080005781027,0.002328624999790918,0.00226841699986835,0.0022278750002442393,0.0021715420007240027,0.0020857500003330642,0.001965375000509084,0.0018797499997162959,0.0017799159995774971,0.0016745000011724187,0.0015610409991495544,0.0014128750008239876,0.0013423749987850897,0.0012672499997279374,0.0011761249988921918,0.0010738750006566988,0.0009771660006663296,0.000873249999131076,0.0007775829999445705,0.0006249160014704103,0.0005559999990509823,0.0004109580004296731,0.0003007079994858941,0.00019283399888081476,7.008300053712446e-05,0.0,0.0,0.0,0.0,0.0,0.0,0.0,0.0,0.0,0.0,0.0,0.0,0.0,0.0,0.0,0.0,0.0,0.0,0.0,0.0,0.04615491300137364
26,0.0026489579995541135,0.002590750000308617,0.0024621669999760343,0.002445583000735496,0.0024091660015983507,0.0023630409996258095,0.0023028340001474135,0.002223999999841908,0.002122166000845027,0.002095959000143921,0.0019557499999791617,0.0018430420004733605,0.0017712079988996265,0.001741292000588146,0.0016696250004315516,0.0015240829998219851,0.0014167909994284855,0.0013262920001579914,0.0011859170008392539,0.0010537920006754575,0.000984833999609691,0.0008903750003810273,0.0007466670012945542,0.0007168749998527346,0.0005977500004519243,0.0004775420002260944,0.0003602919987315545,0.00033849999999802094,0.00024237499928858597,0.00011608400018303655,6.358300015563145e-05,0.0,0.0,0.0,0.0,0.0,0.0,0.0,0.0,0.0,0.0,0.0,0.0,0.0,0.0,0.0,0.0,0.0,0.0,0.0,0.044687293004244566
27,0.0026554579999356065,0.0026216249989374774,0.0025419579997105757,0.0024520420010958333,0.0023785829998814734,0.0023300000011658994,0.0023029160001897253,0.0021688329998141853,0.002192040999943856,0.0020843330003117444,0.0019429170006333152,0.001826874999096617,0.0017937079992407234,0.0017046249995473772,0.0015722909993201029,0.0014474590007012011,0.0014147080000839196,0.0013098750005156035,0.0011783330010075588,0.0011109580009360798,0.0010124999989784556,0.0009043749996635597,0.000785375001214561,0.0006532909992529312,0.0005132919995958218,0.0005043340006523067,0.0004171660002612043,0.0003313750003144378,0.00022741599968867376,0.00012250000145286322,7.608299893036019e-05,0.0,0.0,0.0,0.0,0.0,0.0,0.0,0.0,0.0,0.0,0.0,0.0,0.0,0.0,0.0,0.0,0.0,0.0,0.0,0.04457724500207405
28,0.002650291000463767,0.002616083998873364,0.002539375000196742,0.0025064999990718206,0.002387333001024672,0.0023705839994363487,0.0022960419992159586,0.002278165999086923,0.002264249998916057,0.0020728749987029005,0.001964250001037726,0.0017333750001853332,0.0016335420004907064,0.0015508750002481975,0.0014867079989926424,0.0013716249995923135,0.0013362499994400423,0.001241165999090299,0.0011374589994375128,0.0010317079995729728,0.0009247919988411013,0.0007797090001986362,0.0007652089989278466,0.0006965419997868594,0.0005716659998142859,0.0005112090002512559,0.0003854590013361303,0.00041037499977392145,0.00029516699942178093,0.00017833299898484256,6.479200055764522e-05,0.0,0.0,0.0,0.0,0.0,0.0,0.0,0.0,0.0,0.0,0.0,0.0,0.0,0.0,0.0,0.0,0.0,0.0,0.0,0.044051710990970605
29,0.0026413329997012625,0.00258383300024434,0.0025366659992869245,0.002500500000678585,0.002410708000752493,0.002393709000898525,0.0023747920004097978,0.002241332998892176,0.0021873340010643005,0.0021662079998350237,0.0021247909990051994,0.0020184579989290796,0.0019154580004396848,0.0017988750005315524,0.0017096669998863945,0.0016136670001287712,0.0014678330007882323,0.0013919169996370329,0.0012426249995769467,0.0011455420008132933,0.0010539169998082798,0.0009754160000738921,0.0008695829983480508,0.0007455420000042068,0.0006139170000096783,0.0004967500008206116,0.00039620799907424953,0.00027100000079371966,0.0001564169997436693,0.00011174999963259324,5.795899960503448e-05,0.0,0.0,0.0,0.0,0.0,0.0,0.0,0.0,0.0,0.0,0.0,0.0,0.0,0.0,0.0,0.0,0.0,0.0,0.0,0.0462137079994136
30,0.002639124999404885,0.0025855000003502937,0.0025065829995583044,0.0024713750008231727,0.002390249999734806,0.002320957999472739,0.0023720419994788244,0.002257167001516791,0.0021647080011462094,0.002070291000563884,0.0019784579999395646,0.001939666999533074,0.0018380839992460096,0.0017293330001848517,0.0016805830000521382,0.0015696659993409412,0.0013521670007321518,0.0012475410003389698,0.0012168329994892702,0.001095625000743894,0.0010220840013062116,0.0008787910010141786,0.0008230829989770427,0.0007279580004251329,0.000579708999794093,0.00046795799971732777,0.0003483750006125774,0.0002693330006877659,0.00017512500016891863,5.612499990093056e-05,0.0,0.0,0.0,0.0,0.0,0.0,0.0,0.0,0.0,0.0,0.0,0.0,0.0,0.0,0.0,0.0,0.0,0.0,0.0,0.0,0.044774497004254954
31,0.002787333000014769,0.0026434169994900003,0.0025760829994396772,0.0025230420014850097,0.0024839580000843853,0.0023482910000893753,0.002283750000060536,0.0022553340004378697,0.0021311250002327142,0.002167457998439204,0.0020324170000094455,0.001943708000908373,0.0018190000009781215,0.0016964170026767533,0.0016259580006590113,0.0015271250013029203,0.0014682500004710164,0.001352458002656931,0.001299957999435719,0.0012180420017102733,0.0011413339998398442,0.0010297499975422397,0.0009395830020366702,0.0008179169999493752,0.0007066250000207219,0.000596041001699632,0.0004701670004578773,0.0003528749984980095,0.0002234169987787027,0.00010199999815085903,6.25000029685907e-05,0.0,0.0,0.0,0.0,0.0,0.0,0.0,0.0,0.0,0.0,0.0,0.0,0.0,0.0,0.0,0.0,0.0,0.0,0.0,0.04662533301052463
32,0.0027174589995411225,0.0026315830000385176,0.002568583997344831,0.0025008750017150305,0.002468708000378683,0.002387083997746231,0.002283292000356596,0.0022421670000767335,0.002158416002203012,0.0020810409987461753,0.0020011249980598222,0.0018912499981524888,0.0017637499986449257,0.001648042001761496,0.0015894579992163926,0.0014869160004309379,0.001373666000290541,0.0013222080015111715,0.001238000000739703,0.001144500001828419,0.0010974580000038259,0.0009668330021668226,0.0008506250014761463,0.0007454579972545616,0.0006322500012174714,0.0005232500006968621,0.00039808300061849877,0.0003913330001523718,0.0002914590004365891,0.00018075000116368756,7.508300041081384e-05,0.0,0.0,0.0,0.0,0.0,0.0,0.0,0.0,0.0,0.0,0.0,0.0,0.0,0.0,0.0,0.0,0.0,0.0,0.0,0.04565070600438048
33,0.002682250000361819,0.0026333330024499446,0.002567084000475006,0.002557415999035584,0.0024758330000622664,0.0024344999983441085,0.0023143750004237518,0.002199750000727363,0.0025242090014216956,0.0020345830016594846,0.001945500000147149,0.0018074580002576113,0.0017296250007348135,0.0016697499995643739,0.0015390000007755589,0.0014298749993031379,0.0013374589980230667,0.0012494580005295575,0.0011518749997776467,0.0010423749990877695,0.0009267080022254959,0.0009192920006171335,0.0008415000011154916,0.0006894159996591043,0.0006878330023027956,0.000572208002267871,0.0005339589988579974,0.0004265830029908102,0.00032087500221678056,0.00026937499933410436,0.0002578329986135941,0.00014233299953048117,0.0,0.0,0.0,0.0,0.0,0.0,0.0,0.0,0.0,0.0,0.0,0.0,0.0,0.0,0.0,0.0,0.0,0.0,0.04591362301289337
34,0.0027317909989506006,0.002630999999382766,0.002520499998354353,0.0025319579981442075,0.002471959000104107,0.002348833000723971,0.002322416999959387,0.0022647500009043142,0.0021625830013363156,0.0020426250011951197,0.001968416003364837,0.0019028330025321338,0.0017906250031956006,0.0016878749993338715,0.0015898330020718277,0.00151966699922923,0.001427125000191154,0.0013288749978528358,0.0012713340001937468,0.0011702500014507677,0.0010545420009293593,0.0009510829986538738,0.0008365829999092966,0.0007780830019328278,0.0007045410020509735,0.0006135409967100713,0.0004704159982793499,0.0003594999980123248,0.00025529100093990564,0.00014062500122236088,0.0,0.0,0.0,0.0,0.0,0.0,0.0,0.0,0.0,0.0,0.0,0.0,0.0,0.0,0.0,0.0,0.0,0.0,0.0,0.0,0.04584945400711149
35,0.002706040999328252,0.002609499999380205,0.002573000001575565,0.0024987500000861473,0.0024880419987312052,0.002407750002021203,0.0023378330006380565,0.002232207996712532,0.0021267920019454323,0.002063666001049569,0.0020082079972780775,0.0018159999999625143,0.0016833329973451328,0.0015764169984322507,0.0014697080005134922,0.0014102499990258366,0.0012638750013138633,0.001176082998426864,0.0011548330003279261,0.001123457997891819,0.001031874999171123,0.0009357919989270158,0.0008010829988052137,0.0006929579976713285,0.0006470829976024106,0.0006111660004535224,0.0006667919988103677,0.0005369169994082768,0.0,0.0,0.0,0.0,0.0,0.0,0.0,0.0,0.0,0.0,0.0,0.0,0.0,0.0,0.0,0.0,0.0,0.0,0.0,0.0,0.0,0.0,0.0446494129828352
36,0.0027178330019523855,0.0026330420005251653,0.002583749999757856,0.002517707998777041,0.002470749997883104,0.002443208002659958,0.002392082998994738,0.002283874997374369,0.0021814589999848977,0.002106415999151068,0.0020386659998621326,0.0019043749998672865,0.0018337080000492278,0.0016428329981863499,0.0015655419992981479,0.0014839590003248304,0.001419917000021087,0.001343665997410426,0.0012567079975269735,0.0011377499977243133,0.001010708998364862,0.0009509589981462341,0.0008389999966311734,0.0006937079997442197,0.0006162089994177222,0.0004969590008840896,0.0004335829980846029,0.00031524999940302223,0.00024287500127684325,0.0001245420025952626,0.0,0.0,0.0,0.0,0.0,0.0,0.0,0.0,0.0,0.0,0.0,0.0,0.0,0.0,0.0,0.0,0.0,0.0,0.0,0.0,0.04568104198187939
37,0.0027025409981433768,0.002611166000860976,0.0025390830014657695,0.0025031670011230744,0.0024592919980932493,0.002349374997720588,0.0023732910012768116,0.0022413749975385144,0.002215874999819789,0.0021060829967609607,0.002018166000198107,0.0019383750004635658,0.0017782079994503874,0.0016001250005501788,0.0015262909982993733,0.0013715829991269857,0.0012827499995182734,0.0012091249991499353,0.001135582999268081,0.001040291001118021,0.0009304160012106877,0.0008007910000742413,0.0008097080026345793,0.0006866250005259644,0.0006075839992263354,0.0005325419988366775,0.0004481249998207204,0.0003689170007419307,0.0002656659999047406,0.00016729200069676153,6.366600064211525e-05,0.0,0.0,0.0,0.0,0.0,0.0,0.0,0.0,0.0,0.0,0.0,0.0,0.0,0.0,0.0,0.0,0.0,0.0,0.0,0.04468307699426077
38,0.0027036249994125683,0.0026214169993181713,0.0025448750020586886,0.0024889169981179293,0.002462458000081824,0.0024138750013662502,0.002352083000005223,0.002266249997774139,0.0022273750000749715,0.002106750001985347,0.0020700839995697606,0.002020083000388695,0.0018536660027166363,0.0016743339983804617,0.0,0.0,0.0,0.0,0.0,0.0,0.0,0.0,0.0,0.0,0.0,0.0,0.0,0.0,0.0,0.0,0.0,0.0,0.0,0.0,0.0,0.0,0.0,0.0,0.0,0.0,0.0,0.0,0.0,0.0,0.0,0.0,0.0,0.0,0.0,0.0,0.031805792001250666
39,0.0026919579977402464,0.0026227080015814863,0.0025593749996914994,0.0025228340018657036,0.0024645829980727285,0.0023885000009613577,0.0023518749985669274,0.0022569579996343236,0.0021623339998768643,0.002102749996993225,0.0019785830008913763,0.0018586249971122015,0.0017908329973579384,0.0016875830006028991,0.0015899169993645046,0.001452291999157751,0.0014202080019458663,0.0013009590002184268,0.0011878330005856697,0.0011070410000684205,0.001044333002937492,0.0009118339985434432,0.0008499169998685829,0.0007333329995162785,0.0006738340016454458,0.0005553329974645749,0.0004783340009453241,0.00037029200029792264,0.00031112500073504634,0.00021479099814314395,7.958300193422474e-05,0.0,0.0,0.0,0.0,0.0,0.0,0.0,0.0,0.0,0.0,0.0,0.0,0.0,0.0,0.0,0.0,0.0,0.0,0.0,0.045720457994320896
40,0.0027121249986521434,0.0026330420005251653,0.0025592090023565106,0.002478665999660734,0.0024429999975836836,0.002393250000750413,0.00234295900008874,0.002257209001982119,0.002079333000438055,0.0019856250000884756,0.0019407910003792495,0.0018764580017887056,0.001762667001457885,0.0016883749995031394,0.0015715419976913836,0.0014646660019934643,0.001346667002508184,0.0012825000012526289,0.0011987500001851004,0.0011396660011087079,0.0009919170006469358,0.000899292001122376,0.0008217920003517065,0.0007086250006977934,0.0006215419998625293,0.0004917499973089434,0.000446541998826433,0.0003217090015823487,0.00023058300212142058,0.00012379199688439257,0.0,0.0,0.0,0.0,0.0,0.0,0.0,0.0,0.0,0.0,0.0,0.0,0.0,0.0,0.0,0.0,0.0,0.0,0.0,0.0,0.04481404400939937
41,0.002688500000658678,0.0026222919987048954,0.0025422920007258654,0.002532708997023292,0.0025252500017813873,0.0023710419991402887,0.00230349999765167,0.0021815420004713815,0.0021001669992983807,0.001981792000151472,0.0018725420013652183,0.0017175419998238795,0.0016275000016321428,0.0015973750014381949,0.0015382909987238236,0.0014097919993218966,0.001282082997931866,0.001204291998874396,0.0010973329990520142,0.0010045839990198147,0.0009466249975957908,0.0008656659992993809,0.000765499997214647,0.0006607089999306481,0.0005441670000436716,0.0005569589993683621,0.00047479199929512106,0.0003842089972749818,0.0002717500028666109,0.00023220799994305708,0.00011024999912478961,6.42079976387322e-05,0.0,0.0,0.0,0.0,0.0,0.0,0.0,0.0,0.0,0.0,0.0,0.0,0.0,0.0,0.0,0.0,0.0,0.0,0.04407746298238635
42,0.0027031249992433004,0.002600416999484878,0.0025256249973608647,0.002526249998481944,0.002462042000843212,0.0023849999997764826,0.0022730410018994007,0.0021522499991988298,0.002084750001813518,0.0020163329973001964,0.001960749999852851,0.0019107080006506294,0.0017856669983302709,0.0016955419996520504,0.0015958750009303913,0.0015271659976860974,0.0014560829986294266,0.001295082998694852,0.0012307500001043081,0.0011970000014116522,0.0010894590013776906,0.0009260000006179325,0.0008214170011342503,0.0007287079970410559,0.0005967920005787164,0.0005607919993053656,0.0004533749997790437,0.00032729200029280037,0.0002177499991375953,0.00012154200157965533,0.0,0.0,0.0,0.0,0.0,0.0,0.0,0.0,0.0,0.0,0.0,0.0,0.0,0.0,0.0,0.0,0.0,0.0,0.0,0.0,0.04522658399218926
43,0.002701041001273552,0.002602708998892922,0.0025733330003276933,0.002538042001106078,0.002449958999932278,0.002412290999927791,0.002333625001483597,0.0021860419983568136,0.002161624997825129,0.00207116700039478,0.0019157079987053294,0.0018342500006838236,0.0017534580001665745,0.001647625002078712,0.001534957998956088,0.0014102079985605087,0.0012785420003638137,0.0012756249998346902,0.0011930000000575092,0.0010828750018845312,0.0009821250023378525,0.0009265000007872004,0.0008225829988077749,0.0007172500008891802,0.0006231250008568168,0.0005272500020510051,0.0004416659976413939,0.000362000002496643,0.0002831249985320028,0.00017662500249571167,6.387499888660386e-05,0.0,0.0,0.0,0.0,0.0,0.0,0.0,0.0,0.0,0.0,0.0,0.0,0.0,0.0,0.0,0.0,0.0,0.0,0.0,0.0448822070065944
44,0.002712792000238551,0.002640875001816312,0.0025732079993758816,0.0025219589988410007,0.00242962500124122,0.002408666001429083,0.002324624998436775,0.0022580419972655363,0.0021665840031346306,0.002041624997218605,0.0019934579977416433,0.0019247919990448281,0.001804457999242004,0.0017125410013250075,0.0016055829983088188,0.0015243330017256085,0.001439625000784872,0.0013266659989312757,0.0012674170029640663,0.0011759160006477032,0.001071416998456698,0.0009599160002835561,0.000897083999007009,0.0008077909988060128,0.0007182910012488719,0.0006108339985075872,0.00044783400153391995,0.0003294589987490326,0.00021724999896832742,0.00011462499969638884,0.0,0.0,0.0,0.0,0.0,0.0,0.0,0.0,0.0,0.0,0.0,0.0,0.0,0.0,0.0,0.0,0.0,0.0,0.0,0.0,0.046027290994970826
45,0.0026793749966600444,0.00261112500083982,0.0025674999997136183,0.0025122080005530734,0.0024735840015637223,0.0024073750028037466,0.002349334001337411,0.002285624999785796,0.0022341249969031196,0.002095042000291869,0.0020193749987811316,0.001956749998498708,0.001858374998846557,0.0017858330029412173,0.0016511659996467642,0.0015711250016465783,0.0014871670027787331,0.0013334579998627305,0.0012485840015870053,0.0011444159972597845,0.001043915999616729,0.0009282499995606486,0.0008263339987024665,0.0007358340008067898,0.0006434999995690305,0.000544457998330472,0.0004607499977282714,0.00031608299832441844,0.00023950000104377978,0.0001331249986833427,0.0,0.0,0.0,0.0,0.0,0.0,0.0,0.0,0.0,0.0,0.0,0.0,0.0,0.0,0.0,0.0,0.0,0.0,0.0,0.0,0.04614329199466738
46,0.002783625001029577,0.0026012499984062742,0.0025314999984402675,0.0025217079964932054,0.0024559170014981646,0.002356958997552283,0.0022622920005233027,0.0021632079988194164,0.002056417000858346,0.0020134999977017287,0.0019008750023203902,0.001784167001460446,0.0017499169989605434,0.0016437090016552247,0.0015111669999896549,0.001410999997460749,0.0012785840008291416,0.001252375001058681,0.0011039159981010016,0.0010612919977575075,0.0009401249990332872,0.0008401250015594997,0.0007626250007888302,0.0006849160017736722,0.0005999169989081565,0.0005275000003166497,0.00043729199751396663,0.0003416660001676064,0.000219666999328183,0.00012408299880917184,0.0,0.0,0.0,0.0,0.0,0.0,0.0,0.0,0.0,0.0,0.0,0.0,0.0,0.0,0.0,0.0,0.0,0.0,0.0,0.0,0.04392129398911493
47,0.002683958002307918,0.0026159999979427084,0.0025992499977292027,0.0025237500012735836,0.0024484589994244743,0.0023678340003243648,0.002327833000890678,0.002344874999835156,0.0022255420008150395,0.002118791002430953,0.001961292000487447,0.0018735839985311031,0.0017809580022003502,0.0016900419977901038,0.0015274580000550486,0.0014475420030066743,0.0013218330022937153,0.0012538750015664846,0.0011385840007278603,0.001013916997180786,0.0009653750021243468,0.0008622500026831403,0.0007184160022006836,0.0007631249973201193,0.0006142499987618066,0.0005627079990517814,0.00047654200170654804,0.0003950420032197144,0.0002897500016842969,0.0001645419979467988,9.195899838232435e-05,0.0,0.0,0.0,0.0,0.0,0.0,0.0,0.0,0.0,0.0,0.0,0.0,0.0,0.0,0.0,0.0,0.0,0.0,0.0,0.04516933601189521
48,0.0027435830015747342,0.002622459000122035,0.0025724170009198133,0.0025085000015678816,0.0024493749988323543,0.002365000000281725,0.002348541998799192,0.002271542001835769,0.0022350420003931504,0.002154832996893674,0.0021110830020916183,0.0020012910026707686,0.001884957997390302,0.001773457999661332,0.0017169999991892837,0.0015587500020046718,0.0014382080007635523,0.0013083750018267892,0.0012116249999962747,0.0011141249997308478,0.0010579589979897719,0.0009447499978705309,0.0008172080015356187,0.0007220410006993916,0.0006080829989514314,0.0004822919981961604,0.0004242080030962825,0.0003938750014640391,0.00036425000143935904,0.0002820840018102899,0.000185500000952743,7.795800047460943e-05,0.0,0.0,0.0,0.0,0.0,0.0,0.0,0.0,0.0,0.0,0.0,0.0,0.0,0.0,0.0,0.0,0.0,0.0,0.046750374011026
49,0.002733708002779167,0.0026451669982634485,0.0025428339977224823,0.0025304580012743827,0.0025076669990085065,0.0023619580024387687,0.002369916001043748,0.0023519169990322553,0.0021683750019292347,0.002082582999719307,0.0020350420018075965,0.0018657079999684356,0.001825665996875614,0.0018115829989255872,0.0017157080001197755,0.0015881250001257285,0.0014425000008486677,0.001370917001622729,0.0012762920014210977,0.001181334002467338,0.0011553339973033872,0.00106158399648848,0.0009217079968948383,0.0007949169994390104,0.0007051669999782462,0.0005998750020808075,0.0004697920012404211,0.00034329200207139365,0.0002504999974917155,0.00014620799993281253,8.083300053840503e-05,0.0,0.0,0.0,0.0,0.0,0.0,0.0,0.0,0.0,0.0,0.0,0.0,0.0,0.0,0.0,0.0,0.0,0.0,0.0,0.04693666800085339
50,0.0028068329993402585,0.0026560409969533794,0.002575208000052953,0.0025054160032595973,0.0024771249991317745,0.0024655409979459364,0.0023684159968979657,0.002265416998852743,0.002185749999625841,0.0020898330003547017,0.0020165829992038198,0.0019070420021307655,0.0018238330012536608,0.0017027080029947683,0.0016573749999224674,0.0015707089987699874,0.0014337499997054692,0.0013396670001384337,0.001214584000990726,0.0011840000006486662,0.0010811669999384321,0.000992833996861009,0.000875458001246443,0.0008412909992330242,0.0007139579975046217,0.0005627080026897602,0.00042912500066449866,0.00030054099988774396,0.00029512499895645306,0.00015341700054705143,0.0001233750008395873,0.0,0.0,0.0,0.0,0.0,0.0,0.0,0.0,0.0,0.0,0.0,0.0,0.0,0.0,0.0,0.0,0.0,0.0,0.0,0.04661482999654254
51,0.002769292001175927,0.002655166001204634,0.002579209001851268,0.0025144999999611173,0.0024416249980276916,0.002411790999758523,0.002385750001849374,0.00228320799942594,0.0021787920013593975,0.0021069590002298355,0.0020697500003734604,0.0019192090003343765,0.0018239169985463377,0.0016771249975136016,0.0015632080030627549,0.0014395000034710392,0.0013292920011735987,0.0012798749994544778,0.0011509169999044389,0.0010673750002752058,0.0009548330017423723,0.0008285830008389894,0.0007860000005166512,0.0008484999998472631,0.0006923330001882277,0.0006167920000734739,0.0005095420019642916,0.00042749999920488335,0.0003419999993639067,0.00023620899810339324,0.00012658299965551123,0.0,0.0,0.0,0.0,0.0,0.0,0.0,0.0,0.0,0.0,0.0,0.0,0.0,0.0,0.0,0.0,0.0,0.0,0.0,0.04601533501045196
52,0.0026845829997910187,0.0026307090010959655,0.002595459001895506,0.002564540998719167,0.0024788330010778736,0.0024357080001209397,0.00233841700173798,0.0022816250020696316,0.002268457999889506,0.002187125002819812,0.0019633329975476954,0.0019179999981133733,0.0018069590005325153,0.0016918750006880146,0.0016520419994776603,0.0015722080024715979,0.0014794170019740704,0.001471125000534812,0.0012894159990537446,0.00119658400217304,0.0010656659978849348,0.0009250410003005527,0.0008386669978790451,0.0007742919988231733,0.0006600829983653966,0.0005619579969788902,0.0004346669993537944,0.00033658300162642263,0.0002116249997925479,0.00012479200086090714,0.0,0.0,0.0,0.0,0.0,0.0,0.0,0.0,0.0,0.0,0.0,0.0,0.0,0.0,0.0,0.0,0.0,0.0,0.0,0.0,0.04643979100364959
53,0.0027125410015287343,0.00261254200086114,0.002601749998575542,0.0025117919976764824,0.0024590419998276047,0.0023849589997553267,0.0023408750021189917,0.0022776250007154886,0.002189874998293817,0.002109499997459352,0.0019702919998962898,0.0018769999987853225,0.001781124999979511,0.0016700000014679972,0.0015833750003366731,0.0014872089996060822,0.0013156669992895331,0.001237624997884268,0.0011268749985902105,0.0010487920008017682,0.0009430829995835666,0.0008574169987696223,0.0007566249987576157,0.0006319169988273643,0.0006479170006059576,0.0005059159993834328,0.0004918749982607551,0.0004273330014257226,0.00033837500086519867,0.00023329099713009782,0.00010829099846887402,7.925000318209641e-05,0.0,0.0,0.0,0.0,0.0,0.0,0.0,0.0,0.0,0.0,0.0,0.0,0.0,0.0,0.0,0.0,0.0,0.0,0.04531975098871044
54,0.002729375002672896,0.0027595829997153487,0.0025382079984410666,0.0024749580006755423,0.002411249999568099,0.0023752919987600762,0.0023658339996472932,0.0022817090030002873,0.0021681250000256114,0.002169708001019899,0.002083499999571359,0.001962999998795567,0.0018553749978309497,0.0017512500016891863,0.0016867089980223682,0.001567208000778919,0.001476999997976236,0.001346291999652749,0.0012855419990955852,0.001163875000202097,0.001054291999025736,0.0009440409994567744,0.0008690840004419442,0.0007607089974044356,0.0006405410022125579,0.0005579579992627259,0.0004228750003676396,0.00031554200177197345,0.00023012499877950177,0.00012979099847143516,0.0,0.0,0.0,0.0,0.0,0.0,0.0,0.0,0.0,0.0,0.0,0.0,0.0,0.0,0.0,0.0,0.0,0.0,0.0,0.0,0.04637875099433586
55,0.0027067080009146594,0.002641333001520252,0.0025708749999466818,0.0025464159989496693,0.002479583999956958,0.0024417080021521542,0.0023639580031158403,0.0022532080038217828,0.00217312500171829,0.002089624998916406,0.0020067919977009296,0.0019187500001862645,0.001835957998991944,0.0017337079989374615,0.0016006250007194467,0.0015129580060602166,0.0014112499993643723,0.0012952919933013618,0.0012179170007584617,0.0011561249993974343,0.0010326660049031489,0.0009273330069845542,0.0008432079994236119,0.0007387500008917414,0.0006399160047294572,0.0005633330001728609,0.0004079999998793937,0.00035091600148007274,0.0002455420035403222,0.0001232920039910823,0.0,0.0,0.0,0.0,0.0,0.0,0.0,0.0,0.0,0.0,0.0,0.0,0.0,0.0,0.0,0.0,0.0,0.0,0.0,0.0,0.04582887103242683
56,0.002715832997637335,0.002627875001053326,0.0025517920003039762,0.002479542003129609,0.002400917001068592,0.0023459160001948476,0.0022822079990874045,0.0022293329966487363,0.002161083997634705,0.0020841659934376366,0.0019916669989470392,0.0018345829957979731,0.0017632500021136366,0.0016693330035195686,0.0016139999934239313,0.0015065409970702603,0.0014626670017605647,0.0013389160012593493,0.0012855829991167411,0.001195750002807472,0.0010714580057538114,0.0009662919983384199,0.0008425839987467043,0.0007644170036655851,0.0006203750017448328,0.0005434169943328016,0.00044545799755724147,0.0003300420066807419,0.0002319999985047616,0.00011833300231955945,0.0,0.0,0.0,0.0,0.0,0.0,0.0,0.0,0.0,0.0,0.0,0.0,0.0,0.0,0.0,0.0,0.0,0.0,0.0,0.0,0.045475331993657164
57,0.002709959000640083,0.00259725000069011,0.002576541999587789,0.0024937499983934686,0.002468334001605399,0.0023907080030767247,0.002351207993342541,0.002242000002297573,0.0021704999962821603,0.0020966669981135055,0.002050749993941281,0.0019470839979476295,0.0018779169986373745,0.0017838749990914948,0.0016834160051075742,0.0015328750014305115,0.0014788749977014959,0.0014378749983734451,0.0013270409981487319,0.0012175000010756776,0.0010778750001918525,0.000989084001048468,0.0009054580004885793,0.0007804170018061996,0.0006991659975028597,0.0005951669954811223,0.0004940419967169873,0.00034495799627620727,0.00021379200188675895,0.00010029099939856678,7.704200106672943e-05,0.0,0.0,0.0,0.0,0.0,0.0,0.0,0.0,0.0,0.0,0.0,0.0,0.0,0.0,0.0,0.0,0.0,0.0,0.0,0.0467114179773489
58,0.002725916994677391,0.0026766669980133884,0.002551082994614262,0.00251508299697889,0.002391624999290798,0.0023316250008065253,0.002373417002672795,0.002272459001687821,0.002239290995930787,0.0021701670048059896,0.0020660410009440966,0.001956374995643273,0.0018760840030154213,0.0017661659949226305,0.001692500001809094,0.0015432079962920398,0.0014466660068137571,0.0013666250015376136,0.0012963750050403178,0.0011774160011555068,0.0011181669979123399,0.0009757909938343801,0.000840000000607688,0.0007239170008688234,0.0006104580024839379,0.0004760000010719523,0.00046241599920904264,0.0003394590021343902,0.0002995000031660311,0.0003104169954895042,0.0001720830041449517,6.462500459747389e-05,0.0,0.0,0.0,0.0,0.0,0.0,0.0,0.0,0.0,0.0,0.0,0.0,0.0,0.0,0.0,0.0,0.0,0.0,0.04682762300217291
59,0.0027160829995409586,0.0026230000003124587,0.002611249998153653,0.0025929160037776455,0.002475583001796622,0.002409917004115414,0.002325541994650848,0.00225191699428251,0.0021842499991180375,0.0021030419957241975,0.0020225839980412275,0.0018997499937540852,0.0017957079980988055,0.001729624993458856,0.001683459006017074,0.0015158329988480546,0.001411040997481905,0.0013375420021475293,0.001281124998058658,0.001169709001260344,0.001051916005962994,0.0009746669966261834,0.0008329170013894327,0.0007111669983714819,0.0006172499997774139,0.0004847080053878017,0.000454624998383224,0.0003391250065760687,0.0002851669996744022,0.0002860420063370839,0.00016270900232484564,6.404200394172221e-05,0.0,0.0,0.0,0.0,0.0,0.0,0.0,0.0,0.0,0.0,0.0,0.0,0.0,0.0,0.0,0.0,0.0,0.0,0.04640421100339154
60,0.0027709999994840473,0.0026154170045629144,0.0026193330049864016,0.002525457995943725,0.002439249998133164,0.002412500005448237,0.0023324159992625937,0.002251750003779307,0.0021710420041927136,0.002123457998095546,0.0019882500055246055,0.0018982499968842603,0.0017652499955147505,0.001698874999419786,0.001544499995361548,0.0014673750047222711,0.0013631670008180663,0.0012549999955808744,0.001148584000475239,0.00105733400414465,0.0009669580031186342,0.0008162079975591041,0.0008127499968395568,0.0007589999950141646,0.0006421250000130385,0.0005575839968514629,0.00048554200475336984,0.0003330000035930425,0.0003360839982633479,0.0002280000044265762,0.00012229200365254655,0.0,0.0,0.0,0.0,0.0,0.0,0.0,0.0,0.0,0.0,0.0,0.0,0.0,0.0,0.0,0.0,0.0,0.0,0.0,0.045507752016419545

total time per move x,0.1611899509989243, 0.1568629179999146, 0.15310550399034284, 0.1502112459983138, 0.14644300099480745, 0.14251803901700555, 0.1387663729953914, 0.13407217198994203, 0.12987804400881942, 0.12484062097979631, 0.11960766399505474, 0.12098037298164854, 0.10764045498399355, 0.10126174899698981, 0.0941442470043512, 0.0875805420037068, 0.08146012201166286, 0.07611991599242174, 0.0705169569971531, 0.06511058401247283, 0.05921321002017521, 0.05316645798131958, 0.048010084996803926, 0.04272291398604011, 0.03698691200918347, 0.031166456987762103, 0.025825127992675334, 0.02019487302311518, 0.014341585002512147, 0.008778586004495992, 0.0034391660137771396, 0.0007571650103272987, 0.0, 0.0, 0.0, 0.0, 0.0, 0.0, 0.0, 0.0, 0.0, 0.0, 0.0, 0.0, 0.0, 0.0, 0.0, 0.0, 0.0, 0.0, 2.7069130169809004
number move x executed,60,60,60,60,60,60,60,60,60,60,60,60,60,60,59,59,59,59,59,59,59,59,59,59,59,59,59,59,58,58,32,9,0,0,0,0,0,0,0,0,0,0,0,0,0,0,0,0,0,0,60
average time per move x,0.002686499183315405,0.002614381966665243,0.002551758399839047,0.0025035207666385634,0.0024407166832467906,0.002375300650283426,0.0023127728832565233,0.0022345361998323673,0.002164634066813657,0.0020806770163299387,0.0019934610665842457,0.0020163395496941424,0.0017940075830665593,0.0016876958166164968,0.0015956652034635798,0.0014844159661645219,0.0013806800340959806,0.001290168067668165,0.0011952026609686967,0.001103569220550387,0.001003613729155512,0.0009011264064630437,0.0008137302541831174,0.0007241171862040697,0.000626896813714974,0.0005282450336908831,0.0004377140337741582,0.0003422859834426301,0.0002472687069398646,0.00015135493111199987,0.00010747393793053561,8.412944559192208e-05,0.0,0.0,0.0,0.0,0.0,0.0,0.0,0.0,0.0,0.0,0.0,0.0,0.0,0.0,0.0,0.0,0.0,0.0,0.04511521694968167
std movetime at move x,4.968500894067337e-05,3.121945166715248e-05,2.878294526848263e-05,3.1140364028230116e-05,3.347350651769537e-05,3.809035015417813e-05,4.208530045964113e-05,5.21665092677442e-05,7.292452101038213e-05,6.074355157666918e-05,6.329520804457951e-05,0.0009570809046938075,6.105751986016014e-05,6.609631355835312e-05,0.00022236954502271214,0.0002072711013700728,0.00019493431470192727,0.0001818363992219053,0.00017124542930194064,0.00016011408387397378,0.00014790665471783827,0.00013455595655962552,0.00012071753562842405,0.00011039276183337133,9.747580245361451e-05,8.8467402029651e-05,8.120345913872193e-05,7.009128948703348e-05,7.376983075202993e-05,7.77265963698752e-05,0.00011688470916575547,0.00021446884987683126,0.0,0.0,0.0,0.0,0.0,0.0,0.0,0.0,0.0,0.0,0.0,0.0,0.0,0.0,0.0,0.0,0.0,0.0,0.0022136204199940646,
