Contains move time for player Roxanne; opponent is AlphaBeta6
Colums refer to move number, rows to game number
game,1,2,3,4,5,6,7,8,9,10,11,12,13,14,15,16,17,18,19,20,21,22,23,24,25,26,27,28,29,30,31,32,33,34,35,36,37,38,39,40,41,42,43,44,45,46,47,48,49,50,total
1,0.002534167000000309,0.002508374999999674,0.002506792000001923,0.0024206669999955466,0.00228966699999944,0.0022576249999985976,0.0022605829999946536,0.0021290420000070753,0.002055084000005536,0.0018840000000182044,0.0018060419999983424,0.0016872500000033597,0.0016439999999988686,0.0015491249999968204,0.0014400000000023283,0.0013844579999613416,0.0012951670000234117,0.0012004579999711495,0.0011009170000306767,0.000987291000001278,0.0009059999999863066,0.000798707999990711,0.000807583000039358,0.0006944579999981215,0.0005986250000091786,0.0004959579999876951,0.0003936669999689002,0.000277959000015926,0.00016983299997264112,0.00013970899999549147,6.779199998163676e-05,0.0,0.0,0.0,0.0,0.0,0.0,0.0,0.0,0.0,0.0,0.0,0.0,0.0,0.0,0.0,0.0,0.0,0.0,0.0,0.0422910019999545
2,0.0025547500000016043,0.0025137910000125885,0.002504874999999629,0.0023984590000054595,0.002356167000016285,0.002289666999899964,0.0021815000000060536,0.0020704579999346606,0.0,0.0,0.0,0.0,0.0,0.0,0.0,0.0,0.0,0.0,0.0,0.0,0.0,0.0,0.0,0.0,0.0,0.0,0.0,0.0,0.0,0.0,0.0,0.0,0.0,0.0,0.0,0.0,0.0,0.0,0.0,0.0,0.0,0.0,0.0,0.0,0.0,0.0,0.0,0.0,0.0,0.0,0.018869666999876245
3,0.002572750000013002,0.0025262919999704536,0.002517249999982596,0.00241991699999744,0.0023029589999623568,0.002276958000038576,0.0022361669999781952,0.00226466700007677,0.0021401669999931983,0.002121291000094061,0.001992541999925379,0.0019296250000024884,0.0017575839999608434,0.001637708000089333,0.0015206250000119326,0.0013976660000025731,0.0013112499998442217,0.001241749999962849,0.001103249999914624,0.001004957999839462,0.0009878339999431773,0.0009073329999864654,0.0007901250000941218,0.0007032500000150321,0.0005802080002013099,0.0004747919999772421,0.00037029200007054897,0.00030004099994584976,0.0001774170000317099,7.383299998764414e-05,0.0,0.0,0.0,0.0,0.0,0.0,0.0,0.0,0.0,0.0,0.0,0.0,0.0,0.0,0.0,0.0,0.0,0.0,0.0,0.0,0.043640500999913456
4,0.00258429099994828,0.0025471249998645362,0.0024831250000261207,0.002472832999956154,0.002349833000153012,0.0023349999999027204,0.0022291669999958685,0.00223741600007088,0.002143041999943307,0.0020600000000285945,0.0019306250001136505,0.0018618340000102762,0.0017455830000017158,0.0016382080000312271,0.0015678750000915898,0.0013834999999744468,0.0012887909999790281,0.0012918329998683475,0.0011719999999968422,0.0010267920001751918,0.0009570419999818114,0.0008656669999709266,0.0007546660001480632,0.0006755839999641466,0.0005589999998392159,0.00043266599982416665,0.00034645899995666696,0.0002606250000098953,0.00015820800012988911,5.266700009087799e-05,0.0,0.0,0.0,0.0,0.0,0.0,0.0,0.0,0.0,0.0,0.0,0.0,0.0,0.0,0.0,0.0,0.0,0.0,0.0,0.0,0.04341145700004745
5,0.0026155410000683332,0.0025425420001283783,0.002512249999881533,0.0024427920000107406,0.00234204100001989,0.0023178339999958553,0.0022397909999654075,0.002195665999806806,0.002179124999884152,0.0020507500000803702,0.0019237079998219997,0.001828750000186119,0.001752915999986726,0.0016670420000082231,0.0016201670000555168,0.0014673329997094697,0.0014012080000611604,0.0012599589999808813,0.0011395410001568962,0.001074750000043423,0.0009412500003236346,0.000823333999960596,0.0007315420002669271,0.000615750000179105,0.0005980420000923914,0.0005120420000821468,0.0004295000003367022,0.0002822090000336175,0.00025262500003009336,0.0001662499998928979,7.754099988233065e-05,0.0,0.0,0.0,0.0,0.0,0.0,0.0,0.0,0.0,0.0,0.0,0.0,0.0,0.0,0.0,0.0,0.0,0.0,0.0,0.044003791000932324
6,0.0025542500002302404,0.0025552920001246093,0.0025236670003323525,0.002498917000139045,0.0024055000003500027,0.0023454170000150043,0.0022921249997125415,0.0022500420000142185,0.002180500000122265,0.0021030419998169236,0.0019773330000134592,0.0018959999997605337,0.0018270420000590093,0.0016595839997535222,0.0016189999996640836,0.0015219169999909354,0.0014388330000656424,0.0013546670002142491,0.0012218749998282874,0.0011493339998196461,0.0010482500001671724,0.0008960420000221347,0.000769292000313726,0.000634542000170768,0.0005320830000528076,0.0004264999997758423,0.0003995420001956518,0.0003213750001123117,0.0002534999998715648,0.00012449999985619797,0.0,0.0,0.0,0.0,0.0,0.0,0.0,0.0,0.0,0.0,0.0,0.0,0.0,0.0,0.0,0.0,0.0,0.0,0.0,0.0,0.04477996300056475
7,0.0025673750001260487,0.002526875000057771,0.00247041700004047,0.0024174169998332218,0.002487750000000233,0.0023676249998061394,0.0023532909999630647,0.0021696250000786677,0.0021102080004311574,0.002032249999956548,0.0018962089998240117,0.001844375000018772,0.0017665840000518074,0.0016480419999425067,0.0015611250000802102,0.001420167000105721,0.0013417919999483274,0.0012635419998332509,0.001170792000266374,0.0010504580000088026,0.0009458750000703731,0.0008103749996735132,0.0006865840000500611,0.0006818329998168338,0.0006366659999912372,0.0005148750001353619,0.0004145409998272953,0.0003693339999699674,0.00032925000004979665,0.00023083399992174236,0.000116624999918713,0.0,0.0,0.0,0.0,0.0,0.0,0.0,0.0,0.0,0.0,0.0,0.0,0.0,0.0,0.0,0.0,0.0,0.0,0.0,0.044202710999798
8,0.002567999999882886,0.002516167000067071,0.002541083999858529,0.0024362909998671967,0.0023897500000202854,0.002310917000158952,0.0022323330003928277,0.0021247500003482855,0.0020538329999908456,0.0019491670000206796,0.001877916000012192,0.0018101669998031866,0.0017101670000556624,0.001623000000108732,0.0015600000001541048,0.0014625829999204143,0.0013842919997841818,0.0013166660000933916,0.0011980839999523596,0.0011159169998791185,0.0010250420000375016,0.0009631249999983993,0.0008207079999920097,0.000751167000089481,0.000634665999768913,0.0005447500002446759,0.00040770899977360386,0.00028370900008667377,0.00017283299985138,0.00012279199972908827,0.0,0.0,0.0,0.0,0.0,0.0,0.0,0.0,0.0,0.0,0.0,0.0,0.0,0.0,0.0,0.0,0.0,0.0,0.0,0.0,0.04390758499994263
9,0.002571208000063052,0.002530750000005355,0.00249687499990614,0.002422791999833862,0.002402791999884357,0.0023634170001969323,0.002298833000168088,0.002189416999954119,0.002068667000003188,0.0020049589998052397,0.0019247079999331618,0.0018571250002423767,0.0017676669995125849,0.001676666999628651,0.00158491700040031,0.001486832999944454,0.0014028749992576195,0.0012375420001262682,0.0011739999999917927,0.0011269160004303558,0.0009656660004111473,0.0008774999996603583,0.000773834000028728,0.0006457499994212412,0.0005232080002315342,0.0004850840005019563,0.0004721670002254541,0.00037812500067957444,0.0003098340002907207,0.00017662499976722756,5.837500066263601e-05,0.0,0.0,0.0,0.0,0.0,0.0,0.0,0.0,0.0,0.0,0.0,0.0,0.0,0.0,0.0,0.0,0.0,0.0,0.0,0.04425512800116849
10,0.00256145799994556,0.0025777090004339698,0.0025034999998752028,0.002424917000098503,0.0024071669995464617,0.0023337499997069244,0.002201000000241038,0.002110874999743828,0.0020994579999751295,0.002028750000135915,0.0018836669996744604,0.001787958000022627,0.001688875000581902,0.0016037499999583815,0.0015324999994845712,0.001435666999896057,0.0013386250002440647,0.0012681250000241562,0.001224958999955561,0.0010953749997497653,0.0009952919999705045,0.0008862920003593899,0.000774207999711507,0.0007300830002350267,0.0006431249994420796,0.0005355000002964516,0.0004060830005983007,0.0002917909996540402,0.00019308299943077145,6.349999966914766e-05,0.0,0.0,0.0,0.0,0.0,0.0,0.0,0.0,0.0,0.0,0.0,0.0,0.0,0.0,0.0,0.0,0.0,0.0,0.0,0.0,0.0436270419986613
11,0.002584124999884807,0.0025217920001523453,0.002459249999446911,0.002448457999889797,0.0023842499995225808,0.002299208000295039,0.0023096670001905295,0.0022193750000951695,0.0021466250000230502,0.0020321669999248115,0.0019326669998918078,0.0018195410002590506,0.00173537499995291,0.0016406249997089617,0.001585250000061933,0.0014468750005107722,0.001390916999298497,0.0013117500002408633,0.001263291999748617,0.0011699999995471444,0.0010239590001219767,0.000931874999878346,0.0008212920001824386,0.000781499999902735,0.0006816249997427803,0.0005618329996650573,0.00041604199941502884,0.0003114580003966694,0.00018437500057189027,5.741699987993343e-05,0.0,0.0,0.0,0.0,0.0,0.0,0.0,0.0,0.0,0.0,0.0,0.0,0.0,0.0,0.0,0.0,0.0,0.0,0.0,0.0,0.044472584998402453
12,0.002554667000367772,0.002531666999857407,0.002486250000401924,0.0024565420008002548,0.002380875000199012,0.0022402080003303126,0.0021993749996909173,0.002179125000111526,0.00213491599970439,0.0020509580008365447,0.0020168329992884537,0.001967707999938284,0.0018831659999705153,0.008153957999638806,0.0015797089999978198,0.0015057079999678535,0.0013424580001810682,0.0012504169999374426,0.001126707999901555,0.001023416999487381,0.0009149999996225233,0.000810125000498374,0.0007003339997027069,0.0006238750002012239,0.0005288330003168085,0.000451457999588456,0.0003240000005462207,0.00032308299978467403,0.000218999999560765,0.0001156250000349246,0.0,0.0,0.0,0.0,0.0,0.0,0.0,0.0,0.0,0.0,0.0,0.0,0.0,0.0,0.0,0.0,0.0,0.0,0.0,0.0,0.050075998000465916
13,0.002576165999926161,0.0025131659995167865,0.0024701249994905083,0.002424959000563831,0.002411417000075744,0.002378750000389118,0.002285124999616528,0.002246999999442778,0.0021955840002192417,0.002104416999827663,0.0019882079996023094,0.0019154579995301901,0.0017638749995967373,0.0016126670006997301,0.001502832999904058,0.0014255830001275172,0.0013287909996506642,0.0012722080000457936,0.0011696659994413494,0.0010176670002692845,0.0009915420005199849,0.0008727499998713029,0.0007264579999173293,0.000600583000050392,0.0005995000001348672,0.0005053750001025037,0.0004019170000901795,0.0002834169999914593,0.000270083000032173,0.0001732499995341641,8.558299941796577e-05,0.0,0.0,0.0,0.0,0.0,0.0,0.0,0.0,0.0,0.0,0.0,0.0,0.0,0.0,0.0,0.0,0.0,0.0,0.0,0.044114122997598315
14,0.002576416999545472,0.0025275830003010924,0.0024970419999590376,0.002404874999228923,0.002343082999686885,0.0022952090002945624,0.002264041999296751,0.0021974999999656575,0.002156958999876224,0.0020402090003699414,0.001980916000320576,0.0018130420003217296,0.001781416999619978,0.0016963340003712801,0.0015510419998463476,0.0014384169999175356,0.0013457909999488038,0.0012425419999999576,0.0011157919998368016,0.0010101249999934225,0.0009064999994734535,0.0007934999994176906,0.0007171249999373686,0.000667958000121871,0.0005081250001239823,0.000509250000504835,0.0004154170001129387,0.0002992090003317571,0.00020983299964427715,0.00013012500039621955,0.0,0.0,0.0,0.0,0.0,0.0,0.0,0.0,0.0,0.0,0.0,0.0,0.0,0.0,0.0,0.0,0.0,0.0,0.0,0.0,0.04343537899876537
15,0.00256333299967082,0.002569707999100501,0.0024582920004831976,0.0024291250001624576,0.002373665999584773,0.002314125000339118,0.0021992920001139282,0.0021541249998335843,0.0020219580001139548,0.001893749999908323,0.001818124999772408,0.0017115419996116543,0.0016781249996711267,0.0016001660005713347,0.0015082919999258593,0.0013773339996987488,0.0012466249991121003,0.0012231249984324677,0.0011566249995667022,0.0009982080009649508,0.0008903750003810273,0.0008191659999283729,0.0006687080003757728,0.0006537909994221991,0.0005677499993907986,0.00048629199955030344,0.0004011250002804445,0.00036204200114298146,0.00025183300022035837,0.00013795800077787135,0.0,0.0,0.0,0.0,0.0,0.0,0.0,0.0,0.0,0.0,0.0,0.0,0.0,0.0,0.0,0.0,0.0,0.0,0.0,0.0,0.04253458099810814
16,0.002590459000202827,0.0025272500006394694,0.002449666999382316,0.002426334000119823,0.002360749998842948,0.002351082999666687,0.002258708000226761,0.002195540999309742,0.002101583000694518,0.0019803340001089964,0.0018907090016000438,0.0018755000000965083,0.0017603749984118622,0.0016252500008704374,0.0015475840009457897,0.0014438749985856703,0.001357000001007691,0.0012884999996458646,0.0012559169990709051,0.0010784169990074588,0.0009085830006370088,0.0007891250006650807,0.0007216249996417901,0.0006273330000112765,0.0005318329986039316,0.0004687079999712296,0.00034412499917380046,0.00026987499950337224,0.00016845900063344743,6.724999911966734e-05,0.0,0.0,0.0,0.0,0.0,0.0,0.0,0.0,0.0,0.0,0.0,0.0,0.0,0.0,0.0,0.0,0.0,0.0,0.0,0.0,0.043261751996396924
17,0.0025616670009185327,0.002537541000492638,0.002455167001244263,0.002443874998789397,0.0023472499997296836,0.002313666000191006,0.0022155829992698273,0.002101291000144556,0.0020805830008612247,0.0019883749992004596,0.0018758329988486366,0.0017818749984144233,0.0016785419993539108,0.0015958750009303913,0.0015191250004136236,0.0014257499988161726,0.0013157919984223554,0.001203833999170456,0.0010878339999180753,0.0009630829990783241,0.0008467079987894977,0.0008304999992105877,0.0008474589994875714,0.0007402499995805556,0.0006228750007721828,0.0004906249996565748,0.00039320799987763166,0.00028241699874342885,0.00028083299912395887,0.00015333400006056763,0.0001250829991477076,0.0,0.0,0.0,0.0,0.0,0.0,0.0,0.0,0.0,0.0,0.0,0.0,0.0,0.0,0.0,0.0,0.0,0.0,0.0,0.04310583298865822
18,0.002548124999520951,0.0025355420002597384,0.002442916998916189,0.0024186249993363163,0.0023842919999879086,0.0023081670005922206,0.002241332998892176,0.002140209000572213,0.0020308750008553034,0.0019861670007230714,0.0018187500008934876,0.0017416669998056022,0.0016562500004511094,0.0016424170007667271,0.0015066670002852334,0.0014448750007431954,0.001342875000773347,0.0012492919995565899,0.001138916000854806,0.0010819579983945005,0.0009881250007310882,0.000878415999977733,0.000746583998989081,0.0006690419995720731,0.0005386659995565424,0.00044424999941838905,0.0003329169994685799,0.0003481249987089541,0.00023675000011280645,0.00012387499918986578,0.0,0.0,0.0,0.0,0.0,0.0,0.0,0.0,0.0,0.0,0.0,0.0,0.0,0.0,0.0,0.0,0.0,0.0,0.0,0.0,0.0429666689979058
19,0.0025806659996305825,0.0025425420008104993,0.002499625001291861,0.0024076669997157296,0.0023526250006398186,0.0022812909992353525,0.002210791999459616,0.00222100000064529,0.0021674580002581934,0.0020729159987240564,0.001952708000317216,0.0018395839997538133,0.0016825420007080538,0.0016282500000670552,0.0014606669992645038,0.0013460420013871044,0.0012361669996607816,0.0011235000001761364,0.0010032499994849786,0.0010346670005674241,0.0009312500005762558,0.0008699579993844964,0.0007683340008952655,0.0006452920006267959,0.0006207079986779718,0.0004967080003552837,0.0004967909990227781,0.0004563749989756616,0.0003263750004407484,0.0002133329999196576,0.00011558400001376867,0.0,0.0,0.0,0.0,0.0,0.0,0.0,0.0,0.0,0.0,0.0,0.0,0.0,0.0,0.0,0.0,0.0,0.0,0.0,0.04358466700068675
20,0.002588458000900573,0.0025118329995166278,0.0024655420002090978,0.0024213340002461337,0.002381000000241329,0.002283791000081692,0.0022203749995242106,0.002171000000089407,0.002072375000352622,0.0020215410004311707,0.0019092500006081536,0.001742209000440198,0.0016699170009815134,0.001581792001161375,0.0014706660003867,0.001371834001474781,0.0012332499991316581,0.0011107080008514458,0.001107333999243565,0.00105470899870852,0.0009280840004066704,0.0008378329985134769,0.0007420000001729932,0.0006704170009470545,0.0005888750001759036,0.0005531669994525146,0.0004455840007722145,0.00034425000012561213,0.000232000000323751,9.820800005400088e-05,6.925000161572825e-05,0.0,0.0,0.0,0.0,0.0,0.0,0.0,0.0,0.0,0.0,0.0,0.0,0.0,0.0,0.0,0.0,0.0,0.0,0.0,0.04289858600714069
21,0.002583125000455766,0.0025160829991364153,0.002515791000405443,0.002440209000269533,0.002366582999457023,0.002289042000484187,0.002223792000222602,0.0021684589992219117,0.0020727079991047503,0.001985457998671336,0.0018989579984918237,0.0017989999996643746,0.001690334000159055,0.0016148339982464677,0.0015446669985976769,0.0014837500002613524,0.0013300000009621726,0.0012143340009060921,0.0010959170012938557,0.0010551659997872775,0.0009228340004483471,0.0007895829985500313,0.0007667499994568061,0.0006365420013025869,0.0005105420004838379,0.00047216599887178745,0.0004696670002886094,0.00036516599902824964,0.000309958999423543,0.00021925000146438833,5.966699973214418e-05,0.0,0.0,0.0,0.0,0.0,0.0,0.0,0.0,0.0,0.0,0.0,0.0,0.0,0.0,0.0,0.0,0.0,0.0,0.0,0.04341033599484945
22,0.0025682919986138586,0.002562042000135989,0.0025065829995583044,0.002433790999930352,0.0023588749991176883,0.0022977499993430683,0.0023026670005492633,0.0022507499998027924,0.002103208000335144,0.002029916999163106,0.002006958999118069,0.0017824580008891644,0.0017887920002976898,0.001711208000415354,0.0016242080000665737,0.0015473750008823117,0.0014344579994940432,0.001330291999693145,0.0011845419994642725,0.0010339580003346782,0.0,0.0,0.0,0.0,0.0,0.0,0.0,0.0,0.0,0.0,0.0,0.0,0.0,0.0,0.0,0.0,0.0,0.0,0.0,0.0,0.0,0.0,0.0,0.0,0.0,0.0,0.0,0.0,0.0,0.0,0.03885812499720487
23,0.0025857920009002555,0.0025142920003418112,0.0025055000005522743,0.002460458001223742,0.002381250000325963,0.002260792000015499,0.002197374999013846,0.002223999999841908,0.002138082998499158,0.0021165829984965967,0.002021791999140987,0.001931374999912805,0.0018499589987186482,0.0017266659997403622,0.0015522089997830335,0.0015284580003935844,0.0014462920007645153,0.0012723330000881106,0.0011885410003742436,0.001060165999660967,0.0010232080003333976,0.0009223750003002351,0.0007957919988257345,0.0007080420000420418,0.0005920839994359994,0.00047866599925328046,0.0003647499997896375,0.0002766249999694992,0.0001845419992605457,6.0959000620641746e-05,0.0,0.0,0.0,0.0,0.0,0.0,0.0,0.0,0.0,0.0,0.0,0.0,0.0,0.0,0.0,0.0,0.0,0.0,0.0,0.0,0.04436895899561932
24,0.0025635420006437926,0.0025217089987563668,0.0024172499997803243,0.0023934170003485633,0.002329749999262276,0.002336749999813037,0.002280916998643079,0.002202249999754713,0.002154750000045169,0.0020652910006901948,0.0019694580005307216,0.001875125000879052,0.0018222919989057118,0.0017202920007548528,0.0016292919990519295,0.0013862089999747695,0.0,0.0,0.0,0.0,0.0,0.0,0.0,0.0,0.0,0.0,0.0,0.0,0.0,0.0,0.0,0.0,0.0,0.0,0.0,0.0,0.0,0.0,0.0,0.0,0.0,0.0,0.0,0.0,0.0,0.0,0.0,0.0,0.0,0.0,0.03366829399783455
25,0.0025910829990607454,0.002530499999920721,0.0025103330008278135,0.00243633299942303,0.002307333999851835,0.002344874999835156,0.0022871660003147554,0.002258958000311395,0.002107084001181647,0.0019113329999527195,0.0,0.0,0.0,0.0,0.0,0.0,0.0,0.0,0.0,0.0,0.0,0.0,0.0,0.0,0.0,0.0,0.0,0.0,0.0,0.0,0.0,0.0,0.0,0.0,0.0,0.0,0.0,0.0,0.0,0.0,0.0,0.0,0.0,0.0,0.0,0.0,0.0,0.0,0.0,0.0,0.023284999000679818
26,0.0025507919999654405,0.0025580410001566634,0.0024958750000223517,0.0024195000005420297,0.0023905420002847677,0.0023118749995774124,0.002228167000794201,0.0022211249997781124,0.002114833001542138,0.0020221660015522502,0.0018893329997808905,0.0018152920001739403,0.001674208000622457,0.0015635830004612217,0.0014334999996208353,0.0013928749995102407,0.001267167001060443,0.0012491669986047782,0.0011016249991371296,0.001012916000036057,0.0008992500006570481,0.0008652500000607688,0.0007931669988465728,0.0006848330012871884,0.0006067499998607673,0.00048149999929592013,0.0003500000002532033,0.00027979100013908464,0.00016870899889909197,9.76249993982492e-05,0.0,0.0,0.0,0.0,0.0,0.0,0.0,0.0,0.0,0.0,0.0,0.0,0.0,0.0,0.0,0.0,0.0,0.0,0.0,0.0,0.042939457001921255
27,0.0025641250012995442,0.002516209000532399,0.002470333000019309,0.0024556669995945413,0.0023739580010442296,0.002265916000396828,0.002199208000092767,0.002182625001296401,0.0020675410014519002,0.0020002500004920876,0.0018944160001410637,0.0018471659986971645,0.001826249999794527,0.0016671660014253575,0.0015552500008197967,0.0014847919992462266,0.001409375001458102,0.0012959169998794096,0.0011773339992942056,0.0010852079994947417,0.0010121670002263272,0.000903374999325024,0.0008085000008577481,0.0006932500000402797,0.000593374999880325,0.00047704099961265456,0.0003817910001089331,0.0003025410005648155,0.0001813750004657777,7.625000034749974e-05,0.0,0.0,0.0,0.0,0.0,0.0,0.0,0.0,0.0,0.0,0.0,0.0,0.0,0.0,0.0,0.0,0.0,0.0,0.0,0.0,0.04376837100789999
28,0.0025652500007709023,0.002525666999645182,0.002501791999748093,0.0024608749990875367,0.002368499999647611,0.0023007920008240035,0.002192333000493818,0.002140167000106885,0.002105040999595076,0.002046416999291978,0.0019236249991081422,0.0018311669991817325,0.0017495000010967487,0.001671332998739672,0.0015019589991425164,0.0,0.0,0.0,0.0,0.0,0.0,0.0,0.0,0.0,0.0,0.0,0.0,0.0,0.0,0.0,0.0,0.0,0.0,0.0,0.0,0.0,0.0,0.0,0.0,0.0,0.0,0.0,0.0,0.0,0.0,0.0,0.0,0.0,0.0,0.0,0.0318844179964799
29,0.002566875000411528,0.002539166000133264,0.002486125000359607,0.002443666999170091,0.00234183300017321,0.0022528750014316756,0.0021493330004886957,0.002087625000058324,0.0020361660008347826,0.0019827080013783416,0.001849791999120498,0.0017832909998105606,0.001656499998716754,0.0015361249988927739,0.0013928340013080742,0.0013335420007933863,0.0012620830002560979,0.0011653750007099006,0.0011164579991600476,0.0010153330003959127,0.0009699579986772733,0.0008634170008008368,0.0007482080000045244,0.0006304170001385501,0.0005415420000645099,0.0004682079998019617,0.00038195900015125517,0.0002659169986145571,0.0001412919991707895,0.0001308330010942882,0.0,0.0,0.0,0.0,0.0,0.0,0.0,0.0,0.0,0.0,0.0,0.0,0.0,0.0,0.0,0.0,0.0,0.0,0.0,0.0,0.04213945700212207
30,0.0025819579987000907,0.0025273749997722916,0.0024037920011323877,0.002406291001534555,0.0023565829997096444,0.0023250829999597045,0.002222625000285916,0.0021820840011059772,0.0020800000020244624,0.002001749999180902,0.0019070419984927867,0.0018592910018924158,0.001724459001707146,0.0016571250016568229,0.0015752090002933983,0.0014985420020821039,0.0014135419987724163,0.0012836249989049975,0.0012322080001467839,0.0011428750003688037,0.0010825830031535588,0.0009687919991847593,0.0008637089995318092,0.0007436670020979363,0.0006920000014360994,0.0005437500003608875,0.00044474999958765693,0.00031224999838741496,0.0001915419998113066,6.420900172088295e-05,0.0,0.0,0.0,0.0,0.0,0.0,0.0,0.0,0.0,0.0,0.0,0.0,0.0,0.0,0.0,0.0,0.0,0.0,0.0,0.0,0.04428871101299592
31,0.0025825830016401596,0.002528917000745423,0.0024689589990884997,0.002450375002808869,0.0023792089996277355,0.0022635830027866177,0.0022385830015991814,0.0021788749982079025,0.0020827500011364464,0.001952249996975297,0.0018797500015352853,0.0017896250028570648,0.0016785829975560773,0.0015953330002957955,0.0015584580032736994,0.0014650420016550925,0.0013032919996476267,0.0012408340007823426,0.001132417000917485,0.0010882080023293383,0.0010022499991464429,0.0009055830014403909,0.0007824170024832711,0.0006726250030624215,0.0005966669996269047,0.00046550000115530565,0.000369249999494059,0.00026650000290828757,0.00015483300012419932,0.00010404100248706527,7.75420012359973e-05,0.0,0.0,0.0,0.0,0.0,0.0,0.0,0.0,0.0,0.0,0.0,0.0,0.0,0.0,0.0,0.0,0.0,0.0,0.0,0.043254834028630285
32,0.0025560829999449197,0.002531207999709295,0.002404249997198349,0.0023782079988450278,0.002357458997721551,0.0022771250005462207,0.002280124997923849,0.002206417000707006,0.0021088329995109234,0.0019853330013575032,0.0019223749986849725,0.0018587079975986853,0.0018098750006174669,0.00168633299836074,0.0015827499992155936,0.001375957999698585,0.0012565420001919847,0.0011635420014499687,0.0010606249998090789,0.0009917079987644684,0.0008731660018383991,0.000855791997310007,0.0007050839994917624,0.0006357919992296956,0.0005606250015262049,0.0004274160019122064,0.00039954100066097453,0.00039845900028012693,0.0002872910008591134,0.00017799999841372482,0.0,0.0,0.0,0.0,0.0,0.0,0.0,0.0,0.0,0.0,0.0,0.0,0.0,0.0,0.0,0.0,0.0,0.0,0.0,0.0,0.043114622989378404
33,0.0025722919999680016,0.0025130829999397974,0.002440792002744274,0.002423957997962134,0.0023514579988841433,0.002352083000005223,0.002309457999217557,0.0021168330022192094,0.00199616700047045,0.0018786670007102657,0.0017840840009739622,0.0016576250018260907,0.001563707999594044,0.0015436249996128026,0.0014204580002115108,0.0013240410007711034,0.0012219999989611097,0.0011140420028823428,0.0010455839983478654,0.0010348750001867302,0.0009467920026509091,0.000865624999278225,0.0007453750004060566,0.0007058330011204816,0.0006652499978372362,0.0006295830025919713,0.0006031669981894083,0.0005747079994762316,0.0005547920009121299,0.0005075829976703972,0.0,0.0,0.0,0.0,0.0,0.0,0.0,0.0,0.0,0.0,0.0,0.0,0.0,0.0,0.0,0.0,0.0,0.0,0.0,0.0,0.043463541005621664
34,0.0025604169968573842,0.0025234999993699603,0.002442167002300266,0.0024129170014930423,0.002392499998677522,0.0023360419982054736,0.0022386249984265305,0.002094583000143757,0.002074292002362199,0.0019280839987914078,0.00189387499995064,0.0017468340010964312,0.001692042002105154,0.0016172920004464686,0.0015849579976929817,0.001459375002013985,0.0013647919986397028,0.0013302500010468066,0.0012085000016668346,0.0011731250015145633,0.0010505419995752163,0.0009269160000258125,0.0008167080013663508,0.0007600830031151418,0.0006683329993393272,0.0005241250000835862,0.00045212500117486343,0.00029216700204415247,0.00018908399943029508,7.36659967515152e-05,0.0,0.0,0.0,0.0,0.0,0.0,0.0,0.0,0.0,0.0,0.0,0.0,0.0,0.0,0.0,0.0,0.0,0.0,0.0,0.0,0.04382791900570737
35,0.0025880829998641275,0.002510959002393065,0.00244991699946695,0.0024267910011985805,0.0023993340000743046,0.0023339999970630743,0.0022557500014954712,0.0021587079972960055,0.0020692079997388646,0.001996166000026278,0.001895166999020148,0.0018070000005536713,0.0017065829997591209,0.0015526249990216456,0.001461250001739245,0.0013770830009889323,0.0012878329980594572,0.0012054170001647435,0.0011152079969178885,0.0010410409995529335,0.0009213330013153609,0.0008505419973516837,0.000756875000661239,0.0006219159986358136,0.000526457999512786,0.00043379099952289835,0.0003553749993443489,0.0002456250003888272,0.0001969580007425975,7.729199933237396e-05,0.0,0.0,0.0,0.0,0.0,0.0,0.0,0.0,0.0,0.0,0.0,0.0,0.0,0.0,0.0,0.0,0.0,0.0,0.0,0.0,0.042624287991202436
36,0.0026019169999926817,0.0025262079980166163,0.0024929589999374002,0.0024147500007529743,0.002367249999224441,0.0023333329991146456,0.002253958002256695,0.0022457080012827646,0.002166959002352087,0.002068999998300569,0.0019623749976744875,0.0017809589990065433,0.0017169579987239558,0.0016174160009541083,0.0016381249988626223,0.001554583002871368,0.001403333997586742,0.0014157080004224554,0.0013442920026136562,0.0012055420011165552,0.0010518340022827033,0.0009386659985466395,0.0008080420011538081,0.0006789580002077855,0.0005857079995621461,0.00051299999904586,0.00041487499765935354,0.0002687919986783527,0.000139749998197658,0.00011629200162133202,0.0,0.0,0.0,0.0,0.0,0.0,0.0,0.0,0.0,0.0,0.0,0.0,0.0,0.0,0.0,0.0,0.0,0.0,0.0,0.0,0.04462725099801901
37,0.002569041000242578,0.0025529160011501517,0.0025269999969168566,0.002483584001311101,0.0023540000001958106,0.002320542000234127,0.002209583999501774,0.0022030840009392705,0.0021136670002306346,0.0020237080025253817,0.0019505419986671768,0.0018792499977280386,0.0017747499987308402,0.0017005000008794013,0.001562749999720836,0.0014685829992231447,0.0013864169995940756,0.0013111250009387732,0.0011718329988070764,0.0010243329998047557,0.0009266659981221892,0.0008712079979886767,0.0007670000013604295,0.0006614999983867165,0.0005710840014216956,0.0005157079976925161,0.00037495800279430114,0.00026883400278165936,0.00017416700211470015,6.70000008540228e-05,0.0,0.0,0.0,0.0,0.0,0.0,0.0,0.0,0.0,0.0,0.0,0.0,0.0,0.0,0.0,0.0,0.0,0.0,0.0,0.0,0.04378533400085871
38,0.00257449999844539,0.002515624997613486,0.002448541999910958,0.002420625001832377,0.002361458999075694,0.0023319169995374978,0.002252874997793697,0.0021078339996165596,0.0020885419980913866,0.001962084003025666,0.0018730829979176633,0.0018005409983743448,0.0017650840018177405,0.0016842080003698356,0.0015957920004439075,0.001502582999819424,0.0013653329988301266,0.0013338749995455146,0.0011780000022554304,0.0010767079984361771,0.0009744580020196736,0.0008521249983459711,0.0007312919988180511,0.0006697090029774699,0.0005546669999603182,0.00044270800208323635,0.0003752920019906014,0.0002639580015966203,0.00016116699771373533,7.26670004951302e-05,0.0,0.0,0.0,0.0,0.0,0.0,0.0,0.0,0.0,0.0,0.0,0.0,0.0,0.0,0.0,0.0,0.0,0.0,0.0,0.0,0.043337252998753684
39,0.002540292000048794,0.0025674589996924624,0.0024459580017719418,0.002417624997178791,0.0023607080001966096,0.0022862080004415475,0.002229833000455983,0.00213508299930254,0.0020439580002857838,0.002029916999163106,0.001894749999337364,0.001807542001188267,0.0016935829989961348,0.0016371669989894144,0.0015447079967998434,0.0014570839994121343,0.0013678750001417939,0.0012429159978637472,0.0011377499977243133,0.0010483330006536562,0.0009349169995402917,0.0008302079986606259,0.0007067500009725336,0.0006943750013306271,0.0005815840013383422,0.0004825409996556118,0.0004057500009366777,0.00028616700001293793,0.00030620799952885136,0.0001752499993017409,6.129199755378067e-05,0.0,0.0,0.0,0.0,0.0,0.0,0.0,0.0,0.0,0.0,0.0,0.0,0.0,0.0,0.0,0.0,0.0,0.0,0.0,0.04335379098847625
40,0.00257308299842407,0.002546166997490218,0.002464625002176035,0.0024263749983219896,0.0023651660012546927,0.0023674590011069085,0.0022305000020423904,0.0021614170000248123,0.0021400830009952188,0.0020215000004100148,0.0019600419982452877,0.0018545409984653816,0.0017745419972925447,0.0016083340015029535,0.0015316669996536803,0.0014190830006555188,0.0013396670001384337,0.0012440830032574013,0.001190833001601277,0.0010988329995598178,0.000980207998509286,0.0008965000015450642,0.0007604579986946192,0.0006262499991862569,0.0005669999991368968,0.0004307080016587861,0.0003481250023469329,0.00027595800202107057,0.0001490419999754522,0.0001242079997609835,0.0,0.0,0.0,0.0,0.0,0.0,0.0,0.0,0.0,0.0,0.0,0.0,0.0,0.0,0.0,0.0,0.0,0.0,0.0,0.0,0.043476457005453994
41,0.0025445829996897373,0.0025237500012735836,0.0024901249998947605,0.002504833999410039,0.0023522500014223624,0.0022512909999932162,0.0022014579990354832,0.0021500840011867695,0.0022066250021453016,0.002068999998300569,0.002024000001256354,0.0018782080005621538,0.0017598330014152452,0.001661624999542255,0.001543041998957051,0.0013872499985154718,0.0013331250011106022,0.0012324169983912725,0.0011694169988913927,0.0011055410031985957,0.0009783340028661769,0.0008822919990052469,0.0007589170018036384,0.0006485409976448864,0.0005182079985388555,0.0004072500014444813,0.0003812499999185093,0.0003590000014810357,0.00025491599808447063,0.00017416700211470015,6.758299787179567e-05,0.0,0.0,0.0,0.0,0.0,0.0,0.0,0.0,0.0,0.0,0.0,0.0,0.0,0.0,0.0,0.0,0.0,0.0,0.0,0.04381891600496601
42,0.0025538750014675315,0.0025324170019302983,0.0024729579999984708,0.002429749998555053,0.002352792002056958,0.0022623749973718077,0.0022115419997135177,0.002188541999203153,0.0021143329977348913,0.00197074999960023,0.0018769999987853225,0.0017792919970816001,0.0016902499992283992,0.0015957919968059286,0.0014787079999223351,0.0014222499994502869,0.0013435829969239421,0.001241124999069143,0.0011671249994833488,0.001027415997668868,0.0009558749989082571,0.0008622090026619844,0.0007921670003270265,0.0007051669999782462,0.000589333001698833,0.00048462500126333907,0.0003707920004671905,0.0002896250007324852,0.00017504200150142424,6.112499977461994e-05,0.0,0.0,0.0,0.0,0.0,0.0,0.0,0.0,0.0,0.0,0.0,0.0,0.0,0.0,0.0,0.0,0.0,0.0,0.0,0.0,0.04299783498936449
43,0.0025787919985305052,0.0025210419989889488,0.0024942500022007152,0.002418457999738166,0.0023634159988432657,0.0023804160009603947,0.002247333999548573,0.0021626249981636647,0.002177125003072433,0.002096416999847861,0.0019892089985660277,0.001787790999514982,0.001665707997744903,0.0015602500025124755,0.0014532909990521148,0.0013872080016881227,0.0013149160004104488,0.0011973750006291084,0.0010999580008501653,0.0010034170009021182,0.0009527080001134891,0.0008889580021786969,0.0007775000012770761,0.0006916669990459923,0.0005192089993215632,0.0004132089998165611,0.000409249998483574,0.00031637500069336966,0.00026050000087707303,0.00015187499957391992,0.0,0.0,0.0,0.0,0.0,0.0,0.0,0.0,0.0,0.0,0.0,0.0,0.0,0.0,0.0,0.0,0.0,0.0,0.0,0.0,0.04328024900314631
44,0.0025839580011961516,0.0025252080013160594,0.002470291998179164,0.0024107499993988313,0.0023688750006840564,0.0023199999995995313,0.002236500000435626,0.002241999998659594,0.002167833998100832,0.0020765000008395873,0.001999332998821046,0.001848459000029834,0.0017723330020089634,0.0016859589995874558,0.0015927499989629723,0.0014937080013623927,0.0013998340000398457,0.0012812079985451419,0.0011815830002888106,0.0010496670001884922,0.0009574579999025445,0.0008386670015170239,0.0007520420003856998,0.0006848330012871884,0.0005627499995171092,0.0004365419990790542,0.0003385419986443594,0.000244333001319319,0.00015891599832684733,7.533300231443718e-05,0.0,0.0,0.0,0.0,0.0,0.0,0.0,0.0,0.0,0.0,0.0,0.0,0.0,0.0,0.0,0.0,0.0,0.0,0.0,0.0,0.04375616700053797
45,0.0025754999987839255,0.0025323340014438145,0.0024735000006330665,0.0024223750006058253,0.0023467500031983946,0.0023647500020160805,0.0022746659997210372,0.002140457996574696,0.002043374999630032,0.0019726659993466455,0.0018409580006846227,0.0018154169993067626,0.0017187500016007107,0.001661624999542255,0.0015768330013088416,0.0014380840002559125,0.0013248750001366716,0.0012230419997649733,0.0011291669979982544,0.0010244580007565673,0.0009407910001755226,0.000842249999550404,0.0007432499987771735,0.0006418749981094152,0.000527374999364838,0.00040912500116974115,0.00038654200034216046,0.00028050000037183054,0.0002672909977263771,0.00018108400035998784,6.424999810406007e-05,0.0,0.0,0.0,0.0,0.0,0.0,0.0,0.0,0.0,0.0,0.0,0.0,0.0,0.0,0.0,0.0,0.0,0.0,0.0,0.0431839159973606
46,0.0025881669971568044,0.002511999999114778,0.0024291669978993014,0.002409041000646539,0.0023325830006797332,0.0022912499989615753,0.0022238749988900963,0.002142624998668907,0.0020714589991257526,0.0019606249989010394,0.0018447500006004702,0.001774250002199551,0.0016691250020812731,0.0016203750019485597,0.0014914170023985207,0.0013799160005874,0.001293208002607571,0.0012118749982619192,0.0012304999982006848,0.001132040997617878,0.0010230000007140916,0.0008981669998320285,0.0007963329990161583,0.000693083002261119,0.0005842499995196704,0.0004852919992117677,0.0003985410003224388,0.000314417000481626,0.00015520799934165552,6.475000191130675e-05,0.0,0.0,0.0,0.0,0.0,0.0,0.0,0.0,0.0,0.0,0.0,0.0,0.0,0.0,0.0,0.0,0.0,0.0,0.0,0.0,0.04302128999916022
47,0.002568916999734938,0.0025385840017406736,0.0024537499994039536,0.0024316669987456407,0.002346042001590831,0.0023441249977622647,0.002271165998536162,0.0021770420025859494,0.002110833996994188,0.001999416999751702,0.0018993339981534518,0.001717292001558235,0.001675540999713121,0.001576332997501595,0.0014779170014662668,0.0013461669987009373,0.0012429169983079191,0.001157165999757126,0.0010570000013103709,0.0009610409979359247,0.0009379579969390761,0.0008190409971575718,0.0008159579992934596,0.0007132920000003651,0.0005912909982725978,0.0006322500012174714,0.00047591600014129654,0.00043250000089756213,0.00041562499973224476,0.00029120800172677264,0.0002569999996921979,0.00022479200197267346,0.00017624999964027666,0.0,0.0,0.0,0.0,0.0,0.0,0.0,0.0,0.0,0.0,0.0,0.0,0.0,0.0,0.0,0.0,0.0,0.04413533298793482
48,0.0025817919995461125,0.0025273330029449426,0.0024219580009230413,0.002383540999289835,0.0023409999994328246,0.002329957998881582,0.002176874997530831,0.0021966670028632507,0.00206570900263614,0.0019556250008463394,0.0018783749983413145,0.0017787090000638273,0.0016585000012128148,0.001627957997698104,0.0015150830004131421,0.0014202079983078875,0.0013427080011751968,0.001225416999659501,0.0011128330006613396,0.0010498750016267877,0.0010010410005634185,0.0008827499987091869,0.0007995830019353889,0.0006757919982192107,0.000616291999904206,0.0005432090001704637,0.00041516700002830476,0.0002837089996319264,0.0001810829999158159,5.833300019730814e-05,0.0,0.0,0.0,0.0,0.0,0.0,0.0,0.0,0.0,0.0,0.0,0.0,0.0,0.0,0.0,0.0,0.0,0.0,0.0,0.0,0.043047083003330044
49,0.002580707998276921,0.002531332997023128,0.0025049169998965226,0.0023962499981280416,0.00237129100059974,0.002348334000998875,0.002140874999895459,0.002221374998043757,0.0021047500013082754,0.0020637919988075737,0.001955790998181328,0.0018550409986346494,0.0017539999971631914,0.0016222920021391474,0.0015106249993550591,0.0014273329979914706,0.001325166998867644,0.001228042001457652,0.0011155829997733235,0.0010755830007838085,0.0009735839994391426,0.000856624999869382,0.0007451669989677612,0.0006829169979027938,0.000579957999434555,0.00042808299986063503,0.00036891600029775873,0.00037279200114426203,0.0002981249999720603,0.0001812920017982833,7.408399687847123e-05,0.0,0.0,0.0,0.0,0.0,0.0,0.0,0.0,0.0,0.0,0.0,0.0,0.0,0.0,0.0,0.0,0.0,0.0,0.0,0.04369462498289067
50,0.002601708001748193,0.002517291002732236,0.0024772090000624303,0.0023723330014036037,0.0023667499990551732,0.0022750000025553163,0.002173290999053279,0.002204665997851407,0.0021113750008225907,0.00202579200049513,0.00196529200184159,0.0017889170012495015,0.0017156249996332917,0.0016865409997990355,0.001572583001689054,0.0014753329996892717,0.0013562909989559557,0.0013162089999241289,0.0012104579982405994,0.0010912079997069668,0.000988708998193033,0.000930374997551553,0.0008208750004996546,0.0007026669991319068,0.0006320829998003319,0.000491375001729466,0.0004004160000476986,0.0002843750007741619,0.00016133299868670292,0.00011066699880757369,7.891600034781732e-05,0.0,0.0,0.0,0.0,0.0,0.0,0.0,0.0,0.0,0.0,0.0,0.0,0.0,0.0,0.0,0.0,0.0,0.0,0.0,0.043905663002078654
51,0.0027111669987789355,0.0025908329989761114,0.002506624998204643,0.0024241669998446014,0.002470208000886487,0.002354208998440299,0.0021863750007469207,0.0021607920025417116,0.0020670000012614764,0.0020311250009399373,0.002036207999481121,0.001946874999703141,0.001761374998750398,0.0016913330000534188,0.001524999999674037,0.001372374998027226,0.0013656660012202337,0.0013003339990973473,0.001160791998700006,0.0011037920012313407,0.001059707999957027,0.000959000000875676,0.0008713330025784671,0.0007693750012549572,0.0006849999990663491,0.000536374998773681,0.00047333299880847335,0.0003667499986477196,0.0002532500002416782,0.00012387500100885518,0.0,0.0,0.0,0.0,0.0,0.0,0.0,0.0,0.0,0.0,0.0,0.0,0.0,0.0,0.0,0.0,0.0,0.0,0.0,0.0,0.044864249997772276
52,0.002593166998849483,0.002584292000392452,0.00254158299867413,0.0024401670016231947,0.0023847499978728592,0.0022956669999985024,0.002246083000500221,0.002183542001148453,0.0021293329991749488,0.0020367920005810447,0.0018597919988678768,0.0016868749989953358,0.0016089170021587051,0.0015674159985792357,0.0014535000009345822,0.0014071250006963965,0.0012280409973755013,0.0011995409986411687,0.0011851659983221907,0.001100541001505917,0.000994541998807108,0.0009055839982465841,0.0008339170017279685,0.000780708000093,0.0006953750016691629,0.0005947079989709891,0.0004785000019182917,0.00044637500104727224,0.0004118750002817251,0.0003649579994089436,0.0,0.0,0.0,0.0,0.0,0.0,0.0,0.0,0.0,0.0,0.0,0.0,0.0,0.0,0.0,0.0,0.0,0.0,0.0,0.0,0.044238831997063244
53,0.002619250000861939,0.0025745420025486965,0.0025112500006798655,0.00247908399978769,0.0024527919995307457,0.002347082998312544,0.002333916003408376,0.0022458749990619253,0.002143999998224899,0.0020589579980878625,0.0019422500008658972,0.0018503749997762498,0.0017902920008054934,0.0016505419989698566,0.0015342500009865034,0.0014685409987578169,0.0013302500010468066,0.0012567909980134573,0.0011487079973449,0.0010140000013052486,0.0009012499976961408,0.0007859580000513233,0.0007538329991803039,0.0007490839998354204,0.000684124999679625,0.0005586670013144612,0.0004962909988535102,0.00040016700222622603,0.00031029200181365013,0.00023533300191047601,0.00011270799950580113,6.758300150977448e-05,0.0,0.0,0.0,0.0,0.0,0.0,0.0,0.0,0.0,0.0,0.0,0.0,0.0,0.0,0.0,0.0,0.0,0.0,0.044808040001953486
54,0.0026293339979019947,0.0025939170009223744,0.0025091249990509823,0.002461666997987777,0.00243337500069174,0.0023319169995374978,0.0022562089980056044,0.002182708001782885,0.0020171659998595715,0.002043374999630032,0.0020064589989488013,0.0018574159985291772,0.008017416999791749,0.0017551669989188667,0.0016239590004261117,0.0015718750000814907,0.0014466249995166436,0.0013737909976043738,0.0013427080011751968,0.0011913749985978939,0.001088957997126272,0.000945125000725966,0.0008369160022994038,0.0007486249996873084,0.0006370420014718547,0.0005510409973794594,0.0004254580017004628,0.0003456250015005935,0.00022233300114749,0.00013187500007916242,0.0,0.0,0.0,0.0,0.0,0.0,0.0,0.0,0.0,0.0,0.0,0.0,0.0,0.0,0.0,0.0,0.0,0.0,0.0,0.0,0.051578582992078736
55,0.002631499999552034,0.0025812910025706515,0.0025210000021615997,0.002432375000353204,0.002443207999021979,0.0023751669978082646,0.0022740839995094575,0.002198292000684887,0.0021565409988397732,0.00214629100082675,0.0020872089990007225,0.0018982090005010832,0.001806290998501936,0.0017214170002262108,0.0016443750027974602,0.0015325419990404043,0.0014062079972063657,0.0013251670025056228,0.0012012910010525957,0.0010826249999809079,0.0010586249991320074,0.0009746249997988343,0.0008497919989167713,0.0007688749974477105,0.000622584000666393,0.0005218330006755423,0.00040004200127441436,0.00030670799969811924,0.0002117910007655155,0.00010100000145030208,7.420799738611095e-05,0.0,0.0,0.0,0.0,0.0,0.0,0.0,0.0,0.0,0.0,0.0,0.0,0.0,0.0,0.0,0.0,0.0,0.0,0.0,0.04535516599935363
56,0.0026367089994892012,0.002565458999015391,0.0024712500016903505,0.002417125000647502,0.002345708999200724,0.00227883300249232,0.0021665420026693027,0.002117833002557745,0.001986791998206172,0.0019416249997448176,0.0018375830004515592,0.0017085830004361924,0.0015891670009295922,0.0015274580000550486,0.001421249999111751,0.0013544169996748678,0.0012615830019058194,0.0011696250003296882,0.0010874580002564471,0.0010213749992544763,0.0009089999985008035,0.0008358750019397121,0.0007916659997135866,0.0006683749998046551,0.0005695410000043921,0.0005569590030063409,0.00046783399739069864,0.00041220899947802536,0.0,0.0,0.0,0.0,0.0,0.0,0.0,0.0,0.0,0.0,0.0,0.0,0.0,0.0,0.0,0.0,0.0,0.0,0.0,0.0,0.0,0.0,0.04211783500795718
57,0.0026567080021777656,0.002540625002438901,0.0025220829993486404,0.0024430000012216624,0.002387917000305606,0.002329583996470319,0.002199250000558095,0.0022677080014545936,0.0021545420022448525,0.0020915410023008008,0.0019312919976073317,0.0018896250003308523,0.00180358299985528,0.0016986250011541415,0.0015127079968806356,0.0014225829982024152,0.0013328330023796298,0.0012817079987144098,0.001183166001283098,0.0011173749990120996,0.0010558329995546956,0.0008987500004877802,0.0007992909995664377,0.0006891669981996529,0.0005859579978277907,0.0004574169979605358,0.0004025840025860816,0.0004385409993119538,0.0003007500017702114,0.0002825840019795578,0.00021629199909511954,0.0,0.0,0.0,0.0,0.0,0.0,0.0,0.0,0.0,0.0,0.0,0.0,0.0,0.0,0.0,0.0,0.0,0.0,0.0,0.04489362300228095
58,0.0026284589985152707,0.002547000000049593,0.0025094580014410894,0.0024372919979214203,0.0023878329993749503,0.002343542000744492,0.002227459001005627,0.002185040997574106,0.002096917000017129,0.002028082999459002,0.0018757500001811422,0.0017517910018796101,0.00164004199905321,0.0015621249985997565,0.001475542005209718,0.0013623339982586913,0.0012722500032396056,0.0011534169971127994,0.0010400829996797256,0.0010182080004597083,0.0009458339991397224,0.0008797080008662306,0.0008203750039683655,0.000675208997563459,0.0006638340055360459,0.0005880409953533672,0.0004608749950421043,0.00045941700227558613,0.0003561249977792613,0.0003182500004186295,0.0001646250020712614,5.5917000281624496e-05,0.0,0.0,0.0,0.0,0.0,0.0,0.0,0.0,0.0,0.0,0.0,0.0,0.0,0.0,0.0,0.0,0.0,0.0,0.043930836000072304
59,0.0026016249976237305,0.0025260840047849342,0.0025234999993699603,0.002438249997794628,0.0023643329986953177,0.002299416999449022,0.0022320410062093288,0.002114958995662164,0.0021470419960678555,0.0020903340046061203,0.0019636249999166466,0.001859625001088716,0.0017551670025568455,0.0016864580029505305,0.0015743330004625022,0.0014972080025472678,0.0014052909973543137,0.0013142079988028854,0.0011913749985978939,0.0010954579993267544,0.0010412500050733797,0.0009030000001075678,0.0008487919985782355,0.0007210000039776787,0.0005860419987584464,0.00047654200170654804,0.0004142500038142316,0.00030012500064913183,0.00021179200120968744,0.000127500003145542,0.0,0.0,0.0,0.0,0.0,0.0,0.0,0.0,0.0,0.0,0.0,0.0,0.0,0.0,0.0,0.0,0.0,0.0,0.0,0.0,0.04431062602088787
60,0.0025449579989071935,0.002568000003520865,0.0024725420007598586,0.0024419580004177988,0.0023289169985218905,0.0022995830004219897,0.002223875002528075,0.002173207998566795,0.0021124999984749593,0.002069458001642488,0.0019268749965704046,0.0017884999979287386,0.0016954169987002388,0.0015749580052215606,0.0014940830005798489,0.0014006250057718717,0.0013520419961423613,0.0011817499980679713,0.0010765420011011884,0.0010904160008067265,0.0009732079997775145,0.0009160410045296885,0.0008371660005650483,0.0007338340001297183,0.0006159580007079057,0.0005311249988153577,0.0004302079978515394,0.000410917004046496,0.0003132919955532998,0.0002870410025934689,0.00016808299551485106,5.979099660180509e-05,0.0,0.0,0.0,0.0,0.0,0.0,0.0,0.0,0.0,0.0,0.0,0.0,0.0,0.0,0.0,0.0,0.0,0.0,0.04409287100133952
61,0.00260633399739163,0.002541500005463604,0.002492583997081965,0.002387583997915499,0.002390042005572468,0.0023162920042523183,0.0022322080039884895,0.0022150840013637207,0.0020710000026156195,0.0020162500004516914,0.0019107080006506294,0.0018266249971929938,0.0017717080045258626,0.0017042500039678998,0.0015813339996384457,0.0014792080037295818,0.0013929160049883649,0.0012931250021210872,0.001189499998872634,0.001087459000700619,0.0009751670004334301,0.0008691249968251213,0.0007513329983339645,0.0007507920017815195,0.0006833340012235567,0.0005923749995417893,0.000454166998679284,0.000328291003825143,0.00030404200515476987,0.0002254169958177954,0.00013174999912735075,0.0,0.0,0.0,0.0,0.0,0.0,0.0,0.0,0.0,0.0,0.0,0.0,0.0,0.0,0.0,0.0,0.0,0.0,0.0,0.04457150403322885
62,0.002606832997116726,0.0025755829992704093,0.002493041996785905,0.002405624996754341,0.00245491699752165,0.0022884159989189357,0.002227124998171348,0.0021789579986943863,0.002111125002556946,0.0020481660030782223,0.001900584000395611,0.0017882500033010729,0.0017561249987920746,0.0015506249983445741,0.0015059170036693104,0.0013688339968211949,0.0013445000004139729,0.0012457500051823445,0.001170666997495573,0.0010642909983289428,0.0010135000047739595,0.0008852499959175475,0.0007372079999186099,0.000774874999478925,0.000651250004011672,0.0005798750062240288,0.0004896669997833669,0.0003499590020510368,0.00028329199994914234,0.0001714999962132424,7.5916999776382e-05,0.0,0.0,0.0,0.0,0.0,0.0,0.0,0.0,0.0,0.0,0.0,0.0,0.0,0.0,0.0,0.0,0.0,0.0,0.0,0.044097625999711454
63,0.002616500001749955,0.002527208001993131,0.0025046249938895926,0.0024617090020910837,0.002343166997889057,0.002344499996979721,0.0022215420030988753,0.00215425000351388,0.0021447919934871607,0.0020289589956519194,0.001998874999117106,0.001868333994934801,0.0017918329976964742,0.001698375002888497,0.0015634579976904206,0.0015253329984261654,0.0013157080029486679,0.0012678330022026785,0.0011565000022528693,0.0010182080004597083,0.000959917000727728,0.0009604580045561306,0.0008901249966584146,0.0008007080032257363,0.0006840839996584691,0.0006300000022747554,0.0005012080000597052,0.00039641699549974874,0.00038387499807868153,0.0003325829966343008,0.00017962499987334013,5.800000508315861e-05,0.0,0.0,0.0,0.0,0.0,0.0,0.0,0.0,0.0,0.0,0.0,0.0,0.0,0.0,0.0,0.0,0.0,0.0,0.04532870899129193
64,0.002605749999929685,0.0025747909967321903,0.002480582996213343,0.0024631249980302528,0.0024321250020875596,0.00234558400552487,0.0022329579951474443,0.002223458999651484,0.0021367079971241765,0.002053832999081351,0.0020324999932199717,0.0019069580012001097,0.0018375419967924245,0.0017546669987495989,0.0016468340036226436,0.0015585000001010485,0.0014972499993746169,0.0014137090038275346,0.0013040420017205179,0.0012047919954056852,0.001076749998901505,0.0009533330012345687,0.0008130829955916852,0.000746916004572995,0.0006393329967977479,0.0005369170030462556,0.0004309169962652959,0.00034937499731313437,0.00023008399875834584,0.00011612499656621367,0.0,0.0,0.0,0.0,0.0,0.0,0.0,0.0,0.0,0.0,0.0,0.0,0.0,0.0,0.0,0.0,0.0,0.0,0.0,0.0,0.045598542972584255
65,0.0026005000036093406,0.0025628330040490255,0.0024999580055009574,0.0024638750037411228,0.0023816249959054403,0.0022983749950071797,0.0022535839962074533,0.0021382500053732656,0.002069499998469837,0.002068458001303952,0.0019588340001064353,0.0018820000041159801,0.0017781669957912527,0.0016762080049375072,0.0014650410012109205,0.0013427080048131756,0.0012481660014600493,0.0011982500000158325,0.001080374997400213,0.000989875006780494,0.0009331670007668436,0.0008225420024245977,0.0007481670036213472,0.0006448339991038665,0.0006403750012395903,0.0005279999968479387,0.00044720800360664725,0.00035641700378619134,0.0002832910031429492,0.00015508299838984385,0.00013545800175052136,0.0,0.0,0.0,0.0,0.0,0.0,0.0,0.0,0.0,0.0,0.0,0.0,0.0,0.0,0.0,0.0,0.0,0.0,0.0,0.04365112404047977
66,0.0026028749998658895,0.0025548749981680885,0.0025041249973583035,0.002510000005713664,0.0023755410002195276,0.002353832998778671,0.0022835829950054176,0.0022339170027407818,0.002212499995948747,0.002079290999972727,0.0020318750030128285,0.001857499999459833,0.0017337910030619241,0.0016124159956234507,0.0014614169995184056,0.001400125001964625,0.0012780420001945458,0.0012049590004608035,0.001121042005252093,0.0010265840028296225,0.0009530419993097894,0.0008556250031688251,0.0007575830022688024,0.000665832994855009,0.0005485000001499429,0.00047704100143164396,0.00038279199361568317,0.00028854200354544446,0.0002689579996513203,0.00018433399964123964,6.208300328580663e-05,0.0,0.0,0.0,