Contains move time for player Greedy; opponent is MCTSMaxIter2
Colums refer to move number, rows to game number
game,1,2,3,4,5,6,7,8,9,10,11,12,13,14,15,16,17,18,19,20,21,22,23,24,25,26,27,28,29,30,31,32,33,34,35,36,37,38,39,40,41,42,43,44,45,46,47,48,49,50,total
1,0.010496195405721664,0.005712207406759262,0.005609795451164246,0.005405746400356293,0.005200617015361786,0.005087569355964661,0.004885222762823105,0.004598360508680344,0.004331938922405243,0.004302270710468292,0.0041982270777225494,0.003936998546123505,0.0038131847977638245,0.0035738423466682434,0.0033425278961658478,0.003164835274219513,0.0030605271458625793,0.0028492137789726257,0.0026508234441280365,0.0024261251091957092,0.0022475942969322205,0.002015966922044754,0.001825917512178421,0.0015866272151470184,0.0013488717377185822,0.0011090002954006195,0.0010214000940322876,0.0007712393999099731,0.0005177818238735199,0.00027152150869369507,0.0,0.0,0.0,0.0,0.0,0.0,0.0,0.0,0.0,0.0,0.0,0.0,0.0,0.0,0.0,0.0,0.0,0.0,0.0,0.0,0.10136215016245842
2,0.005814734846353531,0.005721345543861389,0.005529407411813736,0.00541059672832489,0.005332957953214645,0.0051490068435668945,0.005069896578788757,0.004774253815412521,0.004555366933345795,0.0042343586683273315,0.004108402878046036,0.003912046551704407,0.0038172639906406403,0.0034508146345615387,0.0032459013164043427,0.0030608847737312317,0.002942848950624466,0.00279390811920166,0.002658102661371231,0.0023911036550998688,0.00227341428399086,0.002015411853790283,0.0017433017492294312,0.0016437508165836334,0.0013669952750205994,0.0011126138269901276,0.0008775927126407623,0.0007117651402950287,0.0005401931703090668,0.00028040260076522827,0.0,0.0,0.0,0.0,0.0,0.0,0.0,0.0,0.0,0.0,0.0,0.0,0.0,0.0,0.0,0.0,0.0,0.0,0.0,0.0,0.09653864428400993
3,0.00587114691734314,0.005747601389884949,0.005600113421678543,0.005444049835205078,0.005269922316074371,0.005109727382659912,0.004985768347978592,0.004791349172592163,0.004573848098516464,0.004396986216306686,0.00416974350810051,0.003988496959209442,0.0038170330226421356,0.0037476271390914917,0.003493949770927429,0.003254946321249008,0.003117784857749939,0.002961859107017517,0.0027057714760303497,0.0024506188929080963,0.002214387059211731,0.002050574868917465,0.0018591061234474182,0.0016048811376094818,0.0012959577143192291,0.0011269859969615936,0.0009055063128471375,0.0007192008197307587,0.0005049258470535278,0.00026313215494155884,0.0,0.0,0.0,0.0,0.0,0.0,0.0,0.0,0.0,0.0,0.0,0.0,0.0,0.0,0.0,0.0,0.0,0.0,0.0,0.0,0.09804300218820572
4,0.005831260234117508,0.00572393462061882,0.005543947219848633,0.005404092371463776,0.0051620714366436005,0.00504385307431221,0.004891093820333481,0.004703577607870102,0.004366789013147354,0.004362862557172775,0.0041251517832279205,0.0038680844008922577,0.0036624521017074585,0.0034578219056129456,0.003299415111541748,0.0031706690788269043,0.0029510967433452606,0.0027480758726596832,0.0025415457785129547,0.0024169236421585083,0.0022533759474754333,0.002009965479373932,0.0018091239035129547,0.0015439800918102264,0.0013496391475200653,0.0011762529611587524,0.0009481087327003479,0.0007250942289829254,0.0005004703998565674,0.0002619139850139618,0.0,0.0,0.0,0.0,0.0,0.0,0.0,0.0,0.0,0.0,0.0,0.0,0.0,0.0,0.0,0.0,0.0,0.0,0.0,0.0,0.09585264325141907
5,0.00581461563706398,0.005743410438299179,0.005615487694740295,0.005416937172412872,0.005253195762634277,0.004966620355844498,0.004826314747333527,0.004695408046245575,0.004522103816270828,0.0043255239725112915,0.004201166331768036,0.0038900226354599,0.00376245379447937,0.0036088861525058746,0.0034505613148212433,0.00322549045085907,0.0030685551464557648,0.002856973558664322,0.002578049898147583,0.002400323748588562,0.002206854522228241,0.0020220838487148285,0.0017953813076019287,0.0015769600868225098,0.0013520419597625732,0.0011600181460380554,0.0009577982127666473,0.0007375404238700867,0.0005148164927959442,0.00030141323804855347,0.0,0.0,0.0,0.0,0.0,0.0,0.0,0.0,0.0,0.0,0.0,0.0,0.0,0.0,0.0,0.0,0.0,0.0,0.0,0.0,0.09684700891375542
6,0.005787596106529236,0.005651988089084625,0.005544882267713547,0.00531141459941864,0.00511820986866951,0.004950366914272308,0.004773799329996109,0.004618287086486816,0.004449877887964249,0.004385616630315781,0.004145815968513489,0.004013273864984512,0.003854852169752121,0.0035118311643600464,0.003383830189704895,0.0032369010150432587,0.0029441267251968384,0.0026882849633693695,0.002504069358110428,0.002325400710105896,0.0020877793431282043,0.0018618404865264893,0.0017627030611038208,0.00157083198428154,0.0013446323573589325,0.0010416284203529358,0.0008491352200508118,0.0006385445594787598,0.0003906860947608948,0.00015638023614883423,0.0,0.0,0.0,0.0,0.0,0.0,0.0,0.0,0.0,0.0,0.0,0.0,0.0,0.0,0.0,0.0,0.0,0.0,0.0,0.0,0.0949045866727829
7,0.00586257129907608,0.0056328848004341125,0.005499489605426788,0.00531005859375,0.005170930176973343,0.004981525242328644,0.004824455827474594,0.004678737372159958,0.004563353955745697,0.0043667517602443695,0.003977600485086441,0.0039168596267700195,0.0036655254662036896,0.003379169851541519,0.003205433487892151,0.0028965026140213013,0.0027441829442977905,0.002538304775953293,0.0023504048585891724,0.0021247640252113342,0.0019221194088459015,0.00177064910531044,0.0016193091869354248,0.0013827122747898102,0.0011541135609149933,0.0009607411921024323,0.0007557421922683716,0.0006348937749862671,0.00042724609375,0.00015916675329208374,0.0,0.0,0.0,0.0,0.0,0.0,0.0,0.0,0.0,0.0,0.0,0.0,0.0,0.0,0.0,0.0,0.0,0.0,0.0,0.0,0.09247620031237602
8,0.005808606743812561,0.0056884028017520905,0.005647674202919006,0.005428880453109741,0.0053099654614925385,0.005064014345407486,0.0048208944499492645,0.004710540175437927,0.004582814872264862,0.004448164254426956,0.004273224622011185,0.004036165773868561,0.003945000469684601,0.0035935528576374054,0.003269534558057785,0.0031302571296691895,0.0028271041810512543,0.00264696404337883,0.0024831295013427734,0.002278979867696762,0.0020358823239803314,0.0018609091639518738,0.0016229376196861267,0.0014610886573791504,0.0012968853116035461,0.0010523311793804169,0.0008580461144447327,0.0006539896130561829,0.00042210519313812256,0.00017502158880233765,0.0,0.0,0.0,0.0,0.0,0.0,0.0,0.0,0.0,0.0,0.0,0.0,0.0,0.0,0.0,0.0,0.0,0.0,0.0,0.0,0.0954330675303936
9,0.005821634083986282,0.005721487104892731,0.005532745271921158,0.005377613008022308,0.005124811083078384,0.00501684844493866,0.004775308072566986,0.004604216665029526,0.00442688912153244,0.004218097776174545,0.004029534757137299,0.003685280680656433,0.003533490002155304,0.0034625306725502014,0.0032286755740642548,0.002989422529935837,0.0028680525720119476,0.0027795247733592987,0.002519112080335617,0.002400308847427368,0.0021746456623077393,0.0019254162907600403,0.0017565377056598663,0.0015280507504940033,0.0014062710106372833,0.0011917352676391602,0.0009558424353599548,0.0007126480340957642,0.0004854537546634674,0.00026237592101097107,0.0,0.0,0.0,0.0,0.0,0.0,0.0,0.0,0.0,0.0,0.0,0.0,0.0,0.0,0.0,0.0,0.0,0.0,0.0,0.0,0.09451455995440483
10,0.005829039961099625,0.005662936717271805,0.005520619451999664,0.005322359502315521,0.005172740668058395,0.004997719079256058,0.004901748150587082,0.004778746515512466,0.00455629825592041,0.004329860210418701,0.004246044903993607,0.003915946930646896,0.0036612600088119507,0.0035093091428279877,0.0033598914742469788,0.0030810050666332245,0.0028368383646011353,0.0027133896946907043,0.002641391009092331,0.0024064257740974426,0.002143498510122299,0.001885589212179184,0.0016460791230201721,0.0015162192285060883,0.0013389289379119873,0.0010686814785003662,0.0008614547550678253,0.000632312148809433,0.00040597468614578247,0.00016348063945770264,0.0,0.0,0.0,0.0,0.0,0.0,0.0,0.0,0.0,0.0,0.0,0.0,0.0,0.0,0.0,0.0,0.0,0.0,0.0,0.0,0.09510578960180283
11,0.00585460290312767,0.005754880607128143,0.005592506378889084,0.0053587183356285095,0.0052012912929058075,0.004956260323524475,0.004724152386188507,0.0,0.0,0.0,0.0,0.0,0.0,0.0,0.0,0.0,0.0,0.0,0.0,0.0,0.0,0.0,0.0,0.0,0.0,0.0,0.0,0.0,0.0,0.0,0.0,0.0,0.0,0.0,0.0,0.0,0.0,0.0,0.0,0.0,0.0,0.0,0.0,0.0,0.0,0.0,0.0,0.0,0.0,0.0,0.0374424122273922
12,0.005867239087820053,0.005796108394861221,0.00560586154460907,0.005357030779123306,0.005266901105642319,0.00508107990026474,0.0049996450543403625,0.0046264491975307465,0.004463117569684982,0.00435006245970726,0.004232931882143021,0.003888249397277832,0.0038525760173797607,0.003639616072177887,0.0033480823040008545,0.003066331148147583,0.002937760204076767,0.0027660317718982697,0.002609502524137497,0.002366490662097931,0.0022506900131702423,0.0019416771829128265,0.001698072999715805,0.0014998577535152435,0.0012871399521827698,0.0010882504284381866,0.0008632764220237732,0.0007128268480300903,0.0005092732608318329,0.00027437135577201843,0.0,0.0,0.0,0.0,0.0,0.0,0.0,0.0,0.0,0.0,0.0,0.0,0.0,0.0,0.0,0.0,0.0,0.0,0.0,0.0,0.09624650329351425
13,0.00587020069360733,0.0056921690702438354,0.005642350763082504,0.00547567754983902,0.005294285714626312,0.005135249346494675,0.004861239343881607,0.004739265888929367,0.004533793777227402,0.004389934241771698,0.004160676151514053,0.004039447754621506,0.003835272043943405,0.0035826973617076874,0.0033744163811206818,0.0032295435667037964,0.0030256323516368866,0.0027682147920131683,0.0026413872838020325,0.002431195229291916,0.0022565536201000214,0.0020401552319526672,0.0017450712621212006,0.001493941992521286,0.0012880153954029083,0.0010916553437709808,0.0008940733969211578,0.0007374808192253113,0.0005164816975593567,0.0002712756395339966,0.0,0.0,0.0,0.0,0.0,0.0,0.0,0.0,0.0,0.0,0.0,0.0,0.0,0.0,0.0,0.0,0.0,0.0,0.0,0.0,0.09705735370516777
14,0.005899880081415176,0.005725827068090439,0.005578022450208664,0.005334626883268356,0.0052272602915763855,0.00504978746175766,0.004853427410125732,0.004606921225786209,0.004483591765165329,0.004231061786413193,0.004113536328077316,0.004035230726003647,0.0038066767156124115,0.0035362765192985535,0.003412168473005295,0.0032875537872314453,0.0030916519463062286,0.002781108021736145,0.0025614500045776367,0.0024043917655944824,0.0021322928369045258,0.0019332170486450195,0.001794770359992981,0.0016054324805736542,0.0014166124165058136,0.0011705048382282257,0.0009064003825187683,0.0007123984396457672,0.0005306154489517212,0.00030694156885147095,0.0,0.0,0.0,0.0,0.0,0.0,0.0,0.0,0.0,0.0,0.0,0.0,0.0,0.0,0.0,0.0,0.0,0.0,0.0,0.0,0.09652963653206825
15,0.00591089203953743,0.005786564201116562,0.005519852042198181,0.005443323403596878,0.005332052707672119,0.005315724760293961,0.004973690956830978,0.004837729036808014,0.004588603973388672,0.004355642944574356,0.004245966672897339,0.0040336064994335175,0.003901667892932892,0.0036581456661224365,0.003475464880466461,0.003295101225376129,0.003049500286579132,0.002894740551710129,0.002666998654603958,0.0023979507386684418,0.002225734293460846,0.0020592063665390015,0.0019018426537513733,0.0017988048493862152,0.0015353746712207794,0.0012984350323677063,0.0010032132267951965,0.0007817000150680542,0.0005364269018173218,0.00027208030223846436,0.0,0.0,0.0,0.0,0.0,0.0,0.0,0.0,0.0,0.0,0.0,0.0,0.0,0.0,0.0,0.0,0.0,0.0,0.0,0.0,0.09909603744745255
16,0.00575966015458107,0.0056365542113780975,0.005488991737365723,0.00536901131272316,0.005202174186706543,0.005067739635705948,0.004844926297664642,0.00464848056435585,0.004566505551338196,0.00427468866109848,0.004199005663394928,0.003997642546892166,0.0037772729992866516,0.0035145506262779236,0.0032981857657432556,0.0032149776816368103,0.0028689615428447723,0.0025702007114887238,0.002434574067592621,0.002231072634458542,0.002074912190437317,0.0017493478953838348,0.0015799030661582947,0.0013906247913837433,0.0011928156018257141,0.001004643738269806,0.0008241161704063416,0.0006363876163959503,0.00040694698691368103,0.00016301125288009644,0.0,0.0,0.0,0.0,0.0,0.0,0.0,0.0,0.0,0.0,0.0,0.0,0.0,0.0,0.0,0.0,0.0,0.0,0.0,0.0,0.09398788586258888
17,0.005773488432168961,0.0056406669318675995,0.005516853183507919,0.005308192223310471,0.0051202960312366486,0.00498666986823082,0.004778977483510971,0.004588097333908081,0.004399798810482025,0.0042459964752197266,0.004065953195095062,0.00386771559715271,0.0036908648908138275,0.0034651346504688263,0.003242380917072296,0.002972520887851715,0.0028110966086387634,0.0025620050728321075,0.0024241693317890167,0.0022261030972003937,0.0021068640053272247,0.0018815882503986359,0.0016599185764789581,0.001478642225265503,0.0012901313602924347,0.001081358641386032,0.0008529946208000183,0.0006494410336017609,0.00042629241943359375,0.00016901642084121704,0.0,0.0,0.0,0.0,0.0,0.0,0.0,0.0,0.0,0.0,0.0,0.0,0.0,0.0,0.0,0.0,0.0,0.0,0.0,0.0,0.09328322857618332
18,0.0057728588581085205,0.0056930966675281525,0.005496181547641754,0.005404729396104813,0.005220729857683182,0.005043737590312958,0.004862576723098755,0.004710085690021515,0.0044503286480903625,0.00431562215089798,0.0041513703763484955,0.003974612802267075,0.0037888064980506897,0.0035886913537979126,0.003451824188232422,0.0031325891613960266,0.002884838730096817,0.00266868993639946,0.002390168607234955,0.0022775381803512573,0.002026073634624481,0.0018610283732414246,0.0016966722905635834,0.0015149526298046112,0.00127362459897995,0.0010717883706092834,0.0008668452501296997,0.0006658844649791718,0.0004265420138835907,0.00016815587878227234,0.0,0.0,0.0,0.0,0.0,0.0,0.0,0.0,0.0,0.0,0.0,0.0,0.0,0.0,0.0,0.0,0.0,0.0,0.0,0.0,0.09485064446926117
19,0.005784343928098679,0.005686547607183456,0.005470752716064453,0.0053516291081905365,0.005159288644790649,0.005067881196737289,0.004885032773017883,0.004707403481006622,0.004552815109491348,0.004323888570070267,0.0040471479296684265,0.0038554780185222626,0.0036063864827156067,0.0035627223551273346,0.0032492317259311676,0.003153424710035324,0.002932678908109665,0.002742934972047806,0.0024577006697654724,0.0023286007344722748,0.0021633580327033997,0.0019368082284927368,0.001755639910697937,0.0015239827334880829,0.0012917332351207733,0.0010263584554195404,0.0007841289043426514,0.0006274394690990448,0.00037525594234466553,0.00016812235116958618,0.0,0.0,0.0,0.0,0.0,0.0,0.0,0.0,0.0,0.0,0.0,0.0,0.0,0.0,0.0,0.0,0.0,0.0,0.0,0.0,0.09457871690392494
20,0.005788624286651611,0.005712132900953293,0.005488932132720947,0.005402822047472,0.005270838737487793,0.004991549998521805,0.004884649068117142,0.00464799627661705,0.00455421581864357,0.004429131746292114,0.004215952008962631,0.00403599813580513,0.0038086362183094025,0.0035494565963745117,0.0034045130014419556,0.003164917230606079,0.003001805394887924,0.0027938075363636017,0.002577066421508789,0.002432197332382202,0.0021659471094608307,0.0020340606570243835,0.0018755123019218445,0.0016012117266654968,0.0013440586626529694,0.0010819435119628906,0.0008619204163551331,0.0006339885294437408,0.00043198466300964355,0.00016655400395393372,0.0,0.0,0.0,0.0,0.0,0.0,0.0,0.0,0.0,0.0,0.0,0.0,0.0,0.0,0.0,0.0,0.0,0.0,0.0,0.0,0.09635242447257042
21,0.00591614842414856,0.005724441260099411,0.00562015175819397,0.005436521023511887,0.0052753351628780365,0.005123890936374664,0.004950027912855148,0.004641294479370117,0.004431575536727905,0.00423847883939743,0.0041480474174022675,0.003991272300481796,0.0037631429731845856,0.0036705918610095978,0.0034744255244731903,0.003189757466316223,0.003019556403160095,0.00280902162194252,0.00265352800488472,0.002410188317298889,0.002260148525238037,0.0019972287118434906,0.0018200166523456573,0.0016740784049034119,0.001493263989686966,0.0012189671397209167,0.0009700357913970947,0.0007490627467632294,0.000539928674697876,0.0002787485718727112,0.0,0.0,0.0,0.0,0.0,0.0,0.0,0.0,0.0,0.0,0.0,0.0,0.0,0.0,0.0,0.0,0.0,0.0,0.0,0.0,0.0974888764321804
22,0.005885012447834015,0.005734618753194809,0.005636259913444519,0.0054869577288627625,0.0052297525107860565,0.005105864256620407,0.004839599132537842,0.004744336009025574,0.004540607333183289,0.0043433792889118195,0.004181951284408569,0.003878362476825714,0.003687627613544464,0.0034565813839435577,0.0031866952776908875,0.003122244030237198,0.002892080694437027,0.0027339644730091095,0.002557404339313507,0.0024912580847740173,0.0021678991615772247,0.0020150206983089447,0.0018024072051048279,0.001583881676197052,0.0013210810720920563,0.0010815560817718506,0.0009201355278491974,0.00070929154753685,0.0005231499671936035,0.0002681426703929901,0.0,0.0,0.0,0.0,0.0,0.0,0.0,0.0,0.0,0.0,0.0,0.0,0.0,0.0,0.0,0.0,0.0,0.0,0.0,0.0,0.09612712264060974
23,0.005852680653333664,0.005695678293704987,0.005587182939052582,0.005369309335947037,0.005191463977098465,0.00500260666012764,0.004786577075719833,0.004640303552150726,0.0044858455657958984,0.004306629300117493,0.004193142056465149,0.0038906708359718323,0.0036186762154102325,0.003461446613073349,0.0032607391476631165,0.0031070783734321594,0.0029888637363910675,0.002769961953163147,0.0025482214987277985,0.0022949352860450745,0.0020964108407497406,0.001975931227207184,0.0018336288630962372,0.001527290791273117,0.0013620294630527496,0.0011290721595287323,0.0009383223950862885,0.0007129572331905365,0.00047093257308006287,0.0003394968807697296,0.0,0.0,0.0,0.0,0.0,0.0,0.0,0.0,0.0,0.0,0.0,0.0,0.0,0.0,0.0,0.0,0.0,0.0,0.0,0.0,0.09543808549642563
24,0.005897738039493561,0.005768679082393646,0.005542002618312836,0.005419112741947174,0.005246918648481369,0.004996459931135178,0.004884462803602219,0.004757281392812729,0.004580285400152206,0.004373613744974136,0.00415860116481781,0.0038630329072475433,0.0036904439330101013,0.003598444163799286,0.0033853985369205475,0.003279615193605423,0.0029343217611312866,0.0027851760387420654,0.002579234540462494,0.002416912466287613,0.0022412464022636414,0.0020294375717639923,0.0018433742225170135,0.001615278422832489,0.0014708414673805237,0.0012541674077510834,0.0009496584534645081,0.0007355101406574249,0.0005037970840930939,0.00026587769389152527,0.0,0.0,0.0,0.0,0.0,0.0,0.0,0.0,0.0,0.0,0.0,0.0,0.0,0.0,0.0,0.0,0.0,0.0,0.0,0.0,0.09706692397594452
25,0.005884755402803421,0.005777642130851746,0.0055925361812114716,0.0053309425711631775,0.005256246775388718,0.004967186599969864,0.0,0.0,0.0,0.0,0.0,0.0,0.0,0.0,0.0,0.0,0.0,0.0,0.0,0.0,0.0,0.0,0.0,0.0,0.0,0.0,0.0,0.0,0.0,0.0,0.0,0.0,0.0,0.0,0.0,0.0,0.0,0.0,0.0,0.0,0.0,0.0,0.0,0.0,0.0,0.0,0.0,0.0,0.0,0.0,0.0328093096613884
26,0.005819488316774368,0.0055995360016822815,0.005496807396411896,0.00532764196395874,0.005190592259168625,0.005040593445301056,0.004929058253765106,0.0046968646347522736,0.004599276930093765,0.004430755972862244,0.00430535152554512,0.00408390536904335,0.0038620904088020325,0.0036165751516819,0.0034323744475841522,0.003194577991962433,0.0029651932418346405,0.0027662962675094604,0.0025725476443767548,0.002366434782743454,0.002168431878089905,0.0019400231540203094,0.001744195818901062,0.0015197023749351501,0.001292157918214798,0.0010471604764461517,0.0008999668061733246,0.0006059445440769196,0.00036117061972618103,0.00016371160745620728,0.0,0.0,0.0,0.0,0.0,0.0,0.0,0.0,0.0,0.0,0.0,0.0,0.0,0.0,0.0,0.0,0.0,0.0,0.0,0.0,0.09603842720389366
27,0.005850624293088913,0.005644604563713074,0.005549170076847076,0.005391281098127365,0.005250409245491028,0.005020257085561752,0.004913609474897385,0.004734225571155548,0.004441753029823303,0.004306677728891373,0.004085749387741089,0.0038359276950359344,0.003591679036617279,0.003292381763458252,0.0033039934933185577,0.003220759332180023,0.0029041171073913574,0.0026641078293323517,0.0025222264230251312,0.0023367777466773987,0.002115052193403244,0.0018960870802402496,0.0016570165753364563,0.0015007033944129944,0.0013803914189338684,0.0012036114931106567,0.0009385831654071808,0.0007356554269790649,0.0005351155996322632,0.00030866265296936035,0.0,0.0,0.0,0.0,0.0,0.0,0.0,0.0,0.0,0.0,0.0,0.0,0.0,0.0,0.0,0.0,0.0,0.0,0.0,0.0,0.09513121098279953
28,0.005834106355905533,0.005624398589134216,0.005536027252674103,0.005483023822307587,0.005271844565868378,0.005104895681142807,0.004877075552940369,0.004771150648593903,0.004582349210977554,0.004329897463321686,0.0040367282927036285,0.0038540028035640717,0.0037145987153053284,0.003577515482902527,0.0034422166645526886,0.003216847777366638,0.002971615642309189,0.002779807895421982,0.002559959888458252,0.002380203455686569,0.0021330006420612335,0.001960594207048416,0.0017267093062400818,0.0015224479138851166,0.0012731514871120453,0.0010649748146533966,0.0008222386240959167,0.0006894022226333618,0.00041861459612846375,0.00017235800623893738,0.0,0.0,0.0,0.0,0.0,0.0,0.0,0.0,0.0,0.0,0.0,0.0,0.0,0.0,0.0,0.0,0.0,0.0,0.0,0.0,0.09573175758123398
29,0.005840737372636795,0.005607258528470993,0.00550108402967453,0.005298234522342682,0.005123816430568695,0.004996336996555328,0.004823468625545502,0.004587635397911072,0.004502732306718826,0.004242215305566788,0.003991600126028061,0.0037816427648067474,0.003489021211862564,0.003399942070245743,0.0031924210488796234,0.003068976104259491,0.0029338039457798004,0.002645302563905716,0.002458181232213974,0.002300325781106949,0.002085026353597641,0.0018989704549312592,0.0016729682683944702,0.0014419406652450562,0.001230001449584961,0.0011048801243305206,0.0008179135620594025,0.0006522834300994873,0.00041152164340019226,0.00015950575470924377,0.0,0.0,0.0,0.0,0.0,0.0,0.0,0.0,0.0,0.0,0.0,0.0,0.0,0.0,0.0,0.0,0.0,0.0,0.0,0.0,0.09325974807143211
30,0.005775671452283859,0.005721572786569595,0.0054760463535785675,0.00535297766327858,0.005259674042463303,0.005056064575910568,0.004891496151685715,0.004741553217172623,0.004593081772327423,0.00443890318274498,0.004209455102682114,0.004064273089170456,0.0038525648415088654,0.0035932399332523346,0.0033756159245967865,0.0030580684542655945,0.002806399017572403,0.0025836341083049774,0.0023990757763385773,0.0022421739995479584,0.0020418204367160797,0.001849789172410965,0.0016604624688625336,0.0014985240995883942,0.0013424195349216461,0.0011038631200790405,0.0008846744894981384,0.0006340928375720978,0.0003958567976951599,0.0001622512936592102,0.0,0.0,0.0,0.0,0.0,0.0,0.0,0.0,0.0,0.0,0.0,0.0,0.0,0.0,0.0,0.0,0.0,0.0,0.0,0.0,0.09506529569625854
31,0.005964845418930054,0.00572170689702034,0.005564108490943909,0.005407903343439102,0.0052983202040195465,0.005118317902088165,0.004990033805370331,0.004821665585041046,0.004640478640794754,0.004512269049882889,0.004315659403800964,0.004134133458137512,0.003865990787744522,0.0038333162665367126,0.003574848175048828,0.00332443043589592,0.003100898116827011,0.0029545947909355164,0.0027469471096992493,0.0025133751332759857,0.0023220181465148926,0.0020867548882961273,0.0018458291888237,0.0015779435634613037,0.0013336464762687683,0.0011306330561637878,0.0009263120591640472,0.00076274573802948,0.0005481354892253876,0.00027470663189888,0.0,0.0,0.0,0.0,0.0,0.0,0.0,0.0,0.0,0.0,0.0,0.0,0.0,0.0,0.0,0.0,0.0,0.0,0.0,0.0,0.09921256825327873
32,0.005917731672525406,0.005779992789030075,0.005598586052656174,0.005454652011394501,0.005218062549829483,0.005012087523937225,0.004776213318109512,0.0045568570494651794,0.0043659508228302,0.0043098777532577515,0.004127107560634613,0.0037856586277484894,0.0036124587059020996,0.003507159650325775,0.0032608360052108765,0.003034476190805435,0.0029358118772506714,0.0028651468455791473,0.0025395117700099945,0.0023047514259815216,0.0021495968103408813,0.0019063688814640045,0.0016792342066764832,0.001506321132183075,0.0013142041862010956,0.0011569038033485413,0.0010018423199653625,0.0007468722760677338,0.0005475841462612152,0.00027482956647872925,0.0,0.0,0.0,0.0,0.0,0.0,0.0,0.0,0.0,0.0,0.0,0.0,0.0,0.0,0.0,0.0,0.0,0.0,0.0,0.0,0.09524668753147125
33,0.00591692328453064,0.005761351436376572,0.005631204694509506,0.005414102226495743,0.005252346396446228,0.004989612847566605,0.0048005953431129456,0.004618696868419647,0.00440298393368721,0.00421510636806488,0.004004504531621933,0.003812398761510849,0.0036828704178333282,0.0033777691423892975,0.0032629594206809998,0.0030327439308166504,0.0028951652348041534,0.00270950049161911,0.0025499090552330017,0.002316344529390335,0.002179425209760666,0.0018893145024776459,0.0017565563321113586,0.0016032643616199493,0.0013903193175792694,0.001178443431854248,0.0009358972311019897,0.0007507055997848511,0.0005120411515235901,0.00027058273553848267,0.0,0.0,0.0,0.0,0.0,0.0,0.0,0.0,0.0,0.0,0.0,0.0,0.0,0.0,0.0,0.0,0.0,0.0,0.0,0.0,0.09511363878846169
34,0.005873441696166992,0.005738675594329834,0.005646746605634689,0.005411304533481598,0.005227651447057724,0.005073320120573044,0.004885543137788773,0.004621770232915878,0.004444088786840439,0.017479795962572098,0.004177600145339966,0.017063122242689133,0.003616001456975937,0.003501802682876587,0.0033886507153511047,0.0032326020300388336,0.00295209139585495,0.0027154535055160522,0.0025746338069438934,0.0023366063833236694,0.002155821770429611,0.0020146444439888,0.001775987446308136,0.0015933625400066376,0.001426897943019867,0.00113716721534729,0.0009265430271625519,0.0007232464849948883,0.0005558319389820099,0.00029812753200531006,0.0,0.0,0.0,0.0,0.0,0.0,0.0,0.0,0.0,0.0,0.0,0.0,0.0,0.0,0.0,0.0,0.0,0.0,0.0,0.0,0.1225685328245163
35,0.005859151482582092,0.005747765302658081,0.005542591214179993,0.005516320466995239,0.005279526114463806,0.005075577646493912,0.004956953227519989,0.004751220345497131,0.0046885646879673,0.0043829046189785,0.004203710705041885,0.004041265696287155,0.003801099956035614,0.003507256507873535,0.0033018700778484344,0.01202322542667389,0.00287550687789917,0.0025969669222831726,0.002435043454170227,0.0023215822875499725,0.0020599402487277985,0.0018685609102249146,0.0017177127301692963,0.0015724264085292816,0.0013584718108177185,0.0011343173682689667,0.000886719673871994,0.0006740614771842957,0.0004931166768074036,0.013407699763774872,0.0,0.0,0.0,0.0,0.0,0.0,0.0,0.0,0.0,0.0,0.0,0.0,0.0,0.0,0.0,0.0,0.0,0.0,0.0,0.0,0.11808113008737564
36,0.005807947367429733,0.0056783705949783325,0.005501698702573776,0.005374141037464142,0.005183331668376923,0.005016777664422989,0.0046244412660598755,0.0046153925359249115,0.004425637423992157,0.004270929843187332,0.004136264324188232,0.004058964550495148,0.0038889162242412567,0.0036958083510398865,0.003375142812728882,0.003191303461790085,0.002919573336839676,0.0027084164321422577,0.0024680793285369873,0.0022249557077884674,0.0020084306597709656,0.001830514520406723,0.001697774976491928,0.0014712102711200714,0.0012831054627895355,0.0010765455663204193,0.0008291229605674744,0.00061836838722229,0.0003626197576522827,0.00016032904386520386,0.0,0.0,0.0,0.0,0.0,0.0,0.0,0.0,0.0,0.0,0.0,0.0,0.0,0.0,0.0,0.0,0.0,0.0,0.0,0.0,0.09450411424040794
37,0.005783621221780777,0.005618590861558914,0.005499750375747681,0.005333367735147476,0.005161616951227188,0.0049301981925964355,0.004768781363964081,0.004636291414499283,0.004437882453203201,0.004347801208496094,0.004164416342973709,0.003973439335823059,0.00382421538233757,0.0035703852772712708,0.0032933764159679413,0.0031348764896392822,0.00289091095328331,0.0026739537715911865,0.002442292869091034,0.0022706352174282074,0.0021417587995529175,0.0019227862358093262,0.0016253776848316193,0.0014308206737041473,0.0012183673679828644,0.0010286681354045868,0.0008181221783161163,0.0006355941295623779,0.0004095137119293213,0.00016454234719276428,0.0,0.0,0.0,0.0,0.0,0.0,0.0,0.0,0.0,0.0,0.0,0.0,0.0,0.0,0.0,0.0,0.0,0.0,0.0,0.0,0.09415195509791374
38,0.005813173949718475,0.005668550729751587,0.005632903426885605,0.005367927253246307,0.005344260483980179,0.005064032971858978,0.004954714328050613,0.004758968949317932,0.004476260393857956,0.004277780652046204,0.004072222858667374,0.0038947686553001404,0.0038147009909152985,0.0035961009562015533,0.003392484039068222,0.003099493682384491,0.002817440778017044,0.0026133768260478973,0.0025355927646160126,0.002213452011346817,0.0020018480718135834,0.001788545399904251,0.0015656501054763794,0.001441817730665207,0.0012526661157608032,0.0010311342775821686,0.0007491260766983032,0.0005986876785755157,0.00036494433879852295,0.00015835464000701904,0.0,0.0,0.0,0.0,0.0,0.0,0.0,0.0,0.0,0.0,0.0,0.0,0.0,0.0,0.0,0.0,0.0,0.0,0.0,0.0,0.09436098113656044
39,0.0058435797691345215,0.00562991201877594,0.005554843693971634,0.005321487784385681,0.0051651448011398315,0.005023028701543808,0.00489618256688118,0.004686810076236725,0.004302293062210083,0.004231467843055725,0.004115235060453415,0.004032231867313385,0.0038614273071289062,0.0037031061947345734,0.003460206091403961,0.003264971077442169,0.0031046271324157715,0.0028373561799526215,0.0026107914745807648,0.0025256648659706116,0.0022739283740520477,0.0020150355994701385,0.001779988408088684,0.0015918314456939697,0.0013739131391048431,0.0011183694005012512,0.0008649379014968872,0.0006092004477977753,0.00037414953112602234,0.0001710951328277588,0.0,0.0,0.0,0.0,0.0,0.0,0.0,0.0,0.0,0.0,0.0,0.0,0.0,0.0,0.0,0.0,0.0,0.0,0.0,0.0,0.09634281694889069
40,0.005773674696683884,0.005670603364706039,0.005538392812013626,0.005480341613292694,0.005231935530900955,0.005032043904066086,0.004864994436502457,0.004723027348518372,0.00444546714425087,0.004324242472648621,0.0042065344750881195,0.003981940448284149,0.003721483051776886,0.0035635754466056824,0.003373943269252777,0.0032143481075763702,0.0029777362942695618,0.0027636028826236725,0.0025520510971546173,0.0023503378033638,0.002177353948354721,0.0019496381282806396,0.0016948729753494263,0.0014936663210391998,0.0013432279229164124,0.001066654920578003,0.0008859932422637939,0.0006563961505889893,0.0004392862319946289,0.00015806406736373901,0.0,0.0,0.0,0.0,0.0,0.0,0.0,0.0,0.0,0.0,0.0,0.0,0.0,0.0,0.0,0.0,0.0,0.0,0.0,0.0,0.09565543010830879
41,0.005893927067518234,0.005772259086370468,0.005625560879707336,0.0054857730865478516,0.005246307700872421,0.005251064896583557,0.004906736314296722,0.0046729519963264465,0.004572473466396332,0.004414547234773636,0.004175662994384766,0.00404546782374382,0.0038199499249458313,0.0035183951258659363,0.0033236779272556305,0.0030793026089668274,0.00295860692858696,0.0027038082480430603,0.0024914219975471497,0.0023758336901664734,0.0021155700087547302,0.0019401907920837402,0.0017116852104663849,0.0015807263553142548,0.0013796351850032806,0.0011649616062641144,0.0009642355144023895,0.0007620938122272491,0.0005063638091087341,0.0002848878502845764,0.0,0.0,0.0,0.0,0.0,0.0,0.0,0.0,0.0,0.0,0.0,0.0,0.0,0.0,0.0,0.0,0.0,0.0,0.0,0.0,0.09674407914280891
42,0.005875572562217712,0.005691546946763992,0.005572430789470673,0.005390636622905731,0.005278341472148895,0.0050954632461071014,0.004973132163286209,0.004706371575593948,0.004616215825080872,0.004440244287252426,0.004262074828147888,0.004083272069692612,0.003836005926132202,0.0036208443343639374,0.0034214965999126434,0.0032820068299770355,0.0029608681797981262,0.0029196403920650482,0.0025756433606147766,0.0023555979132652283,0.0020990222692489624,0.0019273757934570312,0.00170058012008667,0.0015186294913291931,0.0013350993394851685,0.0011151880025863647,0.0009310804307460785,0.0006978102028369904,0.00046494975686073303,0.0002993829548358917,0.0,0.0,0.0,0.0,0.0,0.0,0.0,0.0,0.0,0.0,0.0,0.0,0.0,0.0,0.0,0.0,0.0,0.0,0.0,0.0,0.09704652428627014
43,0.005859695374965668,0.005776755511760712,0.00560016930103302,0.005533646792173386,0.005272887647151947,0.005034200847148895,0.0048455409705638885,0.004749797284603119,0.004645299166440964,0.004315361380577087,0.004104148596525192,0.004029754549264908,0.0038244612514972687,0.0035405196249485016,0.0033687353134155273,0.003156546503305435,0.0029611364006996155,0.002800542861223221,0.002465084195137024,0.002264600247144699,0.002136722207069397,0.0019331909716129303,0.0017807185649871826,0.0016109272837638855,0.0013541318476200104,0.0012166313827037811,0.0009329617023468018,0.0007892884314060211,0.000554356724023819,0.0002757161855697632,0.0,0.0,0.0,0.0,0.0,0.0,0.0,0.0,0.0,0.0,0.0,0.0,0.0,0.0,0.0,0.0,0.0,0.0,0.0,0.0,0.09673352912068367
44,0.005873627960681915,0.005736146122217178,0.00555260106921196,0.005398426204919815,0.00526002049446106,0.005111038684844971,0.005079261958599091,0.00547264888882637,0.004664067178964615,0.004465702921152115,0.004326999187469482,0.004084847867488861,0.0038097500801086426,0.003661584109067917,0.0034401118755340576,0.0031590722501277924,0.002979360520839691,0.0027513690292835236,0.0025293827056884766,0.0023104138672351837,0.0021919943392276764,0.0021698959171772003,0.0017868690192699432,0.0015399977564811707,0.001343701034784317,0.0011544227600097656,0.0009550713002681732,0.0007654242217540741,0.0005225352942943573,0.00028733164072036743,0.0,0.0,0.0,0.0,0.0,0.0,0.0,0.0,0.0,0.0,0.0,0.0,0.0,0.0,0.0,0.0,0.0,0.0,0.0,0.0,0.09838367626070976
45,0.005862664431333542,0.005736533552408218,0.005629494786262512,0.005512900650501251,0.005427081137895584,0.005131319165229797,0.0049359239637851715,0.004868384450674057,0.004585769027471542,0.0044011883437633514,0.004175733774900436,0.004036247730255127,0.0038788318634033203,0.0035617537796497345,0.00345645472407341,0.0033435113728046417,0.003085169941186905,0.0027656815946102142,0.002566978335380554,0.002364739775657654,0.002201709896326065,0.0019239671528339386,0.0017574727535247803,0.0016084834933280945,0.0013699866831302643,0.001177772879600525,0.000920761376619339,0.0007308460772037506,0.0005292333662509918,0.00027499720454216003,0.0,0.0,0.0,0.0,0.0,0.0,0.0,0.0,0.0,0.0,0.0,0.0,0.0,0.0,0.0,0.0,0.0,0.0,0.0,0.0,0.09782159328460693
46,0.005864828824996948,0.005650751292705536,0.005537349730730057,0.005369275808334351,0.0051970332860946655,0.005031604319810867,0.004880987107753754,0.004690006375312805,0.004426877945661545,0.004285052418708801,0.004087168723344803,0.003928788006305695,0.0036748163402080536,0.00347789004445076,0.00329020619392395,0.0031233765184879303,0.0029074810445308685,0.0028080418705940247,0.002477504312992096,0.0022707171738147736,0.002047087997198105,0.0018582679331302643,0.0016392506659030914,0.001468077301979065,0.001287318766117096,0.0010326839983463287,0.0008370243012905121,0.0006502345204353333,0.0004340820014476776,0.00017639994621276855,0.0,0.0,0.0,0.0,0.0,0.0,0.0,0.0,0.0,0.0,0.0,0.0,0.0,0.0,0.0,0.0,0.0,0.0,0.0,0.0,0.09441018477082253
47,0.005853034555912018,0.005632244050502777,0.0055242665112018585,0.005425993353128433,0.005276337265968323,0.005093667656183243,0.004890769720077515,0.004622913897037506,0.004439927637577057,0.004310525953769684,0.004202462732791901,0.003960650414228439,0.0037224628031253815,0.003559507429599762,0.00334925577044487,0.0031970106065273285,0.002884216606616974,0.0026507526636123657,0.0024425461888313293,0.0022902712225914,0.0020180903375148773,0.0018338821828365326,0.0016166120767593384,0.0014786496758460999,0.0013341084122657776,0.0010580718517303467,0.000825934112071991,0.0005804449319839478,0.00042680278420448303,0.0001658424735069275,0.0,0.0,0.0,0.0,0.0,0.0,0.0,0.0,0.0,0.0,0.0,0.0,0.0,0.0,0.0,0.0,0.0,0.0,0.0,0.0,0.09466725587844849
48,0.00579012930393219,0.0056208111345767975,0.0055068135261535645,0.005418896675109863,0.005250666290521622,0.004936136305332184,0.004850178956985474,0.004721283912658691,0.00459270179271698,0.0044278427958488464,0.004264630377292633,0.004026699811220169,0.0039227791130542755,0.003914497792720795,0.0034199394285678864,0.0032919198274612427,0.003149334341287613,0.0028895698487758636,0.0026435628533363342,0.002360314130783081,0.0021241195499897003,0.001956842839717865,0.0018002428114414215,0.001603744924068451,0.001385558396577835,0.001114077866077423,0.0008521415293216705,0.0006453320384025574,0.0004166699945926666,0.00016960874199867249,0.0,0.0,0.0,0.0,0.0,0.0,0.0,0.0,0.0,0.0,0.0,0.0,0.0,0.0,0.0,0.0,0.0,0.0,0.0,0.0,0.09706704691052437
49,0.005868073552846909,0.0057023800909519196,0.005596000701189041,0.005328536033630371,0.005249731242656708,0.005051732063293457,0.004963718354701996,0.004738356918096542,0.004583202302455902,0.00444364920258522,0.004227984696626663,0.004051316529512405,0.0037199482321739197,0.003613356500864029,0.003320124000310898,0.0031494833528995514,0.002945464104413986,0.0031764693558216095,0.0025337040424346924,0.0022819936275482178,0.0020721852779388428,0.0018426962196826935,0.0015767477452754974,0.0013728067278862,0.001117359846830368,0.001009717583656311,0.0010481737554073334,0.0008398666977882385,0.0010957978665828705,0.0004874281585216522,0.0004651099443435669,0.0,0.0,0.0,0.0,0.0,0.0,0.0,0.0,0.0,0.0,0.0,0.0,0.0,0.0,0.0,0.0,0.0,0.0,0.0,0.09747311472892761
50,0.005764752626419067,0.0056463442742824554,0.005594998598098755,0.005411624908447266,0.005174722522497177,0.0049665458500385284,0.0049173422157764435,0.004663258790969849,0.004557278007268906,0.004354063421487808,0.004116781055927277,0.003870118409395218,0.0038185641169548035,0.0037006251513957977,0.0034836381673812866,0.00327092781662941,0.0030815638601779938,0.0027760937809944153,0.002639591693878174,0.002515368163585663,0.0021878741681575775,0.0018807686865329742,0.0016945675015449524,0.001479271799325943,0.0012192130088806152,0.0009938105940818787,0.0008668564260005951,0.0006730891764163971,0.00045756995677948,0.00015908107161521912,0.0,0.0,0.0,0.0,0.0,0.0,0.0,0.0,0.0,0.0,0.0,0.0,0.0,0.0,0.0,0.0,0.0,0.0,0.0,0.0,0.09593630582094193
51,0.0059500448405742645,0.005815286189317703,0.005577508360147476,0.0055129267275333405,0.005283880978822708,0.005086362361907959,0.0048129744827747345,0.004629753530025482,0.0044524818658828735,0.004271961748600006,0.00403803214430809,0.003872007131576538,0.003592163324356079,0.0033893920481204987,0.0032978542149066925,0.00306817889213562,0.00289032980799675,0.0026588663458824158,0.002508830279111862,0.0022883936762809753,0.0021858997642993927,0.0019254572689533234,0.0017879866063594818,0.001561243087053299,0.0013443566858768463,0.0011250153183937073,0.0009509511291980743,0.0007033087313175201,0.0005445517599582672,0.00030295923352241516,0.0,0.0,0.0,0.0,0.0,0.0,0.0,0.0,0.0,0.0,0.0,0.0,0.0,0.0,0.0,0.0,0.0,0.0,0.0,0.0,0.0954289585351944
52,0.005990214645862579,0.005759119987487793,0.0056802742183208466,0.0055329203605651855,0.005341771990060806,0.005215875804424286,0.004962854087352753,0.004672519862651825,0.004552241414785385,0.004507143050432205,0.0043703168630599976,0.0040373243391513824,0.0038022510707378387,0.0035224594175815582,0.0033419281244277954,0.0032606497406959534,0.0031225942075252533,0.0029755309224128723,0.0026413463056087494,0.0025028251111507416,0.0023214295506477356,0.0020409487187862396,0.001818545162677765,0.0015477798879146576,0.0013135932385921478,0.0011021830141544342,0.000948488712310791,0.0007363744080066681,0.0004940107464790344,0.00028350576758384705,0.0,0.0,0.0,0.0,0.0,0.0,0.0,0.0,0.0,0.0,0.0,0.0,0.0,0.0,0.0,0.0,0.0,0.0,0.0,0.0,0.09839902073144913
53,0.005866777151823044,0.00575748085975647,0.005602158606052399,0.005511470139026642,0.0053045377135276794,0.0050311461091041565,0.004972130060195923,0.00490284338593483,0.004509590566158295,0.004393786191940308,0.004203919321298599,0.004071265459060669,0.003794711083173752,0.0035177692770957947,0.003340192139148712,0.00317295640707016,0.0029305443167686462,0.0027623623609542847,0.0026483051478862762,0.0025048665702342987,0.002203967422246933,0.0020455382764339447,0.0017958395183086395,0.0015254244208335876,0.0014153718948364258,0.0011084005236625671,0.0009141899645328522,0.0006990395486354828,0.0004915595054626465,0.0003042370080947876,0.0,0.0,0.0,0.0,0.0,0.0,0.0,0.0,0.0,0.0,0.0,0.0,0.0,0.0,0.0,0.0,0.0,0.0,0.0,0.0,0.0973023809492588
54,0.005908440798521042,0.005780961364507675,0.005632266402244568,0.005594972521066666,0.005298491567373276,0.005116380751132965,0.004990670830011368,0.004741054028272629,0.004576575011014938,0.00435541570186615,0.004249542951583862,0.004024360328912735,0.003875166177749634,0.0036536194384098053,0.0034990794956684113,0.0032327696681022644,0.0030579641461372375,0.002824828028678894,0.002613939344882965,0.00237833708524704,0.0022253915667533875,0.0019778236746788025,0.0017541423439979553,0.0015941672027111053,0.0013291575014591217,0.0011117905378341675,0.0009116493165493011,0.0007512681186199188,0.0005352944135665894,0.0002983510494232178,0.0,0.0,0.0,0.0,0.0,0.0,0.0,0.0,0.0,0.0,0.0,0.0,0.0,0.0,0.0,0.0,0.0,0.0,0.0,0.0,0.09789387136697769
55,0.005925465375185013,0.005775444209575653,0.005560662597417831,0.00553421676158905,0.0052949003875255585,0.0052255988121032715,0.005004923790693283,0.004805169999599457,0.004556871950626373,0.004403609782457352,0.004292082041501999,0.004133541136980057,0.003943786025047302,0.003741089254617691,0.0035882145166397095,0.0033193156123161316,0.003070507198572159,0.0028940364718437195,0.0026382021605968475,0.0023806132376194,0.0021682120859622955,0.0019202865660190582,0.001636400818824768,0.0015368200838565826,0.0014109015464782715,0.0011482611298561096,0.0009254701435565948,0.000712905079126358,0.0005415119230747223,0.00027742981910705566,0.0,0.0,0.0,0.0,0.0,0.0,0.0,0.0,0.0,0.0,0.0,0.0,0.0,0.0,0.0,0.0,0.0,0.0,0.0,0.0,0.09836645051836967
56,0.005859732627868652,0.005665037781000137,0.005594145506620407,0.0054204873740673065,0.0052853599190711975,0.005042780190706253,0.004874121397733688,0.004796087741851807,0.004618894308805466,0.004325468093156815,0.004180744290351868,0.003899022936820984,0.0037261806428432465,0.003557920455932617,0.0033351704478263855,0.0031410567462444305,0.0029782168567180634,0.002778977155685425,0.0025026053190231323,0.0022649243474006653,0.002094123512506485,0.0019308030605316162,0.0016645602881908417,0.001458544284105301,0.0012720786035060883,0.0010580718517303467,0.0008327960968017578,0.0005873367190361023,0.0004068315029144287,0.00015847012400627136,0.0,0.0,0.0,0.0,0.0,0.0,0.0,0.0,0.0,0.0,0.0,0.0,0.0,0.0,0.0,0.0,0.0,0.0,0.0,0.0,0.09531055018305779
57,0.00576411560177803,0.005666740238666534,0.005506899207830429,0.005326773971319199,0.005183663219213486,0.005067586898803711,0.00487050786614418,0.0046936459839344025,0.004375256597995758,0.004137493669986725,0.003908045589923859,0.0038021504878997803,0.0036886893212795258,0.0033496208488941193,0.0031063109636306763,0.0029273368418216705,0.002693723887205124,0.002596057951450348,0.002445720136165619,0.0022179409861564636,0.0020842403173446655,0.0018017776310443878,0.0016518719494342804,0.00144151970744133,0.0012332946062088013,0.0010011270642280579,0.0008610300719738007,0.0006718151271343231,0.0004207901656627655,0.00016785785555839539,0.0,0.0,0.0,0.0,0.0,0.0,0.0,0.0,0.0,0.0,0.0,0.0,0.0,0.0,0.0,0.0,0.0,0.0,0.0,0.0,0.09266360476613045
58,0.005777973681688309,0.005735587328672409,0.005513455718755722,0.005371104925870895,0.005158446729183197,0.004959575831890106,0.004895936697721481,0.004615869373083115,0.0044724345207214355,0.004339225590229034,0.004206743091344833,0.003971178084611893,0.003801751881837845,0.0035729147493839264,0.003368787467479706,0.003120776265859604,0.0029592812061309814,0.0027149170637130737,0.002479035407304764,0.0022160783410072327,0.0020575225353240967,0.001813642680644989,0.0016621202230453491,0.0014136731624603271,0.0012404508888721466,0.0010178051888942719,0.0007866024971008301,0.0006300769746303558,0.0004352740943431854,0.00016130506992340088,0.0,0.0,0.0,0.0,0.0,0.0,0.0,0.0,0.0,0.0,0.0,0.0,0.0,0.0,0.0,0.0,0.0,0.0,0.0,0.0,0.09446954727172852
59,0.005754437297582626,0.005690515041351318,0.005491737276315689,0.005377244204282761,0.005197789520025253,0.005124934017658234,0.004896417260169983,0.004672735929489136,0.004650156944990158,0.004296351224184036,0.004095382988452911,0.003893386572599411,0.0036470331251621246,0.0034122690558433533,0.0032087676227092743,0.0031746216118335724,0.002986527979373932,0.0027278363704681396,0.0025937743484973907,0.002361629158258438,0.002079043537378311,0.0019668154418468475,0.0017848610877990723,0.0016010776162147522,0.0013440139591693878,0.00108279287815094,0.000827006995677948,0.0005714669823646545,0.00036067888140678406,0.00015773996710777283,0.0,0.0,0.0,0.0,0.0,0.0,0.0,0.0,0.0,0.0,0.0,0.0,0.0,0.0,0.0,0.0,0.0,0.0,0.0,0.0,0.09502904489636421
60,0.005762282758951187,0.005735918879508972,0.005519099533557892,0.005326494574546814,0.005131751298904419,0.0050222016870975494,0.004813473671674728,0.004744917154312134,0.00455750897526741,0.004363216459751129,0.004111912101507187,0.0037729963660240173,0.0035232603549957275,0.0033263862133026123,0.0031304694712162018,0.003052525222301483,0.0028963685035705566,0.0028099119663238525,0.0026857890188694,0.0023258477449417114,0.002087421715259552,0.0018187165260314941,0.0016020238399505615,0.0014373436570167542,0.0012692548334598541,0.0010089762508869171,0.0008116215467453003,0.0006505735218524933,0.0004195272922515869,0.00016862526535987854,0.0,0.0,0.0,0.0,0.0,0.0,0.0,0.0,0.0,0.0,0.0,0.0,0.0,0.0,0.0,0.0,0.0,0.0,0.0,0.0,0.09388641640543938
61,0.005906935781240463,0.005728140473365784,0.005520805716514587,0.005433019250631332,0.00526028499007225,0.005062337964773178,0.004857596009969711,0.004695717245340347,0.004519190639257431,0.004281315952539444,0.004042435437440872,0.0038812048733234406,0.00376804918050766,0.0035469047725200653,0.003469672054052353,0.00330415740609169,0.0030086003243923187,0.002759646624326706,0.002597607672214508,0.0024182796478271484,0.002145063132047653,0.0019605159759521484,0.0017460882663726807,0.0015732832252979279,0.0014040395617485046,0.0011525452136993408,0.0009196065366268158,0.0007750988006591797,0.0005459673702716827,0.00027288496494293213,0.0,0.0,0.0,0.0,0.0,0.0,0.0,0.0,0.0,0.0,0.0,0.0,0.0,0.0,0.0,0.0,0.0,0.0,0.0,0.0,0.09655699506402016
62,0.005916878581047058,0.005797084420919418,0.005620889365673065,0.005375884473323822,0.005163528025150299,0.005073606967926025,0.004885140806436539,0.004629876464605331,0.004482366144657135,0.004233796149492264,0.00414542481303215,0.004005074501037598,0.003796178847551346,0.003453455865383148,0.0032959096133708954,0.0031033679842948914,0.0030238889157772064,0.0027540065348148346,0.002633165568113327,0.002382725477218628,0.002194918692111969,0.0019603297114372253,0.0017654821276664734,0.0015424825251102448,0.0014246925711631775,0.0011333636939525604,0.0009578242897987366,0.0007373280823230743,0.0005405321717262268,0.0003025159239768982,0.0,0.0,0.0,0.0,0.0,0.0,0.0,0.0,0.0,0.0,0.0,0.0,0.0,0.0,0.0,0.0,0.0,0.0,0.0,0.0,0.09633171930909157
63,0.005897291004657745,0.005754861980676651,0.005568869411945343,0.005438804626464844,0.005311071872711182,0.005147382616996765,0.0048768483102321625,0.0047092922031879425,0.004670333117246628,0.004543669521808624,0.004329971969127655,0.004121292382478714,0.004065152257680893,0.003807302564382553,0.0035394206643104553,0.0032783374190330505,0.0030017197132110596,0.0028433986008167267,0.0026320070028305054,0.0023797079920768738,0.0022081583738327026,0.0020759180188179016,0.0017847418785095215,0.00162549689412117,0.0014569461345672607,0.0012179873883724213,0.0009711645543575287,0.0007185228168964386,0.000524323433637619,0.0003316514194011688,0.0,0.0,0.0,0.0,0.0,0.0,0.0,0.0,0.0,0.0,0.0,0.0,0.0,0.0,0.0,0.0,0.0,0.0,0.0,0.0,0.0988316461443901
64,0.005904998630285263,0.0057617127895355225,0.005637358874082565,0.0054605454206466675,0.005291678011417389,0.005170691758394241,0.004896178841590881,0.004660520702600479,0.004482358694076538,0.004389189183712006,0.004234481602907181,0.00405612587928772,0.003872271627187729,0.003789115697145462,0.003454897552728653,0.0033153630793094635,0.003177706152200699,0.0029761269688606262,0.002659216523170471,0.002444501966238022,0.0023484230041503906,0.0020684413611888885,0.0018975809216499329,0.0015873350203037262,0.001374572515487671,0.001170627772808075,0.0009604357182979584,0.0007440745830535889,0.0005491748452186584,0.00032783299684524536,0.0,0.0,0.0,0.0,0.0,0.0,0.0,0.0,0.0,0.0,0.0,0.0,0.0,0.0,0.0,0.0,0.0,0.0,0.0,0.0,0.09866353869438171
65,0.006008584052324295,0.005843732506036758,0.005672059953212738,0.005557265132665634,0.005288001149892807,0.005208250135183334,0.005058750510215759,0.0048368871212005615,0.004602901637554169,0.00443292036652565,0.004297938197851181,0.0039789676666259766,0.0038557052612304688,0.0036285072565078735,0.0033957138657569885,0.0031633973121643066,0.0031324177980422974,0.0028239861130714417,0.0025841668248176575,0.002329740673303604,0.002066798508167267,0.0019115060567855835,0.0,0.0,0.0,0.0,0.0,0.0,0.0,0.0,0.0,0.0,0.0,0.0,0.0,0.0,0.0,0.0,0.0,0.0,0.0,0.0,0.0,0.0,0.0,0.0,0.0,0.0,0.0,0.0,0.08967819809913635
66,0.005818657577037811,0.005646165460348129,0.0054886192083358765,0.005417950451374054,0.005286525934934616,0.005129572004079819,0.004897814244031906,0.004736423492431641,0.004628095775842667,0.004341151565313339,0.004145801067352295,0.004027422517538071,0.0036834552884101868,0.0035242103040218353,0.0033889301121234894,0.003051798790693283,0.0028310678899288177,0.0025615431368350983,0.0024564042687416077,0.0022143013775348663,0.0020736195147037506,0.0018305703997612,0.001708153635263443,0.00149570032954216,0.001301836222410202,0.001020435243844986,0.0008109062910079956,0.0005866140127182007,0.0004378855228424072,0.00017859414219856262,0.0,0.0,0.0,0.0,0.0,0.0,0.0,0.0,0.0,0.0,0.0,0.0,0.0,0.0,0.0,0.0,0.0,0.0,0.0,0.0,0.09472022578120232
67,0.005917806178331375,0.005652934312820435,0.005534134805202484,0.005350660532712936,0.005164541304111481,0.00504201278090477,0.004821252077817917,0.004662051796913147,0.004670172929763794,0.004350680857896805,0.004179231822490692,0.003855157643556595,0.003640502691268921,0.0033898577094078064,0.0031655989587306976,0.00301181897521019,0.002796769142150879,0.0026576556265354156,0.002434737980365753,0.0022417306900024414,0.0020944997668266296,0.001905009150505066,0.0016374029219150543,0.0013507083058357239,0.0012506917119026184,0.0009355805814266205,0.0008715949952602386,0.0007120892405509949,0.00049600750207901,0.0002642311155796051,0.0,0.0,0.0,0.0,0.0,0.0,0.0,0.0,0.0,0.0,0.0,0.0,0.0,0.0,0.0,0.0,0.0,0.0,0.0,0.0,0.0940571241080761
68,0.0057973191142082214,0.0057229287922382355,0.005473766475915909,0.005278773605823517,0.005192264914512634,0.005046136677265167,0.0047902911901474,0.004642672836780548,0.004469737410545349,0.004273071885108948,0.004097457975149155,0.0038992948830127716,0.0037509575486183167,0.003505527973175049,0.0034133419394493103,0.00320221483707428,0.00300472229719162,0.0028484277427196503,0.002573098987340927,0.002418670803308487,0.0021097660064697266,0.0018258169293403625,0.0016203485429286957,0.0014664791524410248,0.0012889914214611053,0.00106796994805336,0.000832192599773407,0.0006536468863487244,0.0004302076995372772,0.0001644045114517212,0.0,0.0,0.0,0.0,0.0,0.0,0.0,0.0,0.0,0.0,0.0,0.0,0.0,0.0,0.0,0.0,0.0,0.0,0.0,0.0,0.0948605015873909
69,0.005787011235952377,0.005761638283729553,0.005511205643415451,0.005416166037321091,0.0052160173654556274,0.005058214068412781,0.004963621497154236,0.004673231393098831,0.004481036216020584,0.0043466463685035706,0.0041466280817985535,0.003956686705350876,0.0037050992250442505,0.0034202225506305695,0.0032167546451091766,0.002960003912448883,0.0027305185794830322,0.002507247030735016,0.0023078247904777527,0.0022085122764110565,0.0021172985434532166,0.0019316896796226501,0.0017289891839027405,0.00148102268576622,0.0012380965054035187,0.0010162033140659332,0.0008289441466331482,0.0006846524775028229,0.0004124864935874939,0.0001608245074748993,0.0,0.0,0.0,0.0,0.0,0.0,0.0,0.0,0.0,0.0,0.0,0.0,0.0,0.0,0.0,0.0,0.0,0.0,0.0,0.0,0.09397449344396591
70,0.005844384431838989,0.005718361586332321,0.005502562969923019,0.0053639598190784454,0.005194436758756638,0.0049840956926345825,0.004838272929191589,0.0045808181166648865,0.004408925771713257,0.004319511353969574,0.004188399761915207,0.003938749432563782,0.003810536116361618,0.0036636777222156525,0.0034294910728931427,0.003241848200559616,0.002955380827188492,0.0025865137577056885,0.0024208351969718933,0.002362828701734543,0.0021375566720962524,0.001961585134267807,0.001696370542049408,0.0014903806149959564,0.0012763701379299164,0.0010079704225063324,0.0008616186678409576,0.0006861463189125061,0.00045571476221084595,0.00017344579100608826,0.0,0.0,0.0,0.0,0.0,0.0,0.0,0.0,0.0,0.0,0.0,0.0,0.0,0.0,0.0,0.0,0.0,0.0,0.0,0.0,0.09510074928402901
71,0.005888272076845169,0.005811471492052078,0.005731713026762009,0.005534008145332336,0.005325790494680405,0.005105745047330856,0.004830647259950638,0.004796650260686874,0.004632245749235153,0.004399415105581284,0.004230335354804993,0.004154421389102936,0.0036934763193130493,0.00357944518327713,0.0033281296491622925,0.0032163411378860474,0.0030568651854991913,0.0028547197580337524,0.0027324482798576355,0.002480205148458481,0.002252645790576935,0.0020108334720134735,0.0018659234046936035,0.0016968511044979095,0.001374419778585434,0.0011781305074691772,0.0009594596922397614,0.0007171630859375,0.0005474425852298737,0.00030052661895751953,0.0,0.0,0.0,0.0,0.0,0.0,0.0,0.0,0.0,0.0,0.0,0.0,0.0,0.0,0.0,0.0,0.0,0.0,0.0,0.0,0.0982857421040535
72,0.005877315998077393,0.005774453282356262,0.005584601312875748,0.005461141467094421,0.0053349509835243225,0.005105126649141312,0.004876904189586639,0.00470656156539917,0.004513222724199295,0.004465185105800629,0.0042190998792648315,0.00402725487947464,0.00384695827960968,0.0036546848714351654,0.0033516883850097656,0.0032145455479621887,0.0029803067445755005,0.0026846230030059814,0.002558257430791855,0.0024004727602005005,0.0021407045423984528,0.0020323581993579865,0.001775261014699936,0.0016338378190994263,0.00143355131149292,0.0012004487216472626,0.0010380521416664124,0.0007657110691070557,0.0005644448101520538,0.00028753653168678284,0.0,0.0,0.0,0.0,0.0,0.0,0.0,0.0,0.0,0.0,0.0,0.0,0.0,0.0,0.0,0.0,0.0,0.0,0.0,0.0,0.09750926122069359
73,0.005922932177782059,0.005848221480846405,0.00555044412612915,0.005441978573799133,0.005174253135919571,0.005028322339057922,0.004884406924247742,0.004703659564256668,0.004494812339544296,0.004280738532543182,0.0041387006640434265,0.003966625779867172,0.004192166030406952,0.003554645925760269,0.003384258598089218,0.0031136609613895416,0.003001440316438675,0.002703368663787842,0.002554316073656082,0.002516578882932663,0.0022459253668785095,0.002033080905675888,0.001805335283279419,0.001529395580291748,0.0013226531445980072,0.0011191852390766144,0.0009495280683040619,0.0007152408361434937,0.0005309134721755981,0.0003099888563156128,0.0,0.0,0.0,0.0,0.0,0.0,0.0,0.0,0.0,0.0,0.0,0.0,0.0,0.0,0.0,0.0,0.0,0.0,0.0,0.0,0.09701677784323692
74,0.005917869508266449,0.005783572793006897,0.005561083555221558,0.005424972623586655,0.005244087427854538,0.005120307207107544,0.00502718985080719,0.004892852157354355,0.004554525017738342,0.004289761185646057,0.0041529275476932526,0.0040384940803050995,0.00393199548125267,0.0036125704646110535,0.003494761884212494,0.0032985471189022064,0.0032082051038742065,0.0030034370720386505,0.002731356769800186,0.0024115294218063354,0.002207145094871521,0.0019499771296977997,0.0016932487487792969,0.0015914440155029297,0.001361105591058731,0.001093752682209015,0.0008771792054176331,0.0006487630307674408,0.000538412481546402,0.00028279051184654236,0.0,0.0,0.0,0.0,0.0,0.0,0.0,0.0,0.0,0.0,0.0,0.0,0.0,0.0,0.0,0.0,0.0,0.0,0.0,0.0,0.09794386476278305
75,0.0058654844760894775,0.005699150264263153,0.005578350275754929,0.005442578345537186,0.005184061825275421,0.005061041563749313,0.004865679889917374,0.00470772385597229,0.004566449671983719,0.004545170813798904,0.004302568733692169,0.004058998078107834,0.0037894845008850098,0.0037181712687015533,0.0035731084644794464,0.0033743195235729218,0.003142286092042923,0.002972107380628586,0.002735808491706848,0.0025023818016052246,0.0022906996309757233,0.0021329596638679504,0.0018413439393043518,0.0015804320573806763,0.0013468265533447266,0.0011821947991847992,0.000995185226202011,0.000762399286031723,0.0005349926650524139,0.00027975812554359436,0.0,0.0,0.0,0.0,0.0,0.0,0.0,0.0,0.0,0.0,0.0,0.0,0.0,0.0,0.0,0.0,0.0,0.0,0.0,0.0,0.09863171726465225
76,0.005790937691926956,0.005693960934877396,0.005524717271327972,0.005444064736366272,0.005176100879907608,0.0049590542912483215,0.004831504076719284,0.004608824849128723,0.004327878355979919,0.004079759120941162,0.004000816494226456,0.003757242113351822,0.0036865733563899994,0.003477577120065689,0.0032418817281723022,0.003170110285282135,0.0029953159391880035,0.0027239620685577393,0.002592962235212326,0.0023504048585891724,0.0020711272954940796,0.0019168518483638763,0.0017621591687202454,0.0015652775764465332,0.0012729689478874207,0.0010768324136734009,0.0009116306900978088,0.0006969906389713287,0.0004260614514350891,0.0001759752631187439,0.0,0.0,0.0,0.0,0.0,0.0,0.0,0.0,0.0,0.0,0.0,0.0,0.0,0.0,0.0,0.0,0.0,0.0,0.0,0.0,0.09430952370166779
77,0.005861818790435791,0.00562812015414238,0.005541849881410599,0.005464054644107819,0.005317527800798416,0.005084320902824402,0.004875998944044113,0.004703346639871597,0.004470497369766235,0.004334386438131332,0.004038367420434952,0.005430795252323151,0.003741268068552017,0.003486465662717819,0.003265250474214554,0.003084614872932434,0.002993520349264145,0.0027252808213233948,0.0024486370384693146,0.002227451652288437,0.0020309239625930786,0.0018947049975395203,0.001663804054260254,0.0014995373785495758,0.0012676455080509186,0.001088157296180725,0.0008589029312133789,0.0006875917315483093,0.0004405118525028229,0.00018562749028205872,0.0,0.0,0.0,0.0,0.0,0.0,0.0,0.0,0.0,0.0,0.0,0.0,0.0,0.0,0.0,0.0,0.0,0.0,0.0,0.0,0.09634098038077354
78,0.005800139158964157,0.00565197691321373,0.005548764020204544,0.005407050251960754,0.005180224776268005,0.004922971129417419,0.004782781004905701,0.004669293761253357,0.004540588706731796,0.004338949918746948,0.00409693643450737,0.0038731321692466736,0.0036976709961891174,0.003504183143377304,0.0032649971544742584,0.0030625201761722565,0.0029225200414657593,0.0027344301342964172,0.0024550221860408783,0.0022914819419384003,0.0021062754094600677,0.0018987655639648438,0.0016866251826286316,0.0014179907739162445,0.0011821985244750977,0.0010371245443820953,0.0008469000458717346,0.0006385631859302521,0.000410713255405426,0.00015855580568313599,0.0,0.0,0.0,0.0,0.0,0.0,0.0,0.0,0.0,0.0,0.0,0.0,0.0,0.0,0.0,0.0,0.0,0.0,0.0,0.0,0.09412934631109238
79,0.005849465727806091,0.005695998668670654,0.005570609122514725,0.0054107122123241425,0.00519927591085434,0.005059573799371719,0.004936445504426956,0.004716239869594574,0.004529599100351334,0.004313156008720398,0.004099063575267792,0.003877483308315277,0.0037268027663230896,0.0035277344286441803,0.0033735856413841248,0.0031449757516384125,0.0029762014746665955,0.0027149170637130737,0.0024517811834812164,0.002241324633359909,0.002014562487602234,0.001853007823228836,0.0016283616423606873,0.0014152564108371735,0.0012212172150611877,0.0010586120188236237,0.000848032534122467,0.0006114467978477478,0.0004447177052497864,0.00018586590886116028,0.0,0.0,0.0,0.0,0.0,0.0,0.0,0.0,0.0,0.0,0.0,0.0,0.0,0.0,0.0,0.0,0.0,0.0,0.0,0.0,0.09469602629542351
80,0.005837976932525635,0.005709804594516754,0.0055467188358306885,0.005351904779672623,0.005145922303199768,0.005023263394832611,0.004888638854026794,0.004685260355472565,0.004491448402404785,0.004280872642993927,0.00411088764667511,0.003932397812604904,0.0037593021988868713,0.0036135800182819366,0.0034875907003879547,0.003320559859275818,0.0030990466475486755,0.002857368439435959,0.0025813356041908264,0.0023297853767871857,0.0021866559982299805,0.0018926113843917847,0.0016643330454826355,0.0014646723866462708,0.0011722370982170105,0.0010285824537277222,0.0008442699909210205,0.0005729049444198608,0.00039112940430641174,0.00016746670007705688,0.0,0.0,0.0,0.0,0.0,0.0,0.0,0.0,0.0,0.0,0.0,0.0,0.0,0.0,0.0,0.0,0.0,0.0,0.0,0.0,0.09543852880597115
81,0.005948852747678757,0.005807135254144669,0.005539704114198685,0.005410440266132355,0.005274660885334015,0.005061686038970947,0.004906564950942993,0.0047232285141944885,0.004567913711071014,0.004333335906267166,0.004143752157688141,0.003950994461774826,0.0037694834172725677,0.003625042736530304,0.003362368792295456,0.00318792462348938,0.0030727311968803406,0.0027928389608860016,0.002643536776304245,0.0024111270904541016,0.0021500587463378906,0.0020066313445568085,0.0018264800310134888,0.0016316138207912445,0.001352410763502121,0.001188959926366806,0.0009521655738353729,0.0007696524262428284,0.0005464181303977966,0.0002956688404083252,0.0,0.0,0.0,0.0,0.0,0.0,0.0,0.0,0.0,0.0,0.0,0.0,0.0,0.0,0.0,0.0,0.0,0.0,0.0,0.0,0.09725338220596313
82,0.005871601402759552,0.005846943706274033,0.005612630397081375,0.0055470094084739685,0.005435928702354431,0.005192078649997711,0.004972703754901886,0.0048286691308021545,0.004676055163145065,0.0045610032975673676,0.004261169582605362,0.004016675055027008,0.003827415406703949,0.003566998988389969,0.0033870525658130646,0.0032326169312000275,0.0031404271721839905,0.0029480867087841034,0.002801220864057541,0.002490721642971039,0.002279907464981079,0.001982264220714569,0.0017785616219043732,0.0015793964266777039,0.0013238079845905304,0.0011183544993400574,0.0008947141468524933,0.0006978921592235565,0.0004694312810897827,0.0002909824252128601,0.0,0.0,0.0,0.0,0.0,0.0,0.0,0.0,0.0,0.0,0.0,0.0,0.0,0.0,0.0,0.0,0.0,0.0,0.0,0.0,0.0986323207616806
83,0.005915358662605286,0.00573384016752243,0.005565118044614792,0.005391526967287064,0.005205322057008743,0.005061734467744827,0.0049305446445941925,0.004756700247526169,0.004524298012256622,0.0043637678027153015,0.004239216446876526,0.003990195691585541,0.0037871040403842926,0.003541693091392517,0.003304276615381241,0.0030578263103961945,0.002878483384847641,0.0027680397033691406,0.002630181610584259,0.0024512074887752533,0.002144761383533478,0.0019317790865898132,0.0018283277750015259,0.0015924014151096344,0.001431390643119812,0.001183629035949707,0.0009593963623046875,0.0007589347660541534,0.0005278326570987701,0.000306643545627594,0.0,0.0,0.0,0.0,0.0,0.0,0.0,0.0,0.0,0.0,0.0,0.0,0.0,0.0,0.0,0.0,0.0,0.0,0.0,0.0,0.09676153212785721
84,0.005897194147109985,0.00575101375579834,0.005561057478189468,0.005441699177026749,0.005261536687612534,0.005012251436710358,0.004853937774896622,0.004684370011091232,0.004542890936136246,0.004419945180416107,0.00414353609085083,0.0040007345378398895,0.0037683993577957153,0.003639165312051773,0.003464866429567337,0.0032558180391788483,0.0030108653008937836,0.0028668567538261414,0.0026825852692127228,0.0024794861674308777,0.0022029317915439606,0.0019522234797477722,0.001689717173576355,0.001535113900899887,0.0013560913503170013,0.0012346617877483368,0.0009912140667438507,0.0008113235235214233,0.0005654580891132355,0.0002946406602859497,0.0,0.0,0.0,0.0,0.0,0.0,0.0,0.0,0.0,0.0,0.0,0.0,0.0,0.0,0.0,0.0,0.0,0.0,0.0,0.0,0.09737158566713333
85,0.005895942449569702,0.0057693421840667725,0.005620922893285751,0.005415372550487518,0.005150686949491501,0.005040567368268967,0.004855845123529434,0.004778604954481125,0.004546672105789185,0.004289798438549042,0.004068393260240555,0.003935601562261581,0.003733813762664795,0.0036220811307430267,0.003410894423723221,0.003220662474632263,0.0029640868306159973,0.00277034193277359,0.0026282034814357758,0.002388160675764084,0.0021835267543792725,0.0018852613866329193,0.0017440207302570343,0.0014946907758712769,0.0013170503079891205,0.0011311620473861694,0.0009904690086841583,0.0008162409067153931,0.0005536563694477081,0.00027599185705184937,0.0,0.0,0.0,0.0,0.0,0.0,0.0,0.0,0.0,0.0,0.0,0.0,0.0,0.0,0.0,0.0,0.0,0.0,0.0,0.0,0.09649806469678879
86,0.005788315087556839,0.005688440054655075,0.005519617348909378,0.005372378975152969,0.005184486508369446,0.004956737160682678,0.004865594208240509,0.004729308187961578,0.004488971084356308,0.004310328513383865,0.004152793437242508,0.003892112523317337,0.003729715943336487,0.0035084187984466553,0.003403313457965851,0.0032608993351459503,0.0029803477227687836,0.0027685128152370453,0.0025501176714897156,0.002388879656791687,0.0020861513912677765,0.0018119774758815765,0.0016214698553085327,0.0013832151889801025,0.0011851638555526733,0.0010687075555324554,0.00083918496966362,0.0006235353648662567,0.00039244815707206726,0.00016918033361434937,0.0,0.0,0.0,0.0,0.0,0.0,0.0,0.0,0.0,0.0,0.0,0.0,0.0,0.0,0.0,0.0,0.0,0.0,0.0,0.0,0.09472032263875008
87,0.005832016468048096,0.00566830113530159,0.005584947764873505,0.005440182983875275,0.005221135914325714,0.0051075778901577,0.004892967641353607,0.004747997969388962,0.0044973865151405334,0.004220493137836456,0.004067085683345795,0.003966648131608963,0.0038132891058921814,0.0036306865513324738,0.003443509340286255,0.0032231323421001434,0.002922236919403076,0.0027196891605854034,0.0025350861251354218,0.002298027276992798,0.002046532928943634,0.0018518902361392975,0.0015944838523864746,0.0014203600585460663,0.0012190155684947968,0.0010093599557876587,0.0008226670324802399,0.0006055720150470734,0.00037525594234466553,0.00017330795526504517,0.0,0.0,0.0,0.0,0.0,0.0,0.0,0.0,0.0,0.0,0.0,0.0,0.0,0.0,0.0,0.0,0.0,0.0,0.0,0.0,0.0949508436024189
88,0.005797304213047028,0.0056373365223407745,0.005643535405397415,0.005402449518442154,0.005245286971330643,0.00511627271771431,0.004845242947340012,0.004583831876516342,0.004407655447721481,0.00412142276763916,0.003981929272413254,0.0037714391946792603,0.003669906407594681,0.003643851727247238,0.003417976200580597,0.0032309889793395996,0.0030432380735874176,0.0028296858072280884,0.002525676041841507,0.002429559826850891,0.0021923743188381195,0.0020306333899497986,0.00171627476811409,0.0014707408845424652,0.0012815669178962708,0.0010286718606948853,0.0008633621037006378,0.0006274506449699402,0.0004429854452610016,0.0001524798572063446,0.0,0.0,0.0,0.0,0.0,0.0,0.0,0.0,0.0,0.0,0.0,0.0,0.0,0.0,0.0,0.0,0.0,0.0,0.0,0.0,0.0951511301100254
89,0.0057560838758945465,0.005684304982423782,0.005508795380592346,0.005349785089492798,0.0052018724381923676,0.00498967245221138,0.004777725785970688,0.004567187279462814,0.004397790879011154,0.004242412745952606,0.004099715501070023,0.0038775913417339325,0.003583204001188278,0.0035150907933712006,0.0032453425228595734,0.003039143979549408,0.0029494985938072205,0.0028061792254447937,0.002662189304828644,0.002411413937807083,0.002100825309753418,0.001967545598745346,0.0016930028796195984,0.0015094242990016937,0.0012638717889785767,0.0010838583111763,0.0008416809141635895,0.0006830319762229919,0.0004203282296657562,0.00017357245087623596,0.0,0.0,0.0,0.0,0.0,0.0,0.0,0.0,0.0,0.0,0.0,0.0,0.0,0.0,0.0,0.0,0.0,0.0,0.0,0.0,0.09440214186906815
90,0.00580655038356781,0.005618341267108917,0.005501464009284973,0.005322694778442383,0.005194548517465591,0.004990648478269577,0.004790656268596649,0.004635203629732132,0.0046523623168468475,0.00428202748298645,0.004091136157512665,0.0038961097598075867,0.0037316158413887024,0.003375522792339325,0.003204982727766037,0.0029667839407920837,0.0027677305042743683,0.0027732625603675842,0.0025829635560512543,0.0023630373179912567,0.002120658755302429,0.0018828138709068298,0.0017302781343460083,0.0014673322439193726,0.0012259036302566528,0.0009902231395244598,0.0008424930274486542,0.0005998201668262482,0.0003796517848968506,0.0001580268144607544,0.0,0.0,0.0,0.0,0.0,0.0,0.0,0.0,0.0,0.0,0.0,0.0,0.0,0.0,0.0,0.0,0.0,0.0,0.0,0.0,0.09394484385848045
91,0.005890306085348129,0.005717594176530838,0.005669247359037399,0.005502473562955856,0.005294147878885269,0.005166396498680115,0.005056221038103104,0.004838168621063232,0.00467614084482193,0.004426255822181702,0.004232335835695267,0.004076976329088211,0.003909837454557419,0.003690037876367569,0.0035097338259220123,0.0032370463013648987,0.0030781924724578857,0.0029305480420589447,0.0027794651687145233,0.0025498047471046448,0.0023218318819999695,0.0020176656544208527,0.0017619654536247253,0.0015232451260089874,0.0013186335563659668,0.0011925585567951202,0.0010037608444690704,0.0007626675069332123,0.0005397386848926544,0.0002739541232585907,0.0,0.0,0.0,0.0,0.0,0.0,0.0,0.0,0.0,0.0,0.0,0.0,0.0,0.0,0.0,0.0,0.0,0.0,0.0,0.0,0.0989469513297081
92,0.005876738578081131,0.005754359066486359,0.005556948482990265,0.005476687103509903,0.00530092790722847,0.005055360496044159,0.004876025021076202,0.0047023966908454895,0.004686273634433746,0.004437658935785294,0.004129465669393539,0.003968965262174606,0.0038203448057174683,0.0036914199590682983,0.0034216679632663727,0.003201410174369812,0.0030096247792243958,0.0028221122920513153,0.002635631710290909,0.0025586597621440887,0.0022102519869804382,0.002042774111032486,0.0018409043550491333,0.0016602389514446259,0.001415945589542389,0.0011772401630878448,0.0009837597608566284,0.0007511936128139496,0.000516895204782486,0.00028651580214500427,0.0,0.0,0.0,0.0,0.0,0.0,0.0,0.0,0.0,0.0,0.0,0.0,0.0,0.0,0.0,0.0,0.0,0.0,0.0,0.0,0.09786839783191681
93,0.005858339369297028,0.005800202488899231,0.0056439973413944244,0.005491871386766434,0.005245111882686615,0.0051021091639995575,0.004994623363018036,0.004793122410774231,0.004571717232465744,0.004345811903476715,0.004197079688310623,0.004099935293197632,0.004019923508167267,0.0036254972219467163,0.003384772688150406,0.003224097192287445,0.003032781183719635,0.0028914660215377808,0.002686329185962677,0.002428792417049408,0.0023443587124347687,0.0021110065281391144,0.0018076114356517792,0.0015973672270774841,0.0013679079711437225,0.0011501163244247437,0.000918164849281311,0.000691145658493042,0.0005160048604011536,0.00027724355459213257,0.0,0.0,0.0,0.0,0.0,0.0,0.0,0.0,0.0,0.0,0.0,0.0,0.0,0.0,0.0,0.0,0.0,0.0,0.0,0.0,0.09821850806474686
94,0.005839269608259201,0.005773454904556274,0.00566473975777626,0.005404368042945862,0.0052528418600559235,0.005195397883653641,0.005060624331235886,0.004870958626270294,0.0046892911195755005,0.004529785364866257,0.0043318383395671844,0.004069585353136063,0.0038512833416461945,0.003619518131017685,0.0035398080945014954,0.003267548978328705,0.002963494509458542,0.0028418265283107758,0.0026478730142116547,0.002427387982606888,0.002163305878639221,0.0019679926335811615,0.0017267167568206787,0.001526322215795517,0.0014037899672985077,0.0011655278503894806,0.0009531639516353607,0.000697750598192215,0.0005392134189605713,0.00027292966842651367,0.0,0.0,0.0,0.0,0.0,0.0,0.0,0.0,0.0,0.0,0.0,0.0,0.0,0.0,0.0,0.0,0.0,0.0,0.0,0.0,0.09825760871171951
95,0.0059438422322273254,0.00578642264008522,0.00553710013628006,0.005448698997497559,0.005280770361423492,0.005114372819662094,0.0049080997705459595,0.004720546305179596,0.004513222724199295,0.004369478672742844,0.004188690334558487,0.0039053261280059814,0.0036538466811180115,0.0034942626953125,0.0033430755138397217,0.003196258097887039,0.003075443208217621,0.002917863428592682,0.0026982277631759644,0.002428334206342697,0.0022002384066581726,0.002031385898590088,0.001715283840894699,0.0015410222113132477,0.001370105892419815,0.0011958964169025421,0.0009787604212760925,0.0007697343826293945,0.0005314052104949951,0.0002914257347583771,0.0,0.0,0.0,0.0,0.0,0.0,0.0,0.0,0.0,0.0,0.0,0.0,0.0,0.0,0.0,0.0,0.0,0.0,0.0,0.0,0.09714914113283157
96,0.0057976506650447845,0.005679454654455185,0.005576282739639282,0.005475025624036789,0.005325444042682648,0.005111616104841232,0.005007453262805939,0.004807222634553909,0.004578087478876114,0.004461146891117096,0.004254326224327087,0.004004977643489838,0.003822099417448044,0.0036590732634067535,0.0034534484148025513,0.003268670290708542,0.0030183233320713043,0.002743009477853775,0.0025154687464237213,0.0022821761667728424,0.002034161239862442,0.0017471201717853546,0.0016241930425167084,0.0014318525791168213,0.0013673827052116394,0.001086357980966568,0.000933673232793808,0.0006548278033733368,0.0004430152475833893,0.00017053261399269104,0.0,0.0,0.0,0.0,0.0,0.0,0.0,0.0,0.0,0.0,0.0,0.0,0.0,0.0,0.0,0.0,0.0,0.0,0.0,0.0,0.0963340736925602
97,0.005822539329528809,0.005701884627342224,0.0055593810975551605,0.005423739552497864,0.0052700042724609375,0.005080182105302811,0.004879668354988098,0.004761960357427597,0.004556033760309219,0.004383116960525513,0.0042200759053230286,0.004050858318805695,0.0038520097732543945,0.003733202815055847,0.003444511443376541,0.0032158680260181427,0.0029219835996627808,0.0027134083211421967,0.002513457089662552,0.00235728919506073,0.0021126046776771545,0.0018934085965156555,0.0016264356672763824,0.001449689269065857,0.0012340322136878967,0.001072179526090622,0.0008324645459651947,0.0006425976753234863,0.0004151463508605957,0.00016173720359802246,0.0,0.0,0.0,0.0,0.0,0.0,0.0,0.0,0.0,0.0,0.0,0.0,0.0,0.0,0.0,0.0,0.0,0.0,0.0,0.0,0.09590147063136101
98,0.005808357149362564,0.0057018958032131195,0.005503695458173752,0.005359400063753128,0.005179528146982193,0.0049652718007564545,0.004809357225894928,0.004599049687385559,0.0044779665768146515,0.004199013113975525,0.003913454711437225,0.003782600164413452,0.003629617393016815,0.003484833985567093,0.0033183619379997253,0.003227081149816513,0.0030285976827144623,0.0028394609689712524,0.0025286413729190826,0.0023001693189144135,0.002157069742679596,0.0019022375345230103,0.0017277412116527557,0.001508072018623352,0.0012894310057163239,0.0010923072695732117,0.0008391924202442169,0.0006348565220832825,0.0004056394100189209,0.00017068535089492798,0.0,0.0,0.0,0.0,0.0,0.0,0.0,0.0,0.0,0.0,0.0,0.0,0.0,0.0,0.0,0.0,0.0,0.0,0.0,0.0,0.09438358619809151
99,0.005792155861854553,0.005712345242500305,0.005573887377977371,0.005403593182563782,0.005139362066984177,0.004927285015583038,0.004771146923303604,0.004532583057880402,0.004419248551130295,0.00428377091884613,0.004093330353498459,0.00397307425737381,0.0037152543663978577,0.003513488918542862,0.003379877656698227,0.003173772245645523,0.0028792880475521088,0.0027838721871376038,0.0025054514408111572,0.002325110137462616,0.002071049064397812,0.0018526241183280945,0.0016694962978363037,0.0014616809785366058,0.0012508444488048553,0.001048155128955841,0.000884372740983963,0.0006839297711849213,0.0004196763038635254,0.00016639381647109985,0.0,0.0,0.0,0.0,0.0,0.0,0.0,0.0,0.0,0.0,0.0,0.0,0.0,0.0,0.0,0.0,0.0,0.0,0.0,0.0,0.0944061204791069
100,0.0058205388486385345,0.005668476223945618,0.005559518933296204,0.005369599908590317,0.00521107017993927,0.004948459565639496,0.004791028797626495,0.004691015928983688,0.004457350820302963,0.004266258329153061,0.0041137076914310455,0.003846418112516403,0.00362410768866539,0.003363553434610367,0.0031235218048095703,0.0029856525361537933,0.0028059743344783783,0.0026533380150794983,0.00248071551322937,0.0024117790162563324,0.0021249614655971527,0.001938801258802414,0.0017447732388973236,0.0015844404697418213,0.0012654513120651245,0.0010630786418914795,0.0009173117578029633,0.000670064240694046,0.00038466230034828186,0.00015609338879585266,0.0,0.0,0.0,0.0,0.0,0.0,0.0,0.0,0.0,0.0,0.0,0.0,0.0,0.0,0.0,0.0,0.0,0.0,0.0,0.0,0.09404172375798225

total time per move x,0.5897670723497868,0.5715779401361942,0.5564821697771549,0.5413238741457462,0.5237077325582504,0.5059950053691864,0.4837062433362007,0.46172185242176056,0.4433787055313587,0.4385872781276703,0.4074622094631195,0.40242020785808563,0.36930812522768974,0.3491293713450432,0.3294629454612732,0.31956731900572777,0.2909318655729294,0.27155833318829536,0.2511976286768913,0.23149847611784935,0.2107330933213234,0.19005420058965683,0.16770995408296585,0.14824377745389938,0.12814344465732574,0.10705048963427544,0.08710318803787231,0.06701061874628067,0.04630167782306671,0.035601064562797546,0.0004651099443435669,0,0,0,0,0,0,0,0,0,0,0,0,0,0,0,0,0,0,0,9.527200974524021
average time per move x,0.005897670723497867,0.005715779401361943,0.005564821697771549,0.005413238741457462,0.005237077325582504,0.005059950053691864,0.004885921649860613,0.004711447473691434,0.004524272505422027,0.00447538038905786,0.0041577776475828524,0.004106328651613119,0.0037684502574254057,0.003562544605561665,0.003361866790421155,0.0032608910102625284,0.002968692505846218,0.002771003399880565,0.0025632411089478706,0.00236222934814132,0.0021503376869522793,0.0019393285774454779,0.0017289685987934623,0.0015282863655041174,0.0013210664397662448,0.0011036132951987158,0.0008979710106997146,0.000690831121095677,0.00047733688477388363,0.000367021284152552,0.0004651099443435669,nan,nan,nan,nan,nan,nan,nan,nan,nan,nan,nan,nan,nan,nan,nan,nan,nan,nan,nan,0.09527200974524021
std of time per move x,0.00046782353185791196,5.8348604666769445e-05,5.446747226647872e-05,6.53728850188373e-05,6.418183701529646e-05,7.514590436909437e-05,8.065048415746754e-05,0.0001103457005484849,8.883480549158906e-05,0.0013302091844408321,9.233902772831095e-05,0.0013341835741945871,0.00011413422488056727,0.00011322756714493363,0.00010326358236604511,0.0008998847034496106,0.00010189807939509249,0.0001134579636746536,9.665136773915181e-05,8.959542742997139e-05,8.46347167038104e-05,8.559066412140227e-05,7.914504682258498e-05,7.766532609075646e-05,7.59824173833288e-05,6.995384129599218e-05,6.427424563200088e-05,6.0520985637962574e-05,8.842899746224918e-05,0.0013395471370270813,nan,nan,nan,nan,nan,nan,nan,nan,nan,nan,nan,nan,nan,nan,nan,nan,nan,nan,nan,nan,0.009469010606627151
err of average time,4.6782353185791194e-05,5.834860466676945e-06,5.4467472266478725e-06,6.53728850188373e-06,6.418183701529645e-06,7.514590436909437e-06,8.105678639721888e-06,1.114659901894483e-05,8.973670481212939e-06,0.00013437141924496277,9.327650382123045e-06,0.00013477289323724254,1.1529297768359927e-05,1.14377115064911e-05,1.0431197048663726e-05,9.090208229932357e-05,1.0293260418593587e-05,1.1460985070566364e-05,9.763262505615565e-06,9.050504899862856e-06,8.549397443580956e-06,8.645962715214811e-06,8.03596197806324e-06,7.885719101010158e-06,7.714845610774493e-06,7.102736449625146e-06,6.526060881930837e-06,6.144975067761214e-06,8.978604345990524e-06,0.00013601040485961656,nan,nan,nan,nan,nan,nan,nan,nan,nan,nan,nan,nan,nan,nan,nan,nan,nan,nan,nan,nan,0.0009469010606627151
