Contains move time for player Greedy2; opponent is MCTSRemMaxIter2
Colums refer to move number, rows to game number
game,1,2,3,4,5,6,7,8,9,10,11,12,13,14,15,16,17,18,19,20,21,22,23,24,25,26,27,28,29,30,31,32,33,34,35,36,37,38,39,40,41,42,43,44,45,46,47,48,49,50,total
1,0.006112683564424515,0.005990061908960342,0.0057065486907958984,0.0054882727563381195,0.005418960005044937,0.005345102399587631,0.0050496309995651245,0.004777293652296066,0.004685651510953903,0.004547476768493652,0.004261355847120285,0.004027716815471649,0.003962278366088867,0.0038608312606811523,0.0035858601331710815,0.0033695176243782043,0.0031818076968193054,0.0029144994914531708,0.0026099346578121185,0.0023515820503234863,0.002294406294822693,0.0020882301032543182,0.0019579827785491943,0.0016851089894771576,0.0015206672251224518,0.0012289881706237793,0.0010199546813964844,0.0008193142712116241,0.0005833692848682404,0.00030035898089408875,0.0,0.0,0.0,0.0,0.0,0.0,0.0,0.0,0.0,0.0,0.0,0.0,0.0,0.0,0.0,0.0,0.0,0.0,0.0,0.0,0.10074544697999954
2,0.006837598979473114,0.005841780453920364,0.005812454968690872,0.005546346306800842,0.005300018936395645,0.005149673670530319,0.005021683871746063,0.004794903099536896,0.005100250244140625,0.004439059644937515,0.004233740270137787,0.004032980650663376,0.00390470027923584,0.0036881864070892334,0.003490198403596878,0.00322737917304039,0.0030627883970737457,0.0029232725501060486,0.002680521458387375,0.0024563372135162354,0.0021982043981552124,0.0018963031470775604,0.0016986243426799774,0.0015463121235370636,0.0013303868472576141,0.0011771582067012787,0.0009813420474529266,0.0007691048085689545,0.0005771815776824951,0.0003161691129207611,0.0,0.0,0.0,0.0,0.0,0.0,0.0,0.0,0.0,0.0,0.0,0.0,0.0,0.0,0.0,0.0,0.0,0.0,0.0,0.0,0.10003466159105301
3,0.005998555570840836,0.005799375474452972,0.005704205483198166,0.005535926669836044,0.005297180265188217,0.005118437111377716,0.004876192659139633,0.004786808043718338,0.004497900605201721,0.004329703748226166,0.004189725965261459,0.004021152853965759,0.0038592927157878876,0.003763817250728607,0.0034823715686798096,0.00335104763507843,0.003165028989315033,0.003013644367456436,0.002591751515865326,0.0024016574025154114,0.002423752099275589,0.0020381249487400055,0.0017718784511089325,0.0016240812838077545,0.0013583414256572723,0.0010864399373531342,0.0009088851511478424,0.0006763860583305359,0.0005287528038024902,0.0002980753779411316,0.0,0.0,0.0,0.0,0.0,0.0,0.0,0.0,0.0,0.0,0.0,0.0,0.0,0.0,0.0,0.0,0.0,0.0,0.0,0.0,0.09849849343299866
4,0.00594884529709816,0.0057347603142261505,0.005557365715503693,0.005449146032333374,0.005336850881576538,0.005130991339683533,0.0048942118883132935,0.004731476306915283,0.004592392593622208,0.004326712340116501,0.004154972732067108,0.004069477319717407,0.003883782774209976,0.003641873598098755,0.0033932626247406006,0.003182642161846161,0.003040321171283722,0.0028393901884555817,0.0026780366897583008,0.002371232956647873,0.0022261664271354675,0.0019584447145462036,0.0016657374799251556,0.0015477649867534637,0.0013333968818187714,0.001148965209722519,0.0009563006460666656,0.0007112398743629456,0.000489354133605957,0.00032088905572891235,0.0,0.0,0.0,0.0,0.0,0.0,0.0,0.0,0.0,0.0,0.0,0.0,0.0,0.0,0.0,0.0,0.0,0.0,0.0,0.0,0.09731600433588028
5,0.0059596821665763855,0.005918983370065689,0.0057558901607990265,0.005494333803653717,0.005323890596628189,0.005136162042617798,0.0048654936254024506,0.004623834043741226,0.004577018320560455,0.004243712872266769,0.004137691110372543,0.003966819494962692,0.003720223903656006,0.0035695359110832214,0.003541257232427597,0.003322254866361618,0.003124069422483444,0.002950374037027359,0.0026769042015075684,0.002437770366668701,0.002222307026386261,0.0019939951598644257,0.0017171800136566162,0.0015506036579608917,0.0014022327959537506,0.0011380836367607117,0.0009425953030586243,0.0007163211703300476,0.0004885010421276093,0.00033757463097572327,0.0,0.0,0.0,0.0,0.0,0.0,0.0,0.0,0.0,0.0,0.0,0.0,0.0,0.0,0.0,0.0,0.0,0.0,0.0,0.0,0.09785529598593712
6,0.005877040326595306,0.005676962435245514,0.005520347505807877,0.0053503625094890594,0.005285143852233887,0.005172468721866608,0.005089927464723587,0.004717636853456497,0.004496142268180847,0.0042204223573207855,0.004055134952068329,0.003990396857261658,0.003781411796808243,0.0036233924329280853,0.003311760723590851,0.003183577209711075,0.002992004156112671,0.002839345484972,0.0026060864329338074,0.002443421632051468,0.0022354647517204285,0.00197635218501091,0.0017894208431243896,0.0015730634331703186,0.0013673454523086548,0.00116044282913208,0.0009349286556243896,0.0007158294320106506,0.00048236921429634094,0.00017164647579193115,0.0,0.0,0.0,0.0,0.0,0.0,0.0,0.0,0.0,0.0,0.0,0.0,0.0,0.0,0.0,0.0,0.0,0.0,0.0,0.0,0.09663984924554825
7,0.005760855972766876,0.00565502792596817,0.0055632442235946655,0.0054329149425029755,0.005168050527572632,0.005154915153980255,0.004876572638750076,0.004715383052825928,0.004535052925348282,0.004243545234203339,0.004168752580881119,0.003983013331890106,0.0037081055343151093,0.003659900277853012,0.003297664225101471,0.0031019411981105804,0.0028963685035705566,0.002715509384870529,0.0024235807359218597,0.0022268258035182953,0.002003870904445648,0.0018303878605365753,0.0017086900770664215,0.0014938004314899445,0.0012660995125770569,0.001013040542602539,0.0008289366960525513,0.0006608143448829651,0.0004574619233608246,0.0001930929720401764,0.0,0.0,0.0,0.0,0.0,0.0,0.0,0.0,0.0,0.0,0.0,0.0,0.0,0.0,0.0,0.0,0.0,0.0,0.0,0.0,0.09474341943860054
8,0.0057796575129032135,0.005682799965143204,0.00550050288438797,0.005349278450012207,0.005176510661840439,0.005057130008935928,0.004830054938793182,0.004722360521554947,0.004434533417224884,0.0043171122670173645,0.0041858479380607605,0.0038324296474456787,0.0034919679164886475,0.0033842548727989197,0.0031493306159973145,0.003114316612482071,0.00296633318066597,0.0027886107563972473,0.0025860853493213654,0.002352967858314514,0.002191998064517975,0.0019616447389125824,0.001753091812133789,0.0015524588525295258,0.0012797005474567413,0.0010085254907608032,0.0008107349276542664,0.0006449893116950989,0.0004407130181789398,0.000174839049577713,0.0,0.0,0.0,0.0,0.0,0.0,0.0,0.0,0.0,0.0,0.0,0.0,0.0,0.0,0.0,0.0,0.0,0.0,0.0,0.0,0.09452078118920326
9,0.005744710564613342,0.005592182278633118,0.005524393171072006,0.005419425666332245,0.005172889679670334,0.004937771707773209,0.004860438406467438,0.004580959677696228,0.004410676658153534,0.004358720034360886,0.004102293401956558,0.003886636346578598,0.0036666207015514374,0.003683988004922867,0.003340393304824829,0.003107871860265732,0.0029441937804222107,0.0027245432138442993,0.0025011710822582245,0.002384629100561142,0.0021661855280399323,0.001918397843837738,0.0017286799848079681,0.0015227049589157104,0.0013100393116474152,0.0011009760200977325,0.0008746832609176636,0.0006332285702228546,0.0003979727625846863,0.00015273690223693848,0.0,0.0,0.0,0.0,0.0,0.0,0.0,0.0,0.0,0.0,0.0,0.0,0.0,0.0,0.0,0.0,0.0,0.0,0.0,0.0,0.09475011378526688
10,0.005780890583992004,0.0055841729044914246,0.0054839663207530975,0.005356531590223312,0.005204703658819199,0.005039475858211517,0.004900164902210236,0.004766490310430527,0.0045491792261600494,0.004323258996009827,0.004198674112558365,0.003941971808671951,0.0037182196974754333,0.003580629825592041,0.0033009685575962067,0.0031199343502521515,0.002832602709531784,0.0027165189385414124,0.0024604685604572296,0.002300471067428589,0.002094641327857971,0.0017952099442481995,0.0016031786799430847,0.00139511376619339,0.0012379549443721771,0.0010513700544834137,0.0008558928966522217,0.0006650760769844055,0.0004692450165748596,0.00018730387091636658,0.0,0.0,0.0,0.0,0.0,0.0,0.0,0.0,0.0,0.0,0.0,0.0,0.0,0.0,0.0,0.0,0.0,0.0,0.0,0.0,0.09451428055763245
11,0.005915310233831406,0.005812693387269974,0.0056160129606723785,0.005376655608415604,0.0052857063710689545,0.005063425749540329,0.004862487316131592,0.004823088645935059,0.004626020789146423,0.004560321569442749,0.004384759813547134,0.004071690142154694,0.00393151119351387,0.003763452172279358,0.003462076187133789,0.0032840557396411896,0.0031093955039978027,0.002949316054582596,0.0027748309075832367,0.002627972513437271,0.0024406686425209045,0.002071212977170944,0.0018563605844974518,0.0016483254730701447,0.001409485936164856,0.0011591017246246338,0.0009664334356784821,0.000730954110622406,0.0006211251020431519,0.0003276243805885315,0.0,0.0,0.0,0.0,0.0,0.0,0.0,0.0,0.0,0.0,0.0,0.0,0.0,0.0,0.0,0.0,0.0,0.0,0.0,0.0,0.09953207522630692
12,0.005957257002592087,0.005724295973777771,0.005593094974756241,0.005398541688919067,0.0052199214696884155,0.00503312423825264,0.004891790449619293,0.004649832844734192,0.004497464746236801,0.004461154341697693,0.004192817956209183,0.0038501471281051636,0.0036182701587677,0.003517415374517441,0.0033055879175662994,0.0032393857836723328,0.0029867514967918396,0.0028075799345970154,0.002530224621295929,0.002307981252670288,0.0021425671875476837,0.001908767968416214,0.001890823245048523,0.0016527138650417328,0.001406800001859665,0.0012138113379478455,0.0009708255529403687,0.0007063746452331543,0.0005227848887443542,0.0002904534339904785,0.0,0.0,0.0,0.0,0.0,0.0,0.0,0.0,0.0,0.0,0.0,0.0,0.0,0.0,0.0,0.0,0.0,0.0,0.0,0.0,0.09648856148123741
13,0.005932871252298355,0.005755014717578888,0.005574081093072891,0.005432989448308945,0.005284909158945084,0.005081530660390854,0.004847627133131027,0.004772033542394638,0.004440620541572571,0.004399202764034271,0.004242446273565292,0.0039282068610191345,0.0038347356021404266,0.0035137608647346497,0.0034078843891620636,0.0031558461487293243,0.0030639059841632843,0.002861443907022476,0.0025869831442832947,0.0022791028022766113,0.0020890124142169952,0.0019987374544143677,0.0017713941633701324,0.0015612654387950897,0.00139569491147995,0.0010949298739433289,0.0008853301405906677,0.0007301755249500275,0.0004962049424648285,0.00030369311571121216,0.0,0.0,0.0,0.0,0.0,0.0,0.0,0.0,0.0,0.0,0.0,0.0,0.0,0.0,0.0,0.0,0.0,0.0,0.0,0.0,0.09672163426876068
14,0.005942508578300476,0.005797218531370163,0.00559740886092186,0.005392543971538544,0.005229771137237549,0.005057506263256073,0.004867538809776306,0.00475243479013443,0.004524536430835724,0.004360873252153397,0.004112448543310165,0.003977172076702118,0.0037864670157432556,0.0035719983279705048,0.003448009490966797,0.003269098699092865,0.002974405884742737,0.002774156630039215,0.002554122358560562,0.002353142946958542,0.002145908772945404,0.0019347742199897766,0.0017995573580265045,0.0016197971999645233,0.0014054551720619202,0.0012018829584121704,0.0009509958326816559,0.0007890611886978149,0.0005362704396247864,0.00029391050338745117,0.0,0.0,0.0,0.0,0.0,0.0,0.0,0.0,0.0,0.0,0.0,0.0,0.0,0.0,0.0,0.0,0.0,0.0,0.0,0.0,0.09702097624540329
15,0.005908370018005371,0.005774490535259247,0.005574945360422134,0.005412288010120392,0.0052627213299274445,0.0050501711666584015,0.005186904221773148,0.0047378018498420715,0.004738286137580872,0.004284854978322983,0.004210215061903,0.004116240888834,0.0038542337715625763,0.003585025668144226,0.0034631341695785522,0.003359563648700714,0.003176547586917877,0.0029924847185611725,0.002556968480348587,0.002326004207134247,0.0021859630942344666,0.0019909702241420746,0.0017632357776165009,0.001568567007780075,0.0013544261455535889,0.0011211447417736053,0.0009097345173358917,0.0007053352892398834,0.0005190856754779816,0.00030272454023361206,0.0,0.0,0.0,0.0,0.0,0.0,0.0,0.0,0.0,0.0,0.0,0.0,0.0,0.0,0.0,0.0,0.0,0.0,0.0,0.0,0.0979924388229847
16,0.005786150693893433,0.005616161972284317,0.005483314394950867,0.005313757807016373,0.005134742707014084,0.0050495825707912445,0.004838917404413223,0.004664316773414612,0.004392977803945541,0.004173438996076584,0.004092574119567871,0.004107445478439331,0.00393068790435791,0.0037450194358825684,0.003452446311712265,0.0032014064490795135,0.003020241856575012,0.002789277583360672,0.002637255936861038,0.002261955291032791,0.0020383894443511963,0.0017939358949661255,0.0016282349824905396,0.0014753788709640503,0.0011823289096355438,0.0010049641132354736,0.0008753351867198944,0.0006756000220775604,0.0004035569727420807,0.0002005361020565033,0.0,0.0,0.0,0.0,0.0,0.0,0.0,0.0,0.0,0.0,0.0,0.0,0.0,0.0,0.0,0.0,0.0,0.0,0.0,0.0,0.09496993198990822
17,0.005798008292913437,0.005698036402463913,0.005543909966945648,0.0054475776851177216,0.00532173365354538,0.004988852888345718,0.004695959389209747,0.00442669540643692,0.004471149295568466,0.004220850765705109,0.004078201949596405,0.0038928277790546417,0.0038246288895606995,0.003666102886199951,0.0033884309232234955,0.0031148605048656464,0.002844560891389847,0.002733837813138962,0.0026030614972114563,0.0025029927492141724,0.0022677406668663025,0.0019109360873699188,0.0017007775604724884,0.0015658996999263763,0.0012865439057350159,0.0010535158216953278,0.0008369162678718567,0.0006412342190742493,0.00040685757994651794,0.00015832111239433289,0.0,0.0,0.0,0.0,0.0,0.0,0.0,0.0,0.0,0.0,0.0,0.0,0.0,0.0,0.0,0.0,0.0,0.0,0.0,0.0,0.09509102255105972
18,0.00581929087638855,0.005715213716030121,0.005540236830711365,0.005379579961299896,0.005192551761865616,0.004997082054615021,0.004659414291381836,0.004565004259347916,0.004319682717323303,0.004177071154117584,0.004042912274599075,0.003907736390829086,0.0037484467029571533,0.0035149268805980682,0.00338532030582428,0.0033211447298526764,0.0031269900500774384,0.002918921411037445,0.002594057470560074,0.0024472251534461975,0.0021089166402816772,0.001954231411218643,0.0017876289784908295,0.0015636235475540161,0.0013483017683029175,0.0011174306273460388,0.0009541735053062439,0.0006432682275772095,0.0004281066358089447,0.00019682571291923523,0.0,0.0,0.0,0.0,0.0,0.0,0.0,0.0,0.0,0.0,0.0,0.0,0.0,0.0,0.0,0.0,0.0,0.0,0.0,0.0,0.09547531604766846
19,0.00585237517952919,0.005711238831281662,0.005632761865854263,0.005391426384449005,0.005209580063819885,0.004987534135580063,0.004836488515138626,0.0045714229345321655,0.004413299262523651,0.004262767732143402,0.004079855978488922,0.018589910119771957,0.0037531480193138123,0.003816172480583191,0.00349465012550354,0.0033324286341667175,0.0030197761952877045,0.0028484053909778595,0.002607550472021103,0.0022647902369499207,0.0020605958998203278,0.0018630549311637878,0.001645706593990326,0.0014454945921897888,0.0012944228947162628,0.0011215172708034515,0.0008937306702136993,0.0006907209753990173,0.00048245862126350403,0.0001665353775024414,0.0,0.0,0.0,0.0,0.0,0.0,0.0,0.0,0.0,0.0,0.0,0.0,0.0,0.0,0.0,0.0,0.0,0.0,0.0,0.0,0.11033982038497925
20,0.005758658051490784,0.005666263401508331,0.005537472665309906,0.005330979824066162,0.0051291510462760925,0.005059823393821716,0.004727553576231003,0.004618220031261444,0.004505224525928497,0.004268273711204529,0.0041250549256801605,0.003938023000955582,0.0036863647401332855,0.0035556964576244354,0.0035035274922847748,0.003190811723470688,0.0029736198484897614,0.0028474554419517517,0.002541635185480118,0.0023197978734970093,0.002028815448284149,0.0018904507160186768,0.0016482807695865631,0.0015303604304790497,0.001355040818452835,0.0010822825133800507,0.0008960962295532227,0.0006517432630062103,0.0004641972482204437,0.00020521506667137146,0.0,0.0,0.0,0.0,0.0,0.0,0.0,0.0,0.0,0.0,0.0,0.0,0.0,0.0,0.0,0.0,0.0,0.0,0.0,0.0,0.0950360894203186
21,0.005954273045063019,0.00577695295214653,0.005601298063993454,0.0054621621966362,0.00542999804019928,0.005123216658830643,0.00494641438126564,0.004707645624876022,0.004420071840286255,0.004273716360330582,0.004231538623571396,0.003935523331165314,0.003737587481737137,0.0036355331540107727,0.0033457763493061066,0.0031507201492786407,0.003022335469722748,0.00273345410823822,0.0025382302701473236,0.002274639904499054,0.0021127983927726746,0.001911260187625885,0.0017200373113155365,0.0015406310558319092,0.0013025850057601929,0.0011402219533920288,0.0009069629013538361,0.000687919557094574,0.0005146637558937073,0.00029976293444633484,0.0,0.0,0.0,0.0,0.0,0.0,0.0,0.0,0.0,0.0,0.0,0.0,0.0,0.0,0.0,0.0,0.0,0.0,0.0,0.0,0.09643793106079102
22,0.005884874612092972,0.005707152187824249,0.005696270614862442,0.005486603826284409,0.005261648446321487,0.005038462579250336,0.004950571805238724,0.004779599606990814,0.004481244832277298,0.0043594613671302795,0.004175972193479538,0.003965940326452255,0.0038737766444683075,0.003602687269449234,0.0033290423452854156,0.003143325448036194,0.0030254386365413666,0.002752300351858139,0.0025635994970798492,0.002424284815788269,0.002199161797761917,0.0019521191716194153,0.0018278323113918304,0.0015615597367286682,0.0014213435351848602,0.0011967197060585022,0.0010566040873527527,0.0007969029247760773,0.0005795247852802277,0.0003389120101928711,0.0,0.0,0.0,0.0,0.0,0.0,0.0,0.0,0.0,0.0,0.0,0.0,0.0,0.0,0.0,0.0,0.0,0.0,0.0,0.0,0.0974329374730587
23,0.005945831537246704,0.005798224359750748,0.0056455098092556,0.005534794181585312,0.005373489111661911,0.005177933722734451,0.005021531134843826,0.004780091345310211,0.004528902471065521,0.004302866756916046,0.0039914436638355255,0.0038877129554748535,0.0037348829209804535,0.0035766921937465668,0.003458816558122635,0.003142479807138443,0.002988029271364212,0.002850547432899475,0.0026556700468063354,0.002419162541627884,0.0021743886172771454,0.0019452385604381561,0.0017489902675151825,0.0016153715550899506,0.0013547688722610474,0.0011279396712779999,0.000921688973903656,0.0007110871374607086,0.0005191788077354431,0.00029537081718444824,0.0,0.0,0.0,0.0,0.0,0.0,0.0,0.0,0.0,0.0,0.0,0.0,0.0,0.0,0.0,0.0,0.0,0.0,0.0,0.0,0.09722863510251045
24,0.005940411239862442,0.005748316645622253,0.0056358687579631805,0.005468480288982391,0.005435675382614136,0.005513343960046768,0.005008917301893234,0.004717394709587097,0.005263898521661758,0.004496723413467407,0.004214465618133545,0.003905154764652252,0.003712482750415802,0.003620963543653488,0.003413558006286621,0.003215394914150238,0.003014013171195984,0.0029782503843307495,0.002716492861509323,0.0024802982807159424,0.002338860183954239,0.0021476037800312042,0.0018472932279109955,0.0016938336193561554,0.0014096051454544067,0.0011697299778461456,0.000956021249294281,0.0007350891828536987,0.0005430057644844055,0.0003243982791900635,0.0,0.0,0.0,0.0,0.0,0.0,0.0,0.0,0.0,0.0,0.0,0.0,0.0,0.0,0.0,0.0,0.0,0.0,0.0,0.0,0.09966554492712021
25,0.005933966487646103,0.0057261064648628235,0.0055986009538173676,0.005473770201206207,0.005378499627113342,0.005147036164999008,0.005023743957281113,0.004911608994007111,0.0045795440673828125,0.004578892141580582,0.004325229674577713,0.003986872732639313,0.0038080699741840363,0.003749500960111618,0.003442920744419098,0.0032744817435741425,0.0031182169914245605,0.0028176531195640564,0.0026370584964752197,0.0024028196930885315,0.0021462030708789825,0.0019888319075107574,0.0018412880599498749,0.0016979575157165527,0.0014026761054992676,0.0011930093169212341,0.0009328052401542664,0.0007515475153923035,0.0005554482340812683,0.0003104954957962036,0.0,0.0,0.0,0.0,0.0,0.0,0.0,0.0,0.0,0.0,0.0,0.0,0.0,0.0,0.0,0.0,0.0,0.0,0.0,0.0,0.09873485565185547
26,0.005783259868621826,0.00560896098613739,0.005498941987752914,0.005361791700124741,0.005166400223970413,0.005098320543766022,0.005272373557090759,0.004668824374675751,0.004542630165815353,0.004300594329833984,0.004130542278289795,0.003919653594493866,0.003805171698331833,0.0035433433949947357,0.0034174546599388123,0.003119867295026779,0.00286666676402092,0.0026621557772159576,0.002331998199224472,0.002187684178352356,0.001986496150493622,0.0017231740057468414,0.0017103031277656555,0.0015966445207595825,0.0014228075742721558,0.001161288470029831,0.0009065382182598114,0.0006952285766601562,0.0005344115197658539,0.0003122873604297638,0.0,0.0,0.0,0.0,0.0,0.0,0.0,0.0,0.0,0.0,0.0,0.0,0.0,0.0,0.0,0.0,0.0,0.0,0.0,0.0,0.09533581510186195
27,0.005727119743824005,0.005683187395334244,0.0054913535714149475,0.00534290075302124,0.005112305283546448,0.005021493881940842,0.004842687398195267,0.004671547561883926,0.004502173513174057,0.00434628501534462,0.00417926162481308,0.003949005156755447,0.003794245421886444,0.003576967865228653,0.003360513597726822,0.0032044686377048492,0.002963520586490631,0.0028625689446926117,0.0025183111429214478,0.002205248922109604,0.0020616017282009125,0.0018773823976516724,0.0015950165688991547,0.0014011822640895844,0.0012908987700939178,0.0011076703667640686,0.0008923374116420746,0.0006941892206668854,0.0004862546920776367,0.00017329677939414978,0.0,0.0,0.0,0.0,0.0,0.0,0.0,0.0,0.0,0.0,0.0,0.0,0.0,0.0,0.0,0.0,0.0,0.0,0.0,0.0,0.09493499621748924
28,0.00578780472278595,0.005703069269657135,0.005571678280830383,0.005367856472730637,0.005295421928167343,0.005060132592916489,0.005158096551895142,0.004811670631170273,0.00469072163105011,0.00440254807472229,0.004139188677072525,0.003961820155382156,0.00382445752620697,0.0035722479224205017,0.0033712834119796753,0.0032305754721164703,0.003112204372882843,0.00289279967546463,0.0026435554027557373,0.0023613683879375458,0.002160079777240753,0.002053912729024887,0.0018244124948978424,0.0016675665974617004,0.0013942420482635498,0.0012161768972873688,0.0009591169655323029,0.0006840899586677551,0.0005091428756713867,0.00020464137196540833,0.0,0.0,0.0,0.0,0.0,0.0,0.0,0.0,0.0,0.0,0.0,0.0,0.0,0.0,0.0,0.0,0.0,0.0,0.0,0.0,0.09763188287615776
29,0.005719386041164398,0.005673322826623917,0.005500223487615585,0.005378752946853638,0.005231894552707672,0.004958048462867737,0.004791203886270523,0.004710465669631958,0.004492424428462982,0.004674460738897324,0.004178058356046677,0.003987547010183334,0.0037664100527763367,0.0035508908331394196,0.003883983939886093,0.0031824596226215363,0.0028793886303901672,0.002607688307762146,0.002412572503089905,0.0021968595683574677,0.0020351968705654144,0.0018302835524082184,0.0016239583492279053,0.0014592073857784271,0.0013408958911895752,0.0010884590446949005,0.0008642785251140594,0.0006560198962688446,0.0004328116774559021,0.00015278160572052002,0.0,0.0,0.0,0.0,0.0,0.0,0.0,0.0,0.0,0.0,0.0,0.0,0.0,0.0,0.0,0.0,0.0,0.0,0.0,0.0,0.09525993466377258
30,0.0057318732142448425,0.005736980587244034,0.0054790303111076355,0.005322165787220001,0.0052315108478069305,0.0050635188817977905,0.004887484014034271,0.004673473536968231,0.004493825137615204,0.0042333342134952545,0.004108984023332596,0.003814663738012314,0.003622163087129593,0.0035177208483219147,0.003330755978822708,0.0030473247170448303,0.002881798893213272,0.0027890726923942566,0.0025747455656528473,0.0022858865559101105,0.002186611294746399,0.0019380562007427216,0.001725032925605774,0.0014439336955547333,0.001291383057832718,0.0010060667991638184,0.0008679628372192383,0.0006883107125759125,0.0004775822162628174,0.00016275793313980103,0.0,0.0,0.0,0.0,0.0,0.0,0.0,0.0,0.0,0.0,0.0,0.0,0.0,0.0,0.0,0.0,0.0,0.0,0.0,0.0,0.09461401030421257
31,0.00590737909078598,0.005848493427038193,0.005532722920179367,0.005463387817144394,0.005269043147563934,0.005134548991918564,0.004910927265882492,0.00472395122051239,0.00449463352560997,0.004253752529621124,0.004113025963306427,0.003922469913959503,0.003833480179309845,0.0035339556634426117,0.0033862926065921783,0.0030759498476982117,0.0028899237513542175,0.0028217360377311707,0.002617090940475464,0.0023946426808834076,0.0021964572370052338,0.0019567348062992096,0.001766640692949295,0.0016868971288204193,0.001449044793844223,0.0012203417718410492,0.001015346497297287,0.0007539801299571991,0.0005390942096710205,0.0003000013530254364,0.0,0.0,0.0,0.0,0.0,0.0,0.0,0.0,0.0,0.0,0.0,0.0,0.0,0.0,0.0,0.0,0.0,0.0,0.0,0.0,0.09701194614171982
32,0.005939129739999771,0.005902789533138275,0.005546536296606064,0.005452457815408707,0.005278799682855606,0.005088519304990768,0.004916224628686905,0.004720043390989304,0.004562560468912125,0.004433147609233856,0.004251405596733093,0.004034217447042465,0.0038865208625793457,0.0038063451647758484,0.0038962364196777344,0.0034015849232673645,0.003102470189332962,0.002759624272584915,0.002679400146007538,0.0024313777685165405,0.0022450722754001617,0.0020663216710090637,0.0018737278878688812,0.0016345866024494171,0.0013984888792037964,0.0011540129780769348,0.0009584873914718628,0.0007871203124523163,0.0006013773381710052,0.00034072622656822205,0.0,0.0,0.0,0.0,0.0,0.0,0.0,0.0,0.0,0.0,0.0,0.0,0.0,0.0,0.0,0.0,0.0,0.0,0.0,0.0,0.09914931282401085
33,0.005908045917749405,0.005730293691158295,0.005566351115703583,0.005427591502666473,0.005200501531362534,0.005115937441587448,0.004952944815158844,0.004630595445632935,0.004400297999382019,0.0,0.0,0.0,0.0,0.0,0.0,0.0,0.0,0.0,0.0,0.0,0.0,0.0,0.0,0.0,0.0,0.0,0.0,0.0,0.0,0.0,0.0,0.0,0.0,0.0,0.0,0.0,0.0,0.0,0.0,0.0,0.0,0.0,0.0,0.0,0.0,0.0,0.0,0.0,0.0,0.0,0.046932559460401535
34,0.005925219506025314,0.005869761109352112,0.005581434816122055,0.005485225468873978,0.005328875035047531,0.005317565053701401,0.005025181919336319,0.004902362823486328,0.004681184887886047,0.0045235492289066315,0.0043137334287166595,0.004059717059135437,0.003872290253639221,0.0036751404404640198,0.0035495348274707794,0.0032063350081443787,0.0031086280941963196,0.0028476566076278687,0.0026242434978485107,0.0023459307849407196,0.0021988824009895325,0.0019213110208511353,0.0016913115978240967,0.0015293285250663757,0.0013749077916145325,0.0011381618678569794,0.0009874887764453888,0.0007450096309185028,0.0005394890904426575,0.00029830634593963623,0.0,0.0,0.0,0.0,0.0,0.0,0.0,0.0,0.0,0.0,0.0,0.0,0.0,0.0,0.0,0.0,0.0,0.0,0.0,0.0,0.09866776689887047
35,0.0059089697897434235,0.005787167698144913,0.0056978315114974976,0.005395382642745972,0.005200125277042389,0.004987645894289017,0.0048983134329319,0.004862401634454727,0.004482060670852661,0.004942823201417923,0.0042975060641765594,0.004002466797828674,0.003783721476793289,0.003509312868118286,0.0034055933356285095,0.0032839886844158173,0.003057379275560379,0.002738453447818756,0.0025804750621318817,0.002444479614496231,0.002322535961866379,0.0021082907915115356,0.0018657892942428589,0.0016382895410060883,0.0014336071908473969,0.00125894695520401,0.0010359808802604675,0.000769544392824173,0.0004802681505680084,0.0003195814788341522,0.0,0.0,0.0,0.0,0.0,0.0,0.0,0.0,0.0,0.0,0.0,0.0,0.0,0.0,0.0,0.0,0.0,0.0,0.0,0.0,0.09849893301725388
36,0.00576869398355484,0.00568414106965065,0.005505163222551346,0.005369614809751511,0.005196265876293182,0.004992421716451645,0.004766594618558884,0.00462036207318306,0.004447244107723236,0.004403848201036453,0.00406220555305481,0.0038993582129478455,0.003735531121492386,0.0035199597477912903,0.003278132528066635,0.0030483826994895935,0.0027855560183525085,0.002567075192928314,0.0024186819791793823,0.0022582560777664185,0.00199856236577034,0.0019483081996440887,0.0016457661986351013,0.0013973824679851532,0.0012087710201740265,0.0010383464395999908,0.0008588321506977081,0.0006115138530731201,0.00041136518120765686,0.00019586831331253052,0.0,0.0,0.0,0.0,0.0,0.0,0.0,0.0,0.0,0.0,0.0,0.0,0.0,0.0,0.0,0.0,0.0,0.0,0.0,0.0,0.0936422049999237
37,0.0057625435292720795,0.005749799311161041,0.005511429160833359,0.005439717322587967,0.005222618579864502,0.005102530121803284,0.00487929955124855,0.00469217449426651,0.004542838782072067,0.004347033798694611,0.004146832972764969,0.003935575485229492,0.003803148865699768,0.003548014909029007,0.0034428611397743225,0.0031557679176330566,0.0029102377593517303,0.0026982873678207397,0.0024020299315452576,0.002257373183965683,0.0019780248403549194,0.0018395595252513885,0.0017162375152111053,0.0014672651886940002,0.0012088306248188019,0.0010117590427398682,0.0008477941155433655,0.000650160014629364,0.00044514238834381104,0.00019798427820205688,0.0,0.0,0.0,0.0,0.0,0.0,0.0,0.0,0.0,0.0,0.0,0.0,0.0,0.0,0.0,0.0,0.0,0.0,0.0,0.0,0.09491287171840668
38,0.005883019417524338,0.005685150623321533,0.005509998649358749,0.005363535135984421,0.0051247738301754,0.005014747381210327,0.0047773756086826324,0.004577942192554474,0.0044917576014995575,0.004386860877275467,0.004210468381643295,0.003977742046117783,0.0037493519484996796,0.0035616345703601837,0.0032643377780914307,0.0031562410295009613,0.0029800087213516235,0.0026786476373672485,0.0024871043860912323,0.002330191433429718,0.0021445490419864655,0.0019872263073921204,0.0017230696976184845,0.001458391547203064,0.001237332820892334,0.0010511614382266998,0.0008506327867507935,0.0006503872573375702,0.00042058899998664856,0.00015923753380775452,0.0,0.0,0.0,0.0,0.0,0.0,0.0,0.0,0.0,0.0,0.0,0.0,0.0,0.0,0.0,0.0,0.0,0.0,0.0,0.0,0.09489346668124199
39,0.005945321172475815,0.005632314831018448,0.0055615343153476715,0.005404993891716003,0.005294959992170334,0.005057133734226227,0.004814364016056061,0.004693329334259033,0.004460752010345459,0.0042823366820812225,0.004114750772714615,0.004018373787403107,0.003973275423049927,0.003606598824262619,0.0033933334052562714,0.0031281784176826477,0.0029219016432762146,0.0028999410569667816,0.002780333161354065,0.0024472177028656006,0.0021788105368614197,0.0019358545541763306,0.0017775557935237885,0.0015268512070178986,0.0012575089931488037,0.001028411090373993,0.0008372366428375244,0.0006237812340259552,0.0004155971109867096,0.0001817941665649414,0.0,0.0,0.0,0.0,0.0,0.0,0.0,0.0,0.0,0.0,0.0,0.0,0.0,0.0,0.0,0.0,0.0,0.0,0.0,0.0,0.09619434550404549
40,0.005781147629022598,0.005645036697387695,0.0055128298699855804,0.005363624542951584,0.005139384418725967,0.004889480769634247,0.004810944199562073,0.004736926406621933,0.00443020835518837,0.004311453551054001,0.004124283790588379,0.0039427392184734344,0.0037175826728343964,0.003547731786966324,0.003290526568889618,0.003208063542842865,0.002896621823310852,0.0027346499264240265,0.0024868063628673553,0.002261292189359665,0.002018578350543976,0.001880194991827011,0.001719839870929718,0.0015103965997695923,0.001287207007408142,0.0010665059089660645,0.0008363276720046997,0.0006383955478668213,0.0004376359283924103,0.00020319968461990356,0.0,0.0,0.0,0.0,0.0,0.0,0.0,0.0,0.0,0.0,0.0,0.0,0.0,0.0,0.0,0.0,0.0,0.0,0.0,0.0,0.0944296158850193
41,0.0059096068143844604,0.00583929568529129,0.005595777183771133,0.005387876182794571,0.005278408527374268,0.00500328466296196,0.004912391304969788,0.004668515175580978,0.004628024995326996,0.0044192299246788025,0.004211295396089554,0.004087626934051514,0.0038589052855968475,0.0036469213664531708,0.003534868359565735,0.003218885511159897,0.0029676035046577454,0.0027899444103240967,0.0026629306375980377,0.0023990757763385773,0.002138834446668625,0.0019480064511299133,0.0017213337123394012,0.001562170684337616,0.0013539902865886688,0.0011960193514823914,0.0009769722819328308,0.0007159784436225891,0.0005600787699222565,0.00032038986682891846,0.0,0.0,0.0,0.0,0.0,0.0,0.0,0.0,0.0,0.0,0.0,0.0,0.0,0.0,0.0,0.0,0.0,0.0,0.0,0.0,0.09751424193382263
42,0.005969613790512085,0.005686212331056595,0.005568109452724457,0.005411915481090546,0.0052920617163181305,0.005013849586248398,0.004823807626962662,0.004751633852720261,0.004495412111282349,0.0043448396027088165,0.004245061427354813,0.004094880074262619,0.004663784056901932,0.0036553218960762024,0.003436833620071411,0.0033237524330615997,0.002997353672981262,0.0028094053268432617,0.0026043467223644257,0.0025159716606140137,0.0022508427500724792,0.0019858554005622864,0.001726098358631134,0.0014737248420715332,0.001278761774301529,0.00111297145485878,0.0009713359177112579,0.0007020942866802216,0.0005176439881324768,0.00029863789677619934,0.0,0.0,0.0,0.0,0.0,0.0,0.0,0.0,0.0,0.0,0.0,0.0,0.0,0.0,0.0,0.0,0.0,0.0,0.0,0.0,0.09802213311195374
43,0.005896065384149551,0.005766186863183975,0.005561947822570801,0.0054590217769145966,0.005150940269231796,0.005060087889432907,0.004880007356405258,0.004676952958106995,0.004472091794013977,0.00424499437212944,0.0040357112884521484,0.0038882382214069366,0.003683891147375107,0.003599952906370163,0.0035444796085357666,0.003286059945821762,0.0031340233981609344,0.0028938651084899902,0.002701934427022934,0.0025503337383270264,0.002306118607521057,0.0019286461174488068,0.0017348788678646088,0.0015253126621246338,0.0013564713299274445,0.0011579059064388275,0.0008971579372882843,0.0007371082901954651,0.0005728006362915039,0.00032482296228408813,0.0,0.0,0.0,0.0,0.0,0.0,0.0,0.0,0.0,0.0,0.0,0.0,0.0,0.0,0.0,0.0,0.0,0.0,0.0,0.0,0.09702800959348679
44,0.005919158458709717,0.005819689482450485,0.0055738650262355804,0.0054587870836257935,0.005310889333486557,0.005170278251171112,0.0049047768115997314,0.004733845591545105,0.004642162472009659,0.004383176565170288,0.004201516509056091,0.004091709852218628,0.0038682445883750916,0.003536820411682129,0.0033535100519657135,0.0031738020479679108,0.002976536750793457,0.002729356288909912,0.0025146566331386566,0.0023131482303142548,0.00210469588637352,0.0018624775111675262,0.0016931407153606415,0.0015000253915786743,0.0013577304780483246,0.0011428296566009521,0.0009502656757831573,0.0007564350962638855,0.0005624853074550629,0.0003275275230407715,0.0,0.0,0.0,0.0,0.0,0.0,0.0,0.0,0.0,0.0,0.0,0.0,0.0,0.0,0.0,0.0,0.0,0.0,0.0,0.0,0.09693354368209839
45,0.005916222929954529,0.005719594657421112,0.005605194717645645,0.005448039621114731,0.005390934646129608,0.00511801615357399,0.005105379968881607,0.004705734550952911,0.004584271460771561,0.0044364482164382935,0.004197999835014343,0.004077646881341934,0.0038903839886188507,0.003711838275194168,0.0035863183438777924,0.00332433357834816,0.003054346889257431,0.002836473286151886,0.0026681460440158844,0.0024858303368091583,0.002333596348762512,0.0020308345556259155,0.0017309188842773438,0.0015343911945819855,0.0013295114040374756,0.0011247619986534119,0.0008974522352218628,0.0006828717887401581,0.000503193587064743,0.0003105364739894867,0.0,0.0,0.0,0.0,0.0,0.0,0.0,0.0,0.0,0.0,0.0,0.0,0.0,0.0,0.0,0.0,0.0,0.0,0.0,0.0,0.09834122285246849
46,0.005805607885122299,0.005637839436531067,0.005560874938964844,0.005359072238206863,0.0050851888954639435,0.004966970533132553,0.004775643348693848,0.00450626015663147,0.004425570368766785,0.0042802318930625916,0.004029981791973114,0.0038561001420021057,0.003652706742286682,0.0034149140119552612,0.003231700509786606,0.0031040646135807037,0.0029601678252220154,0.0027668289840221405,0.002546016126871109,0.0023573823273181915,0.002133287489414215,0.0019298680126667023,0.0017469115555286407,0.0014853328466415405,0.0012914091348648071,0.0010934770107269287,0.0008610785007476807,0.000646442174911499,0.00042260438203811646,0.0002061687409877777,0.0,0.0,0.0,0.0,0.0,0.0,0.0,0.0,0.0,0.0,0.0,0.0,0.0,0.0,0.0,0.0,0.0,0.0,0.0,0.0,0.0941397026181221
47,0.005795136094093323,0.005746897310018539,0.005622833967208862,0.005398713052272797,0.005297839641571045,0.0050694383680820465,0.004926905035972595,0.004673369228839874,0.004514951258897781,0.004294335842132568,0.004022262990474701,0.0039579421281814575,0.003784339874982834,0.0034606680274009705,0.003296513110399246,0.003117237240076065,0.002939850091934204,0.0027146004140377045,0.002527330070734024,0.002311103045940399,0.002070073038339615,0.0018008872866630554,0.0016193538904190063,0.0014503039419651031,0.0012827888131141663,0.0010754987597465515,0.0008871406316757202,0.0006715059280395508,0.0004380717873573303,0.00017547234892845154,0.0,0.0,0.0,0.0,0.0,0.0,0.0,0.0,0.0,0.0,0.0,0.0,0.0,0.0,0.0,0.0,0.0,0.0,0.0,0.0,0.09494336321949959
48,0.005734968930482864,0.005611352622509003,0.005504664033651352,0.005402162671089172,0.005315870046615601,0.005439046770334244,0.005003996193408966,0.004772387444972992,0.0045779310166835785,0.004449237138032913,0.0042952001094818115,0.004296671599149704,0.0038721412420272827,0.003584478050470352,0.0032508857548236847,0.0032852180302143097,0.003056492656469345,0.002773568034172058,0.0026063434779644012,0.002371780574321747,0.0022341832518577576,0.0019690915942192078,0.0017134472727775574,0.0015234164893627167,0.0012611299753189087,0.001051735132932663,0.0008329674601554871,0.000596068799495697,0.00041632354259490967,0.00020807981491088867,0.0,0.0,0.0,0.0,0.0,0.0,0.0,0.0,0.0,0.0,0.0,0.0,0.0,0.0,0.0,0.0,0.0,0.0,0.0,0.0,0.09701083973050117
49,0.005792241543531418,0.005623459815979004,0.005544926971197128,0.005374938249588013,0.00507761538028717,0.004962611943483353,0.004748683422803879,0.004548456519842148,0.004341132938861847,0.004232343286275864,0.004060491919517517,0.0038459599018096924,0.003597274422645569,0.003345176577568054,0.0032164379954338074,0.003051619976758957,0.002891961485147476,0.0026709958910942078,0.0026085972785949707,0.002346206456422806,0.0022275373339653015,0.001948092132806778,0.0017266124486923218,0.0015621818602085114,0.0013962052762508392,0.0011196285486221313,0.0008771568536758423,0.0006765276193618774,0.0004797689616680145,0.0002101697027683258,0.0,0.0,0.0,0.0,0.0,0.0,0.0,0.0,0.0,0.0,0.0,0.0,0.0,0.0,0.0,0.0,0.0,0.0,0.0,0.0,0.09410501271486282
50,0.005817126482725143,0.005684934556484222,0.00555240735411644,0.005459118634462357,0.005310229957103729,0.0050625279545784,0.0049346983432769775,0.004673842340707779,0.004510562866926193,0.0043450891971588135,0.004144858568906784,0.003982655704021454,0.003837697207927704,0.0037750713527202606,0.0034879744052886963,0.0031858421862125397,0.003042854368686676,0.0027851946651935577,0.0025705844163894653,0.0024348683655261993,0.002125706523656845,0.0018615275621414185,0.0017307400703430176,0.0015035644173622131,0.00126715749502182,0.0010862872004508972,0.0008556321263313293,0.0005931928753852844,0.0004111938178539276,0.00019288435578346252,0.0,0.0,0.0,0.0,0.0,0.0,0.0,0.0,0.0,0.0,0.0,0.0,0.0,0.0,0.0,0.0,0.0,0.0,0.0,0.0,0.0962260253727436
51,0.005966473370790482,0.005798082798719406,0.0056578777730464935,0.005428869277238846,0.005266368389129639,0.005074553191661835,0.004977084696292877,0.004900936037302017,0.004651978611946106,0.004426527768373489,0.004204843193292618,0.004127718508243561,0.0038445033133029938,0.003650631755590439,0.0032565295696258545,0.0030627474188804626,0.0028618648648262024,0.002764970064163208,0.0024458952248096466,0.002423856407403946,0.002092760056257248,0.001933552324771881,0.001842539757490158,0.001549161970615387,0.0014298297464847565,0.0012290477752685547,0.0009827874600887299,0.0007304884493350983,0.0005519650876522064,0.00031596794724464417,0.0,0.0,0.0,0.0,0.0,0.0,0.0,0.0,0.0,0.0,0.0,0.0,0.0,0.0,0.0,0.0,0.0,0.0,0.0,0.0,0.09745041280984879
52,0.006009869277477264,0.0058351121842861176,0.00556555762887001,0.0055262744426727295,0.005312088876962662,0.005067393183708191,0.004906263202428818,0.004731897264719009,0.004570860415697098,0.004427500069141388,0.004191648215055466,0.00400456041097641,0.0041260309517383575,0.0036728382110595703,0.0036439448595046997,0.0033955462276935577,0.003178004175424576,0.0029527582228183746,0.0026927776634693146,0.002440180629491806,0.0021707452833652496,0.001988343894481659,0.0017629563808441162,0.0015596859157085419,0.0013373792171478271,0.001079414039850235,0.0008886530995368958,0.0006988644599914551,0.00047948211431503296,0.0003114081919193268,0.0,0.0,0.0,0.0,0.0,0.0,0.0,0.0,0.0,0.0,0.0,0.0,0.0,0.0,0.0,0.0,0.0,0.0,0.0,0.0,0.09852803871035576
53,0.006385713815689087,0.005734764039516449,0.005645114928483963,0.005534473806619644,0.005323920398950577,0.005229663103818893,0.005063936114311218,0.004924766719341278,0.004852164536714554,0.004503883421421051,0.004359621554613113,0.004179708659648895,0.0039071813225746155,0.003656059503555298,0.003460463136434555,0.0033272840082645416,0.0030627213418483734,0.002809736877679825,0.002541888505220413,0.0024483129382133484,0.002247881144285202,0.0019510574638843536,0.0017620734870433807,0.0015395581722259521,0.0013413354754447937,0.0011406652629375458,0.000978466123342514,0.0007805749773979187,0.0005223117768764496,0.00030315667390823364,0.0,0.0,0.0,0.0,0.0,0.0,0.0,0.0,0.0,0.0,0.0,0.0,0.0,0.0,0.0,0.0,0.0,0.0,0.0,0.0,0.09951845929026604
54,0.0059549398720264435,0.005743592977523804,0.005752049386501312,0.005471047013998032,0.005266644060611725,0.00504520907998085,0.004905279725790024,0.004553195089101791,0.004404861479997635,0.004296481609344482,0.004118137061595917,0.00388355553150177,0.0035783611238002777,0.003565598279237747,0.0033196918666362762,0.0031939521431922913,0.0030296966433525085,0.002912808209657669,0.0025763921439647675,0.002284534275531769,0.002110566943883896,0.001950342208147049,0.0018315166234970093,0.001619827002286911,0.0013468265533447266,0.001162506639957428,0.000972650945186615,0.0007930472493171692,0.0005867183208465576,0.000306595116853714,0.0,0.0,0.0,0.0,0.0,0.0,0.0,0.0,0.0,0.0,0.0,0.0,0.0,0.0,0.0,0.0,0.0,0.0,0.0,0.0,0.09653662517666817
55,0.0059190355241298676,0.005723956972360611,0.005602333694696426,0.005533896386623383,0.00534810870885849,0.005178648978471756,0.004920564591884613,0.004864368587732315,0.004797510802745819,0.0043705664575099945,0.00430799275636673,0.00406656414270401,0.00380001962184906,0.0036031678318977356,0.0033342018723487854,0.0031498409807682037,0.00289032980799675,0.002652473747730255,0.002449624240398407,0.0024138428270816803,0.002225160598754883,0.001965519040822983,0.0017111673951148987,0.0015493519604206085,0.0013894066214561462,0.0011812783777713776,0.0009616091847419739,0.0007260330021381378,0.0005091577768325806,0.0003112033009529114,0.0,0.0,0.0,0.0,0.0,0.0,0.0,0.0,0.0,0.0,0.0,0.0,0.0,0.0,0.0,0.0,0.0,0.0,0.0,0.0,0.09745693579316139
56,0.005792394280433655,0.005664516240358353,0.005527522414922714,0.005314897745847702,0.005137059837579727,0.005004335194826126,0.004779856652021408,0.004609663039445877,0.004296757280826569,0.004257000982761383,0.0040643662214279175,0.003855206072330475,0.0036492347717285156,0.003492835909128189,0.003272928297519684,0.00307513028383255,0.0030092522501945496,0.0027493126690387726,0.0025980398058891296,0.0024553872644901276,0.002244018018245697,0.0019206926226615906,0.0016826540231704712,0.0013997256755828857,0.0011910051107406616,0.0009808354079723358,0.0008430294692516327,0.0006201043725013733,0.00046047940850257874,0.00018856674432754517,0.0,0.0,0.0,0.0,0.0,0.0,0.0,0.0,0.0,0.0,0.0,0.0,0.0,0.0,0.0,0.0,0.0,0.0,0.0,0.0,0.0941368080675602
57,0.005740899592638016,0.005660586059093475,0.005620282143354416,0.005469229072332382,0.005332577973604202,0.0050702765583992004,0.004843998700380325,0.0047164782881736755,0.004493393003940582,0.004317600280046463,0.0041973777115345,0.004077158868312836,0.0037442781031131744,0.003569226711988449,0.003417741507291794,0.0032294802367687225,0.002927049994468689,0.0028145425021648407,0.0025582201778888702,0.002299617975950241,0.0021823421120643616,0.0019096806645393372,0.0017673224210739136,0.0015150085091590881,0.0012486465275287628,0.0010759085416793823,0.0008546113967895508,0.0006521604955196381,0.00044885650277137756,0.0002080872654914856,0.0,0.0,0.0,0.0,0.0,0.0,0.0,0.0,0.0,0.0,0.0,0.0,0.0,0.0,0.0,0.0,0.0,0.0,0.0,0.0,0.09596263989806175
58,0.005730763077735901,0.005652211606502533,0.005505003035068512,0.005322478711605072,0.005156282335519791,0.005092732608318329,0.004828054457902908,0.0045774877071380615,0.004472687840461731,0.004246458411216736,0.003947444260120392,0.003760814666748047,0.0035912804305553436,0.0034681223332881927,0.003298342227935791,0.003136802464723587,0.002858303487300873,0.002658754587173462,0.002537056803703308,0.002237025648355484,0.002062968909740448,0.0018797144293785095,0.0016661733388900757,0.0014671869575977325,0.0012390613555908203,0.0010237880051136017,0.0008809790015220642,0.0006758235394954681,0.00040287524461746216,0.00016985461115837097,0.0,0.0,0.0,0.0,0.0,0.0,0.0,0.0,0.0,0.0,0.0,0.0,0.0,0.0,0.0,0.0,0.0,0.0,0.0,0.0,0.09354653209447861
59,0.005787845700979233,0.0056547001004219055,0.005534891039133072,0.005426023155450821,0.005301915109157562,0.0050519779324531555,0.0049095675349235535,0.004771314561367035,0.004499003291130066,0.004329167306423187,0.004210479557514191,0.004020992666482925,0.003877650946378708,0.0036400742828845978,0.003534190356731415,0.0032694190740585327,0.0029840022325515747,0.002782188355922699,0.0027404986321926117,0.002503819763660431,0.002266768366098404,0.0020741410553455353,0.0018541701138019562,0.0016094408929347992,0.0013477541506290436,0.0011003948748111725,0.0009271577000617981,0.0006728619337081909,0.00045019760727882385,0.0002042613923549652,0.0,0.0,0.0,0.0,0.0,0.0,0.0,0.0,0.0,0.0,0.0,0.0,0.0,0.0,0.0,0.0,0.0,0.0,0.0,0.0,0.09733686968684196
60,0.005744233727455139,0.005748748779296875,0.005514312535524368,0.005381744354963303,0.005145478993654251,0.005001425743103027,0.004967298358678818,0.004679445177316666,0.004618529230356216,0.004517745226621628,0.004992958158254623,0.004172280430793762,0.0037691518664360046,0.0035379454493522644,0.0032965391874313354,0.0031426213681697845,0.0029781870543956757,0.0027581416070461273,0.00243198499083519,0.002156417816877365,0.002064857631921768,0.0018298104405403137,0.001676902174949646,0.0014069229364395142,0.0011688992381095886,0.001041661947965622,0.000779278576374054,0.0006241276860237122,0.00042126700282096863,0.0001561082899570465,0.0,0.0,0.0,0.0,0.0,0.0,0.0,0.0,0.0,0.0,0.0,0.0,0.0,0.0,0.0,0.0,0.0,0.0,0.0,0.0,0.09572502598166466
61,0.005925323814153671,0.0057503841817379,0.005647387355566025,0.00545114278793335,0.005347486585378647,0.00518176332116127,0.004997488111257553,0.004678230732679367,0.004417192190885544,0.00422891229391098,0.004083871841430664,0.0038010627031326294,0.0036516524851322174,0.0034923069179058075,0.0033759213984012604,0.003143981099128723,0.002931751310825348,0.0026903823018074036,0.0025056488811969757,0.002373766154050827,0.002200838178396225,0.001988053321838379,0.0017149373888969421,0.0015240088105201721,0.0013766512274742126,0.001139529049396515,0.0009308159351348877,0.0007325708866119385,0.0005458630621433258,0.00035669654607772827,0.0,0.0,0.0,0.0,0.0,0.0,0.0,0.0,0.0,0.0,0.0,0.0,0.0,0.0,0.0,0.0,0.0,0.0,0.0,0.0,0.09618562087416649
62,0.00627976655960083,0.005734793841838837,0.00566130131483078,0.005419667810201645,0.005393777042627335,0.005181711167097092,0.005023181438446045,0.005019441246986389,0.00462779775261879,0.004553388804197311,0.004367705434560776,0.004156775772571564,0.004086736589670181,0.003890629857778549,0.0035175345838069916,0.003285326063632965,0.003052968531847,0.002806287258863449,0.002550411969423294,0.002454575151205063,0.0022214315831661224,0.001928236335515976,0.0017567537724971771,0.001534838229417801,0.0014000050723552704,0.0011365339159965515,0.0009231530129909515,0.00074014812707901,0.000571373850107193,0.0003168247640132904,0.0,0.0,0.0,0.0,0.0,0.0,0.0,0.0,0.0,0.0,0.0,0.0,0.0,0.0,0.0,0.0,0.0,0.0,0.0,0.0,0.09959307685494423
63,0.005936801433563232,0.005739640444517136,0.005506347864866257,0.0054063573479652405,0.00526205450296402,0.004955504089593887,0.004930920898914337,0.004684001207351685,0.004435408860445023,0.0041997991502285,0.004047628492116928,0.00401495024561882,0.0038185864686965942,0.0036262087523937225,0.003365296870470047,0.003176271915435791,0.002987489104270935,0.002680134028196335,0.0024713650345802307,0.0022896379232406616,0.002099081873893738,0.0019422098994255066,0.001710597425699234,0.0015835799276828766,0.0014327280223369598,0.0011865757405757904,0.0010030195116996765,0.0007249116897583008,0.0005832873284816742,0.00033478811383247375,0.0,0.0,0.0,0.0,0.0,0.0,0.0,0.0,0.0,0.0,0.0,0.0,0.0,0.0,0.0,0.0,0.0,0.0,0.0,0.0,0.09613518416881561
64,0.005913134664297104,0.005759581923484802,0.005593862384557724,0.00548548623919487,0.005309052765369415,0.005153235048055649,0.004807084798812866,0.004715718328952789,0.004528392106294632,0.0042489320039749146,0.004025671631097794,0.003903944045305252,0.0036731474101543427,0.0035591833293437958,0.0033576600253582,0.0031390823423862457,0.0029984600841999054,0.0028536729514598846,0.0026897042989730835,0.00245821475982666,0.0022580139338970184,0.001985948532819748,0.0018761754035949707,0.001711428165435791,0.0014798566699028015,0.001215606927871704,0.0009696409106254578,0.0007483586668968201,0.0005579404532909393,0.00031520798802375793,0.0,0.0,0.0,0.0,0.0,0.0,0.0,0.0,0.0,0.0,0.0,0.0,0.0,0.0,0.0,0.0,0.0,0.0,0.0,0.0,0.09729139879345894
65,0.005977671593427658,0.005826111882925034,0.005621999502182007,0.005489002913236618,0.005443967878818512,0.005220390856266022,0.004863899201154709,0.004716884344816208,0.0044784508645534515,0.00432814285159111,0.004161987453699112,0.004067268222570419,0.0038815364241600037,0.0037033967673778534,0.0034644193947315216,0.0032123327255249023,0.00309893861413002,0.002882685512304306,0.0025724507868289948,0.0023738890886306763,0.0022051669657230377,0.00198248028755188,0.0017996355891227722,0.00161052867770195,0.0013960786163806915,0.0011694766581058502,0.0009417645633220673,0.000725187361240387,0.0005258731544017792,0.0002970583736896515,0.0,0.0,0.0,0.0,0.0,0.0,0.0,0.0,0.0,0.0,0.0,0.0,0.0,0.0,0.0,0.0,0.0,0.0,0.0,0.0,0.0980386771261692
66,0.00575527548789978,0.00562451034784317,0.005522500723600388,0.005382604897022247,0.005193352699279785,0.005220774561166763,0.004927381873130798,0.004707127809524536,0.0043984465301036835,0.004270724952220917,0.0041379258036613464,0.0039188452064991,0.003690078854560852,0.0035376399755477905,0.0033328160643577576,0.003022991120815277,0.0028656087815761566,0.0027047283947467804,0.0024552159011363983,0.002238962799310684,0.0020408108830451965,0.0018066279590129852,0.0016290470957756042,0.00144924595952034,0.001214880496263504,0.001024879515171051,0.0008503757417201996,0.0006379224359989166,0.00043360888957977295,0.00019713491201400757,0.0,0.0,0.0,0.0,0.0,0.0,0.0,0.0,0.0,0.0,0.0,0.0,0.0,0.0,0.0,0.0,0.0,0.0,0.0,0.0,0.09419204667210579
67,0.005832362920045853,0.005603674799203873,0.005506455898284912,0.005298163741827011,0.0051874518394470215,0.005027204751968384,0.004805713891983032,0.004812836647033691,0.004634656012058258,0.004465386271476746,0.004262514412403107,0.003988102078437805,0.003731764853000641,0.0036303624510765076,0.0034216418862342834,0.0032063722610473633,0.003038588911294937,0.0028419308364391327,0.0025406256318092346,0.0023367516696453094,0.0021571367979049683,0.0018678084015846252,0.0018192045390605927,0.001583930104970932,0.0013549365103244781,0.0013140365481376648,0.0009188316762447357,0.0006660223007202148,0.0005254484713077545,0.0002075284719467163,0.0,0.0,0.0,0.0,0.0,0.0,0.0,0.0,0.0,0.0,0.0,0.0,0.0,0.0,0.0,0.0,0.0,0.0,0.0,0.0,0.09658744558691978
68,0.005842223763465881,0.005764037370681763,0.00556684285402298,0.0054620541632175446,0.005356159061193466,0.0050953105092048645,0.004889886826276779,0.004650898277759552,0.004541374742984772,0.004309758543968201,0.004129152745008469,0.003947801887989044,0.0036892369389533997,0.0035034380853176117,0.003288060426712036,0.003124978393316269,0.0029518380761146545,0.002760559320449829,0.0025384873151779175,0.0022594481706619263,0.0021737106144428253,0.0018791444599628448,0.0016647502779960632,0.001506958156824112,0.0012874193489551544,0.0010580383241176605,0.0008100159466266632,0.0006409771740436554,0.0004098638892173767,0.00019850581884384155,0.0,0.0,0.0,0.0,0.0,0.0,0.0,0.0,0.0,0.0,0.0,0.0,0.0,0.0,0.0,0.0,0.0,0.0,0.0,0.0,0.09530093148350716
69,0.005788631737232208,0.005663502961397171,0.005552321672439575,0.0053865909576416016,0.00521063432097435,0.005056291818618774,0.004887543618679047,0.004744112491607666,0.004582129418849945,0.004328794777393341,0.004139594733715057,0.004038441926240921,0.0038814134895801544,0.0035557821393013,0.0034391582012176514,0.0031608901917934418,0.002941913902759552,0.0028475821018218994,0.0025365129113197327,0.00239524245262146,0.002174787223339081,0.00191536545753479,0.0016380883753299713,0.0014287978410720825,0.0013045407831668854,0.0010574758052825928,0.0008328184485435486,0.0006596893072128296,0.00045203790068626404,0.00021596625447273254,0.0,0.0,0.0,0.0,0.0,0.0,0.0,0.0,0.0,0.0,0.0,0.0,0.0,0.0,0.0,0.0,0.0,0.0,0.0,0.0,0.09581665322184563
70,0.00579487532377243,0.005645584315061569,0.005643010139465332,0.005358558148145676,0.005229443311691284,0.004950083792209625,0.0048604123294353485,0.004727005958557129,0.004376035183668137,0.004189144819974899,0.0039707086980342865,0.0037437640130519867,0.0035709552466869354,0.0034297779202461243,0.003261830657720566,0.0031538568437099457,0.002977237105369568,0.002879522740840912,0.0026172958314418793,0.0024294592440128326,0.0022247731685638428,0.0019478313624858856,0.001805625855922699,0.0015403293073177338,0.0012901052832603455,0.001027371734380722,0.0008043348789215088,0.0006327815353870392,0.00044138357043266296,0.0001955851912498474,0.0,0.0,0.0,0.0,0.0,0.0,0.0,0.0,0.0,0.0,0.0,0.0,0.0,0.0,0.0,0.0,0.0,0.0,0.0,0.0,0.09471868351101875
71,0.00600915402173996,0.005734272301197052,0.005550015717744827,0.005454245954751968,0.005262929946184158,0.005039568990468979,0.004787210375070572,0.004658743739128113,0.004467356950044632,0.004266515374183655,0.00409606471657753,0.003958519548177719,0.0037426501512527466,0.003439042717218399,0.003284238278865814,0.0033311620354652405,0.002980489283800125,0.002813246101140976,0.002645730972290039,0.0025138109922409058,0.002310570329427719,0.002025976777076721,0.0018845126032829285,0.0016777627170085907,0.0014208927750587463,0.0012315213680267334,0.0010253600776195526,0.0007809251546859741,0.0005800649523735046,0.00032981857657432556,0.0,0.0,0.0,0.0,0.0,0.0,0.0,0.0,0.0,0.0,0.0,0.0,0.0,0.0,0.0,0.0,0.0,0.0,0.0,0.0,0.09730237349867821
72,0.005985431373119354,0.00573001429438591,0.005647439509630203,0.00545375794172287,0.005243025720119476,0.005118504166603088,0.004867348819971085,0.004897497594356537,0.004533015191555023,0.004365991801023483,0.004112612456083298,0.003968369215726852,0.003798834979534149,0.0036744996905326843,0.0035958848893642426,0.0034091994166374207,0.003166899085044861,0.0029367543756961823,0.002789922058582306,0.002454802393913269,0.002287432551383972,0.0020486637949943542,0.0017815567553043365,0.0015260018408298492,0.0013273321092128754,0.0011389069259166718,0.0009567774832248688,0.0007779672741889954,0.0005702413618564606,0.00033891573548316956,0.0,0.0,0.0,0.0,0.0,0.0,0.0,0.0,0.0,0.0,0.0,0.0,0.0,0.0,0.0,0.0,0.0,0.0,0.0,0.0,0.09850360080599785
73,0.005970459431409836,0.005794055759906769,0.00555824488401413,0.005434989929199219,0.005219213664531708,0.0050666481256484985,0.0048607997596263885,0.004671800881624222,0.004507426172494888,0.004394184798002243,0.0041030533611774445,0.0038348548114299774,0.0,0.0,0.0,0.0,0.0,0.0,0.0,0.0,0.0,0.0,0.0,0.0,0.0,0.0,0.0,0.0,0.0,0.0,0.0,0.0,0.0,0.0,0.0,0.0,0.0,0.0,0.0,0.0,0.0,0.0,0.0,0.0,0.0,0.0,0.0,0.0,0.0,0.0,0.05941573157906532
74,0.005949713289737701,0.005811747163534164,0.005706842988729477,0.005522768944501877,0.005356259644031525,0.005308542400598526,0.005100402981042862,0.004837147891521454,0.004580870270729065,0.004433248192071915,0.004336491227149963,0.004129104316234589,0.003934778273105621,0.003673151135444641,0.003550216555595398,0.003329537808895111,0.0030106455087661743,0.0028647221624851227,0.002638593316078186,0.0023469291627407074,0.0022148415446281433,0.001985449343919754,0.0019427165389060974,0.0016774237155914307,0.0013961829245090485,0.001198749989271164,0.0009130388498306274,0.0007041655480861664,0.0005413182079792023,0.0003268197178840637,0.0,0.0,0.0,0.0,0.0,0.0,0.0,0.0,0.0,0.0,0.0,0.0,0.0,0.0,0.0,0.0,0.0,0.0,0.0,0.0,0.09932241961359978
75,0.005931321531534195,0.005827408283948898,0.005615226924419403,0.005470249801874161,0.00537944957613945,0.005057588219642639,0.004940614104270935,0.004825618118047714,0.0045493729412555695,0.004437524825334549,0.0042765773832798,0.003992617130279541,0.003796882927417755,0.0037546157836914062,0.0035488829016685486,0.0033627115190029144,0.003155745565891266,0.0028326846659183502,0.0026780404150485992,0.002423502504825592,0.0022226981818675995,0.0019597262144088745,0.0017620958387851715,0.0015627220273017883,0.0013537071645259857,0.0012210533022880554,0.001010444015264511,0.0008061453700065613,0.0005735047161579132,0.00032297149300575256,0.0,0.0,0.0,0.0,0.0,0.0,0.0,0.0,0.0,0.0,0.0,0.0,0.0,0.0,0.0,0.0,0.0,0.0,0.0,0.0,0.0986517034471035
76,0.005782779306173325,0.005720119923353195,0.005472995340824127,0.0053309425711631775,0.005227740854024887,0.005002312362194061,0.0048369839787483215,0.004717633128166199,0.004513014107942581,0.004319816827774048,0.0040045008063316345,0.003975432366132736,0.0037034451961517334,0.003608204424381256,0.0033803582191467285,0.0032284818589687347,0.0029358267784118652,0.002684667706489563,0.0024989843368530273,0.002332359552383423,0.002157222479581833,0.002043936401605606,0.0017668530344963074,0.0015299320220947266,0.0013089291751384735,0.0010993592441082,0.0008815117180347443,0.0006068572402000427,0.0004337094724178314,0.00019774958491325378,0.0,0.0,0.0,0.0,0.0,0.0,0.0,0.0,0.0,0.0,0.0,0.0,0.0,0.0,0.0,0.0,0.0,0.0,0.0,0.0,0.09530266001820564
77,0.0057494305074214935,0.005624610930681229,0.00555984303355217,0.00537414476275444,0.005189873278141022,0.005033813416957855,0.004906564950942993,0.004625000059604645,0.004498369991779327,0.004335340112447739,0.004159312695264816,0.003951024264097214,0.0038076266646385193,0.003574993461370468,0.003353595733642578,0.0032508336007595062,0.003127310425043106,0.0028759241104125977,0.002654764801263809,0.0023244619369506836,0.002096615731716156,0.0018188655376434326,0.0016365759074687958,0.0013957470655441284,0.0012630298733711243,0.0011362023651599884,0.000899001955986023,0.0007053837180137634,0.0004876554012298584,0.00020240619778633118,0.0,0.0,0.0,0.0,0.0,0.0,0.0,0.0,0.0,0.0,0.0,0.0,0.0,0.0,0.0,0.0,0.0,0.0,0.0,0.0,0.09561832249164581
78,0.005762122571468353,0.005930077284574509,0.00549895316362381,0.005323752760887146,0.0052366964519023895,0.005161982029676437,0.004947621375322342,0.0046779438853263855,0.004432447254657745,0.004155337810516357,0.004063006490468979,0.003808319568634033,0.0037246830761432648,0.0034479983150959015,0.003252066671848297,0.002977520227432251,0.002774704247713089,0.002614784985780716,0.002408880740404129,0.002204839140176773,0.0019382275640964508,0.0017333254218101501,0.0015719234943389893,0.0014019981026649475,0.0012575872242450714,0.0010684356093406677,0.0008624494075775146,0.0006737522780895233,0.0004683397710323334,0.00016600266098976135,0.0,0.0,0.0,0.0,0.0,0.0,0.0,0.0,0.0,0.0,0.0,0.0,0.0,0.0,0.0,0.0,0.0,0.0,0.0,0.0,0.09354577958583832
79,0.005778152495622635,0.0056634023785591125,0.0055665262043476105,0.005455959588289261,0.005181964486837387,0.005122076719999313,0.004830494523048401,0.004614487290382385,0.004452388733625412,0.004133138805627823,0.003976840525865555,0.003939550369977951,0.003660544753074646,0.00350010022521019,0.00325881689786911,0.0029848553240299225,0.002853620797395706,0.002830926328897476,0.0026796646416187286,0.0023899823427200317,0.002245701849460602,0.002032514661550522,0.001818232238292694,0.0014828890562057495,0.0012548081576824188,0.0010811090469360352,0.0008678995072841644,0.0006516873836517334,0.00048276036977767944,0.00020569562911987305,0.0,0.0,0.0,0.0,0.0,0.0,0.0,0.0,0.0,0.0,0.0,0.0,0.0,0.0,0.0,0.0,0.0,0.0,0.0,0.0,0.09499679133296013
80,0.005766943097114563,0.0056332312524318695,0.0055331699550151825,0.0053589195013046265,0.005256589502096176,0.005046773701906204,0.00478435680270195,0.0046828798949718475,0.004545386880636215,0.004329755902290344,0.004148188978433609,0.003931377083063126,0.0037649162113666534,0.0036649107933044434,0.003554347902536392,0.0034565068781375885,0.0030991844832897186,0.002892781049013138,0.0027256645262241364,0.002502910792827606,0.0023179464042186737,0.002057235687971115,0.0018304362893104553,0.0016116760671138763,0.0014588087797164917,0.0011930763721466064,0.0009216926991939545,0.0006336234509944916,0.00045704469084739685,0.00019783899188041687,0.0,0.0,0.0,0.0,0.0,0.0,0.0,0.0,0.0,0.0,0.0,0.0,0.0,0.0,0.0,0.0,0.0,0.0,0.0,0.0,0.09735817462205887
81,0.00597488135099411,0.005798421800136566,0.005616258829832077,0.005466032773256302,0.0052324384450912476,0.005084872245788574,0.004934579133987427,0.004734385758638382,0.004644080996513367,0.004430875182151794,0.004116591066122055,0.003930475562810898,0.003821536898612976,0.003688294440507889,0.0034440793097019196,0.0030099116265773773,0.0029708221554756165,0.0028799474239349365,0.0025964751839637756,0.002337086945772171,0.002222370356321335,0.0019481070339679718,0.001798965036869049,0.0015947669744491577,0.0012939535081386566,0.0011186860501766205,0.000947754830121994,0.0007433928549289703,0.0005200058221817017,0.0003020651638507843,0.0,0.0,0.0,0.0,0.0,0.0,0.0,0.0,0.0,0.0,0.0,0.0,0.0,0.0,0.0,0.0,0.0,0.0,0.0,0.0,0.0972021147608757
82,0.005961555987596512,0.005756985396146774,0.005701206624507904,0.005471337586641312,0.005373373627662659,0.005088362842798233,0.005063451826572418,0.004758745431900024,0.0044896602630615234,0.0043976791203022,0.0041845813393592834,0.004086188971996307,0.003954507410526276,0.0037026144564151764,0.003511998802423477,0.0033226273953914642,0.0031937099993228912,0.002936098724603653,0.002727806568145752,0.002528589218854904,0.00234159454703331,0.0020453445613384247,0.0018235407769680023,0.0015819258987903595,0.0013489983975887299,0.0011804476380348206,0.0009751804172992706,0.0007568933069705963,0.0005652010440826416,0.0002848505973815918,0.0,0.0,0.0,0.0,0.0,0.0,0.0,0.0,0.0,0.0,0.0,0.0,0.0,0.0,0.0,0.0,0.0,0.0,0.0,0.0,0.09911505877971649
83,0.006026197224855423,0.005760744214057922,0.005684211850166321,0.005480341613292694,0.005269352346658707,0.005012277513742447,0.004898957908153534,0.004746697843074799,0.0046256594359874725,0.004371568560600281,0.0040382035076618195,0.0,0.0,0.0,0.0,0.0,0.0,0.0,0.0,0.0,0.0,0.0,0.0,0.0,0.0,0.0,0.0,0.0,0.0,0.0,0.0,0.0,0.0,0.0,0.0,0.0,0.0,0.0,0.0,0.0,0.0,0.0,0.0,0.0,0.0,0.0,0.0,0.0,0.0,0.0,0.05591421201825142
84,0.005944997072219849,0.005886305123567581,0.0056221336126327515,0.005545109510421753,0.0053176917135715485,0.005032729357481003,0.004920408129692078,0.004864271730184555,0.004488889127969742,0.004364773631095886,0.00424543023109436,0.0038939490914344788,0.0036902688443660736,0.0034895874559879303,0.003382079303264618,0.0032076016068458557,0.00299738347530365,0.0028145648539066315,0.0026050694286823273,0.002365201711654663,0.0022408850491046906,0.0021039247512817383,0.0017653107643127441,0.0015391036868095398,0.001386161893606186,0.0011828169226646423,0.0009567961096763611,0.0007329657673835754,0.0005476661026477814,0.0003030039370059967,0.0,0.0,0.0,0.0,0.0,0.0,0.0,0.0,0.0,0.0,0.0,0.0,0.0,0.0,0.0,0.0,0.0,0.0,0.0,0.0,0.09743707999587059
85,0.00591672956943512,0.005849968641996384,0.005694784224033356,0.005449026823043823,0.005206990987062454,0.005106233060359955,0.004966761916875839,0.004780568182468414,0.0046364180743694305,0.004471570253372192,0.0042903609573841095,0.004028581082820892,0.0038370713591575623,0.003699377179145813,0.003520466387271881,0.00325041264295578,0.0031264014542102814,0.002892840653657913,0.002809125930070877,0.002428825944662094,0.0022271834313869476,0.001920260488986969,0.0017810389399528503,0.0016091018915176392,0.0013682246208190918,0.0011773332953453064,0.0009801983833312988,0.0007286295294761658,0.0006662197411060333,0.0003483816981315613,0.0,0.0,0.0,0.0,0.0,0.0,0.0,0.0,0.0,0.0,0.0,0.0,0.0,0.0,0.0,0.0,0.0,0.0,0.0,0.0,0.09876908734440804
86,0.00577690452337265,0.005700007081031799,0.0055050477385520935,0.005345989018678665,0.005190335214138031,0.0050721317529678345,0.004900757223367691,0.00473196804523468,0.004567276686429977,0.004385370761156082,0.004171263426542282,0.003938760608434677,0.0038019567728042603,0.0036237910389900208,0.0032917410135269165,0.0031802095472812653,0.0030754879117012024,0.0028838589787483215,0.0025842227041721344,0.0025039687752723694,0.002326786518096924,0.0020201653242111206,0.0018580667674541473,0.0015403367578983307,0.0013182573020458221,0.0010662078857421875,0.0009049996733665466,0.0007092617452144623,0.00048148632049560547,0.00016588345170021057,0.0,0.0,0.0,0.0,0.0,0.0,0.0,0.0,0.0,0.0,0.0,0.0,0.0,0.0,0.0,0.0,0.0,0.0,0.0,0.0,0.09662250056862831
87,0.005757413804531097,0.005710314959287643,0.005570963025093079,0.0054199062287807465,0.005175609141588211,0.005034424364566803,0.004853986203670502,0.0047740638256073,0.0046211592853069305,0.004254717379808426,0.004077110439538956,0.003960009664297104,0.003573790192604065,0.0034656859934329987,0.0032187625765800476,0.0030338019132614136,0.0027769915759563446,0.0026190094649791718,0.002508297562599182,0.0022566057741642,0.0021103210747241974,0.0018441565334796906,0.0017610937356948853,0.0014516152441501617,0.0012503229081630707,0.001050453633069992,0.000869307667016983,0.0006436072289943695,0.00043738260865211487,0.00021121278405189514,0.0,0.0,0.0,0.0,0.0,0.0,0.0,0.0,0.0,0.0,0.0,0.0,0.0,0.0,0.0,0.0,0.0,0.0,0.0,0.0,0.09429209679365158
88,0.005813669413328171,0.005719967186450958,0.005537547171115875,0.005382455885410309,0.005221150815486908,0.005073338747024536,0.004847172647714615,0.004726853221654892,0.004610538482666016,0.004299018532037735,0.004296641796827316,0.003959283232688904,0.003721967339515686,0.0035295486450195312,0.0032614953815937042,0.0031792744994163513,0.002865508198738098,0.0025475211441516876,0.002364266663789749,0.0021739788353443146,0.0019264556467533112,0.001807287335395813,0.0015669837594032288,0.0013888776302337646,0.0012804940342903137,0.0011371225118637085,0.0008659623563289642,0.0006580650806427002,0.0004282519221305847,0.00016716495156288147,0.0,0.0,0.0,0.0,0.0,0.0,0.0,0.0,0.0,0.0,0.0,0.0,0.0,0.0,0.0,0.0,0.0,0.0,0.0,0.0,0.09435786306858063
89,0.00576130673289299,0.005672618746757507,0.0054899826645851135,0.005334533751010895,0.005247723311185837,0.004966270178556442,0.004770610481500626,0.004580896347761154,0.004500396549701691,0.004399523138999939,0.004269048571586609,0.004129569977521896,0.0038027651607990265,0.003626171499490738,0.003338627517223358,0.0031734704971313477,0.0028736889362335205,0.0026003308594226837,0.0023710019886493683,0.0021851249039173126,0.00195901095867157,0.0017571225762367249,0.0016028955578804016,0.0014905519783496857,0.0012923255562782288,0.0010702572762966156,0.0008692480623722076,0.0006074495613574982,0.0004680119454860687,0.00016425922513008118,0.0,0.0,0.0,0.0,0.0,0.0,0.0,0.0,0.0,0.0,0.0,0.0,0.0,0.0,0.0,0.0,0.0,0.0,0.0,0.0,0.09437479451298714
90,0.005776435136795044,0.005668263882398605,0.005606207996606827,0.005386989563703537,0.005196433514356613,0.0050260648131370544,0.004838868975639343,0.0046134889125823975,0.004468359053134918,0.004399020224809647,0.004239127039909363,0.0038553476333618164,0.0036943256855010986,0.003711886703968048,0.0034820139408111572,0.0031524673104286194,0.0030535683035850525,0.002756871283054352,0.0025747716426849365,0.0023132264614105225,0.0019527897238731384,0.001798383891582489,0.001631457358598709,0.0013905242085456848,0.0011988840997219086,0.0010387822985649109,0.0008028894662857056,0.0006008744239807129,0.00042846426367759705,0.00020736455917358398,0.0,0.0,0.0,0.0,0.0,0.0,0.0,0.0,0.0,0.0,0.0,0.0,0.0,0.0,0.0,0.0,0.0,0.0,0.0,0.0,0.09486415237188339
91,0.005914479494094849,0.0057858675718307495,0.005590133368968964,0.005411297082901001,0.005196459591388702,0.00494680181145668,0.004781607538461685,0.004713393747806549,0.004486501216888428,0.004233609884977341,0.004120279103517532,0.003898192197084427,0.0037109553813934326,0.00371517613530159,0.0033222585916519165,0.003272540867328644,0.003068055957555771,0.0029501058161258698,0.002694249153137207,0.0025541111826896667,0.002376183867454529,0.0021555498242378235,0.0019370540976524353,0.0017163679003715515,0.0014072954654693604,0.0011532977223396301,0.0009710192680358887,0.0007797665894031525,0.0005542226135730743,0.0003107525408267975,0.0,0.0,0.0,0.0,0.0,0.0,0.0,0.0,0.0,0.0,0.0,0.0,0.0,0.0,0.0,0.0,0.0,0.0,0.0,0.0,0.09772758558392525
92,0.00604609027504921,0.0057836174964904785,0.005610719323158264,0.005430862307548523,0.005359578877687454,0.005189541727304459,0.005037784576416016,0.005068518221378326,0.004743605852127075,0.004617828875780106,0.004336528480052948,0.004180826246738434,0.004014924168586731,0.00383773073554039,0.003618646413087845,0.0036089420318603516,0.0032589323818683624,0.003123931586742401,0.0029587894678115845,0.0026754960417747498,0.0023646093904972076,0.0021116361021995544,0.00203816220164299,0.0016295425593852997,0.001411832869052887,0.001148182898759842,0.0009607896208763123,0.0007635876536369324,0.0005723312497138977,0.00030381977558135986,0.0,0.0,0.0,0.0,0.0,0.0,0.0,0.0,0.0,0.0,0.0,0.0,0.0,0.0,0.0,0.0,0.0,0.0,0.0,0.0,0.10180738940834999
93,0.006073694676160812,0.005789406597614288,0.005567658692598343,0.005422614514827728,0.005303122103214264,0.0051511600613594055,0.004814654588699341,0.0047330185770988464,0.00447826087474823,0.004381299018859863,0.004210766404867172,0.004016019403934479,0.0038855597376823425,0.003642566502094269,0.003564678132534027,0.0033172443509101868,0.0031758658587932587,0.0028478428721427917,0.002544194459915161,0.0023957304656505585,0.00200778990983963,0.0018916353583335876,0.0018506236374378204,0.0016866400837898254,0.0014404766261577606,0.0013208501040935516,0.0011272095143795013,0.0009276606142520905,0.0007289759814739227,0.0005725845694541931,0.0003047138452529907,0.0,0.0,0.0,0.0,0.0,0.0,0.0,0.0,0.0,0.0,0.0,0.0,0.0,0.0,0.0,0.0,0.0,0.0,0.0,0.09917451813817024
94,0.005959723144769669,0.005806330591440201,0.005852501839399338,0.005554411560297012,0.0052880942821502686,0.00509222224354744,0.005022525787353516,0.004709333181381226,0.004624079912900925,0.004451468586921692,0.004187140613794327,0.004140213131904602,0.004008546471595764,0.003715038299560547,0.0034674033522605896,0.0032121576368808746,0.0030142292380332947,0.0028972849249839783,0.002771511673927307,0.002492804080247879,0.00222768634557724,0.002058073878288269,0.0017887242138385773,0.0015517808496952057,0.0013384781777858734,0.0011871084570884705,0.0009859465062618256,0.000756971538066864,0.0005454160273075104,0.00030926987528800964,0.0,0.0,0.0,0.0,0.0,0.0,0.0,0.0,0.0,0.0,0.0,0.0,0.0,0.0,0.0,0.0,0.0,0.0,0.0,0.0,0.0990164764225483
95,0.005943562835454941,0.005750734359025955,0.005681883543729782,0.005357563495635986,0.005260709673166275,0.005027607083320618,0.004937071353197098,0.004716884344816208,0.004647448658943176,0.004399530589580536,0.004194531589746475,0.004059799015522003,0.0038323253393173218,0.0037094950675964355,0.003492109477519989,0.003314923495054245,0.0030989311635494232,0.0029080361127853394,0.0026580393314361572,0.0024351589381694794,0.002225678414106369,0.0020099207758903503,0.0017770268023014069,0.001604333519935608,0.001383960247039795,0.0011731795966625214,0.0009507611393928528,0.0007656998932361603,0.0005469545722007751,0.0002977997064590454,0.0,0.0,0.0,0.0,0.0,0.0,0.0,0.0,0.0,0.0,0.0,0.0,0.0,0.0,0.0,0.0,0.0,0.0,0.0,0.0,0.09816166013479233
96,0.005740560591220856,0.005651373416185379,0.005518779158592224,0.005365561693906784,0.005247712135314941,0.005016684532165527,0.004904013127088547,0.004717916250228882,0.004418887197971344,0.004213664680719376,0.0040301792323589325,0.003890901803970337,0.003669004887342453,0.0034255273640155792,0.003213837742805481,0.0031711161136627197,0.002862159162759781,0.0027380995452404022,0.002483811229467392,0.002201404422521591,0.001986254006624222,0.001902710646390915,0.0016847550868988037,0.0014918819069862366,0.0012619271874427795,0.0011378079652786255,0.0008637122809886932,0.0006514228880405426,0.0004588775336742401,0.00019003450870513916,0.0,0.0,0.0,0.0,0.0,0.0,0.0,0.0,0.0,0.0,0.0,0.0,0.0,0.0,0.0,0.0,0.0,0.0,0.0,0.0,0.09411057829856873
97,0.0057751089334487915,0.0056622326374053955,0.005516666918992996,0.0053166598081588745,0.005231555551290512,0.004860643297433853,0.004729803651571274,0.004562441259622574,0.004459198564291,0.004217874258756638,0.004062581807374954,0.0038116388022899628,0.003633100539445877,0.003501802682876587,0.00327923521399498,0.0030534006655216217,0.0028329789638519287,0.002680134028196335,0.0025365203619003296,0.0023193135857582092,0.0022124238312244415,0.0019471868872642517,0.0017046406865119934,0.0014967545866966248,0.001298949122428894,0.0010723695158958435,0.0008791349828243256,0.0006243214011192322,0.00040981918573379517,0.00020536407828330994,0.0,0.0,0.0,0.0,0.0,0.0,0.0,0.0,0.0,0.0,0.0,0.0,0.0,0.0,0.0,0.0,0.0,0.0,0.0,0.0,0.0938938558101654
98,0.005831047892570496,0.005805186927318573,0.0055438317358493805,0.005358170717954636,0.0052712708711624146,0.0050041452050209045,0.004924405366182327,0.004677854478359222,0.004483059048652649,0.004365608096122742,0.004288323223590851,0.004064183682203293,0.003867451101541519,0.00359349325299263,0.0034962035715579987,0.003268081694841385,0.003035508096218109,0.0028209686279296875,0.00265643373131752,0.0024522580206394196,0.0023117996752262115,0.0020436346530914307,0.0017161071300506592,0.0014847032725811005,0.0012472383677959442,0.001045573502779007,0.0008344203233718872,0.000649627298116684,0.00045748427510261536,0.00016788020730018616,0.0,0.0,0.0,0.0,0.0,0.0,0.0,0.0,0.0,0.0,0.0,0.0,0.0,0.0,0.0,0.0,0.0,0.0,0.0,0.0,0.09676595404744148
99,0.005818821489810944,0.005621850490570068,0.005566831678152084,0.005490314215421677,0.005212981253862381,0.005024045705795288,0.0048896074295043945,0.004636950790882111,0.0044630542397499084,0.004309449344873428,0.00408925861120224,0.003927584737539291,0.003711637109518051,0.0034784451127052307,0.0033897273242473602,0.003118559718132019,0.0029416270554065704,0.0027626268565654755,0.0025385841727256775,0.00232585147023201,0.0021770410239696503,0.0019743070006370544,0.0018019378185272217,0.0015603192150592804,0.0013703592121601105,0.0011445842683315277,0.0009541697800159454,0.0006662830710411072,0.0004528425633907318,0.00017116963863372803,0.0,0.0,0.0,0.0,0.0,0.0,0.0,0.0,0.0,0.0,0.0,0.0,0.0,0.0,0.0,0.0,0.0,0.0,0.0,0.0,0.09559082239866257
100,0.005802780389785767,0.005614317953586578,0.0055556148290634155,0.005388475954532623,0.005232837051153183,0.00508822500705719,0.004983548074960709,0.004737455397844315,0.004512373358011246,0.0043738484382629395,0.0041691213846206665,0.0040235258638858795,0.003724079579114914,0.003452979028224945,0.0032304637134075165,0.002962745726108551,0.002836465835571289,0.0027298182249069214,0.0025993287563323975,0.0023323893547058105,0.0021706074476242065,0.0019655078649520874,0.0016829892992973328,0.0014894120395183563,0.0012089237570762634,0.0010599829256534576,0.0008647628128528595,0.0006708912551403046,0.0004612058401107788,0.0001703612506389618,0.0,0.0,0.0,0.0,0.0,0.0,0.0,0.0,0.0,0.0,0.0,0.0,0.0,0.0,0.0,0.0,0.0,0.0,0.0,0.0,0.09509503841400146

total time per move x,0.5885450430214405,0.573170967400074,0.5582465641200542,0.5419292822480202,0.525750145316124,0.5080929882824421,0.49032892659306526,0.4716816730797291,0.45371533185243607,0.4311272166669369,0.4128181003034115,0.4044317156076431,0.3678615540266037,0.3494243398308754,0.3303677588701248,0.3107446953654289,0.290834192186594,0.27195093780755997,0.2508333586156368,0.2299562431871891,0.2107558697462082,0.18870828300714493,0.16981257125735283,0.14962434768676758,0.12923241406679153,0.1089990995824337,0.08870986104011536,0.06774580851197243,0.048327766358852386,0.024496566504240036,0.0003047138452529907,0,0,0,0,0,0,0,0,0,0,0,0,0,0,0,0,0,0,0,9.548528335988522
average time per move x,0.005885450430214405,0.00573170967400074,0.005582465641200542,0.005419292822480202,0.00525750145316124,0.005080929882824421,0.004903289265930652,0.004716816730797291,0.004537153318524361,0.0043548203703731,0.00416987980104456,0.004126854240894318,0.00379238715491344,0.003602312781761602,0.003405853184228091,0.0032035535604683393,0.0029982906410989073,0.0028036179155418554,0.002585910913563266,0.002370682919455558,0.002172740925218641,0.0019454462165685044,0.001750645064508792,0.0015425190483171916,0.001332292928523624,0.0011237020575508628,0.0009145346498980964,0.0006984103970306436,0.0004982243954520865,0.00025254192272412406,0.0003047138452529907,nan,nan,nan,nan,nan,nan,nan,nan,nan,nan,nan,nan,nan,nan,nan,nan,nan,nan,nan,0.09548528335988521
std of time per move x,0.00014920274615384625,8.188631728900294e-05,7.425900588470862e-05,6.210074093464517e-05,7.969049795431846e-05,0.00010117790102288807,0.0001044800954272556,0.00010144766616349032,0.0001346086014911619,0.00012067231421477924,0.00012731540732193386,0.0014795033812605237,0.00014498323876901932,0.00010805155030029047,0.00012961988667016316,0.00011218657267265787,0.00010569615647424055,0.00010415286314617788,0.0001066484621381316,0.00010266531569639091,0.00011041764900441233,8.961807789932703e-05,8.860554860333501e-05,8.189946913916757e-05,7.329331614497743e-05,6.995648758986931e-05,6.366322588115428e-05,5.979928143887632e-05,6.43764909063786e-05,7.357407691626537e-05,nan,nan,nan,nan,nan,nan,nan,nan,nan,nan,nan,nan,nan,nan,nan,nan,nan,nan,nan,nan,0.007717493168427648
err of average time,1.4920274615384626e-05,8.188631728900294e-06,7.425900588470863e-06,6.210074093464517e-06,7.969049795431846e-06,1.0117790102288806e-05,1.044800954272556e-05,1.0144766616349032e-05,1.346086014911619e-05,1.2128023904069489e-05,1.2795679882367309e-05,0.00014945241052539176,1.4720817549277562e-05,1.0970972723414229e-05,1.3160905485560448e-05,1.1390820634266723e-05,1.073181871454831e-05,1.0575121018315836e-05,1.0828510704934988e-05,1.0424083458456287e-05,1.1211213647970004e-05,9.099337172172764e-06,8.99653039839567e-06,8.315631191693299e-06,7.44180874777288e-06,7.103005140059142e-06,6.464021225846537e-06,6.0716971086709085e-06,6.536442316655081e-06,7.4703156850175974e-06,nan,nan,nan,nan,nan,nan,nan,nan,nan,nan,nan,nan,nan,nan,nan,nan,nan,nan,nan,nan,0.0007717493168427649
