Contains move time for player MCTSMaxIter2; opponent is Gambler
Colums refer to move number, rows to game number
game,1,2,3,4,5,6,7,8,9,10,11,12,13,14,15,16,17,18,19,20,21,22,23,24,25,26,27,28,29,30,31,32,33,34,35,36,37,38,39,40,41,42,43,44,45,46,47,48,49,50,total
1,33.92122022435069,32.04185162112117,30.278358422219753,30.09439330175519,27.605319932103157,24.749322060495615,22.891013868153095,21.123334363102913,19.364676401019096,17.74410016834736,16.156830977648497,14.588641121983528,13.118369419127703,11.634336981922388,10.240784280002117,8.9020489230752,7.842472020536661,6.781579472124577,5.621765859425068,4.64458055049181,3.8302730955183506,2.9908499978482723,2.266180071979761,1.7181109637022018,1.1992141902446747,0.681934054940939,0.3591763414442539,0.06448027119040489,0.008452273905277252,0.0002482086420059204,0.0,0.0,0.0,0.0,0.0,0.0,0.0,0.0,0.0,0.0,0.0,0.0,0.0,0.0,0.0,0.0,0.0,0.0,0.0,0.0,372.4639194384217
2,33.56906045973301,31.62147558480501,30.329844817519188,28.40806344524026,26.282721366733313,24.46879704296589,22.805404234677553,20.940093278884888,19.211199045181274,17.66137543693185,15.96310543268919,14.281016681343317,12.806094359606504,11.399826254695654,10.126076880842447,8.846769168972969,7.761342886835337,6.5358737371861935,5.498739004135132,4.540944829583168,3.7124921828508377,2.9286489821970463,2.279769130051136,1.5908444225788116,1.1109759397804737,0.5454599671065807,0.24987858906388283,0.05743361636996269,0.009505674242973328,0.0002482272684574127,0.0,0.0,0.0,0.0,0.0,0.0,0.0,0.0,0.0,0.0,0.0,0.0,0.0,0.0,0.0,0.0,0.0,0.0,0.0,0.0,365.5430806800723
3,33.62056392431259,32.024580877274275,30.783703234046698,30.508925955742598,28.009694911539555,26.66043444350362,26.29954868555069,20.992762956768274,19.26515782624483,17.61392841488123,15.990115534514189,14.26766437292099,12.858044013381004,11.423804108053446,9.973735827952623,8.898955252021551,7.726053141057491,6.587018113583326,5.617156762629747,4.635056342929602,3.7120331935584545,3.060951352119446,2.367574278265238,1.5807691477239132,1.0501998886466026,0.7149977125227451,0.3705000653862953,0.039758648723363876,0.010620895773172379,0.0002489648759365082,0.0,0.0,0.0,0.0,0.0,0.0,0.0,0.0,0.0,0.0,0.0,0.0,0.0,0.0,0.0,0.0,0.0,0.0,0.0,0.0,376.6645588465035
4,33.57785850018263,31.998191114515066,30.432808984071016,31.484459199011326,29.402436677366495,25.7324030213058,22.935733452439308,20.938376110047102,19.033946376293898,17.424942661076784,15.850104127079248,14.311877001076937,12.91370565444231,11.566540107131004,10.237644959241152,9.014391046017408,7.842306405305862,6.755587842315435,5.652398146688938,4.7711588852107525,3.9011166840791702,3.0887888073921204,2.2758787237107754,1.725054007023573,1.2733664363622665,0.8197934404015541,0.3989572748541832,0.07524672895669937,0.010238364338874817,0.0003148876130580902,0.0,0.0,0.0,0.0,0.0,0.0,0.0,0.0,0.0,0.0,0.0,0.0,0.0,0.0,0.0,0.0,0.0,0.0,0.0,0.0,375.44562562555075
5,33.53886070847511,31.670860044658184,30.577759128063917,28.397397700697184,26.420188829302788,24.428213879466057,22.621037401258945,20.849371764808893,19.013002656400204,16.919980846345425,15.339750938117504,14.058654628694057,12.642320539802313,11.323826596140862,10.057235907763243,8.799095213413239,7.685041673481464,6.680716700851917,5.683045741170645,4.69776975363493,3.7831099703907967,2.999665379524231,2.2545511461794376,1.6949187889695168,1.1528844200074673,0.6633503548800945,0.30760326609015465,0.036028169095516205,0.00848989188671112,0.00025327131152153015,0.0,0.0,0.0,0.0,0.0,0.0,0.0,0.0,0.0,0.0,0.0,0.0,0.0,0.0,0.0,0.0,0.0,0.0,0.0,0.0,364.30498531088233
6,34.692054592072964,33.01509393006563,31.08613708242774,29.73334202542901,30.161801040172577,26.138510439544916,23.794141601771116,21.739630840718746,20.113301303237677,18.244246147572994,17.017752312123775,16.292674090713263,15.484534360468388,13.095281012356281,13.026320327073336,10.627462703734636,9.099861267954111,8.383481115102768,6.584838643670082,5.754412516951561,4.700711153447628,3.9812012389302254,2.5620107501745224,1.8889062367379665,1.5142055191099644,0.8623978458344936,0.5110048651695251,0.15821748971939087,0.018589720129966736,0.00036007538437843323,0.0,0.0,0.0,0.0,0.0,0.0,0.0,0.0,0.0,0.0,0.0,0.0,0.0,0.0,0.0,0.0,0.0,0.0,0.0,0.0,400.28248224779963
7,38.68568189442158,35.247718673199415,33.97620663419366,34.50837915763259,29.15271144732833,29.54486210644245,25.04487368836999,24.936043206602335,20.501863602548838,20.727265182882547,16.878572426736355,15.34750660136342,13.797686159610748,12.283974081277847,11.118895214051008,9.779433697462082,8.53860142827034,7.306081160902977,6.289214860647917,5.261493600904942,4.527401875704527,3.6026405468583107,2.7016616947948933,1.9938575811684132,1.3931707255542278,0.9964991547167301,0.5450694188475609,0.23828080669045448,0.0290692001581192,0.004805412143468857,0.0,0.0,0.0,0.0,0.0,0.0,0.0,0.0,0.0,0.0,0.0,0.0,0.0,0.0,0.0,0.0,0.0,0.0,0.0,0.0,414.9595212414861
8,34.74150725826621,33.0583459623158,31.19125520437956,29.118331480771303,27.372205954045057,25.227437399327755,23.25695290416479,21.39917988702655,19.85514250025153,18.50080094113946,16.818180967122316,15.482258021831512,14.26339539885521,13.463310346007347,12.48369973897934,10.55600006133318,9.49751802533865,8.131714921444654,6.275790620595217,6.51642469316721,5.096453998237848,4.010068655014038,3.002803947776556,2.3192855566740036,1.6267355233430862,1.0295886546373367,0.6028647720813751,0.24772411584854126,0.022229939699172974,0.0041962601244449615,0.0,0.0,0.0,0.0,0.0,0.0,0.0,0.0,0.0,0.0,0.0,0.0,0.0,0.0,0.0,0.0,0.0,0.0,0.0,0.0,395.17140370979905
9,37.8229797296226,34.66081948578358,34.103970266878605,29.40135683864355,27.202959034591913,25.421353567391634,23.700226541608572,21.68818048387766,20.185128398239613,18.72809886187315,17.16176187992096,15.678242985159159,15.478324208408594,13.60124459117651,11.378405943512917,9.818842086941004,9.386765219271183,6.986920204013586,7.483713563531637,5.643662445247173,4.5572339333593845,3.737467046827078,3.132865007966757,2.4364130534231663,1.488864466547966,0.9514160752296448,0.5381488241255283,0.22223392128944397,0.026590771973133087,0.004688337445259094,0.0,0.0,0.0,0.0,0.0,0.0,0.0,0.0,0.0,0.0,0.0,0.0,0.0,0.0,0.0,0.0,0.0,0.0,0.0,0.0,402.62887777388096
10,37.39220464229584,36.191670682281256,33.646009501069784,33.79781163111329,28.756079625338316,28.821560487151146,26.607048776000738,22.35656598955393,20.56869177892804,19.09767323732376,17.012239009141922,14.953826937824488,13.771354932338,12.383567832410336,11.10394188016653,9.882400583475828,8.488806463778019,7.214560195803642,6.235483322292566,5.064528301358223,4.299508634954691,3.5246411971747875,2.7836128771305084,2.026825077831745,1.4478004612028599,0.964443564414978,0.5157781429588795,0.16559483855962753,0.02496395632624626,0.0047277770936489105,0.0,0.0,0.0,0.0,0.0,0.0,0.0,0.0,0.0,0.0,0.0,0.0,0.0,0.0,0.0,0.0,0.0,0.0,0.0,0.0,409.1039223372936
11,33.56636017933488,32.17032007500529,32.594435192644596,31.337371826171875,27.861532300710678,24.771326165646315,22.45002732798457,20.709476809948683,19.04682746529579,17.433800388127565,15.76146548986435,14.34796528890729,12.897884152829647,11.523473240435123,10.261163990944624,9.810347698628902,8.441064961254597,7.532552760094404,5.757399179041386,4.8829381465911865,4.22537649795413,3.3469441905617714,2.607334490865469,1.7199821174144745,1.27475306391716,0.7831277176737785,0.3352871499955654,0.036347489804029465,0.008755598217248917,0.00025449320673942566,0.0,0.0,0.0,0.0,0.0,0.0,0.0,0.0,0.0,0.0,0.0,0.0,0.0,0.0,0.0,0.0,0.0,0.0,0.0,0.0,377.4958954490721
12,35.15500193461776,33.087608590722084,30.36500856280327,28.56713078916073,26.469250701367855,24.573934834450483,22.62252726405859,20.686373628675938,18.748975958675146,17.00584588572383,15.670142147690058,14.207957983016968,12.759672071784735,11.318138219416142,9.94831721112132,8.667587600648403,7.6056713201105595,6.592211779206991,5.6768102794885635,4.696268867701292,3.945589706301689,3.154594447463751,2.389086440205574,1.7618577517569065,1.2570214234292507,0.801797665655613,0.36929698288440704,0.07817471399903297,0.009528879076242447,0.00025600194931030273,0.0,0.0,0.0,0.0,0.0,0.0,0.0,0.0,0.0,0.0,0.0,0.0,0.0,0.0,0.0,0.0,0.0,0.0,0.0,0.0,368.1916396431625
13,33.466445960104465,31.37054431065917,30.363850593566895,28.40806519240141,26.513222709298134,25.382922295480967,22.740886390209198,22.591202683746815,20.732963982969522,18.72835798189044,17.90453064441681,16.024617791175842,13.719863034784794,12.180542711168528,10.090562149882317,8.79907002672553,7.7244859375059605,6.675187960267067,5.621414054185152,4.624786924570799,3.7707562558352947,2.9615520276129246,2.2910762391984463,1.6447581239044666,1.0873016156256199,0.71379629150033,0.34725504368543625,0.0723637156188488,0.01162027195096016,0.0002473108470439911,0.0,0.0,0.0,0.0,0.0,0.0,0.0,0.0,0.0,0.0,0.0,0.0,0.0,0.0,0.0,0.0,0.0,0.0,0.0,0.0,376.5642502307892
14,33.46247171610594,32.26524481922388,30.219813510775566,28.473173193633556,28.90577370300889,27.559853363782167,24.854898259043694,23.04561673477292,21.846663739532232,18.994090758264065,17.227128997445107,15.436850391328335,14.510342173278332,13.333458412438631,10.962980091571808,9.547017473727465,8.021160051226616,7.203717786818743,6.228351432830095,5.14003448933363,4.4698415994644165,3.3381399028003216,2.721172384917736,1.8972665667533875,1.3423311859369278,1.067227628082037,0.39551176875829697,0.10408299788832664,0.009743064641952515,0.0002600140869617462,0.0,0.0,0.0,0.0,0.0,0.0,0.0,0.0,0.0,0.0,0.0,0.0,0.0,0.0,0.0,0.0,0.0,0.0,0.0,0.0,392.58421821147203
15,33.68877686560154,33.16931455209851,30.503871992230415,28.42762664332986,26.71182830259204,24.672425858676434,22.771927654743195,20.96813303232193,19.2893125154078,17.539996314793825,16.208430901169777,14.6309112906456,13.137742780148983,11.620135888457298,10.186914082616568,8.926703665405512,7.7689963690936565,6.766766373068094,5.73252147436142,4.7169712372124195,3.804257333278656,2.9605186209082603,2.3049577176570892,1.7350289933383465,1.2380793690681458,0.7303353659808636,0.38761772215366364,0.08012061193585396,0.010446321219205856,0.0002532266080379486,0.0,0.0,0.0,0.0,0.0,0.0,0.0,0.0,0.0,0.0,0.0,0.0,0.0,0.0,0.0,0.0,0.0,0.0,0.0,0.0,370.690923076123
16,34.80662965029478,34.22057918086648,31.760347824543715,28.89234644919634,27.034218695014715,25.336486138403416,23.702333573251963,21.665274754166603,19.916224163025618,18.564696941524744,17.00375598669052,15.409712191671133,14.15051157772541,12.58704461529851,11.204534735530615,9.72498343884945,8.577437847852707,7.78903129324317,6.80145775526762,5.599733926355839,4.547797363251448,3.582463711500168,2.972593557089567,2.351794831454754,1.46980419754982,1.0137337073683739,0.5727139264345169,0.13769306242465973,0.01858748495578766,0.004728175699710846,0.0,0.0,0.0,0.0,0.0,0.0,0.0,0.0,0.0,0.0,0.0,0.0,0.0,0.0,0.0,0.0,0.0,0.0,0.0,0.0,391.41925075650215
17,37.13577952608466,36.66317440196872,36.79890999570489,32.059342078864574,26.95598116144538,26.69317014887929,24.63258746638894,23.431353576481342,22.867545377463102,20.281989313662052,18.538160994648933,18.05741611868143,16.046176996082067,12.751586016267538,10.815972045063972,9.508519690483809,8.202920079231262,7.128630232065916,5.932633489370346,5.1313850693404675,4.11689567565918,3.3973772786557674,2.650511272251606,1.970411241054535,1.31874617934227,0.8255172036588192,0.369685385376215,0.12463861331343651,0.021731756627559662,0.0046704113483428955,0.0,0.0,0.0,0.0,0.0,0.0,0.0,0.0,0.0,0.0,0.0,0.0,0.0,0.0,0.0,0.0,0.0,0.0,0.0,0.0,414.4334187954664
18,34.60769874230027,34.5294850692153,37.29467575624585,32.97746853157878,29.35924030467868,25.28560559824109,23.190069284290075,21.455236468464136,19.790492337197065,18.276874121278524,16.463625095784664,15.21956480294466,13.825682170689106,12.440734077244997,10.856745224446058,9.765401884913445,8.49537555500865,7.399860315024853,6.226536747068167,5.20403416454792,4.342333626002073,3.541716579347849,2.5714496672153473,1.9787788577377796,1.3620188347995281,0.9015203043818474,0.5375721976161003,0.15139399096369743,0.0198538638651371,0.004214812070131302,0.0,0.0,0.0,0.0,0.0,0.0,0.0,0.0,0.0,0.0,0.0,0.0,0.0,0.0,0.0,0.0,0.0,0.0,0.0,0.0,398.0752589851618
19,34.60019116103649,32.99131913483143,31.180478006601334,29.062603626400232,27.36468740925193,25.194247126579285,23.610538251698017,21.765171222388744,20.03481326624751,18.525116764009,16.648895639926195,16.584656335413456,14.362151719629765,13.060715358704329,11.930471248924732,9.94802362471819,8.52764181420207,7.233731791377068,6.234510015696287,5.411516968160868,4.308194871991873,3.388815350830555,2.6862085312604904,1.9498424716293812,1.4369201585650444,1.0078762844204903,0.5310299172997475,0.18896067887544632,0.027704261243343353,0.004784747958183289,0.0,0.0,0.0,0.0,0.0,0.0,0.0,0.0,0.0,0.0,0.0,0.0,0.0,0.0,0.0,0.0,0.0,0.0,0.0,0.0,389.8018177598715
20,34.69131130352616,32.916165608912706,31.07417382672429,28.862535394728184,27.047300409525633,25.01921694353223,24.91143176704645,23.613098222762346,19.860597725957632,18.0136630050838,16.51608097553253,14.796777248382568,13.638511907309294,12.275319509208202,10.753281362354755,9.670345693826675,8.631492219865322,7.331544399261475,6.068942178040743,4.864681672304869,4.162037625908852,3.371243219822645,2.6667613983154297,1.9561065658926964,1.4482821449637413,0.9831452928483486,0.5524208396673203,0.23563900589942932,0.02198176458477974,0.004626370966434479,0.0,0.0,0.0,0.0,0.0,0.0,0.0,0.0,0.0,0.0,0.0,0.0,0.0,0.0,0.0,0.0,0.0,0.0,0.0,0.0,385.95871560275555
21,33.669508796185255,31.70628160983324,30.749419830739498,30.230639711022377,28.803925052285194,26.800519607961178,25.14993643388152,22.23758416622877,19.826675795018673,18.718797095119953,16.767115000635386,15.289839509874582,13.919381145387888,12.510403048247099,11.362717252224684,10.321326240897179,9.043338865041733,8.213379267603159,7.114523123949766,4.8313204646110535,3.967985659837723,3.2421048507094383,2.6334358900785446,1.9712569154798985,1.2989499606192112,0.6995694749057293,0.30805910751223564,0.05408244580030441,0.008471954613924026,0.0002501048147678375,0.0,0.0,0.0,0.0,0.0,0.0,0.0,0.0,0.0,0.0,0.0,0.0,0.0,0.0,0.0,0.0,0.0,0.0,0.0,0.0,391.45079838111997
22,36.521718353033066,33.60761232674122,32.42024729773402,31.627374727278948,30.44278448447585,26.76788054406643,24.44173163920641,22.918794501572847,19.169874384999275,19.29526647552848,16.94393452629447,15.550986282527447,13.584699846804142,11.904912002384663,11.07758666202426,9.415482323616743,8.866286769509315,6.828768998384476,5.688511371612549,4.761788967996836,3.8685283176600933,3.0922830030322075,2.321183606982231,1.78924198448658,1.2629664801061153,0.6867284439504147,0.28248046711087227,0.06315119192004204,0.008380617946386337,0.0002512894570827484,0.0,0.0,0.0,0.0,0.0,0.0,0.0,0.0,0.0,0.0,0.0,0.0,0.0,0.0,0.0,0.0,0.0,0.0,0.0,0.0,395.21143788844347
23,33.589522294700146,32.23079101741314,30.563922058790922,28.404549915343523,26.59717331454158,24.6005499958992,22.628899313509464,20.88693482428789,19.208971090614796,17.479695942252874,15.849830597639084,14.372458513826132,13.017578471451998,11.458428211510181,10.16321086883545,8.87580806016922,7.772066909819841,6.67637013271451,5.633593417704105,4.756234668195248,3.891510743647814,3.1098012812435627,2.4298106767237186,1.751985888928175,1.2568027302622795,0.7647562101483345,0.41334008425474167,0.10738600790500641,0.010342206805944443,0.00025181472301483154,0.0,0.0,0.0,0.0,0.0,0.0,0.0,0.0,0.0,0.0,0.0,0.0,0.0,0.0,0.0,0.0,0.0,0.0,0.0,0.0,368.5025772638619
24,33.58910343796015,31.70932049304247,30.336185701191425,28.295544873923063,26.410840816795826,24.61589727178216,22.70327714830637,20.916602041572332,19.128707136958838,19.295697912573814,17.44931734725833,15.970547955483198,13.941020306199789,11.788851480931044,10.826845437288284,9.644710522145033,8.217522542923689,7.012433119118214,5.910710860043764,4.920711852610111,3.566537942737341,3.2323823794722557,2.480247013270855,1.7392510920763016,1.2091012932360172,0.662659827619791,0.2516113184392452,0.04362017288804054,0.01026841625571251,0.00025142356753349304,0.0,0.0,0.0,0.0,0.0,0.0,0.0,0.0,0.0,0.0,0.0,0.0,0.0,0.0,0.0,0.0,0.0,0.0,0.0,0.0,375.879779137671
25,37.04516641795635,34.259331826120615,30.925578743219376,28.440270494669676,26.537248585373163,24.658607855439186,22.878082521259785,21.077737160027027,19.324379056692123,17.459080912172794,16.063913393765688,14.460053566843271,12.99325480312109,11.559371259063482,10.256320886313915,9.030466966331005,7.862367365509272,6.681973807513714,5.724539943039417,4.731771435588598,3.8534824289381504,3.1315290443599224,2.3765758872032166,1.794552430510521,1.2148435525596142,0.6690469942986965,0.25270286202430725,0.041905712336301804,0.00757160410284996,0.00025605037808418274,0.0,0.0,0.0,0.0,0.0,0.0,0.0,0.0,0.0,0.0,0.0,0.0,0.0,0.0,0.0,0.0,0.0,0.0,0.0,0.0,375.3119835667312
26,36.13251178339124,35.254037246108055,33.962389789521694,29.358518335968256,26.749965474009514,27.752330131828785,25.090498872101307,22.63248234242201,21.314835391938686,20.1304886713624,19.591574139893055,15.018499746918678,13.278456702828407,12.034132108092308,10.471300099045038,9.49309091642499,8.099739201366901,6.888300821185112,5.934124041348696,5.005301024764776,4.050995670258999,3.191093612462282,2.545786280184984,2.0325536243617535,1.367078933864832,0.9352638050913811,0.5377291440963745,0.1601453348994255,0.014394517987966537,0.0047432295978069305,0.0,0.0,0.0,0.0,0.0,0.0,0.0,0.0,0.0,0.0,0.0,0.0,0.0,0.0,0.0,0.0,0.0,0.0,0.0,0.0,399.0323609933257
27,34.76260120794177,33.03568795695901,31.2029814645648,29.365245208144188,27.374145608395338,25.38240733370185,23.704841263592243,22.18090543523431,22.104591820389032,19.911024428904057,18.70738271996379,17.201439533382654,15.130887482315302,14.441960360854864,11.792105738073587,10.42554247379303,8.49110658466816,7.796758349984884,7.010891258716583,6.10942967236042,4.856302667409182,3.827822372317314,2.713058289140463,1.9848212338984013,1.4255816265940666,1.1226860955357552,0.5075109228491783,0.22320154681801796,0.022037126123905182,0.004692558199167252,0.0,0.0,0.0,0.0,0.0,0.0,0.0,0.0,0.0,0.0,0.0,0.0,0.0,0.0,0.0,0.0,0.0,0.0,0.0,0.0,402.8196503408253
28,37.56622429564595,33.55753490328789,30.8747205324471,28.869270212948322,29.958579014986753,25.387102153152227,23.699179612100124,22.051688741892576,20.34232995286584,18.94479376077652,17.030345492064953,15.539745893329382,14.986319798976183,13.703878596425056,12.266642574220896,10.326471965759993,9.42939841747284,7.569030869752169,7.1150221191346645,6.023116312921047,4.318675257265568,3.860251285135746,2.7160193659365177,2.054524052888155,1.4022968895733356,0.95985072478652,0.5584700852632523,0.1990341879427433,0.02250402420759201,0.004667516797780991,0.0,0.0,0.0,0.0,0.0,0.0,0.0,0.0,0.0,0.0,0.0,0.0,0.0,0.0,0.0,0.0,0.0,0.0,0.0,0.0,401.3376886099577
29,38.456833727657795,35.21659952402115,33.00950351729989,30.947253353893757,29.67557905241847,27.368809301406145,24.43169704079628,25.945944417268038,19.87934823706746,18.104007206857204,16.726706568151712,16.270305827260017,14.576720252633095,13.249277044087648,11.782466065138578,9.95172630995512,8.741460923105478,7.41180682554841,6.2603544890880585,5.646714266389608,5.01540706679225,3.30453472211957,2.5680487155914307,1.999928306788206,1.3771147280931473,0.8529425375163555,0.3879271224141121,0.10436224937438965,0.016142573207616806,0.00034756213426589966,0.0,0.0,0.0,0.0,0.0,0.0,0.0,0.0,0.0,0.0,0.0,0.0,0.0,0.0,0.0,0.0,0.0,0.0,0.0,0.0,409.27986953407526
30,34.671295914798975,32.87082841992378,30.947479266673326,32.22541716694832,29.529106110334396,27.23338520899415,24.45878019183874,23.323488384485245,20.2476121224463,19.50398039072752,17.637257367372513,15.52301599830389,13.583367697894573,12.24425357580185,10.951342057436705,9.965883899480104,8.670621395111084,7.326162446290255,6.458878342062235,5.282469365745783,4.609044898301363,3.4163235463202,2.5899405367672443,2.024345051497221,1.3785837218165398,0.9125965014100075,0.4986012168228626,0.22913948073983192,0.02894364297389984,0.004672054201364517,0.0,0.0,0.0,0.0,0.0,0.0,0.0,0.0,0.0,0.0,0.0,0.0,0.0,0.0,0.0,0.0,0.0,0.0,0.0,0.0,398.3468159735203
31,34.62755145132542,33.71987660974264,30.269904755055904,28.54622395336628,26.6727703101933,24.850634433329105,22.838385574519634,21.095459438860416,19.434127021580935,17.64276534318924,15.952139247208834,14.36106201633811,13.23874020203948,13.175662070512772,11.241166532039642,10.230662126094103,8.452082306146622,6.682581130415201,5.559829346835613,4.753367584198713,3.952161740511656,3.197495725005865,2.424976162612438,1.8310414627194405,1.2305949479341507,0.7209682390093803,0.4973767101764679,0.08066882938146591,0.010316368192434311,0.0002501159906387329,0.0,0.0,0.0,0.0,0.0,0.0,0.0,0.0,0.0,0.0,0.0,0.0,0.0,0.0,0.0,0.0,0.0,0.0,0.0,0.0,377.2908417545259
32,36.965682093054056,34.22900293022394,32.11086689308286,31.04626200720668,26.43423382937908,24.367933213710785,22.84219978004694,21.10820720344782,19.26230811700225,17.959338814020157,16.961432840675116,15.834172196686268,14.443111345171928,11.539386313408613,9.947037000209093,8.756127066910267,7.447071127593517,6.607300471514463,5.585057243704796,4.670859344303608,3.8220291659235954,2.979042436927557,2.340282306075096,1.6860131807625294,1.1974146217107773,0.6974328681826591,0.33891042694449425,0.042762983590364456,0.00841817632317543,0.00024513155221939087,0.0,0.0,0.0,0.0,0.0,0.0,0.0,0.0,0.0,0.0,0.0,0.0,0.0,0.0,0.0,0.0,0.0,0.0,0.0,0.0,381.2301411293447
33,33.623250141739845,32.28293677046895,30.411114674061537,28.518350314348936,26.795053400099277,24.717784494161606,22.60598326101899,20.96277380362153,19.251278452575207,17.704208847135305,16.048947375267744,14.48455485701561,13.097754217684269,11.66501921787858,10.428705252707005,9.079262297600508,7.789490096271038,6.680258359760046,5.760028123855591,4.8079249151051044,3.915917858481407,3.164914049208164,2.4515255615115166,1.8189159147441387,1.2886732369661331,0.8402258455753326,0.3218622915446758,0.0426519550383091,0.009649775922298431,0.0002454221248626709,0.0,0.0,0.0,0.0,0.0,0.0,0.0,0.0,0.0,0.0,0.0,0.0,0.0,0.0,0.0,0.0,0.0,0.0,0.0,0.0,370.5692607834935
34,33.76132186502218,31.880438908934593,30.141593635082245,28.440828163176775,26.580464523285627,24.565460309386253,22.934967752546072,21.074721325188875,19.357604801654816,17.619142074137926,15.922198560088873,14.35619068145752,12.927194982767105,11.561466008424759,10.274128261953592,9.012359727174044,7.743256885558367,6.725437968969345,5.628037896007299,4.709228258579969,3.849912390112877,3.1010923981666565,2.326550889760256,1.6298319026827812,1.0771614573895931,0.6471622362732887,0.2411433793604374,0.07913895696401596,0.010979894548654556,0.0002551637589931488,0.0,0.0,0.0,0.0,0.0,0.0,0.0,0.0,0.0,0.0,0.0,0.0,0.0,0.0,0.0,0.0,0.0,0.0,0.0,0.0,368.1792712584138
35,33.47993040457368,31.561079517006874,29.970699068158865,28.224184703081846,26.448597334325314,24.536133635789156,22.727206096053123,20.88051337748766,19.209981843829155,17.50858923792839,15.78470803797245,14.158882550895214,12.722028534859419,11.428980465978384,10.077555935829878,8.914681985974312,7.650293275713921,6.524855926632881,5.480949219316244,4.601964179426432,3.8041555993258953,2.986135046929121,2.322059340775013,1.6977958865463734,1.1078332588076591,0.6454373560845852,0.23134426400065422,0.025852851569652557,0.008418720215559006,0.0002433881163597107,0.0,0.0,0.0,0.0,0.0,0.0,0.0,0.0,0.0,0.0,0.0,0.0,0.0,0.0,0.0,0.0,0.0,0.0,0.0,0.0,364.72109104320407
36,34.674701265990734,32.65868550539017,30.655031070113182,28.920992136001587,26.909567400813103,25.026008889079094,23.390728425234556,21.514439180493355,19.607693020254374,17.96362078934908,16.171735532581806,14.89776261523366,13.511553414165974,12.430716563016176,11.003927525132895,9.912553049623966,8.415000822395086,7.33467136323452,6.234353959560394,5.079694714397192,4.238168649375439,3.412386927753687,2.6551545299589634,1.9156651683151722,1.3498105555772781,0.8558427840471268,0.5471519231796265,0.23733900859951973,0.027855485677719116,0.004665140062570572,0.0,0.0,0.0,0.0,0.0,0.0,0.0,0.0,0.0,0.0,0.0,0.0,0.0,0.0,0.0,0.0,0.0,0.0,0.0,0.0,381.557477414608
37,34.554371010512114,32.81477453559637,30.850656002759933,29.24085122346878,26.935096137225628,25.095674011856318,23.04560912027955,21.459247559309006,19.587157253175974,17.53830960020423,16.146988425403833,14.743159994482994,13.199655931442976,11.928649857640266,10.372928991913795,9.14622987434268,7.847243200987577,6.8197651989758015,5.887617118656635,4.980798538774252,4.144105855375528,3.298387236893177,2.688225694000721,1.9869066700339317,1.483009248971939,0.9369956441223621,0.5429882705211639,0.18218669667840004,0.015455298125743866,0.00035502389073371887,0.0,0.0,0.0,0.0,0.0,0.0,0.0,0.0,0.0,0.0,0.0,0.0,0.0,0.0,0.0,0.0,0.0,0.0,0.0,0.0,377.4733992256224
38,34.76914259046316,32.914875611662865,31.311392784118652,29.580998193472624,27.642628364264965,25.383106894791126,23.64789594337344,21.72971810027957,20.16001608595252,18.556780263781548,16.819318678230047,15.454818658530712,13.755914453417063,12.50186274945736,11.214103035628796,10.071524672210217,8.756694927811623,7.424375336617231,6.214643612504005,5.130858693271875,4.22320282459259,3.2602324597537518,2.465450968593359,2.0087837390601635,1.3529238440096378,0.8603645376861095,0.4314951226115227,0.1617525890469551,0.026547573506832123,0.004678219556808472,0.0,0.0,0.0,0.0,0.0,0.0,0.0,0.0,0.0,0.0,0.0,0.0,0.0,0.0,0.0,0.0,0.0,0.0,0.0,0.0,387.83610152825713
39,34.755288396030664,32.76131698489189,30.8542304597795,29.121357813477516,27.100631900131702,25.471040181815624,23.53386913239956,21.976344000548124,20.075064297765493,18.338680289685726,16.58108327165246,15.435257498174906,13.948536161333323,12.143226243555546,10.75277354940772,9.496368661522865,8.472568195313215,7.256820864975452,6.150946501642466,5.12707881256938,4.287770252674818,3.4122499115765095,2.656979527324438,1.9148618914186954,1.3673120848834515,0.8900382108986378,0.5630623921751976,0.1904582716524601,0.025597840547561646,0.0003512240946292877,0.0,0.0,0.0,0.0,0.0,0.0,0.0,0.0,0.0,0.0,0.0,0.0,0.0,0.0,0.0,0.0,0.0,0.0,0.0,0.0,384.66116482391953
40,34.66212824732065,32.9051655754447,30.938035234808922,29.206225406378508,27.51573157683015,25.34986598417163,23.423891719430685,21.74199351668358,20.127092082053423,18.502988636493683,16.85288692265749,15.32999251037836,13.684360966086388,12.410647634416819,11.002707295119762,9.727782767266035,8.35131973400712,7.132213123142719,5.8819070272147655,5.051851835101843,4.051369532942772,3.382291756570339,2.6399723067879677,2.0045058466494083,1.3723003938794136,0.9500514715909958,0.5821135155856609,0.24549715220928192,0.02138139307498932,0.004189055413007736,0.0,0.0,0.0,0.0,0.0,0.0,0.0,0.0,0.0,0.0,0.0,0.0,0.0,0.0,0.0,0.0,0.0,0.0,0.0,0.0,385.05246021971107
41,33.556265115737915,32.04847663640976,30.50399085506797,28.607694894075394,26.611070066690445,24.789894431829453,22.89942728355527,20.995067674666643,19.04188435897231,17.5076756849885,15.917160052806139,14.516859523952007,13.027605131268501,11.692574687302113,10.264324352145195,9.00216407328844,7.822785180062056,6.727992530912161,5.686648413538933,4.751111172139645,3.931440591812134,3.193260509520769,2.4455031603574753,1.8354408740997314,1.2576031796634197,0.7851619385182858,0.33005086332559586,0.04496568813920021,0.009414859116077423,0.000260423868894577,0.0,0.0,0.0,0.0,0.0,0.0,0.0,0.0,0.0,0.0,0.0,0.0,0.0,0.0,0.0,0.0,0.0,0.0,0.0,0.0,369.80377420783043
42,33.57709050178528,31.800433091819286,30.010449320077896,28.42967253550887,26.53531076386571,24.272252522408962,22.099033392965794,20.42612336948514,18.72920796647668,17.432020772248507,15.77612118050456,14.298013929277658,12.692363645881414,11.46129385381937,9.856240805238485,8.703336760401726,7.351123418658972,6.528750251978636,5.656286161392927,4.678755044937134,3.8604496978223324,3.026266146451235,2.2988812774419785,1.698156338185072,1.0609538964927197,0.791373286396265,0.34689852595329285,0.0847606249153614,0.011281505227088928,0.0002477280795574188,0.0,0.0,0.0,0.0,0.0,0.0,0.0,0.0,0.0,0.0,0.0,0.0,0.0,0.0,0.0,0.0,0.0,0.0,0.0,0.0,363.4931483156979
43,33.50699741020799,32.01514131203294,30.15185495465994,28.32827477902174,26.506734166294336,24.56173464655876,22.590424835681915,20.808033265173435,19.235147427767515,17.519444715231657,15.97239140048623,14.353353504091501,12.906073521822691,11.495605897158384,10.179185159504414,8.846232797950506,7.728205386549234,6.541216071695089,5.520853526890278,4.614706616848707,3.7910888493061066,2.980113234370947,2.378254983574152,1.7021626830101013,1.0814917646348476,0.5845673643052578,0.21359199658036232,0.03935426101088524,0.010133065283298492,0.00025595352053642273,0.0,0.0,0.0,0.0,0.0,0.0,0.0,0.0,0.0,0.0,0.0,0.0,0.0,0.0,0.0,0.0,0.0,0.0,0.0,0.0,366.16262555122375
44,33.43381130695343,31.81041071936488,30.269935932010412,28.121304772794247,26.52597001940012,24.604579146951437,22.75820955634117,21.008633852005005,19.332636691629887,17.638206850737333,16.0408479757607,14.515259373933077,12.977003667503595,11.45383195951581,10.099022034555674,8.89004511386156,7.662645824253559,6.64393013343215,5.635999076068401,4.727556884288788,3.8140587583184242,3.054549504071474,2.323965758085251,1.7570930272340775,1.2506903521716595,0.6974770650267601,0.3033311180770397,0.049448516219854355,0.009387694299221039,0.0002658255398273468,0.0,0.0,0.0,0.0,0.0,0.0,0.0,0.0,0.0,0.0,0.0,0.0,0.0,0.0,0.0,0.0,0.0,0.0,0.0,0.0,367.4101085104048
45,33.50097453966737,31.96709057316184,30.046450696885586,28.238663904368877,26.411177799105644,24.42137984931469,22.787246227264404,20.85945114865899,19.210443694144487,17.388169702142477,15.819563668221235,14.23633710294962,12.77603604272008,11.40093756094575,10.12685676291585,8.859305053949356,7.616114713251591,6.653418280184269,5.615047391504049,4.681264262646437,3.7554070577025414,2.9856988601386547,2.0814892947673798,1.589443825185299,1.0204352624714375,0.7171676233410835,0.34541909769177437,0.07296136766672134,0.009685251861810684,0.00026327744126319885,0.0,0.0,0.0,0.0,0.0,0.0,0.0,0.0,0.0,0.0,0.0,0.0,0.0,0.0,0.0,0.0,0.0,0.0,0.0,0.0,365.19389989227057
46,34.699785862118006,33.02284066751599,30.90463949367404,28.91073463484645,26.87011581659317,25.45486444979906,23.542002271860838,21.76092756167054,19.961129497736692,18.63115668296814,16.81314603984356,15.332409597933292,14.128761775791645,12.53733018040657,11.184000827372074,9.793042719364166,8.433791909366846,7.4094966277480125,6.206801474094391,5.117704398930073,4.370571158826351,3.4305534735322,2.6818126253783703,1.9096336886286736,1.337979692965746,0.8579410910606384,0.32430437579751015,0.1764080561697483,0.01700199767947197,0.004662062972784042,0.0,0.0,0.0,0.0,0.0,0.0,0.0,0.0,0.0,0.0,0.0,0.0,0.0,0.0,0.0,0.0,0.0,0.0,0.0,0.0,385.82555071264505
47,34.65592174604535,32.89509890601039,31.292033601552248,29.253876205533743,27.56182050704956,25.52631390467286,23.403138145804405,21.4047317430377,19.587594036012888,18.03250927850604,16.373585756868124,15.101047772914171,13.636729273945093,12.260441336780787,10.828474290668964,9.511866442859173,8.256235867738724,7.21122844144702,6.214130442589521,5.103403698652983,4.292451646178961,3.281168583780527,2.481031570583582,1.8917241916060448,1.30910250172019,0.8825722597539425,0.4828399270772934,0.13764145225286484,0.01730263978242874,0.004739824682474136,0.0,0.0,0.0,0.0,0.0,0.0,0.0,0.0,0.0,0.0,0.0,0.0,0.0,0.0,0.0,0.0,0.0,0.0,0.0,0.0,382.89075599610806
48,34.67159790173173,32.852530874311924,31.039388917386532,28.722048606723547,27.181924585253,25.202581718564034,23.482197664678097,22.205025024712086,20.33477868512273,18.243491131812334,16.421588573604822,14.95090340450406,13.345104567706585,11.882046665996313,10.445989526808262,9.19712434336543,8.124104157090187,7.1025160998106,6.14074344933033,5.167379643768072,4.163704600185156,3.2634044028818607,2.554089304059744,1.8764583244919777,1.2816301509737968,0.8805665373802185,0.5004291720688343,0.12456195801496506,0.015121344476938248,0.00023863837122917175,0.0002461634576320648,0.0,0.0,0.0,0.0,0.0,0.0,0.0,0.0,0.0,0.0,0.0,0.0,0.0,0.0,0.0,0.0,0.0,0.0,0.0,381.373516138643
49,34.62778255715966,32.68715409189463,30.87651999667287,28.81897695735097,27.23480574041605,25.352660156786442,23.71074180305004,21.891446478664875,20.402578681707382,18.72564110532403,16.888022385537624,14.957685444504023,13.293761476874352,12.25352280586958,10.548353035002947,9.323193866759539,8.106903474777937,6.812652084976435,5.773234207183123,4.768094826489687,3.9513390101492405,3.1914753578603268,2.4915654100477695,1.9212429448962212,1.310351449996233,0.8920984454452991,0.4838765971362591,0.18496281281113625,0.02140635997056961,0.004180289804935455,0.0,0.0,0.0,0.0,0.0,0.0,0.0,0.0,0.0,0.0,0.0,0.0,0.0,0.0,0.0,0.0,0.0,0.0,0.0,0.0,381.5062298551202
50,34.621618803590536,32.897127609699965,31.035416681319475,28.992303770035505,27.30261341109872,25.18133942782879,23.103772658854723,21.822896968573332,19.950099054723978,17.997548684477806,16.556181963533163,15.14868550002575,13.2828115709126,12.200824741274118,10.742331750690937,9.550227474421263,8.374484676867723,7.140775661915541,6.060511879622936,5.228669356554747,4.353147588670254,3.5425736233592033,2.7256546802818775,2.0815626978874207,1.437876135110855,0.9525693207979202,0.5447204299271107,0.19266782328486443,0.020498037338256836,0.004633966833353043,0.0,0.0,0.0,0.0,0.0,0.0,0.0,0.0,0.0,0.0,0.0,0.0,0.0,0.0,0.0,0.0,0.0,0.0,0.0,0.0,383.0461459495127
51,33.55558555945754,31.809676107019186,30.14253370463848,28.586835082620382,26.387969851493835,24.692211661487818,22.93957883119583,21.139980655163527,19.392209500074387,17.586811028420925,16.027613289654255,14.548807464540005,13.099313624203205,11.67988919839263,10.308181706815958,9.058447688817978,7.899773973971605,6.788030914962292,5.769603196531534,4.767491232603788,3.89231463521719,3.0436715483665466,2.3685254268348217,1.752661008387804,1.201524045318365,0.6276481226086617,0.2558656632900238,0.06457072123885155,0.01022259145975113,0.0002490878105163574,0.0,0.0,0.0,0.0,0.0,0.0,0.0,0.0,0.0,0.0,0.0,0.0,0.0,0.0,0.0,0.0,0.0,0.0,0.0,0.0,369.3977971225977
52,33.53879854828119,31.99348483979702,29.54207767546177,27.80172374099493,26.227710865437984,24.469517830759287,22.614784255623817,20.72009915113449,19.04459275305271,17.455700509250164,15.787180602550507,14.359536718577147,12.868848245590925,11.61089339107275,10.277060020714998,8.982700057327747,7.746443443000317,6.711951952427626,5.672011751681566,4.68880282714963,3.83908736333251,3.09726395085454,2.397865042090416,1.833092387765646,1.2565799057483673,0.7177322171628475,0.41456791013479233,0.07774259895086288,0.009456012398004532,0.0002548582851886749,0.0,0.0,0.0,0.0,0.0,0.0,0.0,0.0,0.0,0.0,0.0,0.0,0.0,0.0,0.0,0.0,0.0,0.0,0.0,0.0,365.75756142660975
53,33.30776860564947,32.02245010063052,30.345217496156693,28.56462662294507,26.402721263468266,24.47086600959301,22.57004066929221,20.701643873006105,18.89930645003915,17.232184253633022,15.630985662341118,14.190084904432297,12.666658110916615,11.255527943372726,9.952648147940636,8.73473323136568,7.5853037014603615,6.464071676135063,5.46417012065649,4.509503435343504,3.5694227144122124,2.9366651587188244,2.259678889065981,1.706840604543686,1.2149625457823277,0.6264882013201714,0.25004376843571663,0.042165931314229965,0.011504903435707092,0.0002564676105976105,0.0,0.0,0.0,0.0,0.0,0.0,0.0,0.0,0.0,0.0,0.0,0.0,0.0,0.0,0.0,0.0,0.0,0.0,0.0,0.0,363.58854146301746
54,33.77840697020292,31.808413468301296,30.491147715598345,28.67105671390891,26.526303458958864,24.786478593945503,22.865844253450632,21.10107507184148,19.21933112293482,17.59276007115841,15.972006775438786,14.43972772359848,12.998576372861862,11.588612202554941,10.219129011034966,9.059317920356989,7.968574687838554,6.777816794812679,5.664187669754028,4.740152649581432,3.8716556690633297,3.011608552187681,2.3002082109451294,1.766787875443697,1.2268804274499416,0.756357129663229,0.4285195358097553,0.06071219593286514,0.008607357740402222,0.0002522096037864685,0.0,0.0,0.0,0.0,0.0,0.0,0.0,0.0,0.0,0.0,0.0,0.0,0.0,0.0,0.0,0.0,0.0,0.0,0.0,0.0,369.7005084119737
55,33.45151208713651,32.031941652297974,30.225840751081705,28.18200806900859,26.326828338205814,24.240816928446293,22.73781494796276,20.75034697726369,19.171001128852367,17.471364859491587,15.902270320802927,14.29575777053833,12.92861134186387,11.559254515916109,10.214141961187124,8.961519494652748,7.860987618565559,6.787459563463926,5.706570755690336,4.799546115100384,3.907243277877569,3.092552423477173,2.432148829102516,1.7500888220965862,1.2279654331505299,0.7898918762803078,0.430111289024353,0.05688973888754845,0.010004036128520966,0.0002468898892402649,0.0,0.0,0.0,0.0,0.0,0.0,0.0,0.0,0.0,0.0,0.0,0.0,0.0,0.0,0.0,0.0,0.0,0.0,0.0,0.0,367.30273781344295
56,34.52221820876002,32.815408043563366,31.0438682846725,29.15625634789467,27.004692289978266,25.484753496944904,23.709744315594435,21.71102476492524,19.944342952221632,18.48600634559989,16.791997149586678,14.855194546282291,13.788676660507917,12.31028239801526,10.641108181327581,9.334092866629362,8.085469614714384,7.451291583478451,6.046682998538017,5.024683605879545,4.182766892015934,3.42029020562768,2.6073262318968773,1.899990290403366,1.3573283217847347,0.8570813871920109,0.45568960532546043,0.06889116391539574,0.0005613118410110474,0.0004288330674171448,0.0,0.0,0.0,0.0,0.0,0.0,0.0,0.0,0.0,0.0,0.0,0.0,0.0,0.0,0.0,0.0,0.0,0.0,0.0,0.0,383.0581488981843
57,34.68789419531822,32.744786497205496,31.04940102249384,28.77492768317461,26.59300108253956,24.676866356283426,23.110417541116476,21.0592903457582,19.585034493356943,17.636115819215775,15.685902282595634,13.367555383592844,12.630887348204851,11.448380321264267,10.64842914044857,9.558269638568163,8.41192190349102,7.268768884241581,6.4354077987372875,5.226403679698706,4.25467149540782,3.3751357160508633,2.6632466167211533,1.9848069362342358,1.4069026559591293,0.9024837277829647,0.5221671015024185,0.1549306958913803,0.021781910210847855,0.0046274662017822266,0.0,0.0,0.0,0.0,0.0,0.0,0.0,0.0,0.0,0.0,0.0,0.0,0.0,0.0,0.0,0.0,0.0,0.0,0.0,0.0,375.89041573926806
58,34.56663203239441,32.84088932722807,31.247475646436214,29.014123495668173,26.97877126932144,25.315488897264004,23.574782844632864,21.89311272650957,20.124078698456287,18.795333459973335,17.174572125077248,15.35253019630909,13.821996096521616,12.398866914212704,10.870151959359646,9.569666355848312,8.108163993805647,7.0623980313539505,5.84739887341857,5.10744845867157,4.1774561405181885,3.2168345861136913,2.721744231879711,1.9139676578342915,1.4091812670230865,0.9095407798886299,0.502038974314928,0.17868400737643242,0.021594371646642685,0.00034414976835250854,0.0,0.0,0.0,0.0,0.0,0.0,0.0,0.0,0.0,0.0,0.0,0.0,0.0,0.0,0.0,0.0,0.0,0.0,0.0,0.0,384.7152675688267
59,34.588423777371645,32.810900911688805,30.74277602508664,29.06170503050089,27.090151872485876,25.796097744256258,24.00592166557908,22.04603836685419,20.531768269836903,18.725960958749056,17.229842640459538,15.682480577379465,13.952147141098976,12.383917953819036,10.71323561668396,9.479030579328537,8.569033473730087,7.233054380863905,6.124066665768623,5.0094183422625065,4.029720913618803,3.3472357876598835,2.5576003827154636,1.9701583720743656,1.3739381022751331,0.8531874492764473,0.5430277362465858,0.13774526864290237,0.019626125693321228,0.004648718982934952,0.0,0.0,0.0,0.0,0.0,0.0,0.0,0.0,0.0,0.0,0.0,0.0,0.0,0.0,0.0,0.0,0.0,0.0,0.0,0.0,386.6128608509898
60,34.776076555252075,32.850834749639034,31.04959826171398,29.132151756435633,27.40023384615779,25.415029488503933,23.550720188766718,21.843416023999453,20.341014593839645,18.26775972545147,16.62956478074193,15.354103181511164,14.040080588310957,12.646238826215267,10.783545076847076,9.412071738392115,8.147814229130745,7.047030679881573,5.830435447394848,4.975379213690758,4.171756949275732,3.294992294162512,2.481637455523014,1.9271787479519844,1.3766393065452576,0.8824280314147472,0.5156509317457676,0.19935131818056107,0.02133174240589142,0.004162300378084183,0.0,0.0,0.0,0.0,0.0,0.0,0.0,0.0,0.0,0.0,0.0,0.0,0.0,0.0,0.0,0.0,0.0,0.0,0.0,0.0,384.3682280294597
61,33.54909721389413,31.53102883696556,30.09982381761074,28.309256959706545,26.53027394413948,24.57017831131816,22.79044059291482,20.927889462560415,19.197981037199497,17.51393349096179,15.966230437159538,14.373558830469847,12.910031035542488,11.502725046128035,10.237050227820873,8.839333023875952,7.687832232564688,6.620426408946514,5.565745931118727,4.630087133497,3.6892259679734707,3.0164097286760807,2.3380670323967934,1.7260617278516293,1.2357907071709633,0.7907589673995972,0.39655833318829536,0.08731576800346375,0.01016666367650032,0.0002573952078819275,0.0,0.0,0.0,0.0,0.0,0.0,0.0,0.0,0.0,0.0,0.0,0.0,0.0,0.0,0.0,0.0,0.0,0.0,0.0,0.0,366.6435362659395
62,33.428990580141544,31.691858362406492,30.324459917843342,28.602652829140425,26.209658291190863,24.199243798851967,22.566260643303394,20.97155412659049,18.98674500733614,17.342451736330986,15.80447143316269,14.21723360940814,12.848119087517262,11.41539205238223,10.130812887102365,8.931870862841606,7.768162172287703,6.650142401456833,5.683670666068792,4.729090429842472,3.8526258319616318,3.109791800379753,2.379784472286701,1.7391844652593136,1.209828857332468,0.7033655233681202,0.32425351440906525,0.05824938416481018,0.010900188237428665,0.0002509281039237976,0.0,0.0,0.0,0.0,0.0,0.0,0.0,0.0,0.0,0.0,0.0,0.0,0.0,0.0,0.0,0.0,0.0,0.0,0.0,0.0,365.89107586070895
63,33.557053968310356,32.181955464184284,30.364204674959183,28.692112680524588,26.76093138754368,24.756579481065273,22.712635431438684,20.940187878906727,19.068172458559275,17.365976806730032,15.613426327705383,14.113272927701473,12.557038083672523,11.24736025929451,9.957299642264843,8.628302060067654,7.521007902920246,6.523932199925184,5.5082024820148945,4.5621397495269775,3.674013167619705,2.5792384408414364,1.8668037801980972,1.3851367086172104,1.0131901875138283,0.5462209954857826,0.15914125367999077,0.0006444565951824188,0.010888326913118362,0.00024532899260520935,0.0,0.0,0.0,0.0,0.0,0.0,0.0,0.0,0.0,0.0,0.0,0.0,0.0,0.0,0.0,0.0,0.0,0.0,0.0,0.0,363.8673145137727
64,33.6328540854156,32.259166583418846,30.015289295464754,28.355193577706814,26.41051696240902,24.586017802357674,22.833750508725643,21.04199180006981,19.32100297883153,17.604784693568945,15.948042389005423,14.373395711183548,12.846455574035645,11.441418338567019,10.199877262115479,8.800603121519089,7.610371578484774,6.527410257607698,5.490360710769892,4.548169959336519,3.709647424519062,3.050401993095875,2.3053323291242123,1.735248614102602,1.2252423912286758,0.7377209663391113,0.3404451794922352,0.07855681702494621,0.007478058338165283,0.00024925917387008667,0.0,0.0,0.0,0.0,0.0,0.0,0.0,0.0,0.0,0.0,0.0,0.0,0.0,0.0,0.0,0.0,0.0,0.0,0.0,0.0,367.0369962230325
65,33.53969578072429,32.06696707755327,30.43705478683114,28.294001929461956,26.589007411152124,24.59207732602954,22.724277947098017,21.04379829764366,19.327003445476294,17.606510564684868,15.928471967577934,14.537515975534916,12.919020667672157,11.505264785140753,10.149010982364416,8.894693560898304,7.808934900909662,6.67325783893466,5.698933679610491,4.696572609245777,3.8340280018746853,3.1094131879508495,2.4856293834745884,1.7489049136638641,1.2600882202386856,0.7307156026363373,0.3580293729901314,0.09146418422460556,0.009476825594902039,0.00025234371423721313,0.0,0.0,0.0,0.0,0.0,0.0,0.0,0.0,0.0,0.0,0.0,0.0,0.0,0.0,0.0,0.0,0.0,0.0,0.0,0.0,368.6600735709071
66,34.6685824431479,33.091686233878136,31.376906100660563,28.924644824117422,27.197579376399517,25.27288380637765,23.56468529254198,21.85055758431554,20.506272565573454,18.619614958763123,16.974499821662903,14.739546295255423,13.689944807440042,11.731865841895342,10.593166206032038,9.508336264640093,8.355329386889935,7.3557799234986305,6.305072598159313,5.250341523438692,4.292122133076191,3.294117785990238,2.6090469919145107,1.9310069344937801,1.3571419566869736,0.9253778718411922,0.49143853038549423,0.08545558154582977,0.0005546361207962036,0.004754994064569473,0.0,0.0,0.0,0.0,0.0,0.0,0.0,0.0,0.0,0.0,0.0,0.0,0.0,0.0,0.0,0.0,0.0,0.0,0.0,0.0,384.56831327080727
67,34.75984362512827,32.91284479573369,31.024581994861364,28.93356331437826,27.193173445761204,25.2404912263155,23.780144568532705,21.780046693980694,19.73438222333789,18.68244292959571,16.453703086823225,15.320567600429058,13.905344445258379,12.08559937775135,10.51638225093484,9.60212428867817,8.173437032848597,7.144864190369844,5.912685237824917,4.994334142655134,4.228910263627768,3.0963970869779587,2.2943462021648884,1.7092271521687508,1.339789878576994,0.8439355492591858,0.3358807601034641,0.09551986679434776,0.018270190805196762,0.004583962261676788,0.0,0.0,0.0,0.0,0.0,0.0,0.0,0.0,0.0,0.0,0.0,0.0,0.0,0.0,0.0,0.0,0.0,0.0,0.0,0.0,382.117417383939
68,34.79562433809042,33.03088878840208,31.100437495857477,29.06973299011588,27.181964859366417,25.210281901061535,23.282514225691557,21.364694353193045,19.70866633206606,18.169493161141872,16.479313172399998,14.995728135108948,13.548351395875216,12.011881042271852,10.630304340273142,9.448869436979294,8.387540243566036,7.233077622950077,5.981799125671387,4.993106737732887,4.225587282329798,3.279866721481085,2.6401822939515114,1.9569314196705818,1.4644870795309544,0.9890641942620277,0.5228379182517529,0.16906819865107536,0.01980222761631012,0.0003565661609172821,0.0,0.0,0.0,0.0,0.0,0.0,0.0,0.0,0.0,0.0,0.0,0.0,0.0,0.0,0.0,0.0,0.0,0.0,0.0,0.0,381.8924535997212
69,34.75210986286402,32.90682065114379,31.102035511285067,28.95476784184575,27.085326313972473,25.481769256293774,23.656900584697723,21.99281147122383,19.998501360416412,18.73913897201419,17.11427377536893,15.611393183469772,13.903091374784708,12.546658471226692,10.956280004233122,9.966690178960562,8.578170858323574,7.381936300545931,6.244788680225611,5.339638441801071,4.480220835655928,3.3852775879204273,2.7265336848795414,2.1429933831095695,1.4306328147649765,0.923986628651619,0.516645185649395,0.17208992317318916,0.01871522143483162,0.0003528594970703125,0.0,0.0,0.0,0.0,0.0,0.0,0.0,0.0,0.0,0.0,0.0,0.0,0.0,0.0,0.0,0.0,0.0,0.0,0.0,0.0,388.11055121943355
70,34.65617912635207,32.90437550097704,30.90849681571126,29.18654352799058,27.222675684839487,25.411837738007307,23.49595830589533,21.832264054566622,20.238293405622244,18.83084601163864,17.090572874993086,15.386327732354403,13.72877087444067,12.435794170945883,10.898401401937008,9.399062640964985,7.900703307241201,6.847925577312708,5.989271678030491,5.2562921568751335,4.280727185308933,3.387690406292677,2.7724969126284122,2.03384817764163,1.460900455713272,0.9205193184316158,0.5509744547307491,0.1869555227458477,0.02101108431816101,0.00458696112036705,0.0,0.0,0.0,0.0,0.0,0.0,0.0,0.0,0.0,0.0,0.0,0.0,0.0,0.0,0.0,0.0,0.0,0.0,0.0,0.0,385.2403030656278
71,33.562423296272755,32.03538669645786,29.19913448765874,28.16665867343545,26.34656659886241,24.69468503445387,22.659552056342363,21.067730739712715,19.267935678362846,17.650163654237986,15.98194433376193,14.439586732536554,13.024570014327765,11.628951232880354,10.313851844519377,9.023078747093678,7.884783737361431,6.738625515252352,5.684310019016266,4.701344419270754,3.894741117954254,3.049255631864071,2.4077186845242977,1.7554716505110264,1.220276478677988,0.744292963296175,0.35554883629083633,0.07502159848809242,0.011601105332374573,0.00024547800421714783,0.0,0.0,0.0,0.0,0.0,0.0,0.0,0.0,0.0,0.0,0.0,0.0,0.0,0.0,0.0,0.0,0.0,0.0,0.0,0.0,367.5854570567608
72,33.553595915436745,31.546238522976637,30.543367717415094,28.399028450250626,26.52810573577881,24.62945782393217,22.799886282533407,20.930187910795212,19.151259135454893,17.541289776563644,15.876431491225958,14.303156808018684,12.883304979652166,11.488264165818691,10.000623762607574,8.762639541178942,7.499661386013031,6.490352403372526,5.506344456225634,4.644782796502113,3.7489810325205326,2.993014831095934,2.2639673687517643,1.6927391178905964,1.1936425529420376,0.6709830388426781,0.32978735119104385,0.0651930682361126,0.009444694966077805,0.00024822354316711426,0.0,0.0,0.0,0.0,0.0,0.0,0.0,0.0,0.0,0.0,0.0,0.0,0.0,0.0,0.0,0.0,0.0,0.0,0.0,0.0,366.0459803417325
73,33.58423464372754,32.07354272902012,30.082631550729275,27.895928747951984,26.380762215703726,24.686388932168484,22.61416482925415,20.857582319527864,18.621416352689266,17.482675924897194,15.750389143824577,14.156202085316181,12.763736009597778,11.31120541319251,10.091933716088533,8.817451525479555,7.584383208304644,6.567887589335442,5.556902132928371,4.6605941243469715,3.7160399444401264,2.8966519720852375,2.2786054834723473,1.659353293478489,1.1357681788504124,0.7423689439892769,0.37562308833003044,0.07143514975905418,0.008448205888271332,0.0002521537244319916,0.0,0.0,0.0,0.0,0.0,0.0,0.0,0.0,0.0,0.0,0.0,0.0,0.0,0.0,0.0,0.0,0.0,0.0,0.0,0.0,364.42455960810184
74,33.579648431390524,32.02292087301612,30.319065626710653,28.649428829550743,26.791402231901884,24.7095024921,22.923412162810564,21.053844954818487,19.243867821991444,17.55661379918456,16.028780940920115,14.459199603646994,13.05392887070775,11.809146333485842,10.48007145896554,9.175311457365751,7.904413886368275,6.743622813373804,5.70991799607873,4.680844709277153,3.7844079844653606,3.0397517383098602,2.359103251248598,1.7596024796366692,1.2733209654688835,0.7536251991987228,0.322154201567173,0.04334048181772232,0.007544726133346558,0.00026318058371543884,0.0,0.0,0.0,0.0,0.0,0.0,0.0,0.0,0.0,0.0,0.0,0.0,0.0,0.0,0.0,0.0,0.0,0.0,0.0,0.0,370.238059502095
75,33.413776978850365,31.801304034888744,30.395282935351133,28.42819568887353,26.402672328054905,24.46532202884555,22.66638395562768,20.796967949718237,19.085644531995058,17.323977004736662,15.914831850677729,14.377304550260305,12.798486523330212,11.413600783795118,10.050351865589619,8.605314441025257,7.431411895900965,6.422023240476847,5.487155199050903,4.575361330062151,3.7722741439938545,3.0572273060679436,2.351995225995779,1.7356035262346268,1.1934229768812656,0.71624456346035,0.2723643220961094,0.0006495006382465363,0.008126642554998398,0.0001345500349998474,0.0,0.0,0.0,0.0,0.0,0.0,0.0,0.0,0.0,0.0,0.0,0.0,0.0,0.0,0.0,0.0,0.0,0.0,0.0,0.0,364.96341187506914
76,34.67990072444081,32.76332310959697,30.90893365442753,28.991891015321016,26.927137602120638,25.20383032038808,23.028845198452473,21.27468317374587,19.693590823560953,18.295707937330008,16.901102896779776,15.646515250205994,14.073595680296421,12.289042267948389,10.924890734255314,9.475717306137085,8.452625721693039,7.191312193870544,6.239210143685341,5.375190518796444,4.374966602772474,3.5636638179421425,2.744140349328518,2.0569269470870495,1.396486584097147,0.9473230987787247,0.5300778336822987,0.21835587173700333,0.025145817548036575,0.004675522446632385,0.0,0.0,0.0,0.0,0.0,0.0,0.0,0.0,0.0,0.0,0.0,0.0,0.0,0.0,0.0,0.0,0.0,0.0,0.0,0.0,384.1988087184727
77,34.79957043379545,32.95413203164935,30.61230482533574,28.994845148175955,27.16198453679681,25.325313810259104,23.039022754877806,21.382701445370913,19.81127466261387,17.871642384678125,16.317187685519457,15.152436267584562,13.62707595154643,12.259852793067694,11.014872655272484,9.88613110780716,8.757218204438686,7.1968411244452,6.27268448099494,5.313546985387802,4.339114859700203,3.5662952177226543,2.7947408966720104,2.026387892663479,1.3954876773059368,0.8572541140019894,0.47566859796643257,0.2134530059993267,0.019790954887866974,0.0003616511821746826,0.0,0.0,0.0,0.0,0.0,0.0,0.0,0.0,0.0,0.0,0.0,0.0,0.0,0.0,0.0,0.0,0.0,0.0,0.0,0.0,383.4391941577196
78,34.812829818576574,32.76158657670021,31.06540944799781,29.008062813431025,27.382739931344986,25.64068091288209,23.258250150829554,21.740186851471663,20.11887253448367,18.105543714016676,16.68029608950019,15.00107041373849,13.547899324446917,12.18330331146717,10.813224989920855,9.627525296062231,8.035241845995188,6.920538555830717,5.983576521277428,4.866938356310129,4.004301469773054,3.3245260678231716,2.6225946359336376,1.8981820568442345,1.3430838137865067,0.9437594525516033,0.5290284752845764,0.20789484307169914,0.02921474725008011,0.004624251276254654,0.0,0.0,0.0,0.0,0.0,0.0,0.0,0.0,0.0,0.0,0.0,0.0,0.0,0.0,0.0,0.0,0.0,0.0,0.0,0.0,382.4609872698784
79,34.620138484984636,32.80344029515982,30.500015661120415,28.886584166437387,26.889191292226315,25.04138368740678,23.18196266144514,22.18955823406577,19.756366778165102,17.909329522401094,16.729273576289415,15.016085859388113,13.50121658295393,12.160688251256943,11.000576436519623,9.672150366008282,8.264166038483381,7.148963086307049,6.0851770378649235,5.163954723626375,4.205721195787191,3.396230425685644,2.5219197645783424,1.8974406644701958,1.3289154320955276,0.8144373744726181,0.38290052860975266,0.09577793255448341,0.019645340740680695,0.00034539029002189636,0.0,0.0,0.0,0.0,0.0,0.0,0.0,0.0,0.0,0.0,0.0,0.0,0.0,0.0,0.0,0.0,0.0,0.0,0.0,0.0,381.18355679139495
80,34.55311496555805,33.04776283726096,30.506533555686474,28.64585941657424,27.189864117652178,25.169379010796547,22.95230846107006,21.277305867522955,19.575759410858154,17.637520000338554,15.997138004750013,14.469368740916252,13.308840438723564,12.078446213155985,10.76750673726201,9.51140470802784,8.636684726923704,7.347591500729322,6.114786181598902,5.06982059404254,4.160212144255638,3.291054368019104,2.519015595316887,1.9148208647966385,1.3907512612640858,0.8942080996930599,0.5748668238520622,0.22602306306362152,0.02955453097820282,0.0046076662838459015,0.0,0.0,0.0,0.0,0.0,0.0,0.0,0.0,0.0,0.0,0.0,0.0,0.0,0.0,0.0,0.0,0.0,0.0,0.0,0.0,378.86210990697145
81,33.45930107310414,31.424937713891268,29.988336820155382,28.465837836265564,26.410931162536144,24.481107614934444,22.68454795330763,20.72025364637375,18.87714122608304,17.21403805166483,15.76326884701848,14.267649576067924,12.812349043786526,11.396746415644884,10.061628993600607,8.781400561332703,7.660593349486589,6.5414125099778175,5.524530056864023,4.5949239283800125,3.745949301868677,2.983797401189804,2.346665009856224,1.74518808349967,1.2094764709472656,0.7193824462592602,0.3408614434301853,0.11816468089818954,0.010768380016088486,0.0003053620457649231,0.0,0.0,0.0,0.0,0.0,0.0,0.0,0.0,0.0,0.0,0.0,0.0,0.0,0.0,0.0,0.0,0.0,0.0,0.0,0.0,364.3514949604869
82,33.4877387098968,31.597678527235985,30.010988909751177,28.28741005808115,26.35827962681651,24.451758544892073,22.49086007103324,20.72725611925125,19.14110767841339,17.592681098729372,15.908070486038923,14.435188621282578,12.866052597761154,11.398003112524748,10.292716413736343,8.958491813391447,7.776625707745552,6.627692013978958,5.650839377194643,4.6545592695474625,3.839563935995102,3.115519244223833,2.4029111973941326,1.7844363749027252,1.2752034924924374,0.8038450665771961,0.3868653066456318,0.09198641404509544,0.0115230493247509,0.00024418532848358154,0.0,0.0,0.0,0.0,0.0,0.0,0.0,0.0,0.0,0.0,0.0,0.0,0.0,0.0,0.0,0.0,0.0,0.0,0.0,0.0,366.42609702423215
83,33.523128349334,31.691152561455965,30.087344981729984,28.310692433267832,26.670756205916405,24.657554537057877,22.68028973415494,20.95706008374691,19.276186287403107,17.63458890467882,15.947965532541275,14.325766306370497,12.884436201304197,11.492893509566784,10.192670933902264,8.905255611985922,7.800634332001209,6.6668585278093815,5.5544929057359695,4.583916965872049,3.8143249712884426,3.039308238774538,2.2890313155949116,1.7237627804279327,1.1334829740226269,0.7492772154510021,0.340625524520874,0.058809395879507065,0.00045016035437583923,0.0002421364188194275,0.0,0.0,0.0,0.0,0.0,0.0,0.0,0.0,0.0,0.0,0.0,0.0,0.0,0.0,0.0,0.0,0.0,0.0,0.0,0.0,366.9929596185684
84,33.54310781136155,31.623493406921625,30.03476756811142,28.372646033763885,26.603623788803816,24.722916070371866,22.753276981413364,21.064605560153723,19.33099728822708,17.53703097254038,15.901723831892014,14.288083050400019,12.889555290341377,11.526589754968882,10.267014663666487,8.96832375600934,7.808797486126423,6.677814442664385,5.61958697065711,4.731948606669903,3.8326485231518745,3.051183547824621,2.3706715516746044,1.7364961355924606,1.1189345344901085,0.6832482069730759,0.28364597260951996,0.07648639008402824,0.010861355811357498,0.0002401694655418396,0.0,0.0,0.0,0.0,0.0,0.0,0.0,0.0,0.0,0.0,0.0,0.0,0.0,0.0,0.0,0.0,0.0,0.0,0.0,0.0,367.43031972274184
85,33.38934615626931,31.871806383132935,30.223568201065063,28.162642244249582,26.079480282962322,24.969252180308104,22.78783756494522,21.557570602744818,19.40993746742606,17.33706645295024,16.42405378818512,14.735445331782103,12.879287526011467,11.261187329888344,9.98437088355422,8.816897265613079,7.8611756302416325,6.991175875067711,5.879974417388439,4.688938487321138,3.8045374788343906,3.0930213779211044,2.2608607038855553,1.722777921706438,1.1640555039048195,0.8133048079907894,0.32748179137706757,0.08811311796307564,0.010612621903419495,0.00025625526905059814,0.0,0.0,0.0,0.0,0.0,0.0,0.0,0.0,0.0,0.0,0.0,0.0,0.0,0.0,0.0,0.0,0.0,0.0,0.0,0.0,368.5960356518626
86,34.83621687814593,33.1715624704957,31.923808995634317,29.324538942426443,27.3588431365788,26.454541195183992,24.198617301881313,22.230153888463974,20.928586911410093,19.234688818454742,17.18631985783577,15.582806870341301,14.21229650825262,12.706871401518583,10.948102291673422,9.601513009518385,8.748271387070417,7.199036333709955,5.892277732491493,4.878549445420504,3.9721345491707325,3.4861962273716927,2.7597153186798096,2.0629461482167244,1.2942038998007774,0.8726732954382896,0.42527227476239204,0.14653803780674934,0.02543196827173233,0.000375896692276001,0.0,0.0,0.0,0.0,0.0,0.0,0.0,0.0,0.0,0.0,0.0,0.0,0.0,0.0,0.0,0.0,0.0,0.0,0.0,0.0,391.66309099271894
87,37.24671959131956,34.49383144453168,32.131455924361944,30.955320961773396,30.080096773803234,26.63389452174306,24.20623180270195,23.685874212533236,20.783699054270983,19.0787968672812,17.79192864894867,16.28592013567686,15.211689442396164,13.058334041386843,11.465235266834497,10.438912209123373,8.986342497169971,7.130433809012175,6.465236850082874,5.783338043838739,4.295381166040897,3.8334134444594383,2.808880854398012,1.5374807119369507,1.3144991844892502,0.6693896502256393,0.5283438414335251,0.06716963276267052,0.0005623660981655121,0.0003644227981567383,0.0,0.0,0.0,0.0,0.0,0.0,0.0,0.0,0.0,0.0,0.0,0.0,0.0,0.0,0.0,0.0,0.0,0.0,0.0,0.0,406.9687773734331
88,36.76033364608884,35.92234841361642,33.067242469638586,31.00273174419999,29.41894208267331,27.18110990524292,24.33980831503868,23.96744343265891,21.627185706049204,19.19927529990673,18.359314121305943,16.344539280980825,15.098160240799189,13.152428705245256,11.535295601934195,9.765797231346369,8.784861877560616,7.812173709273338,6.6249366626143456,5.533610712736845,4.743127059191465,3.652615461498499,2.7452435679733753,1.9444224424660206,1.776854868978262,1.0264587923884392,0.5166209377348423,0.18162725865840912,0.01976967230439186,0.004168108105659485,0.0,0.0,0.0,0.0,0.0,0.0,0.0,0.0,0.0,0.0,0.0,0.0,0.0,0.0,0.0,0.0,0.0,0.0,0.0,0.0,412.1084473282099
89,36.81904844194651,34.86601671949029,31.926446612924337,30.811341628432274,29.296012986451387,26.04076513648033,25.548607256263494,22.853642165660858,21.464178431779146,19.797561310231686,17.579540137201548,16.085324503481388,14.5053182952106,13.348237451165915,11.556043930351734,10.377981770783663,8.830612979829311,7.499018222093582,6.507111810147762,5.798000317066908,4.6599848456680775,3.5062586553394794,2.9528448805212975,2.0588675774633884,1.424039352685213,0.9668724127113819,0.5213207677006721,0.2623421996831894,0.02890157699584961,0.004748150706291199,0.0,0.0,0.0,0.0,0.0,0.0,0.0,0.0,0.0,0.0,0.0,0.0,0.0,0.0,0.0,0.0,0.0,0.0,0.0,0.0,407.89699052646756
90,37.22909341007471,34.996818978339434,32.48220454528928,31.366988245397806,29.18460686504841,27.251332093030214,26.249453734606504,23.74485808238387,21.189514100551605,19.301283232867718,18.13863057270646,15.612102139741182,16.11675091460347,14.087552897632122,12.46186738088727,10.820071760565042,9.599104177206755,8.013905379921198,6.616747245192528,5.779726535081863,4.342111676931381,3.705527860671282,3.3157932572066784,1.9555451832711697,1.3302535265684128,0.8598195463418961,0.7006004266440868,0.22120198979973793,0.02609526365995407,0.004220176488161087,0.0,0.0,0.0,0.0,0.0,0.0,0.0,0.0,0.0,0.0,0.0,0.0,0.0,0.0,0.0,0.0,0.0,0.0,0.0,0.0,416.7037811987102
91,37.73311755806208,31.90726274624467,30.387264158576727,28.49895166605711,26.53662421181798,24.679416976869106,23.8892426379025,23.70819589495659,21.06478587165475,18.9514681994915,17.123381461948156,15.062140952795744,14.647802446037531,12.02173563092947,10.357755232602358,8.99378314614296,7.783285602927208,6.7619425021111965,5.835057482123375,5.34725459292531,4.094513662159443,3.158245850354433,2.4697942920029163,1.7865102477371693,1.264447696506977,0.7485304065048695,0.38846493139863014,0.11992352083325386,0.007683202624320984,0.0002604573965072632,0.0,0.0,0.0,0.0,0.0,0.0,0.0,0.0,0.0,0.0,0.0,0.0,0.0,0.0,0.0,0.0,0.0,0.0,0.0,0.0,385.32884323969483
92,37.38027633354068,33.958138931542635,33.67046718671918,30.76338804140687,27.762943543493748,26.531036529690027,26.024047758430243,25.504091877490282,22.273381393402815,20.401745703071356,16.90535767748952,14.44252336025238,14.17078609764576,11.916136842221022,11.00193589553237,9.104931551963091,8.478116199374199,7.110355939716101,6.076411224901676,5.075938805937767,3.8578493408858776,3.1124734096229076,2.236105293035507,1.7561518661677837,1.212065227329731,0.7011373452842236,0.4652821011841297,0.07812314108014107,0.008177988231182098,0.00012992694973945618,0.0,0.0,0.0,0.0,0.0,0.0,0.0,0.0,0.0,0.0,0.0,0.0,0.0,0.0,0.0,0.0,0.0,0.0,0.0,0.0,401.97950653359294
93,35.686164543032646,33.149502381682396,32.72300270572305,31.02606150507927,26.898119140416384,25.231167022138834,23.046087939292192,25.36096454039216,21.885445673018694,19.57244662567973,17.641586422920227,16.170387528836727,15.558302730321884,12.623135287314653,10.519334375858307,10.03281707316637,7.920762609690428,7.628615893423557,6.6140221655368805,4.697920989245176,4.3060677871108055,3.5279011502861977,2.9729879088699818,1.6117121279239655,1.159564308822155,0.6844283379614353,0.3361191637814045,0.08052781224250793,0.011470898985862732,0.00024033710360527039,0.0,0.0,0.0,0.0,0.0,0.0,0.0,0.0,0.0,0.0,0.0,0.0,0.0,0.0,0.0,0.0,0.0,0.0,0.0,0.0,398.6768669858575
94,40.38377661257982,36.485265143215656,32.39648811891675,32.4889800734818,28.968848701566458,27.917575761675835,25.79535895958543,20.9311948902905,21.94960318878293,18.174281552433968,15.930132277309895,16.34529919922352,12.39697652310133,10.825713142752647,9.931296411901712,9.711683463305235,8.251200221478939,7.8334780894219875,6.598086196929216,4.776425674557686,4.2598391734063625,3.236449472606182,2.3629467003047466,1.7666691690683365,1.1384257972240448,0.7823495417833328,0.3266090489923954,0.05013979226350784,0.007998839020729065,0.00025103986263275146,0.0,0.0,0.0,0.0,0.0,0.0,0.0,0.0,0.0,0.0,0.0,0.0,0.0,0.0,0.0,0.0,0.0,0.0,0.0,0.0,402.0233427770436
95,35.423362512141466,34.8045799061656,32.1362546980381,31.804612427949905,28.987968925386667,24.949552915990353,24.609479367733,23.385403614491224,21.539740324020386,17.51560515537858,17.66919994726777,17.512146435678005,13.999159153550863,11.440765988081694,9.986630477011204,9.194723155349493,7.783850099891424,7.0634051486849785,5.762909263372421,5.0198099464178085,3.8316794261336327,3.0176551416516304,2.400193478912115,1.6988800652325153,1.1154665276408195,0.6996898762881756,0.3164687901735306,0.13672064989805222,0.008387003093957901,0.0002552531659603119,0.0,0.0,0.0,0.0,0.0,0.0,0.0,0.0,0.0,0.0,0.0,0.0,0.0,0.0,0.0,0.0,0.0,0.0,0.0,0.0,393.81455567479134
96,38.053162794560194,34.56612230464816,33.77994552999735,30.448439847677946,28.37527723237872,25.675554856657982,24.44999099895358,24.4512134604156,20.918353348970413,19.692996703088284,16.76652244105935,16.99387964606285,13.576928175985813,11.969206791371107,10.808894731104374,10.889302551746368,8.415212016552687,8.560964822769165,6.157505556941032,5.104930050671101,4.595409858971834,4.189330980181694,3.0948667861521244,2.2831347547471523,1.466453306376934,0.8418867662549019,0.4230116754770279,0.1449892856180668,0.025767698884010315,0.004609342664480209,0.0,0.0,0.0,0.0,0.0,0.0,0.0,0.0,0.0,0.0,0.0,0.0,0.0,0.0,0.0,0.0,0.0,0.0,0.0,0.0,406.7238643169403
97,35.92402275651693,39.10702832788229,34.013249054551125,31.632623583078384,29.718698769807816,27.568865153938532,24.53512518852949,22.232964012771845,22.83760804310441,18.30547497048974,16.37529246509075,15.509121537208557,14.172146786004305,12.950740095227957,12.8217528834939,12.362818524241447,10.204453460872173,7.11050732806325,6.655164401978254,5.575222872197628,4.594878897070885,3.4120470881462097,2.672354318201542,1.9091775119304657,1.2696267031133175,0.8220511488616467,0.4948253035545349,0.14112449064850807,0.03089861199259758,0.004641909152269363,0.0,0.0,0.0,0.0,0.0,0.0,0.0,0.0,0.0,0.0,0.0,0.0,0.0,0.0,0.0,0.0,0.0,0.0,0.0,0.0,414.96450619772077
98,34.79914689064026,32.80778265371919,30.93347191438079,31.698650777339935,31.113997664302588,29.15236359089613,25.96781087294221,23.31135768443346,23.061894204467535,20.232807476073503,16.52116049826145,15.747547801584005,14.456761594861746,12.374193876981735,11.256575670093298,9.348065298050642,8.58760180324316,7.697266690433025,5.92343657463789,5.14093217253685,4.4555773884058,3.5851567462086678,3.1019459143280983,2.343524418771267,2.2798567563295364,1.0548618100583553,0.5433240309357643,0.23386864736676216,0.026966698467731476,0.004202462732791901,0.0,0.0,0.0,0.0,0.0,0.0,0.0,0.0,0.0,0.0,0.0,0.0,0.0,0.0,0.0,0.0,0.0,0.0,0.0,0.0,407.7621105834842
99,40.739970955997705,38.921061750501394,37.22888931632042,34.74536710977554,31.40890545397997,27.700129747390747,26.70110445469618,23.29423538967967,24.35798989981413,20.570362459868193,21.290758904069662,17.264643162488937,16.594017669558525,13.815367013216019,12.243159528821707,11.40649425983429,8.342849213629961,7.072683155536652,6.2307155057787895,6.515806067734957,4.298753995448351,3.7668815441429615,2.8657628260552883,2.3902025669813156,1.5684393756091595,1.2574116438627243,0.5223880745470524,0.17824669182300568,0.026962947100400925,0.004688255488872528,0.0,0.0,0.0,0.0,0.0,0.0,0.0,0.0,0.0,0.0,0.0,0.0,0.0,0.0,0.0,0.0,0.0,0.0,0.0,0.0,443.3242489397526
100,35.547852631658316,33.04093800112605,31.020785003900528,28.94136944413185,27.11337435245514,25.12200066819787,23.59937719628215,21.619902450591326,19.63265635445714,18.071580048650503,16.733491644263268,16.010639559477568,14.837406251579523,14.119625229388475,11.469248320907354,10.057102929800749,9.0701261498034,8.019788291305304,8.113452546298504,5.479325853288174,4.307487688958645,3.5008544996380806,2.586300529539585,1.8631009086966515,1.3705702722072601,0.851231537759304,0.47144871205091476,0.18229445070028305,0.019168738275766373,0.004685003310441971,0.0,0.0,0.0,0.0,0.0,0.0,0.0,0.0,0.0,0.0,0.0,0.0,0.0,0.0,0.0,0.0,0.0,0.0,0.0,0.0,392.7771852687001

total time per move x,3484.709827326238,3302.610190939158,3124.130140937865,2944.9969960078597,2742.111068993807,2544.588141359389,2354.765225291252,2182.38320735842,1999.867355439812,1825.8353986516595,1661.0580720119178,1509.7984932251275,1363.9099557623267,1212.5001427941024,1071.813682783395,946.2308265380561,820.7803825512528,706.718922611326,600.8511233516037,502.2855745367706,410.2001241259277,327.8160699568689,253.38347230106592,186.5321448855102,130.66721395775676,82.13692427054048,42.090202420949936,12.079029131680727,1.5325435139238834,0.18624496459960938,0.0002461634576320648,0,0,0,0,0,0,0,0,0,0,0,0,0,0,0,0,0,0,0,38348.56894416362
average time per move x,34.84709827326238,33.026101909391585,31.241301409378647,29.449969960078597,27.421110689938068,25.445881413593888,23.54765225291252,21.8238320735842,19.99867355439812,18.258353986516596,16.610580720119177,15.097984932251274,13.639099557623267,12.125001427941024,10.71813682783395,9.462308265380562,8.207803825512528,7.06718922611326,6.008511233516037,5.022855745367706,4.102001241259277,3.278160699568689,2.533834723010659,1.865321448855102,1.3066721395775676,0.8213692427054048,0.42090202420949935,0.12079029131680727,0.015325435139238834,0.0018624496459960938,0.0002461634576320648,nan,nan,nan,nan,nan,nan,nan,nan,nan,nan,nan,nan,nan,nan,nan,nan,nan,nan,nan,383.4856894416362
std of time per move x,1.5899043928049372,1.4641694973993638,1.4870338449229719,1.462564238600017,1.2218471237396746,1.1205442859308439,1.034670693006236,1.1591871272369638,1.0702250810012937,0.8751647441752312,0.8967607650511075,0.854895418116739,0.8704966151747513,0.7436972749856877,0.6771112519118438,0.6462694616086284,0.5383580932314144,0.46084112478338857,0.4652698929737124,0.4186913176574518,0.3233952900216629,0.2778469217949227,0.2413063771594619,0.1883794716627083,0.1654177789019632,0.13025665247635668,0.10923655065642691,0.06763769279007241,0.0076904411178658,0.002091939548601582,nan,nan,nan,nan,nan,nan,nan,nan,nan,nan,nan,nan,nan,nan,nan,nan,nan,nan,nan,nan,16.10507330530786
err of average time,0.15899043928049372,0.14641694973993638,0.1487033844922972,0.1462564238600017,0.12218471237396747,0.11205442859308437,0.10346706930062358,0.11591871272369639,0.10702250810012937,0.08751647441752311,0.08967607650511075,0.0854895418116739,0.08704966151747513,0.07436972749856877,0.06771112519118438,0.06462694616086284,0.053835809323141436,0.04608411247833886,0.04652698929737124,0.04186913176574518,0.03233952900216629,0.02778469217949227,0.02413063771594619,0.01883794716627083,0.01654177789019632,0.013025665247635668,0.010923655065642692,0.006763769279007241,0.00076904411178658,0.0002091939548601582,nan,nan,nan,nan,nan,nan,nan,nan,nan,nan,nan,nan,nan,nan,nan,nan,nan,nan,nan,nan,1.6105073305307862
