Contains move time for player Gambler; opponent is MCTSRemMaxIter0
Colums refer to move number, rows to game number
game,1,2,3,4,5,6,7,8,9,10,11,12,13,14,15,16,17,18,19,20,21,22,23,24,25,26,27,28,29,30,31,32,33,34,35,36,37,38,39,40,41,42,43,44,45,46,47,48,49,50,total
1,0.0059450529515743256,0.005609646439552307,0.005497530102729797,0.005363374948501587,0.005249481648206711,0.005196075886487961,0.004935663193464279,0.004767864942550659,0.004615608602762222,0.004433855414390564,0.004149876534938812,0.003978285938501358,0.0037949420511722565,0.003731723874807358,0.0034462399780750275,0.003316197544336319,0.0032263658940792084,0.003053121268749237,0.002755720168352127,0.0025861039757728577,0.002352070063352585,0.0020984895527362823,0.0020008161664009094,0.0016693323850631714,0.0014583319425582886,0.001235969364643097,0.000957738608121872,0.0007472150027751923,0.0005490556359291077,0.0002707727253437042,0.0,0.0,0.0,0.0,0.0,0.0,0.0,0.0,0.0,0.0,0.0,0.0,0.0,0.0,0.0,0.0,0.0,0.0,0.0,0.0,0.09899252280592918
2,0.005841977894306183,0.005651015788316727,0.0054847486317157745,0.005280572921037674,0.005146738141775131,0.00494346022605896,0.004758778959512711,0.004602745175361633,0.004539761692285538,0.004339735954999924,0.004113495349884033,0.003998052328824997,0.003877207636833191,0.0036994777619838715,0.003468964248895645,0.0033212564885616302,0.003103494644165039,0.002873476594686508,0.0026875771582126617,0.00247902050614357,0.002249438315629959,0.002071984112262726,0.001871798187494278,0.001641344279050827,0.0014798492193222046,0.00122862309217453,0.000966191291809082,0.0007909499108791351,0.0005110055208206177,0.00025351718068122864,0.0,0.0,0.0,0.0,0.0,0.0,0.0,0.0,0.0,0.0,0.0,0.0,0.0,0.0,0.0,0.0,0.0,0.0,0.0,0.0,0.09727625921368599
3,0.005801498889923096,0.005614865571260452,0.005459073930978775,0.005347251892089844,0.005152206867933273,0.0050053708255290985,0.004818238317966461,0.004721876233816147,0.0044462233781814575,0.004240904003381729,0.004104260355234146,0.0039956048130989075,0.0038080960512161255,0.0035874545574188232,0.0034272409975528717,0.003247927874326706,0.0030797310173511505,0.0028079934418201447,0.0025797225534915924,0.002306044101715088,0.0021195560693740845,0.001934584230184555,0.0017999224364757538,0.0015983320772647858,0.001351475715637207,0.001085665076971054,0.0009071603417396545,0.0007216297090053558,0.00048252567648887634,0.00029597431421279907,0.0,0.0,0.0,0.0,0.0,0.0,0.0,0.0,0.0,0.0,0.0,0.0,0.0,0.0,0.0,0.0,0.0,0.0,0.0,0.0,0.09584841132164001
4,0.0058104172348976135,0.0056874677538871765,0.005505956709384918,0.005271468311548233,0.005119100213050842,0.00507817417383194,0.004882141947746277,0.004736896604299545,0.004518836736679077,0.004468988627195358,0.004283305257558823,0.004149366170167923,0.003918688744306564,0.0037619099020957947,0.0035732947289943695,0.0034038908779621124,0.0030767954885959625,0.003000229597091675,0.0027662627398967743,0.002544153481721878,0.0023735351860523224,0.0021457187831401825,0.0019258223474025726,0.0016668029129505157,0.0014307089149951935,0.001188039779663086,0.0009396784007549286,0.000688500702381134,0.00045860931277275085,0.0002582035958766937,0.0,0.0,0.0,0.0,0.0,0.0,0.0,0.0,0.0,0.0,0.0,0.0,0.0,0.0,0.0,0.0,0.0,0.0,0.0,0.0,0.09863296523690224
5,0.005813848227262497,0.005613349378108978,0.005540870130062103,0.0053488872945308685,0.005153052508831024,0.005034007132053375,0.00484076514840126,0.00474967435002327,0.0046418458223342896,0.004501447081565857,0.00424715131521225,0.004074577242136002,0.0038961879909038544,0.0036869309842586517,0.0034654513001441956,0.0032469555735588074,0.0029465854167938232,0.002787165343761444,0.0026383213698863983,0.0023127608001232147,0.0021202117204666138,0.001986321061849594,0.0017820745706558228,0.0015619061887264252,0.0012910477817058563,0.0011033490300178528,0.0009123422205448151,0.0007302500307559967,0.0005138255655765533,0.0002670101821422577,0.0,0.0,0.0,0.0,0.0,0.0,0.0,0.0,0.0,0.0,0.0,0.0,0.0,0.0,0.0,0.0,0.0,0.0,0.0,0.0,0.09680817276239395
6,0.0057534389197826385,0.005596227943897247,0.005440130829811096,0.0052680447697639465,0.005141910165548325,0.005034837871789932,0.004871048033237457,0.004677407443523407,0.00453563779592514,0.00432838499546051,0.004165980964899063,0.003997642546892166,0.003924313932657242,0.003683093935251236,0.0033811889588832855,0.0031259357929229736,0.0029609128832817078,0.002754371613264084,0.0025222860276699066,0.002360828220844269,0.002161722630262375,0.0019223876297473907,0.0017112642526626587,0.0014437586069107056,0.0012736842036247253,0.0010717213153839111,0.0008260421454906464,0.0006632022559642792,0.00038596242666244507,0.0001604221761226654,0.0,0.0,0.0,0.0,0.0,0.0,0.0,0.0,0.0,0.0,0.0,0.0,0.0,0.0,0.0,0.0,0.0,0.0,0.0,0.0,0.09514379128813744
7,0.005684245377779007,0.0055537037551403046,0.005390934646129608,0.0052598267793655396,0.005144152790307999,0.005035877227783203,0.004852142184972763,0.004634171724319458,0.00452258437871933,0.004291024059057236,0.004142150282859802,0.0040330179035663605,0.0038663074374198914,0.0036526136100292206,0.0034436173737049103,0.003201201558113098,0.002891410142183304,0.00279192253947258,0.0025979019701480865,0.0023261047899723053,0.0021244436502456665,0.0019212402403354645,0.0017565637826919556,0.0015055760741233826,0.0012876875698566437,0.0010944753885269165,0.0009107664227485657,0.0006560236215591431,0.0004110001027584076,0.0001620948314666748,0.0,0.0,0.0,0.0,0.0,0.0,0.0,0.0,0.0,0.0,0.0,0.0,0.0,0.0,0.0,0.0,0.0,0.0,0.0,0.0,0.09514478221535683
8,0.005689453333616257,0.005582842975854874,0.005479875952005386,0.005322162061929703,0.005172345787286758,0.00502549484372139,0.004883576184511185,0.004714146256446838,0.004420753568410873,0.004369501024484634,0.0042021796107292175,0.003993608057498932,0.0038498826324939728,0.0035866983234882355,0.0034071877598762512,0.0032867081463336945,0.002998553216457367,0.002795632928609848,0.0025456026196479797,0.0022663958370685577,0.00206119567155838,0.0017964132130146027,0.001588921993970871,0.001393970102071762,0.0012768469750881195,0.001004919409751892,0.0007920563220977783,0.0005533508956432343,0.0003586672246456146,0.00015274807810783386,0.0,0.0,0.0,0.0,0.0,0.0,0.0,0.0,0.0,0.0,0.0,0.0,0.0,0.0,0.0,0.0,0.0,0.0,0.0,0.0,0.09457169100642204
9,0.005678616464138031,0.005586210638284683,0.005407057702541351,0.005332596600055695,0.005195744335651398,0.004951164126396179,0.004873368889093399,0.004789534956216812,0.004505958408117294,0.004307650029659271,0.004224482923746109,0.00398104265332222,0.0038419626653194427,0.0036690272390842438,0.003505922853946686,0.003303058445453644,0.002999287098646164,0.0029059797525405884,0.002697121351957321,0.002427719533443451,0.002183731645345688,0.0020239949226379395,0.001770075410604477,0.0014469362795352936,0.0011842325329780579,0.0010380446910858154,0.000805489718914032,0.0006191246211528778,0.00038836896419525146,0.00015098974108695984,0.0,0.0,0.0,0.0,0.0,0.0,0.0,0.0,0.0,0.0,0.0,0.0,0.0,0.0,0.0,0.0,0.0,0.0,0.0,0.0,0.09579449519515038
10,0.005731616169214249,0.005612805485725403,0.005387313663959503,0.005238477140665054,0.005069054663181305,0.004922151565551758,0.0047266483306884766,0.004493206739425659,0.004416830837726593,0.004254933446645737,0.004019252955913544,0.003819108009338379,0.003621518611907959,0.0034821368753910065,0.003316592425107956,0.0030769482254981995,0.0028297118842601776,0.0026750564575195312,0.002472490072250366,0.002275485545396805,0.0020377598702907562,0.0018783025443553925,0.0016700401902198792,0.0014534294605255127,0.0012144260108470917,0.001027718186378479,0.0008032843470573425,0.0006339699029922485,0.0003899037837982178,0.00016921013593673706,0.0,0.0,0.0,0.0,0.0,0.0,0.0,0.0,0.0,0.0,0.0,0.0,0.0,0.0,0.0,0.0,0.0,0.0,0.0,0.0,0.09271938353776932
11,0.005840327590703964,0.005626726895570755,0.005541875958442688,0.005339745432138443,0.005218934267759323,0.0050843507051467896,0.004946388304233551,0.00474177673459053,0.004563327878713608,0.004319533705711365,0.004169285297393799,0.003945454955101013,0.0037875398993492126,0.0035386718809604645,0.0033873319625854492,0.0031515881419181824,0.0030860118567943573,0.002887733280658722,0.0027223974466323853,0.002565097063779831,0.00231344997882843,0.002070363610982895,0.0018246807157993317,0.0016322806477546692,0.001390106976032257,0.0012120641767978668,0.001023758202791214,0.0007909052073955536,0.0005415864288806915,0.0002929382026195526,0.0001477561891078949,0.0,0.0,0.0,0.0,0.0,0.0,0.0,0.0,0.0,0.0,0.0,0.0,0.0,0.0,0.0,0.0,0.0,0.0,0.0,0.09770398959517479
12,0.005812104791402817,0.005646169185638428,0.005521494895219803,0.0053596459329128265,0.005180448293685913,0.00500783696770668,0.004833336919546127,0.004734296351671219,0.004514414817094803,0.004378948360681534,0.004189718514680862,0.00391266867518425,0.003672651946544647,0.0035376660525798798,0.0033815577626228333,0.0032019764184951782,0.0030580051243305206,0.002839934080839157,0.0026866793632507324,0.002489779144525528,0.0023402906954288483,0.002123568207025528,0.001874297857284546,0.0016698427498340607,0.001519419252872467,0.0011887960135936737,0.0010231845080852509,0.0007731989026069641,0.0005443207919597626,0.0003017112612724304,0.0001581050455570221,0.0,0.0,0.0,0.0,0.0,0.0,0.0,0.0,0.0,0.0,0.0,0.0,0.0,0.0,0.0,0.0,0.0,0.0,0.0,0.09747606888413429
13,0.005834206938743591,0.005648322403430939,0.005484431982040405,0.005342349410057068,0.005171719938516617,0.005103655159473419,0.004858091473579407,0.004736416041851044,0.004556458443403244,0.00427158921957016,0.0040338486433029175,0.003951136022806168,0.003793124109506607,0.0036398060619831085,0.0034911371767520905,0.003281697630882263,0.0031179338693618774,0.0028165988624095917,0.0026256367564201355,0.0024474523961544037,0.0021976344287395477,0.002063486725091934,0.0017998479306697845,0.0016324110329151154,0.0014510825276374817,0.0012143142521381378,0.00093831866979599,0.0007648728787899017,0.0005585625767707825,0.0002852119505405426,0.0,0.0,0.0,0.0,0.0,0.0,0.0,0.0,0.0,0.0,0.0,0.0,0.0,0.0,0.0,0.0,0.0,0.0,0.0,0.0,0.09711135551333427
14,0.005843851715326309,0.005683224648237228,0.005531720817089081,0.005367711186408997,0.0051896050572395325,0.004966791719198227,0.004810858517885208,0.004581943154335022,0.004370395094156265,0.004359077662229538,0.004236150532960892,0.004051532596349716,0.003945421427488327,0.003788229078054428,0.0035603754222393036,0.003350723534822464,0.0032014697790145874,0.0029417164623737335,0.0026874803006649017,0.0024595223367214203,0.00229654461145401,0.0020844601094722748,0.0018807873129844666,0.0016160346567630768,0.0013976842164993286,0.0012312717735767365,0.0009773895144462585,0.0007241219282150269,0.0005195774137973785,0.0002779662609100342,0.0,0.0,0.0,0.0,0.0,0.0,0.0,0.0,0.0,0.0,0.0,0.0,0.0,0.0,0.0,0.0,0.0,0.0,0.0,0.0,0.09793363884091377
15,0.00581713393330574,0.005616530776023865,0.005493823438882828,0.0053383782505989075,0.005235400050878525,0.004984039813280106,0.004848886281251907,0.005320217460393906,0.004485465586185455,0.004339646548032761,0.004158098250627518,0.0039057359099388123,0.00376993790268898,0.003589306026697159,0.0033696740865707397,0.0032238438725471497,0.003066297620534897,0.002843409776687622,0.0027721822261810303,0.0025110840797424316,0.0023270808160305023,0.0020224303007125854,0.0018215477466583252,0.0015812180936336517,0.001377984881401062,0.00116647407412529,0.000949569046497345,0.0007150359451770782,0.000483442097902298,0.0002759508788585663,0.0,0.0,0.0,0.0,0.0,0.0,0.0,0.0,0.0,0.0,0.0,0.0,0.0,0.0,0.0,0.0,0.0,0.0,0.0,0.0,0.09740982577204704
16,0.005697283893823624,0.0055322423577308655,0.005455341190099716,0.005325358361005783,0.005107823759317398,0.00502115860581398,0.004858296364545822,0.004717595875263214,0.004465825855731964,0.004357673227787018,0.0041964612901210785,0.003985848277807236,0.003863804042339325,0.0036020874977111816,0.003399934619665146,0.0032067932188510895,0.003036201000213623,0.0028837546706199646,0.002687361091375351,0.002499569207429886,0.0022848062217235565,0.002041708678007126,0.0018203631043434143,0.0016635358333587646,0.0013617277145385742,0.0011101700365543365,0.0008995495736598969,0.0006711445748806,0.00043598562479019165,0.00015093758702278137,0.0,0.0,0.0,0.0,0.0,0.0,0.0,0.0,0.0,0.0,0.0,0.0,0.0,0.0,0.0,0.0,0.0,0.0,0.0,0.0,0.09634034335613251
17,0.0057139210402965546,0.005596615374088287,0.005412552505731583,0.005411483347415924,0.00520392507314682,0.004982903599739075,0.004827927798032761,0.004647631198167801,0.004422187805175781,0.004281025379896164,0.004063945263624191,0.0038577765226364136,0.0037477687001228333,0.0036133937537670135,0.003443468362092972,0.0031311623752117157,0.002949777990579605,0.002682674676179886,0.0024870112538337708,0.0021652057766914368,0.002052862197160721,0.0018735304474830627,0.0016652010381221771,0.0014797337353229523,0.001325756311416626,0.0011114291846752167,0.000853855162858963,0.0006438344717025757,0.000377018004655838,0.00016032904386520386,0.0,0.0,0.0,0.0,0.0,0.0,0.0,0.0,0.0,0.0,0.0,0.0,0.0,0.0,0.0,0.0,0.0,0.0,0.0,0.0,0.09418590739369392
18,0.005700737237930298,0.005572058260440826,0.005438521504402161,0.005258403718471527,0.005135919898748398,0.00492558628320694,0.004710625857114792,0.004553183913230896,0.0043571218848228455,0.004331812262535095,0.004015594720840454,0.003747750073671341,0.0036123953759670258,0.0034863166511058807,0.003260798752307892,0.0030397623777389526,0.002864118665456772,0.0027062594890594482,0.0024774372577667236,0.00223570317029953,0.0019399933516979218,0.0018169358372688293,0.0016154088079929352,0.0014059245586395264,0.0012166239321231842,0.0010231882333755493,0.000801481306552887,0.0005566403269767761,0.00036035478115081787,0.00016845762729644775,0.0,0.0,0.0,0.0,0.0,0.0,0.0,0.0,0.0,0.0,0.0,0.0,0.0,0.0,0.0,0.0,0.0,0.0,0.0,0.0,0.09233511611819267
19,0.005675569176673889,0.005580481141805649,0.005423258990049362,0.005225632339715958,0.005137927830219269,0.004956204444169998,0.004793882369995117,0.0046655647456645966,0.004465162754058838,0.004328474402427673,0.004124913364648819,0.004042424261569977,0.003889854997396469,0.00365293025970459,0.00346359983086586,0.0032162927091121674,0.0030476823449134827,0.0028886236250400543,0.0027400702238082886,0.0024876855313777924,0.0022713765501976013,0.002071540802717209,0.00180923193693161,0.0015786290168762207,0.001347072422504425,0.0011523999273777008,0.0009092502295970917,0.0006755068898200989,0.00043139979243278503,0.00016523897647857666,0.0,0.0,0.0,0.0,0.0,0.0,0.0,0.0,0.0,0.0,0.0,0.0,0.0,0.0,0.0,0.0,0.0,0.0,0.0,0.0,0.09621788188815117
20,0.005679529160261154,0.005627110600471497,0.005430147051811218,0.0053044818341732025,0.005064830183982849,0.004931848496198654,0.004784397780895233,0.004544712603092194,0.004453066736459732,0.004266180098056793,0.004158575087785721,0.003909002989530563,0.0038154274225234985,0.0036083757877349854,0.0034410208463668823,0.003209087997674942,0.0028754547238349915,0.0026212595403194427,0.002375565469264984,0.002259332686662674,0.0020183734595775604,0.0018818862736225128,0.0016826353967189789,0.0014213398098945618,0.001240849494934082,0.0010339431464672089,0.0008332431316375732,0.000597488135099411,0.00039581581950187683,0.00016011297702789307,0.0,0.0,0.0,0.0,0.0,0.0,0.0,0.0,0.0,0.0,0.0,0.0,0.0,0.0,0.0,0.0,0.0,0.0,0.0,0.0,0.09362509474158287
21,0.005850113928318024,0.005665469914674759,0.005563903599977493,0.005370531231164932,0.005165953189134598,0.005005776882171631,0.00484190508723259,0.004628479480743408,0.004503119736909866,0.004406452178955078,0.004304420202970505,0.0041358210146427155,0.003936167806386948,0.003701239824295044,0.0034996941685676575,0.003336917608976364,0.003119342029094696,0.002923179417848587,0.002704016864299774,0.002492595463991165,0.002311810851097107,0.0020693615078926086,0.0018389411270618439,0.001636788249015808,0.0014858506619930267,0.0012336969375610352,0.0009571574628353119,0.0007193200290203094,0.00047416239976882935,0.0002618730068206787,0.0,0.0,0.0,0.0,0.0,0.0,0.0,0.0,0.0,0.0,0.0,0.0,0.0,0.0,0.0,0.0,0.0,0.0,0.0,0.0,0.0981440618634224
22,0.005863077938556671,0.005654577165842056,0.005581971257925034,0.005432337522506714,0.005279608070850372,0.005040720105171204,0.004912391304969788,0.004652351140975952,0.004539605230093002,0.004408959299325943,0.004243277013301849,0.004022412002086639,0.0038581714034080505,0.003674037754535675,0.0034302137792110443,0.003231421113014221,0.0031715966761112213,0.0029660388827323914,0.00265314057469368,0.0025015808641910553,0.0024407878518104553,0.0020841695368289948,0.0018676817417144775,0.0016755908727645874,0.0014676563441753387,0.0012312941253185272,0.0009719803929328918,0.0007453374564647675,0.0004794299602508545,0.0002746507525444031,0.0,0.0,0.0,0.0,0.0,0.0,0.0,0.0,0.0,0.0,0.0,0.0,0.0,0.0,0.0,0.0,0.0,0.0,0.0,0.0,0.09835606813430786
23,0.005826126784086227,0.005594566464424133,0.005447544157505035,0.005359392613172531,0.005279108881950378,0.005166411399841309,0.004946913570165634,0.004782479256391525,0.004568200558423996,0.004407025873661041,0.004268519580364227,0.004043515771627426,0.0038358867168426514,0.003695320338010788,0.0034784823656082153,0.003276791423559189,0.0030172504484653473,0.0029145516455173492,0.0027571693062782288,0.00256236270070076,0.0022653862833976746,0.002018474042415619,0.0018731765449047089,0.0016175955533981323,0.0013950876891613007,0.0012350045144557953,0.001004830002784729,0.0007762499153614044,0.0005329325795173645,0.00030541419982910156,0.0,0.0,0.0,0.0,0.0,0.0,0.0,0.0,0.0,0.0,0.0,0.0,0.0,0.0,0.0,0.0,0.0,0.0,0.0,0.0,0.09825177118182182
24,0.005832307040691376,0.005626443773508072,0.0055031925439834595,0.005382083356380463,0.005255650728940964,0.005103502422571182,0.004812601953744888,0.0046518221497535706,0.004374757409095764,0.004203461110591888,0.004043459892272949,0.01694152131676674,0.003797825425863266,0.0036379992961883545,0.0034470930695533752,0.003348458558320999,0.003081735223531723,0.002845805138349533,0.0026101581752300262,0.0023984014987945557,0.0021971985697746277,0.0019784942269325256,0.0017434433102607727,0.0015497133135795593,0.001330450177192688,0.0011968575417995453,0.0009310469031333923,0.0007262043654918671,0.0005015246570110321,0.0002767592668533325,0.0,0.0,0.0,0.0,0.0,0.0,0.0,0.0,0.0,0.0,0.0,0.0,0.0,0.0,0.0,0.0,0.0,0.0,0.0,0.0,0.10932997241616249
25,0.005818963050842285,0.005634021013975143,0.005475960671901703,0.005345981568098068,0.005106840282678604,0.004996456205844879,0.004861973226070404,0.004651084542274475,0.004566531628370285,0.004387382417917252,0.004213571548461914,0.00414290651679039,0.003981214016675949,0.0038180500268936157,0.01659257337450981,0.0034072399139404297,0.0031763799488544464,0.002885870635509491,0.002674885094165802,0.002469457685947418,0.0022229067981243134,0.0019937604665756226,0.0018037669360637665,0.0016425102949142456,0.0014504194259643555,0.001284230500459671,0.0010230951011180878,0.0007606074213981628,0.0005229637026786804,0.00030618906021118164,0.0,0.0,0.0,0.0,0.0,0.0,0.0,0.0,0.0,0.0,0.0,0.0,0.0,0.0,0.0,0.0,0.0,0.0,0.0,0.0,0.11121779307723045
26,0.005682576447725296,0.005577299743890762,0.005404036492109299,0.005263090133666992,0.0051100291311740875,0.004930514842271805,0.004773776978254318,0.004711579531431198,0.004419706761837006,0.004322998225688934,0.004222013056278229,0.003970123827457428,0.0038155317306518555,0.0035786516964435577,0.0035085566341876984,0.0033473260700702667,0.0030855797231197357,0.0028496943414211273,0.0026247426867485046,0.002407580614089966,0.0021424591541290283,0.0019030757248401642,0.0016873814165592194,0.0014996044337749481,0.0013136975467205048,0.0010901764035224915,0.0009126253426074982,0.0006608478724956512,0.00041487812995910645,0.00017464160919189453,0.0,0.0,0.0,0.0,0.0,0.0,0.0,0.0,0.0,0.0,0.0,0.0,0.0,0.0,0.0,0.0,0.0,0.0,0.0,0.0,0.09540479630231857
27,0.005738642066717148,0.0055685266852378845,0.005384400486946106,0.00526837632060051,0.005037177354097366,0.004890207201242447,0.004765525460243225,0.004541855305433273,0.004344835877418518,0.004208151251077652,0.004001982510089874,0.003837544471025467,0.003704015165567398,0.0035194307565689087,0.003226105123758316,0.0030330494046211243,0.0028884634375572205,0.002704355865716934,0.0026103146374225616,0.0024073049426078796,0.0021480247378349304,0.001883000135421753,0.0016431361436843872,0.014461956918239594,0.0012053139507770538,0.0010076723992824554,0.000825934112071991,0.0006091631948947906,0.0003715306520462036,0.0001654699444770813,0.0,0.0,0.0,0.0,0.0,0.0,0.0,0.0,0.0,0.0,0.0,0.0,0.0,0.0,0.0,0.0,0.0,0.0,0.0,0.0,0.10600146651268005
28,0.0056725069880485535,0.005645126104354858,0.0054047368466854095,0.005242582410573959,0.005102761089801788,0.0049688927829265594,0.004837401211261749,0.004645306617021561,0.0045323446393013,0.004342973232269287,0.004185684025287628,0.00404130294919014,0.0038246475160121918,0.0036156177520751953,0.0034809410572052,0.0033076852560043335,0.003100089728832245,0.002877175807952881,0.0025974251329898834,0.0024612024426460266,0.002234324812889099,0.0019928477704524994,0.0018461160361766815,0.001660086214542389,0.0014210306107997894,0.001132924109697342,0.0008993856608867645,0.0006413385272026062,0.0004283413290977478,0.00017233192920684814,0.0,0.0,0.0,0.0,0.0,0.0,0.0,0.0,0.0,0.0,0.0,0.0,0.0,0.0,0.0,0.0,0.0,0.0,0.0,0.0,0.09631513059139252
29,0.005678296089172363,0.005611635744571686,0.005447845906019211,0.005273684859275818,0.0050618648529052734,0.0048991478979587555,0.0047790855169296265,0.004729658365249634,0.004549264907836914,0.00440717488527298,0.004181869328022003,0.0039865970611572266,0.0037506073713302612,0.003628753125667572,0.003337319940328598,0.003124922513961792,0.0029652826488018036,0.002803988754749298,0.002538498491048813,0.0024020932614803314,0.0022577308118343353,0.015058372169733047,0.0018133483827114105,0.0015243180096149445,0.0012638568878173828,0.0010635480284690857,0.0008661560714244843,0.000620916485786438,0.0004101209342479706,0.00016612187027931213,0.0,0.0,0.0,0.0,0.0,0.0,0.0,0.0,0.0,0.0,0.0,0.0,0.0,0.0,0.0,0.0,0.0,0.0,0.0,0.0,0.10820208117365837
30,0.00567207857966423,0.005524035543203354,0.005448345094919205,0.005283959209918976,0.00504983589053154,0.004969008266925812,0.00486307218670845,0.004570033401250839,0.004448894411325455,0.004270315170288086,0.0040918029844760895,0.003944549709558487,0.0037388093769550323,0.0034705176949501038,0.0033972784876823425,0.003183722496032715,0.0030066855251789093,0.0028572529554367065,0.002673797309398651,0.0024193301796913147,0.0022294186055660248,0.002046111971139908,0.001817062497138977,0.0015333816409111023,0.0012919530272483826,0.0010459385812282562,0.0008155293762683868,0.0006151609122753143,0.00042061880230903625,0.00017379596829414368,0.0,0.0,0.0,0.0,0.0,0.0,0.0,0.0,0.0,0.0,0.0,0.0,0.0,0.0,0.0,0.0,0.0,0.0,0.0,0.0,0.09487229585647583
31,0.005817066878080368,0.0056592971086502075,0.005484558641910553,0.005377680063247681,0.0052732862532138824,0.005141805857419968,0.004912529140710831,0.01784190908074379,0.004573088139295578,0.004416145384311676,0.004324629902839661,0.004186827689409256,0.003885265439748764,0.003611750900745392,0.003361649811267853,0.003236711025238037,0.0030919909477233887,0.0028819702565670013,0.0027157291769981384,0.0025054141879081726,0.002207372337579727,0.0020285286009311676,0.0019213221967220306,0.00167899951338768,0.0014350563287734985,0.0011818967759609222,0.0008827969431877136,0.000652555376291275,0.00045744702219963074,0.0002909451723098755,0.0,0.0,0.0,0.0,0.0,0.0,0.0,0.0,0.0,0.0,0.0,0.0,0.0,0.0,0.0,0.0,0.0,0.0,0.0,0.0,0.11103622615337372
32,0.0057876333594322205,0.005667008459568024,0.00547342374920845,0.005328897386789322,0.005244366824626923,0.005078602582216263,0.004872571676969528,0.0047617703676223755,0.004666563123464584,0.004426982253789902,0.0043274350464344025,0.00419994443655014,0.00396684929728508,0.00378325954079628,0.003531523048877716,0.0033337846398353577,0.003067146986722946,0.002918519079685211,0.00279269739985466,0.0025196149945259094,0.0023142285645008087,0.0021530017256736755,0.001901235431432724,0.0017218142747879028,0.0015006400644779205,0.0012416839599609375,0.001003161072731018,0.0007663927972316742,0.000516057014465332,0.0002644658088684082,0.0,0.0,0.0,0.0,0.0,0.0,0.0,0.0,0.0,0.0,0.0,0.0,0.0,0.0,0.0,0.0,0.0,0.0,0.0,0.0,0.0991312749683857
33,0.00581725686788559,0.005645640194416046,0.005600638687610626,0.00539962574839592,0.005296178162097931,0.005009878426790237,0.004929851740598679,0.004745800048112869,0.00453600287437439,0.004316456615924835,0.004147723317146301,0.0039891451597213745,0.003836221992969513,0.003531459718942642,0.0033721216022968292,0.0031729377806186676,0.0030116550624370575,0.0028052181005477905,0.0026138536632061005,0.0023534782230854034,0.002216387540102005,0.001992020756006241,0.0017776638269424438,0.001512378454208374,0.0012923181056976318,0.0011357665061950684,0.0009204298257827759,0.0007093213498592377,0.0004986636340618134,0.0002646893262863159,0.0,0.0,0.0,0.0,0.0,0.0,0.0,0.0,0.0,0.0,0.0,0.0,0.0,0.0,0.0,0.0,0.0,0.0,0.0,0.0,0.09645078331232071
34,0.005837984383106232,0.005702231079339981,0.005445908755064011,0.005350783467292786,0.0051997750997543335,0.005033690482378006,0.0048066116869449615,0.004699524492025375,0.0044668689370155334,0.004228375852108002,0.0041218772530555725,0.0037783049046993256,0.0036013536155223846,0.0033965855836868286,0.003367297351360321,0.0031294934451580048,0.002939380705356598,0.0026465915143489838,0.0024948865175247192,0.002337377518415451,0.0022668391466140747,0.0020256340503692627,0.0018539391458034515,0.001620020717382431,0.0013692155480384827,0.0011025406420230865,0.0008642151951789856,0.0007031969726085663,0.0005127154290676117,0.0002958811819553375,0.0,0.0,0.0,0.0,0.0,0.0,0.0,0.0,0.0,0.0,0.0,0.0,0.0,0.0,0.0,0.0,0.0,0.0,0.0,0.0,0.0951991006731987
35,0.0058265142142772675,0.0056633129715919495,0.005618259310722351,0.005386028438806534,0.005273517221212387,0.004999835044145584,0.004819635301828384,0.004637975245714188,0.004467044025659561,0.004299011081457138,0.004093378782272339,0.003928858786821365,0.003677990287542343,0.0034818388521671295,0.0033217892050743103,0.0031681880354881287,0.0029915757477283478,0.002846233546733856,0.0026127658784389496,0.0024607740342617035,0.0022153109312057495,0.0019598715007305145,0.0017394497990608215,0.0015200302004814148,0.0013101845979690552,0.001129094511270523,0.000989627093076706,0.0007707327604293823,0.000519976019859314,0.00030013546347618103,0.0,0.0,0.0,0.0,0.0,0.0,0.0,0.0,0.0,0.0,0.0,0.0,0.0,0.0,0.0,0.0,0.0,0.0,0.0,0.0,0.09602893888950348
36,0.0056493282318115234,0.005612637847661972,0.0053921230137348175,0.005267538130283356,0.0050708577036857605,0.00484079122543335,0.004690427333116531,0.004589006304740906,0.00441451370716095,0.004200831055641174,0.004063908010721207,0.00388968363404274,0.0037322863936424255,0.00345008447766304,0.0032571814954280853,0.003097616136074066,0.0029223747551441193,0.0027765557169914246,0.0025364235043525696,0.0022705160081386566,0.002016548067331314,0.0018107108771800995,0.001643393188714981,0.0013954900205135345,0.0012283176183700562,0.001083284616470337,0.0008524879813194275,0.0006286874413490295,0.0004559159278869629,0.0001623295247554779,0.0,0.0,0.0,0.0,0.0,0.0,0.0,0.0,0.0,0.0,0.0,0.0,0.0,0.0,0.0,0.0,0.0,0.0,0.0,0.0,0.0930018499493599
37,0.005647953599691391,0.005519013851881027,0.0053984373807907104,0.0052935220301151276,0.005045358091592789,0.004946429282426834,0.004763364791870117,0.004615422338247299,0.00443408265709877,0.004206869751214981,0.004041474312543869,0.003798794001340866,0.0036871731281280518,0.00349334254860878,0.0032904036343097687,0.00311293825507164,0.0029511526226997375,0.002719692885875702,0.00261133536696434,0.002338472753763199,0.0021383315324783325,0.0019384026527404785,0.001708243042230606,0.0015433691442012787,0.0013158582150936127,0.0011035315692424774,0.0009035132825374603,0.0006052441895008087,0.0004168562591075897,0.00016183406114578247,0.0,0.0,0.0,0.0,0.0,0.0,0.0,0.0,0.0,0.0,0.0,0.0,0.0,0.0,0.0,0.0,0.0,0.0,0.0,0.0,0.09375041723251343
38,0.005675293505191803,0.005591250956058502,0.005452115088701248,0.005278192460536957,0.005259230732917786,0.005050443112850189,0.0047728680074214935,0.004672963172197342,0.004619371145963669,0.004403058439493179,0.00425662100315094,0.004016105085611343,0.003808155655860901,0.0036866404116153717,0.0034717172384262085,0.003232307732105255,0.002993479371070862,0.002791181206703186,0.0025387294590473175,0.0023816153407096863,0.0020907558500766754,0.001935068517923355,0.0016885027289390564,0.0014426261186599731,0.0011621862649917603,0.0009414814412593842,0.0007488727569580078,0.0005624070763587952,0.00038631632924079895,0.00015309080481529236,0.0,0.0,0.0,0.0,0.0,0.0,0.0,0.0,0.0,0.0,0.0,0.0,0.0,0.0,0.0,0.0,0.0,0.0,0.0,0.0,0.09506264701485634
39,0.01872953027486801,0.005604449659585953,0.005465652793645859,0.005324702709913254,0.0050897374749183655,0.004868406802415848,0.004753280431032181,0.01763596013188362,0.00441766157746315,0.0042586661875247955,0.004052143543958664,0.0038567669689655304,0.0038201026618480682,0.003621041774749756,0.003427363932132721,0.003244984894990921,0.0030021965503692627,0.0027820244431495667,0.0025052838027477264,0.0024074912071228027,0.0020419619977474213,0.0018531382083892822,0.0016400478780269623,0.0014252960681915283,0.0012462511658668518,0.0010657534003257751,0.0008640177547931671,0.0006845816969871521,0.0004346892237663269,0.00015566125512123108,0.0,0.0,0.0,0.0,0.0,0.0,0.0,0.0,0.0,0.0,0.0,0.0,0.0,0.0,0.0,0.0,0.0,0.0,0.0,0.0,0.12027884647250175
40,0.005706533789634705,0.00556950643658638,0.005426723510026932,0.005243200808763504,0.005125436931848526,0.004932936280965805,0.004770692437887192,0.004539519548416138,0.004384078085422516,0.004197593778371811,0.0040117911994457245,0.0038484372198581696,0.0036384351551532745,0.0034317634999752045,0.0031971707940101624,0.0030552446842193604,0.0028818100690841675,0.002721603959798813,0.00255444273352623,0.0023453235626220703,0.002200063318014145,0.0019261762499809265,0.001710839569568634,0.001500844955444336,0.0012942515313625336,0.0010937154293060303,0.0008338913321495056,0.0006009265780448914,0.00038465484976768494,0.00016511976718902588,0.0,0.0,0.0,0.0,0.0,0.0,0.0,0.0,0.0,0.0,0.0,0.0,0.0,0.0,0.0,0.0,0.0,0.0,0.0,0.0,0.0932927280664444
41,0.005844995379447937,0.005619168281555176,0.005568373948335648,0.0053278133273124695,0.005221515893936157,0.005057875066995621,0.0048928409814834595,0.004715371876955032,0.00459250807762146,0.004369482398033142,0.004240039736032486,0.004027877002954483,0.0039043761789798737,0.0037130340933799744,0.0036003664135932922,0.003428623080253601,0.0031885728240013123,0.0033061951398849487,0.0026792697608470917,0.0025239698588848114,0.002379991114139557,0.002218421548604965,0.0019600428640842438,0.0017246492207050323,0.001448076218366623,0.00120607390999794,0.0009858831763267517,0.0007866397500038147,0.0005291588604450226,0.0002787858247756958,0.0,0.0,0.0,0.0,0.0,0.0,0.0,0.0,0.0,0.0,0.0,0.0,0.0,0.0,0.0,0.0,0.0,0.0,0.0,0.0,0.09933999180793762
42,0.0057993605732917786,0.005604900419712067,0.005466938018798828,0.00525834783911705,0.0051209330558776855,0.00494752824306488,0.004864361137151718,0.004624594002962112,0.0044944919645786285,0.004400394856929779,0.0041959248483181,0.004002410918474197,0.003781750798225403,0.0036817044019699097,0.0035339221358299255,0.0034996122121810913,0.003246486186981201,0.0030234120786190033,0.00286126509308815,0.0026407912373542786,0.002397451549768448,0.002183005213737488,0.00199253112077713,0.001740429550409317,0.001467626541852951,0.0012193508446216583,0.0010159090161323547,0.0007397681474685669,0.000523049384355545,0.0002883896231651306,0.0,0.0,0.0,0.0,0.0,0.0,0.0,0.0,0.0,0.0,0.0,0.0,0.0,0.0,0.0,0.0,0.0,0.0,0.0,0.0,0.09861664101481438
43,0.005832701921463013,0.005610432475805283,0.005586706101894379,0.005402747541666031,0.005276795476675034,0.005041584372520447,0.004886839538812637,0.0047646015882492065,0.004580456763505936,0.0044741444289684296,0.004319053143262863,0.004074301570653915,0.0038812868297100067,0.0036201439797878265,0.0034868530929088593,0.00334828719496727,0.0032299980521202087,0.002866484224796295,0.0025860853493213654,0.002368614077568054,0.002141408622264862,0.014964934438467026,0.0017203949391841888,0.0014495961368083954,0.001306779682636261,0.001133553683757782,0.0009795837104320526,0.0007508434355258942,0.0005028583109378815,0.00028348714113235474,0.0,0.0,0.0,0.0,0.0,0.0,0.0,0.0,0.0,0.0,0.0,0.0,0.0,0.0,0.0,0.0,0.0,0.0,0.0,0.0,0.11047155782580376
44,0.005785517394542694,0.0056486576795578,0.005572117865085602,0.005371518433094025,0.005228374153375626,0.005040563642978668,0.004992250353097916,0.0048404596745967865,0.004581045359373093,0.004396200180053711,0.0042474158108234406,0.004141390323638916,0.003953266888856888,0.016784194856882095,0.0034984461963176727,0.0033762603998184204,0.003141947090625763,0.002943422645330429,0.0027936212718486786,0.0025657713413238525,0.002407919615507126,0.0021240487694740295,0.001847643405199051,0.0016394630074501038,0.0014160536229610443,0.0011766515672206879,0.0009578131139278412,0.0007110089063644409,0.0004707053303718567,0.00026287510991096497,0.0,0.0,0.0,0.0,0.0,0.0,0.0,0.0,0.0,0.0,0.0,0.0,0.0,0.0,0.0,0.0,0.0,0.0,0.0,0.0,0.11191662400960922
45,0.005912445485591888,0.0056572966277599335,0.00547756627202034,0.005331285297870636,0.005330238491296768,0.0050794631242752075,0.004951786249876022,0.004772249609231949,0.0045202262699604034,0.004460334777832031,0.0041381120681762695,0.003999538719654083,0.0038494355976581573,0.0036970414221286774,0.003448057919740677,0.0032088980078697205,0.003108084201812744,0.0029324032366275787,0.00275532528758049,0.0025562383234500885,0.0023974478244781494,0.002176966518163681,0.0019852370023727417,0.0017125234007835388,0.0014841780066490173,0.001256600022315979,0.001024782657623291,0.0007611513137817383,0.0005274377763271332,0.00029287487268447876,0.0,0.0,0.0,0.0,0.0,0.0,0.0,0.0,0.0,0.0,0.0,0.0,0.0,0.0,0.0,0.0,0.0,0.0,0.0,0.0,0.09880522638559341
46,0.005666941404342651,0.005523093044757843,0.0054014138877391815,0.005306556820869446,0.005136098712682724,0.004966840147972107,0.004885755479335785,0.004747055470943451,0.004577483981847763,0.004378005862236023,0.004270084202289581,0.004038505256175995,0.00390983372926712,0.0036738067865371704,0.0035232901573181152,0.0032886341214179993,0.003109455108642578,0.002929937094449997,0.002722427248954773,0.002501673996448517,0.0022393055260181427,0.0019988641142845154,0.0018144100904464722,0.0016202479600906372,0.0013418234884738922,0.0011073872447013855,0.0008837766945362091,0.0006230883300304413,0.00039928779006004333,0.000124465674161911,0.0,0.0,0.0,0.0,0.0,0.0,0.0,0.0,0.0,0.0,0.0,0.0,0.0,0.0,0.0,0.0,0.0,0.0,0.0,0.0,0.09670954942703247
47,0.005666341632604599,0.005543548613786697,0.005494881421327591,0.005364999175071716,0.005154963582754135,0.005051150918006897,0.004783704876899719,0.004539947956800461,0.004399850964546204,0.004233513027429581,0.00420774519443512,0.004033204168081284,0.003917749971151352,0.0036837831139564514,0.003444250673055649,0.0032409094274044037,0.002970173954963684,0.0027571022510528564,0.0025689639151096344,0.0023628361523151398,0.0021255947649478912,0.0018220357596874237,0.0015732832252979279,0.0013304241001605988,0.0011776573956012726,0.0009804703295230865,0.0008788667619228363,0.0006338246166706085,0.00041227787733078003,0.00016409903764724731,0.0,0.0,0.0,0.0,0.0,0.0,0.0,0.0,0.0,0.0,0.0,0.0,0.0,0.0,0.0,0.0,0.0,0.0,0.0,0.0,0.09451815485954285
48,0.005633808672428131,0.005589548498392105,0.005388543009757996,0.005260191857814789,0.005203038454055786,0.0049759261310100555,0.0048386529088020325,0.004736337810754776,0.004513218998908997,0.004241276532411575,0.004098974168300629,0.003898490220308304,0.0038392655551433563,0.0036631450057029724,0.0034478940069675446,0.0032087787985801697,0.0029786303639411926,0.0027435198426246643,0.002627268433570862,0.002399999648332596,0.0021451078355312347,0.00198238343000412,0.0018203780055046082,0.001658078283071518,0.0014162510633468628,0.0011886358261108398,0.000949520617723465,0.0006456784904003143,0.00043109431862831116,0.00016234442591667175,0.0,0.0,0.0,0.0,0.0,0.0,0.0,0.0,0.0,0.0,0.0,0.0,0.0,0.0,0.0,0.0,0.0,0.0,0.0,0.0,0.09568598121404648
49,0.005707539618015289,0.005636192858219147,0.005444914102554321,0.005279049277305603,0.005127277225255966,0.005027651786804199,0.004825364798307419,0.004673853516578674,0.004443123936653137,0.004226315766572952,0.004001479595899582,0.0038251392543315887,0.0035628080368041992,0.003403227776288986,0.0032938309013843536,0.0031406357884407043,0.0029606372117996216,0.0027878284454345703,0.002645183354616165,0.0024313442409038544,0.0022264569997787476,0.001964576542377472,0.0017154105007648468,0.0014920607209205627,0.0012090764939785004,0.0010581612586975098,0.0008340179920196533,0.0006216466426849365,0.00041407719254493713,0.00016297772526741028,0.0,0.0,0.0,0.0,0.0,0.0,0.0,0.0,0.0,0.0,0.0,0.0,0.0,0.0,0.0,0.0,0.0,0.0,0.0,0.0,0.09414185956120491
50,0.005713596940040588,0.005577690899372101,0.0054667629301548,0.005291692912578583,0.005159471184015274,0.004953540861606598,0.004853390157222748,0.004689380526542664,0.0045426711440086365,0.004281502217054367,0.004035960882902145,0.0038088858127593994,0.0037159398198127747,0.003508184105157852,0.003381256014108658,0.0031037256121635437,0.0028524845838546753,0.002705775201320648,0.0025591477751731873,0.0024839602410793304,0.0021428242325782776,0.0019691884517669678,0.001725371927022934,0.0014911219477653503,0.001310400664806366,0.0011439211666584015,0.0009240247309207916,0.000649571418762207,0.00042129307985305786,0.0001428164541721344,0.0,0.0,0.0,0.0,0.0,0.0,0.0,0.0,0.0,0.0,0.0,0.0,0.0,0.0,0.0,0.0,0.0,0.0,0.0,0.0,0.09460555389523506
51,0.005828719586133957,0.005644295364618301,0.005593821406364441,0.005423985421657562,0.005158275365829468,0.005014989525079727,0.004845745861530304,0.004777524620294571,0.00464986264705658,0.0043436624109745026,0.017176132649183273,0.0039233192801475525,0.0037080347537994385,0.00353337824344635,0.0033156126737594604,0.003131471574306488,0.0029343627393245697,0.002738580107688904,0.002581913024187088,0.002366919070482254,0.002204582095146179,0.0020523183047771454,0.00185331329703331,0.001646481454372406,0.001393485814332962,0.0010545067489147186,0.000870879739522934,0.0007040612399578094,0.000476982444524765,0.0002635084092617035,0.0,0.0,0.0,0.0,0.0,0.0,0.0,0.0,0.0,0.0,0.0,0.0,0.0,0.0,0.0,0.0,0.0,0.0,0.0,0.0,0.10921072587370872
52,0.005817636847496033,0.005713079124689102,0.00549658015370369,0.005348313599824905,0.005277819931507111,0.005097273737192154,0.004975508898496628,0.004758819937705994,0.004669807851314545,0.00443623960018158,0.004290170967578888,0.004114288836717606,0.0038955509662628174,0.0036709941923618317,0.0035367757081985474,0.0032918862998485565,0.003062009811401367,0.002924785017967224,0.0026563256978988647,0.0024245232343673706,0.002158917486667633,0.002003442496061325,0.0017131976783275604,0.0014911219477653503,0.0012747719883918762,0.0011541619896888733,0.0009580589830875397,0.0006804764270782471,0.000512443482875824,0.0002947598695755005,0.0,0.0,0.0,0.0,0.0,0.0,0.0,0.0,0.0,0.0,0.0,0.0,0.0,0.0,0.0,0.0,0.0,0.0,0.0,0.0,0.09769974276423454
53,0.005893252789974213,0.005635574460029602,0.005489293485879898,0.005429018288850784,0.005294866859912872,0.005033273249864578,0.004828881472349167,0.004627998918294907,0.004368919879198074,0.004194468259811401,0.003984637558460236,0.003873303532600403,0.0037163272500038147,0.0034847520291805267,0.01645490527153015,0.003253549337387085,0.003125391900539398,0.002920936793088913,0.002763058990240097,0.00262456014752388,0.0023540370166301727,0.0020199939608573914,0.0018286481499671936,0.0015786699950695038,0.001342426985502243,0.001134868711233139,0.0009678415954113007,0.0007354691624641418,0.000500950962305069,0.00026696547865867615,0.0,0.0,0.0,0.0,0.0,0.0,0.0,0.0,0.0,0.0,0.0,0.0,0.0,0.0,0.0,0.0,0.0,0.0,0.0,0.0,0.10972684249281883
54,0.005833841860294342,0.005662146955728531,0.005505319684743881,0.005329795181751251,0.005215037614107132,0.005089215934276581,0.004926297813653946,0.004679251462221146,0.004517022520303726,0.004393316805362701,0.004146736115217209,0.004031673073768616,0.0038777627050876617,0.0036881528794765472,0.0035863034427165985,0.003386732190847397,0.01622612029314041,0.003107558935880661,0.0027303285896778107,0.0025088004767894745,0.002343222498893738,0.015194304287433624,0.0018843598663806915,0.0017037056386470795,0.0014584362506866455,0.0012436918914318085,0.0010434053838253021,0.0007743686437606812,0.0005380325019359589,0.00026888027787208557,0.0,0.0,0.0,0.0,0.0,0.0,0.0,0.0,0.0,0.0,0.0,0.0,0.0,0.0,0.0,0.0,0.0,0.0,0.0,0.0,0.12489382177591324
55,0.005823947489261627,0.005612041801214218,0.005440134555101395,0.005309659987688065,0.005204778164625168,0.01813477650284767,0.004936691373586655,0.004728104919195175,0.004518743604421616,0.004378866404294968,0.004167221486568451,0.004002515226602554,0.0038680247962474823,0.0036785192787647247,0.0034246258437633514,0.0032823346555233,0.0031246915459632874,0.0028968192636966705,0.002680733799934387,0.002441816031932831,0.0021883435547351837,0.001977939158678055,0.001828603446483612,0.0015896037220954895,0.0013969168066978455,0.0011479929089546204,0.0009255893528461456,0.0007035620510578156,0.00051107257604599,0.0002939663827419281,0.0,0.0,0.0,0.0,0.0,0.0,0.0,0.0,0.0,0.0,0.0,0.0,0.0,0.0,0.0,0.0,0.0,0.0,0.0,0.0,0.11021863669157028
56,0.005638133734464645,0.005559820681810379,0.00545709952712059,0.014873664826154709,0.005215611308813095,0.004911661148071289,0.004765726625919342,0.01774805784225464,0.004446070641279221,0.017409570515155792,0.004285503178834915,0.004019755870103836,0.0038567595183849335,0.0037037990987300873,0.0035004056990146637,0.00338880717754364,0.003186207264661789,0.002979867160320282,0.002740968018770218,0.0024841129779815674,0.0023235902190208435,0.0020658038556575775,0.0018395036458969116,0.014650065451860428,0.0013793222606182098,0.0010850019752979279,0.0008171983063220978,0.013616032898426056,0.0003581829369068146,0.00016275793313980103,0.0,0.0,0.0,0.0,0.0,0.0,0.0,0.0,0.0,0.0,0.0,0.0,0.0,0.0,0.0,0.0,0.0,0.0,0.0,0.0,0.1584690622985363
57,0.005679227411746979,0.005536939948797226,0.0054304152727127075,0.005321439355611801,0.005175851285457611,0.004958298057317734,0.004821360111236572,0.0046195462346076965,0.004439260810613632,0.004271373152732849,0.004032377153635025,0.003800325095653534,0.0036415942013263702,0.0034772343933582306,0.0032523833215236664,0.003046676516532898,0.002915460616350174,0.0027811117470264435,0.0025991983711719513,0.002378854900598526,0.0021159909665584564,0.0019310489296913147,0.0017067603766918182,0.0013785511255264282,0.001267462968826294,0.0010490678250789642,0.0007895827293395996,0.0005903914570808411,0.0003873668611049652,0.00013586506247520447,0.0,0.0,0.0,0.0,0.0,0.0,0.0,0.0,0.0,0.0,0.0,0.0,0.0,0.0,0.0,0.0,0.0,0.0,0.0,0.0,0.09353101626038551
58,0.005682852119207382,0.005550295114517212,0.0054881274700164795,0.005340792238712311,0.005081251263618469,0.004974152892827988,0.004778806120157242,0.004658285528421402,0.0044363923370838165,0.004239056259393692,0.004081103950738907,0.0038359910249710083,0.0036738552153110504,0.003436572849750519,0.0032584555447101593,0.003115583211183548,0.0029466822743415833,0.002764001488685608,0.00258718803524971,0.0024233683943748474,0.0022121183574199677,0.001971583813428879,0.0018093250691890717,0.0015970468521118164,0.0013636425137519836,0.0010864250361919403,0.0008890889585018158,0.000619836151599884,0.00040211156010627747,0.00015924125909805298,0.0,0.0,0.0,0.0,0.0,0.0,0.0,0.0,0.0,0.0,0.0,0.0,0.0,0.0,0.0,0.0,0.0,0.0,0.0,0.0,0.09446323290467262
59,0.005684833973646164,0.00556352362036705,0.005434319376945496,0.00525248795747757,0.005118582397699356,0.0048227496445178986,0.004758141934871674,0.004470322281122208,0.004256103187799454,0.004142843186855316,0.004102740436792374,0.0039694420993328094,0.003732025623321533,0.003538306802511215,0.003373555839061737,0.00326446071267128,0.0029886625707149506,0.00273895263671875,0.002472825348377228,0.0022795945405960083,0.0020455121994018555,0.0018728673458099365,0.0016434378921985626,0.0015114359557628632,0.0012780427932739258,0.0010748803615570068,0.0008369684219360352,0.0006347633898258209,0.0003919526934623718,0.0001605302095413208,0.0,0.0,0.0,0.0,0.0,0.0,0.0,0.0,0.0,0.0,0.0,0.0,0.0,0.0,0.0,0.0,0.0,0.0,0.0,0.0,0.09341486543416977
60,0.005651999264955521,0.005584243685007095,0.00541338324546814,0.00518803671002388,0.005083821713924408,0.004944171756505966,0.0048053450882434845,0.004740431904792786,0.0044519416987895966,0.004282984882593155,0.004125379025936127,0.0039595142006874084,0.0037585198879241943,0.003617357462644577,0.0033420920372009277,0.0030750930309295654,0.002964124083518982,0.0026983022689819336,0.002501659095287323,0.0023120902478694916,0.0021112412214279175,0.0019506141543388367,0.001789923757314682,0.0015829019248485565,0.0013628825545310974,0.0011095665395259857,0.0008540451526641846,0.0005886219441890717,0.0003689974546432495,0.00013049691915512085,0.0,0.0,0.0,0.0,0.0,0.0,0.0,0.0,0.0,0.0,0.0,0.0,0.0,0.0,0.0,0.0,0.0,0.0,0.0,0.0,0.09434978291392326
61,0.0058220140635967255,0.005702421069145203,0.005526714026927948,0.005333848297595978,0.005127657204866409,0.005033116787672043,0.004836440086364746,0.004697080701589584,0.004583865404129028,0.004415184259414673,0.004256833344697952,0.004096735268831253,0.01691131666302681,0.003746982663869858,0.003527071326971054,0.003431599587202072,0.003112778067588806,0.002973455935716629,0.002759702503681183,0.0025157518684864044,0.0023586153984069824,0.0020974092185497284,0.0019051134586334229,0.0016557760536670685,0.0013698562979698181,0.0011674389243125916,0.0009228624403476715,0.0007703416049480438,0.0005305297672748566,0.0002651587128639221,0.0,0.0,0.0,0.0,0.0,0.0,0.0,0.0,0.0,0.0,0.0,0.0,0.0,0.0,0.0,0.0,0.0,0.0,0.0,0.0,0.11145367100834846
62,0.005783814936876297,0.005595706403255463,0.00546795129776001,0.005290187895298004,0.005190111696720123,0.00489414855837822,0.0048027001321315765,0.004567291587591171,0.004441160708665848,0.0042755454778671265,0.004058290272951126,0.003892723470926285,0.0037030167877674103,0.0036343149840831757,0.0034013763070106506,0.0032285526394844055,0.0031149648129940033,0.002947404980659485,0.0027609169483184814,0.0025335438549518585,0.0022752955555915833,0.002022065222263336,0.0018316544592380524,0.0016007274389266968,0.0013283565640449524,0.0011962801218032837,0.0010029636323451996,0.0007864795625209808,0.0005464851856231689,0.0002887621521949768,0.0,0.0,0.0,0.0,0.0,0.0,0.0,0.0,0.0,0.0,0.0,0.0,0.0,0.0,0.0,0.0,0.0,0.0,0.0,0.0,0.09646279364824295
63,0.01984880119562149,0.0064296238124370575,0.00550590455532074,0.005280289798974991,0.0051556602120399475,0.005035679787397385,0.004874713718891144,0.004761025309562683,0.004592958837747574,0.0045223236083984375,0.004347849637269974,0.004035975784063339,0.003894191235303879,0.003609597682952881,0.0035100243985652924,0.0033283382654190063,0.003105033189058304,0.0028918758034706116,0.002670813351869583,0.0025221072137355804,0.002308189868927002,0.0020982399582862854,0.0018272660672664642,0.0016533248126506805,0.0014215260744094849,0.0011978782713413239,0.0009583085775375366,0.0007253997027873993,0.000491555780172348,0.00027993693947792053,0.0,0.0,0.0,0.0,0.0,0.0,0.0,0.0,0.0,0.0,0.0,0.0,0.0,0.0,0.0,0.0,0.0,0.0,0.0,0.0,0.11288441345095634
64,0.005784653127193451,0.005636528134346008,0.005477722734212875,0.0052871666848659515,0.005134064704179764,0.005005713552236557,0.0048488229513168335,0.004623718559741974,0.004448741674423218,0.004333756864070892,0.004121404141187668,0.00399654358625412,0.0038753151893615723,0.0036662593483924866,0.003463122993707657,0.003334205597639084,0.0030728839337825775,0.002850417047739029,0.0026310570538043976,0.002474859356880188,0.0022559352219104767,0.002039603888988495,0.0018506348133087158,0.001599438488483429,0.0014234744012355804,0.0012467466294765472,0.0009866878390312195,0.0007654428482055664,0.0005113333463668823,0.00028321146965026855,0.0,0.0,0.0,0.0,0.0,0.0,0.0,0.0,0.0,0.0,0.0,0.0,0.0,0.0,0.0,0.0,0.0,0.0,0.0,0.0,0.09702946618199348
65,0.00624489039182663,0.0056148432195186615,0.005481842905282974,0.005299262702465057,0.005150333046913147,0.005035687237977982,0.004841230809688568,0.004695292562246323,0.004541356116533279,0.00435580313205719,0.004269041121006012,0.004034809768199921,0.0038899406790733337,0.0036579780280590057,0.0034088045358657837,0.003232799470424652,0.003041990101337433,0.0029096081852912903,0.002580162137746811,0.0024295300245285034,0.0022320225834846497,0.002083282917737961,0.0019337795674800873,0.0017288066446781158,0.0014658048748970032,0.0011954084038734436,0.0009765960276126862,0.0007814392447471619,0.0005376935005187988,0.0002890452742576599,0.0,0.0,0.0,0.0,0.0,0.0,0.0,0.0,0.0,0.0,0.0,0.0,0.0,0.0,0.0,0.0,0.0,0.0,0.0,0.0,0.09793908521533012
66,0.0056775957345962524,0.005569200962781906,0.005395960062742233,0.0052147842943668365,0.005142521113157272,0.005011212080717087,0.004860538989305496,0.004617679864168167,0.004412610083818436,0.004308618605136871,0.004109252244234085,0.00408463180065155,0.0038361847400665283,0.0035555846989154816,0.0033816806972026825,0.003206256777048111,0.002976655960083008,0.0027666427195072174,0.0026075132191181183,0.0023700743913650513,0.002160601317882538,0.001958061009645462,0.0017985887825489044,0.0015784762799739838,0.0012957081198692322,0.0010894499719142914,0.0009021535515785217,0.0006555765867233276,0.0004309900104999542,0.00016115978360176086,0.0,0.0,0.0,0.0,0.0,0.0,0.0,0.0,0.0,0.0,0.0,0.0,0.0,0.0,0.0,0.0,0.0,0.0,0.0,0.0,0.09513596445322037
67,0.017732225358486176,0.005539007484912872,0.0054389238357543945,0.005278050899505615,0.005107652395963669,0.004903886467218399,0.004775863140821457,0.004656914621591568,0.004567783325910568,0.004344753921031952,0.004096601158380508,0.003895331174135208,0.0037528984248638153,0.003522142767906189,0.0032859891653060913,0.003042135387659073,0.0028356164693832397,0.002666439861059189,0.0024359114468097687,0.0022505857050418854,0.002039160579442978,0.001825910061597824,0.0015457533299922943,0.0013376399874687195,0.0012690499424934387,0.0010240823030471802,0.0008240081369876862,0.0006285645067691803,0.0004061013460159302,0.00016009807586669922,0.0,0.0,0.0,0.0,0.0,0.0,0.0,0.0,0.0,0.0,0.0,0.0,0.0,0.0,0.0,0.0,0.0,0.0,0.0,0.0,0.10518908128142357
68,0.005664348602294922,0.005577106028795242,0.005377933382987976,0.005242139101028442,0.005110159516334534,0.004969358444213867,0.004782918840646744,0.004691477864980698,0.00451330840587616,0.004346311092376709,0.004079129546880722,0.00395236536860466,0.003770194947719574,0.003619082272052765,0.003398098051548004,0.003151506185531616,0.0029159151017665863,0.0027300119400024414,0.002537976950407028,0.0023626871407032013,0.0021040886640548706,0.0020316578447818756,0.001738332211971283,0.0015044212341308594,0.0012286454439163208,0.0009753666818141937,0.0007739253342151642,0.000592254102230072,0.0003844313323497772,0.00016066431999206543,0.0,0.0,0.0,0.0,0.0,0.0,0.0,0.0,0.0,0.0,0.0,0.0,0.0,0.0,0.0,0.0,0.0,0.0,0.0,0.0,0.09428581595420837
69,0.005675777792930603,0.005583371967077255,0.005378488451242447,0.005180418491363525,0.0049978457391262054,0.004883565008640289,0.004669923335313797,0.004486735910177231,0.025466155260801315,0.004193242639303207,0.004076622426509857,0.0038744844496250153,0.0036456435918807983,0.0035776644945144653,0.0034033581614494324,0.0031590312719345093,0.0029298216104507446,0.0027246251702308655,0.0025791600346565247,0.0023342110216617584,0.0020825639367103577,0.0018466301262378693,0.0015902332961559296,0.0013911351561546326,0.001179862767457962,0.0010108277201652527,0.0007937364280223846,0.0006060227751731873,0.00037895888090133667,0.00016491487622261047,0.0,0.0,0.0,0.0,0.0,0.0,0.0,0.0,0.0,0.0,0.0,0.0,0.0,0.0,0.0,0.0,0.0,0.0,0.0,0.0,0.11386503279209137
70,0.005627669394016266,0.005576137453317642,0.005351636558771133,0.005195744335651398,0.005108412355184555,0.0049178265035152435,0.004653170704841614,0.004496622830629349,0.004281479865312576,0.004146844148635864,0.003913596272468567,0.0038267821073532104,0.003587476909160614,0.0032933689653873444,0.003142956644296646,0.002885054796934128,0.0027240775525569916,0.0027125515043735504,0.0025040283799171448,0.0023153312504291534,0.0022498108446598053,0.0020116418600082397,0.001845814287662506,0.0016400963068008423,0.001380324363708496,0.0011807046830654144,0.0009298846125602722,0.0006822943687438965,0.0004395991563796997,0.00016243010759353638,0.0,0.0,0.0,0.0,0.0,0.0,0.0,0.0,0.0,0.0,0.0,0.0,0.0,0.0,0.0,0.0,0.0,0.0,0.0,0.0,0.0927833691239357
71,0.005784768611192703,0.005614075809717178,0.005548357963562012,0.005382504314184189,0.00516105443239212,0.004974469542503357,0.004885617643594742,0.004793446511030197,0.004565156996250153,0.004386313259601593,0.004214785993099213,0.0040830932557582855,0.003896702080965042,0.0037618428468704224,0.003564555197954178,0.0032705925405025482,0.0030684731900691986,0.002828754484653473,0.0026661641895771027,0.002376250922679901,0.002199474722146988,0.0019854195415973663,0.0018151551485061646,0.0016370676457881927,0.0014235153794288635,0.0012004151940345764,0.0009378492832183838,0.0007465407252311707,0.0005295611917972565,0.00028819963335990906,0.0,0.0,0.0,0.0,0.0,0.0,0.0,0.0,0.0,0.0,0.0,0.0,0.0,0.0,0.0,0.0,0.0,0.0,0.0,0.0,0.09759017825126648
72,0.005797784775495529,0.005652215331792831,0.0054647549986839294,0.005370024591684341,0.005136087536811829,0.00500955805182457,0.004810221493244171,0.004666958004236221,0.004522006958723068,0.004331700503826141,0.004099726676940918,0.003886893391609192,0.0036678574979305267,0.0034892000257968903,0.0033615678548812866,0.003185313194990158,0.002979923039674759,0.002778664231300354,0.0026259347796440125,0.0024837329983711243,0.0022500455379486084,0.0020869076251983643,0.0019350163638591766,0.001648593693971634,0.0014391057193279266,0.0012572556734085083,0.0009642094373703003,0.0007549859583377838,0.0005325153470039368,0.0002878233790397644,0.0,0.0,0.0,0.0,0.0,0.0,0.0,0.0,0.0,0.0,0.0,0.0,0.0,0.0,0.0,0.0,0.0,0.0,0.0,0.0,0.09647658467292786
73,0.0065540410578250885,0.0055801719427108765,0.005429960787296295,0.005256533622741699,0.005095105618238449,0.0049862340092659,0.004888515919446945,0.0047517456114292145,0.00451306626200676,0.004419535398483276,0.0042602866888046265,0.004105810075998306,0.0039177946746349335,0.0037448816001415253,0.016502585262060165,0.0032791942358016968,0.003202039748430252,0.002924792468547821,0.002686489373445511,0.0025952309370040894,0.0024484097957611084,0.002174410969018936,0.0019207745790481567,0.001706726849079132,0.0014942996203899384,0.0012685172259807587,0.0009960159659385681,0.0007827095687389374,0.000534549355506897,0.0002857707440853119,0.0,0.0,0.0,0.0,0.0,0.0,0.0,0.0,0.0,0.0,0.0,0.0,0.0,0.0,0.0,0.0,0.0,0.0,0.0,0.0,0.11230619996786118
74,0.005862284451723099,0.005584578961133957,0.005477104336023331,0.005343031138181686,0.0052872709929943085,0.005044978111982346,0.004853826016187668,0.004685364663600922,0.004497304558753967,0.004391070455312729,0.004231855273246765,0.004069816321134567,0.004041541367769241,0.003757912665605545,0.003526110202074051,0.021420426666736603,0.0032122135162353516,0.0029659196734428406,0.015795044600963593,0.0026331953704357147,0.0024706535041332245,0.0021514222025871277,0.0019376464188098907,0.0017536506056785583,0.0015081614255905151,0.0012535974383354187,0.014037098735570908,0.0007376112043857574,0.0004820525646209717,0.00028960034251213074,0.00015684589743614197,0.0,0.0,0.0,0.0,0.0,0.0,0.0,0.0,0.0,0.0,0.0,0.0,0.0,0.0,0.0,0.0,0.0,0.0,0.0,0.14345918968319893
75,0.005784150213003159,0.0055948421359062195,0.005481798201799393,0.005314286798238754,0.005150206387042999,0.004976484924554825,0.004827164113521576,0.004671305418014526,0.004438742995262146,0.004309888929128647,0.004149843007326126,0.00392783060669899,0.003746282309293747,0.003617025911808014,0.003412734717130661,0.003151051700115204,0.0029205381870269775,0.0027283281087875366,0.0024676844477653503,0.0023188963532447815,0.0020901337265968323,0.0019358247518539429,0.0016852691769599915,0.0014358088374137878,0.0012490004301071167,0.001067429780960083,0.0009946487843990326,0.0007415376603603363,0.000545211136341095,0.0002707652747631073,0.0,0.0,0.0,0.0,0.0,0.0,0.0,0.0,0.0,0.0,0.0,0.0,0.0,0.0,0.0,0.0,0.0,0.0,0.0,0.0,0.09500471502542496
76,0.005667578428983688,0.005588129162788391,0.005384702235460281,0.005251988768577576,0.005078762769699097,0.004947502166032791,0.004791557788848877,0.017596956342458725,0.004411257803440094,0.00428202748298645,0.004128985106945038,0.003900483250617981,0.0037053264677524567,0.0034373141825199127,0.0032840371131896973,0.0031051188707351685,0.0029560700058937073,0.0027195215225219727,0.002565823495388031,0.002321723848581314,0.0021827369928359985,0.0020193345844745636,0.001790359616279602,0.0015328079462051392,0.0013301894068717957,0.0011439360678195953,0.0008869357407093048,0.0006241835653781891,0.0003648921847343445,0.0001589469611644745,0.0,0.0,0.0,0.0,0.0,0.0,0.0,0.0,0.0,0.0,0.0,0.0,0.0,0.0,0.0,0.0,0.0,0.0,0.0,0.0,0.10715918987989426
77,0.005666673183441162,0.005583960562944412,0.005414292216300964,0.00518292561173439,0.005065735429525375,0.004877820611000061,0.0047134049236774445,0.004650406539440155,0.004479024559259415,0.004145130515098572,0.00395623967051506,0.0038043521344661713,0.003696061670780182,0.003541249781847,0.003327891230583191,0.0031626932322978973,0.0030996613204479218,0.0028933174908161163,0.002672925591468811,0.002426832914352417,0.002216976135969162,0.0019998960196971893,0.0017629824578762054,0.0015048086643218994,0.0012510530650615692,0.0010264664888381958,0.0007908716797828674,0.0006434433162212372,0.00040505826473236084,0.00015908479690551758,0.0,0.0,0.0,0.0,0.0,0.0,0.0,0.0,0.0,0.0,0.0,0.0,0.0,0.0,0.0,0.0,0.0,0.0,0.0,0.0,0.09412124007940292
78,0.0056745149195194244,0.005566202104091644,0.005457945168018341,0.005338754504919052,0.0051294416189193726,0.004990804940462112,0.004844971001148224,0.016676094383001328,0.004538156092166901,0.004307806491851807,0.004108499735593796,0.00389992818236351,0.0037521012127399445,0.003598354756832123,0.0034363679587841034,0.003338884562253952,0.0030174292623996735,0.0028469637036323547,0.0026204250752925873,0.002454858273267746,0.0021473467350006104,0.0019514113664627075,0.0015946626663208008,0.0013403594493865967,0.0011277161538600922,0.0009615458548069,0.0008091181516647339,0.0006201639771461487,0.0003682821989059448,0.0001610107719898224,0.0,0.0,0.0,0.0,0.0,0.0,0.0,0.0,0.0,0.0,0.0,0.0,0.0,0.0,0.0,0.0,0.0,0.0,0.0,0.0,0.10668012127280235
79,0.005616720765829086,0.005570210516452789,0.005438163876533508,0.0052748508751392365,0.005226120352745056,0.005099192261695862,0.004914235323667526,0.004720680415630341,0.0045181624591350555,0.0043947286903858185,0.004174139350652695,0.003997985273599625,0.003811679780483246,0.003665279597043991,0.0034032389521598816,0.0031934045255184174,0.0029985904693603516,0.0027557499706745148,0.0024956054985523224,0.002337232232093811,0.0021990500390529633,0.0019948147237300873,0.0018061995506286621,0.0015726909041404724,0.0013472400605678558,0.001126900315284729,0.0008669942617416382,0.0006102360785007477,0.0003874450922012329,0.00015142187476158142,0.0,0.0,0.0,0.0,0.0,0.0,0.0,0.0,0.0,0.0,0.0,0.0,0.0,0.0,0.0,0.0,0.0,0.0,0.0,0.0,0.0956689640879631
80,0.005679495632648468,0.005576480180025101,0.005388543009757996,0.005292117595672607,0.005123596638441086,0.004927404224872589,0.004891250282526016,0.004685074090957642,0.004538603127002716,0.00434890016913414,0.004123121500015259,0.003944683820009232,0.0037963315844535828,0.0035634860396385193,0.003394912928342819,0.0033066794276237488,0.00294368714094162,0.002744082361459732,0.0026607103645801544,0.0024057812988758087,0.00221145898103714,0.0019998587667942047,0.001779552549123764,0.0015352033078670502,0.001296117901802063,0.0010551996529102325,0.0008514188230037689,0.0005793794989585876,0.0003566145896911621,0.00015504658222198486,0.0,0.0,0.0,0.0,0.0,0.0,0.0,0.0,0.0,0.0,0.0,0.0,0.0,0.0,0.0,0.0,0.0,0.0,0.0,0.0,0.0951547920703888
81,0.0058136992156505585,0.005635503679513931,0.005472451448440552,0.005341973155736923,0.005187280476093292,0.004974015057086945,0.0047759562730789185,0.0046822018921375275,0.00452733039855957,0.004400871694087982,0.004305656999349594,0.004026379436254501,0.0039170049130916595,0.003712080419063568,0.0035223327577114105,0.003324165940284729,0.0031130649149417877,0.0029771775007247925,0.002790220081806183,0.002638857811689377,0.0025106221437454224,0.0022385865449905396,0.002013079822063446,0.0017659030854701996,0.0014495477080345154,0.0011811703443527222,0.0010027363896369934,0.0007483288645744324,0.000481579452753067,0.0002913251519203186,0.0,0.0,0.0,0.0,0.0,0.0,0.0,0.0,0.0,0.0,0.0,0.0,0.0,0.0,0.0,0.0,0.0,0.0,0.0,0.0,0.09882110357284546
82,0.005804572254419327,0.005620107054710388,0.005453702062368393,0.005339279770851135,0.005148295313119888,0.004967134445905685,0.004739552736282349,0.004584882408380508,0.004553712904453278,0.004364918917417526,0.0041324421763420105,0.004008572548627853,0.0038638263940811157,0.003727257251739502,0.0034968890249729156,0.0033515021204948425,0.0031361207365989685,0.0029261931777000427,0.0026624612510204315,0.0025404244661331177,0.0023452304303646088,0.0020669251680374146,0.0018680542707443237,0.0016043521463871002,0.0014331527054309845,0.0012260228395462036,0.0009789541363716125,0.0007346868515014648,0.0005115717649459839,0.0002603456377983093,0.0,0.0,0.0,0.0,0.0,0.0,0.0,0.0,0.0,0.0,0.0,0.0,0.0,0.0,0.0,0.0,0.0,0.0,0.0,0.0,0.09745114296674728
83,0.005804222077131271,0.00559418648481369,0.005568590015172958,0.005310855805873871,0.005083441734313965,0.004900477826595306,0.00477956235408783,0.004670921713113785,0.00439877063035965,0.004326116293668747,0.0041669756174087524,0.0039992555975914,0.0038470029830932617,0.0036427900195121765,0.003455527126789093,0.0033314377069473267,0.0031484365463256836,0.0028859712183475494,0.0026536062359809875,0.0024556517601013184,0.0022193603217601776,0.0020224638283252716,0.0017796047031879425,0.0015654005110263824,0.0012838169932365417,0.0011412277817726135,0.0009407363831996918,0.0007112212479114532,0.00046515464782714844,0.0002591721713542938,0.0,0.0,0.0,0.0,0.0,0.0,0.0,0.0,0.0,0.0,0.0,0.0,0.0,0.0,0.0,0.0,0.0,0.0,0.0,0.0,0.09641195833683014
84,0.00582403689622879,0.005583669990301132,0.005444739013910294,0.005269169807434082,0.005167867988348007,0.004990927875041962,0.00487789511680603,0.0046931542456150055,0.004514381289482117,0.004432965070009232,0.004229400306940079,0.003951042890548706,0.003820657730102539,0.0036512278020381927,0.0035334862768650055,0.0034236088395118713,0.0031361617147922516,0.002987045794725418,0.0027725771069526672,0.002582632005214691,0.0023023411631584167,0.0020630061626434326,0.0018371082842350006,0.0016404688358306885,0.0014020167291164398,0.0012062937021255493,0.0010024309158325195,0.0007343403995037079,0.0005222596228122711,0.00028432533144950867,0.0,0.0,0.0,0.0,0.0,0.0,0.0,0.0,0.0,0.0,0.0,0.0,0.0,0.0,0.0,0.0,0.0,0.0,0.0,0.0,0.09788123890757561
85,0.005761187523603439,0.005629051476716995,0.00542810931801796,0.005315743386745453,0.005188237875699997,0.005050152540206909,0.004978340119123459,0.004798457026481628,0.00456363707780838,0.004304349422454834,0.004111394286155701,0.003979742527008057,0.0037912465631961823,0.0035937242209911346,0.00344080850481987,0.0032666847109794617,0.0031282342970371246,0.002962205559015274,0.0027770474553108215,0.002558700740337372,0.002336062490940094,0.0021231286227703094,0.001956295222043991,0.001675434410572052,0.0014512166380882263,0.0012277625501155853,0.0010164566338062286,0.00080118328332901,0.0005186088383197784,0.00026875361800193787,0.0,0.0,0.0,0.0,0.0,0.0,0.0,0.0,0.0,0.0,0.0,0.0,0.0,0.0,0.0,0.0,0.0,0.0,0.0,0.0,0.09800195693969727
86,0.005632862448692322,0.005493760108947754,0.005322016775608063,0.005246564745903015,0.005134794861078262,0.004922728985548019,0.004736799746751785,0.004530489444732666,0.004496738314628601,0.004371572285890579,0.0042340680956840515,0.004018556326627731,0.0038500428199768066,0.0036567114293575287,0.0035319216549396515,0.0032471194863319397,0.003117833286523819,0.002947688102722168,0.0027267709374427795,0.0024979524314403534,0.0022475607693195343,0.0020045042037963867,0.0017678849399089813,0.0015065521001815796,0.0013049058616161346,0.0011161603033542633,0.0009046681225299835,0.0006813704967498779,0.00043644756078720093,0.00016547739505767822,0.0,0.0,0.0,0.0,0.0,0.0,0.0,0.0,0.0,0.0,0.0,0.0,0.0,0.0,0.0,0.0,0.0,0.0,0.0,0.0,0.09585252404212952
87,0.005709301680326462,0.005573444068431854,0.0053761862218379974,0.005170274525880814,0.0050338320434093475,0.004804253578186035,0.00474921241402626,0.004580441862344742,0.0044311583042144775,0.004222895950078964,0.003966733813285828,0.0037985965609550476,0.003700941801071167,0.0035462677478790283,0.0034073106944561005,0.003195464611053467,0.003019474446773529,0.002655867487192154,0.002399340271949768,0.002216298133134842,0.0019957125186920166,0.0018337257206439972,0.0017503313720226288,0.001574985682964325,0.0013118013739585876,0.0010740011930465698,0.0008491910994052887,0.0006139874458312988,0.0003897659480571747,0.00015344098210334778,0.0,0.0,0.0,0.0,0.0,0.0,0.0,0.0,0.0,0.0,0.0,0.0,0.0,0.0,0.0,0.0,0.0,0.0,0.0,0.0,0.09310423955321312
88,0.005692057311534882,0.005530189722776413,0.005453970283269882,0.0052737221121788025,0.005141358822584152,0.004964619874954224,0.004807025194168091,0.004637707024812698,0.004475750029087067,0.0043256692588329315,0.004142288118600845,0.003976043313741684,0.0037791207432746887,0.016599416732788086,0.0034092850983142853,0.0030885711312294006,0.002882853150367737,0.00267159566283226,0.0025085322558879852,0.002544812858104706,0.015198159962892532,0.0019700229167938232,0.0017744936048984528,0.001522596925497055,0.0012557990849018097,0.0010580383241176605,0.0008402056992053986,0.0006187595427036285,0.00040759891271591187,0.00015636160969734192,0.0,0.0,0.0,0.0,0.0,0.0,0.0,0.0,0.0,0.0,0.0,0.0,0.0,0.0,0.0,0.0,0.0,0.0,0.0,0.0,0.12070662528276443
89,0.005672026425600052,0.005530707538127899,0.00536138191819191,0.018236931413412094,0.018142223358154297,0.004951227456331253,0.0047673434019088745,0.004622846841812134,0.0044883862137794495,0.004314512014389038,0.004087056964635849,0.003967713564634323,0.0037110261619091034,0.003568354994058609,0.0034298785030841827,0.0032032541930675507,0.002998821437358856,0.0028310008347034454,0.0026394501328468323,0.002439197152853012,0.002250250428915024,0.002001725137233734,0.0017994493246078491,0.001525379717350006,0.001324627548456192,0.0011068806052207947,0.0008809901773929596,0.0006494410336017609,0.0004185885190963745,0.00016500428318977356,0.0,0.0,0.0,0.0,0.0,0.0,0.0,0.0,0.0,0.0,0.0,0.0,0.0,0.0,0.0,0.0,0.0,0.0,0.0,0.0,0.12108567729592323
90,0.005689509212970734,0.00552193820476532,0.005395181477069855,0.005265269428491592,0.005097590386867523,0.004904936999082565,0.004727061837911606,0.00459003821015358,0.004405871033668518,0.004227187484502792,0.003969565033912659,0.0037974826991558075,0.0037542395293712616,0.0035668499767780304,0.0033709928393363953,0.0031309835612773895,0.002994690090417862,0.002805899828672409,0.0026229731738567352,0.0024201571941375732,0.0022558048367500305,0.0020333118736743927,0.001704823225736618,0.0015196874737739563,0.001257043331861496,0.001044541597366333,0.0007896162569522858,0.0005958564579486847,0.000353444367647171,0.00013046711683273315,0.0,0.0,0.0,0.0,0.0,0.0,0.0,0.0,0.0,0.0,0.0,0.0,0.0,0.0,0.0,0.0,0.0,0.0,0.0,0.0,0.09394301474094391
91,0.00579804927110672,0.005591794848442078,0.005530685186386108,0.005738068372011185,0.0051727741956710815,0.005003795027732849,0.004797834903001785,0.0047270022332668304,0.00458875298500061,0.004474811255931854,0.004310432821512222,0.004073265939950943,0.0038749538362026215,0.003639720380306244,0.003404509276151657,0.0032790787518024445,0.00318077951669693,0.002938665449619293,0.0027793198823928833,0.0025728270411491394,0.0023166798055171967,0.0021674558520317078,0.0019085593521595001,0.0016292445361614227,0.001430552452802658,0.0011757425963878632,0.0009034089744091034,0.0007060915231704712,0.0005214102566242218,0.00026167556643486023,0.0,0.0,0.0,0.0,0.0,0.0,0.0,0.0,0.0,0.0,0.0,0.0,0.0,0.0,0.0,0.0,0.0,0.0,0.0,0.0,0.09849794209003448
92,0.0058062635362148285,0.00563589483499527,0.005459357053041458,0.005433730781078339,0.005144592374563217,0.005021825432777405,0.004867155104875565,0.017718326300382614,0.004545006901025772,0.004311472177505493,0.004168085753917694,0.01806468516588211,0.003847021609544754,0.0036385394632816315,0.003353908658027649,0.0031512118875980377,0.003043774515390396,0.00279250368475914,0.0025718510150909424,0.002341151237487793,0.002117358148097992,0.0019054003059864044,0.0017103217542171478,0.0014978423714637756,0.0012805312871932983,0.0010916627943515778,0.0009583719074726105,0.0007634125649929047,0.000502273440361023,0.00026438385248184204,0.0,0.0,0.0,0.0,0.0,0.0,0.0,0.0,0.0,0.0,0.0,0.0,0.0,0.0,0.0,0.0,0.0,0.0,0.0,0.0,0.12300791591405869
93,0.005816616117954254,0.005656052380800247,0.005463052541017532,0.005356397479772568,0.005209118127822876,0.0050488002598285675,0.004926405847072601,0.0047269538044929504,0.00453326478600502,0.0042859576642513275,0.004093438386917114,0.004034176468849182,0.0038193613290786743,0.0036591850221157074,0.0034712664783000946,0.003259565681219101,0.0030318908393383026,0.0028211548924446106,0.002667941153049469,0.0024636834859848022,0.002270776778459549,0.0020415186882019043,0.001865200698375702,0.0016874857246875763,0.001490660011768341,0.0012344568967819214,0.000993877649307251,0.0007422193884849548,0.0005370266735553741,0.0002790205180644989,0.0,0.0,0.0,0.0,0.0,0.0,0.0,0.0,0.0,0.0,0.0,0.0,0.0,0.0,0.0,0.0,0.0,0.0,0.0,0.0,0.09748652577400208
94,0.005840830504894257,0.005655296146869659,0.0055269040167331696,0.005360651761293411,0.005217507481575012,0.0049891844391822815,0.004861067980527878,0.004617031663656235,0.004484236240386963,0.004303164780139923,0.004138503223657608,0.00400504469871521,0.003815058618783951,0.003776032477617264,0.0034773796796798706,0.0033410973846912384,0.0031465254724025726,0.0029846057295799255,0.002751801162958145,0.002693764865398407,0.002435091882944107,0.0022262372076511383,0.001882299780845642,0.0016309283673763275,0.0014862120151519775,0.0012054331600666046,0.0010162703692913055,0.0007944032549858093,0.0005549266934394836,0.0003004036843776703,0.0,0.0,0.0,0.0,0.0,0.0,0.0,0.0,0.0,0.0,0.0,0.0,0.0,0.0,0.0,0.0,0.0,0.0,0.0,0.0,0.09851789474487305
95,0.005783792585134506,0.005613330751657486,0.005442321300506592,0.005265399813652039,0.005162544548511505,0.004995159804821014,0.004831306636333466,0.004712548106908798,0.004663798958063126,0.004476573318243027,0.004240512847900391,0.004146412014961243,0.003895878791809082,0.0036403723061084747,0.003501094877719879,0.003352988511323929,0.003124203532934189,0.0029339194297790527,0.0027607791125774384,0.0023622065782546997,0.002116892486810684,0.0020224377512931824,0.0017978101968765259,0.0016240403056144714,0.0013666562736034393,0.001156240701675415,0.0008934736251831055,0.000712130218744278,0.0004794411361217499,0.00023394078016281128,0.0001234188675880432,0.0,0.0,0.0,0.0,0.0,0.0,0.0,0.0,0.0,0.0,0.0,0.0,0.0,0.0,0.0,0.0,0.0,0.0,0.0,0.09743162617087364
96,0.005689792335033417,0.005512401461601257,0.0054193586111068726,0.005237959325313568,0.005193687975406647,0.004862140864133835,0.004702337086200714,0.0045327842235565186,0.00436168909072876,0.004229240119457245,0.004038766026496887,0.0038313530385494232,0.003709346055984497,0.004948243498802185,0.00331135094165802,0.0029990263283252716,0.0028609000146389008,0.002670183777809143,0.0025136247277259827,0.0024289004504680634,0.002207498997449875,0.0019862018525600433,0.0017807185649871826,0.0015163011848926544,0.0012879781424999237,0.0009670816361904144,0.0007958337664604187,0.0005703307688236237,0.0003538951277732849,0.00012841448187828064,0.0,0.0,0.0,0.0,0.0,0.0,0.0,0.0,0.0,0.0,0.0,0.0,0.0,0.0,0.0,0.0,0.0,0.0,0.0,0.0,0.09464734047651291
97,0.005639862269163132,0.005489468574523926,0.0053650327026844025,0.005213022232055664,0.005138520151376724,0.004940163344144821,0.004768434911966324,0.004578206688165665,0.004422828555107117,0.00421161949634552,0.0040597617626190186,0.003914516419172287,0.003809470683336258,0.0036648809909820557,0.003459244966506958,0.0032643377780914307,0.01612013578414917,0.002929855138063431,0.002741750329732895,0.0024842210114002228,0.015430804342031479,0.002134431153535843,0.0018976815044879913,0.0016383640468120575,0.001397259533405304,0.012247595936059952,0.0009221881628036499,0.0006520003080368042,0.00039811432361602783,0.0002713911235332489,0.0,0.0,0.0,0.0,0.0,0.0,0.0,0.0,0.0,0.0,0.0,0.0,0.0,0.0,0.0,0.0,0.0,0.0,0.0,0.0,0.13320516422390938
98,0.005662251263856888,0.00555182620882988,0.005417682230472565,0.005294580012559891,0.005195051431655884,0.005055971443653107,0.00481061264872551,0.004646923393011093,0.004509679973125458,0.004370871931314468,0.004189670085906982,0.003969397395849228,0.003715023398399353,0.0035284943878650665,0.0033846236765384674,0.01621684432029724,0.00303761288523674,0.002827264368534088,0.0026029571890830994,0.0023903995752334595,0.0021112337708473206,0.0019324272871017456,0.0016923658549785614,0.0015014000236988068,0.00132061168551445,0.0010974854230880737,0.0008288435637950897,0.0006106533110141754,0.0003674067556858063,0.00015892833471298218,0.0,0.0,0.0,0.0,0.0,0.0,0.0,0.0,0.0,0.0,0.0,0.0,0.0,0.0,0.0,0.0,0.0,0.0,0.0,0.0,0.10799909383058548
99,0.005661901086568832,0.005510684102773666,0.005352828651666641,0.005201119929552078,0.005189388990402222,0.005007140338420868,0.004829172044992447,0.0046117715537548065,0.004406515508890152,0.004245329648256302,0.004091367125511169,0.003928761929273605,0.003820545971393585,0.003633592277765274,0.0034694112837314606,0.003215271979570389,0.0029786676168441772,0.002755992114543915,0.0024928562343120575,0.0023072808980941772,0.0021299682557582855,0.0019495002925395966,0.0016927309334278107,0.0015129819512367249,0.00131215900182724,0.0011215731501579285,0.0008939392864704132,0.0006575286388397217,0.00041916966438293457,0.0001612342894077301,0.0,0.0,0.0,0.0,0.0,0.0,0.0,0.0,0.0,0.0,0.0,0.0,0.0,0.0,0.0,0.0,0.0,0.0,0.0,0.0,0.09456038475036621
100,0.01875065267086029,0.0055689737200737,0.005380053073167801,0.005257166922092438,0.005107033997774124,0.017970528453588486,0.004837747663259506,0.004627235233783722,0.004527386277914047,0.00426846370100975,0.0041049085557460785,0.0038655921816825867,0.0036626681685447693,0.0035876967012882233,0.003343295305967331,0.0030842088162899017,0.002956155687570572,0.015816722065210342,0.0025656595826148987,0.002343311905860901,0.0021474063396453857,0.0019239149987697601,0.001688878983259201,0.001506555825471878,0.0012939535081386566,0.0010910965502262115,0.0008348524570465088,0.0005669146776199341,0.00041788816452026367,0.00015824660658836365,0.0,0.0,0.0,0.0,0.0,0.0,0.0,0.0,0.0,0.0,0.0,0.0,0.0,0.0,0.0,0.0,0.0,0.0,0.0,0.0,0.13325516879558563

total time per move x,0.6283955983817577,0.5608792528510094,0.5458854548633099,0.5535262301564217,0.5290344394743443,0.5250369608402252,0.4829569049179554,0.5444293543696404,0.4704130031168461,0.44567086920142174,0.4279002323746681,0.42393651977181435,0.39314020797610283,0.3887235298752785,0.38124535977840424,0.35414497181773186,0.329525850713253,0.29710205271840096,0.2763834483921528,0.24327172338962555,0.24807237461209297,0.2398846372961998,0.17930424958467484,0.18281639739871025,0.13472101837396622,0.12414955347776413,0.10394127294421196,0.08134642988443375,0.045536547899246216,0.021946649998426437,0.0005861259996891022,0,0,0,0,0,0,0,0,0,0,0,0,0,0,0,0,0,0,0,10.16390722244978
average time per move x,0.006283955983817578,0.005608792528510094,0.005458854548633099,0.005535262301564216,0.005290344394743443,0.005250369608402253,0.004829569049179554,0.005444293543696403,0.004704130031168461,0.004456708692014217,0.004279002323746681,0.004239365197718143,0.003931402079761028,0.003887235298752785,0.0038124535977840423,0.0035414497181773187,0.00329525850713253,0.0029710205271840096,0.002763834483921528,0.0024327172338962557,0.0024807237461209296,0.002398846372961998,0.0017930424958467483,0.0018281639739871026,0.001347210183739662,0.0012414955347776412,0.0010394127294421195,0.0008134642988443375,0.0004553654789924622,0.00021946649998426436,0.00014653149992227554,nan,nan,nan,nan,nan,nan,nan,nan,nan,nan,nan,nan,nan,nan,nan,nan,nan,nan,nan,0.10163907222449779
std of time per move x,0.002567867043906054,9.560122483490672e-05,6.139876702643051e-05,0.0016018487178136175,0.0012999209890348872,0.0018395176460362583,6.893797144167601e-05,0.003073551449955937,0.0020987277456959493,0.00131102032684293,0.0013062430337646082,0.0019085873767486748,0.0013146674608373271,0.0018458780020297206,0.0022472311004319836,0.002227112364034095,0.0018518873575521367,0.0013024064253380242,0.0013201067037095465,0.00010537954840387325,0.001846215914848013,0.0022422009505492406,0.00010156287443206014,0.0018301890656827894,9.112255580526854e-05,0.0011146413021755925,0.0013149065041885935,0.0012949848857797595,6.277698094478368e-05,6.227974204729666e-05,1.608340129504525e-05,nan,nan,nan,nan,nan,nan,nan,nan,nan,nan,nan,nan,nan,nan,nan,nan,nan,nan,nan,0.011405589532262731
err of average time,0.00025678670439060536,9.560122483490672e-06,6.139876702643051e-06,0.00016018487178136174,0.00012999209890348872,0.00018395176460362582,6.893797144167601e-06,0.0003073551449955937,0.00020987277456959493,0.000131102032684293,0.0001306243033764608,0.00019085873767486747,0.00013146674608373272,0.00018458780020297205,0.00022472311004319837,0.0002227112364034095,0.00018518873575521367,0.00013024064253380242,0.00013201067037095466,1.0537954840387326e-05,0.0001846215914848013,0.00022422009505492407,1.0156287443206014e-05,0.00018301890656827893,9.112255580526854e-06,0.00011146413021755924,0.00013149065041885935,0.00012949848857797595,6.277698094478368e-06,6.227974204729666e-06,8.041700647522625e-06,nan,nan,nan,nan,nan,nan,nan,nan,nan,nan,nan,nan,nan,nan,nan,nan,nan,nan,nan,0.0011405589532262732
