Contains move time for player Gambler; opponent is MCTSRemMaxIter2
Colums refer to move number, rows to game number
game,1,2,3,4,5,6,7,8,9,10,11,12,13,14,15,16,17,18,19,20,21,22,23,24,25,26,27,28,29,30,31,32,33,34,35,36,37,38,39,40,41,42,43,44,45,46,47,48,49,50,total
1,0.0058427006006240845,0.005797196179628372,0.0055256858468055725,0.005357664078474045,0.005151525139808655,0.005011335015296936,0.004871279001235962,0.00475601851940155,0.004565022885799408,0.004417590796947479,0.004320342093706131,0.004000920802354813,0.0038605928421020508,0.0037619583308696747,0.003581557422876358,0.0033385269343852997,0.003135785460472107,0.002976778894662857,0.002729743719100952,0.0024603232741355896,0.0022756680846214294,0.0020807869732379913,0.0018963627517223358,0.0016667656600475311,0.001406647264957428,0.0011713355779647827,0.0009382851421833038,0.0007742047309875488,0.0005307644605636597,0.00028804317116737366,0.0,0.0,0.0,0.0,0.0,0.0,0.0,0.0,0.0,0.0,0.0,0.0,0.0,0.0,0.0,0.0,0.0,0.0,0.0,0.0,0.09849141165614128
2,0.005832593888044357,0.005654886364936829,0.005576040595769882,0.005395568907260895,0.005223963409662247,0.005068901926279068,0.004927162081003189,0.0047234222292900085,0.004477761685848236,0.004302799701690674,0.004113472998142242,0.003922048956155777,0.0037539824843406677,0.0035837776958942413,0.0033036358654499054,0.0032086148858070374,0.0029569044709205627,0.002833724021911621,0.002591785043478012,0.0024131909012794495,0.0022314004600048065,0.0019301585853099823,0.0017543509602546692,0.0015718303620815277,0.0013839714229106903,0.0011529140174388885,0.0008957535028457642,0.0007427074015140533,0.0005392692983150482,0.00028795748949050903,0.0,0.0,0.0,0.0,0.0,0.0,0.0,0.0,0.0,0.0,0.0,0.0,0.0,0.0,0.0,0.0,0.0,0.0,0.0,0.0,0.09635455161333084
3,0.005842775106430054,0.005683496594429016,0.005676653236150742,0.00542638823390007,0.0053100623190402985,0.005074597895145416,0.004876907914876938,0.004695899784564972,0.004491247236728668,0.004496097564697266,0.004227332770824432,0.004008393734693527,0.003925874829292297,0.00367080420255661,0.0034693703055381775,0.003263574093580246,0.0030032098293304443,0.0027812831103801727,0.0025866329669952393,0.002333562821149826,0.0021464675664901733,0.0020363517105579376,0.0017182789742946625,0.001489143818616867,0.0013293027877807617,0.001102793961763382,0.0009033456444740295,0.0007149912416934967,0.0004898533225059509,0.00026316940784454346,0.0,0.0,0.0,0.0,0.0,0.0,0.0,0.0,0.0,0.0,0.0,0.0,0.0,0.0,0.0,0.0,0.0,0.0,0.0,0.0,0.09703786298632622
4,0.005938425660133362,0.005645196884870529,0.005535978823900223,0.005479332059621811,0.005184963345527649,0.005155988037586212,0.004965342581272125,0.004747021943330765,0.004608806222677231,0.00444021075963974,0.0042085200548172,0.003988128155469894,0.0037883855402469635,0.0035525113344192505,0.0033617690205574036,0.0031524673104286194,0.0030132904648780823,0.002777557820081711,0.0026275329291820526,0.002411831170320511,0.002232898026704788,0.001980111002922058,0.0018233917653560638,0.0016366690397262573,0.0014174506068229675,0.0011565648019313812,0.0009293593466281891,0.0007337853312492371,0.0005044005811214447,0.0002863369882106781,0.0,0.0,0.0,0.0,0.0,0.0,0.0,0.0,0.0,0.0,0.0,0.0,0.0,0.0,0.0,0.0,0.0,0.0,0.0,0.0,0.0972842276096344
5,0.006619617342948914,0.005680065602064133,0.005519289523363113,0.005396857857704163,0.01734830066561699,0.005040224641561508,0.00495365634560585,0.004736233502626419,0.0046388208866119385,0.00442085787653923,0.0043242014944553375,0.004082757979631424,0.00388399139046669,0.0037989914417266846,0.0035571828484535217,0.00336490198969841,0.0030969977378845215,0.002952728420495987,0.002781704068183899,0.0026307404041290283,0.002385541796684265,0.0021608732640743256,0.0019496679306030273,0.0017211250960826874,0.0014316104352474213,0.0011511854827404022,0.0009338222444057465,0.0007667765021324158,0.0005439892411231995,0.0002866983413696289,0.0,0.0,0.0,0.0,0.0,0.0,0.0,0.0,0.0,0.0,0.0,0.0,0.0,0.0,0.0,0.0,0.0,0.0,0.0,0.0,0.11215941235423088
6,0.0057156868278980255,0.00559726357460022,0.0054696351289749146,0.005348861217498779,0.005251321941614151,0.005105249583721161,0.005034677684307098,0.004892945289611816,0.004626493901014328,0.004466641694307327,0.004299383610486984,0.0041206032037734985,0.0038642175495624542,0.0036597028374671936,0.0034640952944755554,0.003229539841413498,0.0029825493693351746,0.015904370695352554,0.002647761255502701,0.0025049932301044464,0.0023015886545181274,0.002041395753622055,0.0017778761684894562,0.0015435703098773956,0.0013379491865634918,0.0011075250804424286,0.0008905231952667236,0.0006816871464252472,0.000445730984210968,0.00016875192523002625,0.0,0.0,0.0,0.0,0.0,0.0,0.0,0.0,0.0,0.0,0.0,0.0,0.0,0.0,0.0,0.0,0.0,0.0,0.0,0.0,0.1104825921356678
7,0.005658164620399475,0.005608394742012024,0.00547466054558754,0.005368858575820923,0.005143750458955765,0.005028057843446732,0.004816804081201553,0.004629373550415039,0.004390310496091843,0.004277221858501434,0.01710643246769905,0.0039463043212890625,0.0037404075264930725,0.003548871725797653,0.0033820271492004395,0.003201279789209366,0.0030363798141479492,0.0028467662632465363,0.0026102811098098755,0.0023622624576091766,0.0021539926528930664,0.001975834369659424,0.0017534680664539337,0.0015049576759338379,0.0014210455119609833,0.001185588538646698,0.0009288527071475983,0.000684790313243866,0.00044705718755722046,0.0001681298017501831,0.0,0.0,0.0,0.0,0.0,0.0,0.0,0.0,0.0,0.0,0.0,0.0,0.0,0.0,0.0,0.0,0.0,0.0,0.0,0.0,0.10840032622218132
8,0.0057141222059726715,0.005617406219244003,0.005443517118692398,0.005267597734928131,0.005083587020635605,0.004961717873811722,0.0178549624979496,0.004779107868671417,0.004632081836462021,0.004459325224161148,0.004175271838903427,0.004058551043272018,0.003884289413690567,0.0036618895828723907,0.003541812300682068,0.003307480365037918,0.003039926290512085,0.0028648972511291504,0.0026522353291511536,0.0025038011372089386,0.0023221075534820557,0.002109792083501816,0.0018545016646385193,0.001678232103586197,0.004601620137691498,0.0012870058417320251,0.001057300716638565,0.0007906407117843628,0.0004663504660129547,0.00026992708444595337,0.0,0.0,0.0,0.0,0.0,0.0,0.0,0.0,0.0,0.0,0.0,0.0,0.0,0.0,0.0,0.0,0.0,0.0,0.0,0.0,0.11394105851650238
9,0.005772087723016739,0.005657944828271866,0.005462009459733963,0.005369335412979126,0.005193449556827545,0.01747279241681099,0.004970293492078781,0.00477851927280426,0.004564192146062851,0.017371252179145813,0.004109732806682587,0.003877691924571991,0.0037547051906585693,0.0035005472600460052,0.0034113526344299316,0.0032538026571273804,0.0032168887555599213,0.003056410700082779,0.0027854442596435547,0.0025436431169509888,0.0023288242518901825,0.002042129635810852,0.0017625242471694946,0.0015001967549324036,0.0012915059924125671,0.0010703615844249725,0.0008385144174098969,0.0006416179239749908,0.00041199102997779846,0.00016044452786445618,0.0,0.0,0.0,0.0,0.0,0.0,0.0,0.0,0.0,0.0,0.0,0.0,0.0,0.0,0.0,0.0,0.0,0.0,0.0,0.0,0.12217020615935326
10,0.005693621933460236,0.005602717399597168,0.005535181611776352,0.0054239630699157715,0.005175057798624039,0.0049912333488464355,0.004836775362491608,0.004623580724000931,0.004516541957855225,0.0044408030807971954,0.004138413816690445,0.004037767648696899,0.0038006491959095,0.003649633377790451,0.003476198762655258,0.003259703516960144,0.0031213387846946716,0.002924654632806778,0.00272967666387558,0.0024364106357097626,0.0021949559450149536,0.0020954012870788574,0.0018093772232532501,0.0016612894833087921,0.0013500787317752838,0.0010692812502384186,0.0008499585092067719,0.0006069131195545197,0.0003697983920574188,0.00016430392861366272,0.0,0.0,0.0,0.0,0.0,0.0,0.0,0.0,0.0,0.0,0.0,0.0,0.0,0.0,0.0,0.0,0.0,0.0,0.0,0.0,0.09658528119325638
11,0.005891125649213791,0.005718067288398743,0.005581412464380264,0.0054214634001255035,0.005245815962553024,0.0052001625299453735,0.004994399845600128,0.004795253276824951,0.004552677273750305,0.004446331411600113,0.004383012652397156,0.00416458398103714,0.003982149064540863,0.003774929791688919,0.003586091101169586,0.0032756775617599487,0.0031710006296634674,0.0029743872582912445,0.002742234617471695,0.0025152750313282013,0.002358078956604004,0.0020995736122131348,0.0018825940787792206,0.001625053584575653,0.0013700015842914581,0.0012120679020881653,0.0009670928120613098,0.0007228106260299683,0.0005173683166503906,0.0002906918525695801,0.0,0.0,0.0,0.0,0.0,0.0,0.0,0.0,0.0,0.0,0.0,0.0,0.0,0.0,0.0,0.0,0.0,0.0,0.0,0.0,0.0994613841176033
12,0.005851276218891144,0.005671963095664978,0.005554273724555969,0.005307018756866455,0.0052453503012657166,0.005029462277889252,0.004950385540723801,0.004753395915031433,0.0046454668045043945,0.004546049982309341,0.004294499754905701,0.0041463375091552734,0.0038862116634845734,0.003696434199810028,0.00356191024184227,0.003421653062105179,0.016179390251636505,0.002960558980703354,0.0027522146701812744,0.002666328102350235,0.0023240596055984497,0.00206926092505455,0.002004142850637436,0.001712009310722351,0.0014822781085968018,0.0012044012546539307,0.000974513590335846,0.0007535330951213837,0.0005498267710208893,0.0003022104501724243,0.0,0.0,0.0,0.0,0.0,0.0,0.0,0.0,0.0,0.0,0.0,0.0,0.0,0.0,0.0,0.0,0.0,0.0,0.0,0.0,0.11249641701579094
13,0.005871769040822983,0.005652137100696564,0.005549512803554535,0.005318325012922287,0.005235828459262848,0.005100779235363007,0.005013506859540939,0.004784844815731049,0.004638265818357468,0.004402555525302887,0.004205390810966492,0.0040185414254665375,0.00390046089887619,0.003739863634109497,0.0035037025809288025,0.0032334215939044952,0.0031113922595977783,0.002907227724790573,0.0026905089616775513,0.002547111362218857,0.0023250579833984375,0.002081573009490967,0.0018524713814258575,0.0016179345548152924,0.0014748461544513702,0.001173604279756546,0.0009194202721118927,0.0007219985127449036,0.0005127452313899994,0.00029597803950309753,0.0,0.0,0.0,0.0,0.0,0.0,0.0,0.0,0.0,0.0,0.0,0.0,0.0,0.0,0.0,0.0,0.0,0.0,0.0,0.0,0.0984007753431797
14,0.005854614078998566,0.0057463496923446655,0.005480460822582245,0.00535937026143074,0.00526021420955658,0.005007602274417877,0.004948660731315613,0.004739239811897278,0.00465765967965126,0.00442834198474884,0.004314631223678589,0.004103291779756546,0.003913000226020813,0.0036790743470191956,0.003410637378692627,0.0032354332506656647,0.003130342811346054,0.0028340406715869904,0.0026344917714595795,0.002397000789642334,0.002223089337348938,0.002034369856119156,0.0017890147864818573,0.0015839599072933197,0.0014288648962974548,0.0011998005211353302,0.000959303230047226,0.0007605068385601044,0.0005037263035774231,0.0002653449773788452,0.0,0.0,0.0,0.0,0.0,0.0,0.0,0.0,0.0,0.0,0.0,0.0,0.0,0.0,0.0,0.0,0.0,0.0,0.0,0.0,0.09788243845105171
15,0.005867570638656616,0.005712788552045822,0.00552629679441452,0.005399860441684723,0.005226802080869675,0.0051204971969127655,0.004816040396690369,0.004781410098075867,0.004532318562269211,0.004410609602928162,0.004220727831125259,0.00406259298324585,0.003832172602415085,0.0037417151033878326,0.003562934696674347,0.0034434758126735687,0.003212161362171173,0.0030226372182369232,0.002789713442325592,0.00250982865691185,0.0023335590958595276,0.002141810953617096,0.0019405186176300049,0.0016900263726711273,0.0014382489025592804,0.0012029632925987244,0.0010034553706645966,0.0007612556219100952,0.0005410611629486084,0.0002648495137691498,0.0,0.0,0.0,0.0,0.0,0.0,0.0,0.0,0.0,0.0,0.0,0.0,0.0,0.0,0.0,0.0,0.0,0.0,0.0,0.0,0.09910990297794342
16,0.005742669105529785,0.005622386932373047,0.005369395017623901,0.005392830818891525,0.005175165832042694,0.005011294037103653,0.004935469478368759,0.004653893411159515,0.004524286836385727,0.00438348576426506,0.004181582480669022,0.0039166733622550964,0.003842458128929138,0.0035493038594722748,0.0033590272068977356,0.0031270459294319153,0.0028404518961906433,0.0026810280978679657,0.002430364489555359,0.0022936053574085236,0.002054944634437561,0.0017957277595996857,0.0015777871012687683,0.0013803131878376007,0.0011977627873420715,0.0010040737688541412,0.0007839500904083252,0.0005659610033035278,0.00036093592643737793,0.00017455965280532837,0.0,0.0,0.0,0.0,0.0,0.0,0.0,0.0,0.0,0.0,0.0,0.0,0.0,0.0,0.0,0.0,0.0,0.0,0.0,0.0,0.09392843395471573
17,0.005736023187637329,0.0056255534291267395,0.005531739443540573,0.005356967449188232,0.005297008901834488,0.005056343972682953,0.004905283451080322,0.004701666533946991,0.004488587379455566,0.004362229257822037,0.004258096218109131,0.004069291055202484,0.003871265798807144,0.0037006624042987823,0.0034895874559879303,0.0031475387513637543,0.002948146313428879,0.0027989447116851807,0.0025480277836322784,0.0024514533579349518,0.0022305436432361603,0.0021020174026489258,0.0018288865685462952,0.001566864550113678,0.0012954846024513245,0.0010751821100711823,0.0008632130920886993,0.0006421245634555817,0.00041591376066207886,0.00015855953097343445,0.0,0.0,0.0,0.0,0.0,0.0,0.0,0.0,0.0,0.0,0.0,0.0,0.0,0.0,0.0,0.0,0.0,0.0,0.0,0.0,0.09652320668101311
18,0.005728229880332947,0.005636908113956451,0.005453344434499741,0.005257200449705124,0.005136750638484955,0.0049579329788684845,0.004928383976221085,0.004617635160684586,0.004484143108129501,0.0043211430311203,0.004209432750940323,0.004015445709228516,0.003906168043613434,0.0037344470620155334,0.0035937055945396423,0.0032276250422000885,0.0030471980571746826,0.0029621385037899017,0.002745736390352249,0.0024702101945877075,0.002321820706129074,0.002018168568611145,0.0018350929021835327,0.0015764571726322174,0.0013295002281665802,0.0011131800711154938,0.0008843131363391876,0.0006208233535289764,0.0004367344081401825,0.000154886394739151,0.0,0.0,0.0,0.0,0.0,0.0,0.0,0.0,0.0,0.0,0.0,0.0,0.0,0.0,0.0,0.0,0.0,0.0,0.0,0.0,0.09672475606203079
19,0.005713745951652527,0.0056076571345329285,0.005492947995662689,0.005371220409870148,0.005249034613370895,0.005076400935649872,0.004826493561267853,0.0047507137060165405,0.004544001072645187,0.004315953701734543,0.004268359392881393,0.004009421914815903,0.0038657113909721375,0.0036049261689186096,0.0034085214138031006,0.0031861774623394012,0.0029137134552001953,0.0027192123234272003,0.0025519952178001404,0.0022669844329357147,0.0020993873476982117,0.0018339306116104126,0.0016455836594104767,0.00147198885679245,0.001257140189409256,0.0010478943586349487,0.0008159279823303223,0.000627029687166214,0.00040012970566749573,0.00017112493515014648,0.0,0.0,0.0,0.0,0.0,0.0,0.0,0.0,0.0,0.0,0.0,0.0,0.0,0.0,0.0,0.0,0.0,0.0,0.0,0.0,0.09511332958936691
20,0.0057305507361888885,0.005638986825942993,0.0054275281727313995,0.005275975912809372,0.0051180459558963776,0.005064718425273895,0.004860728979110718,0.0047734640538692474,0.004646457731723785,0.004417970776557922,0.004179742187261581,0.004139889031648636,0.003995947539806366,0.003808189183473587,0.0035893097519874573,0.003438640385866165,0.0032285302877426147,0.0030325017869472504,0.0027460232377052307,0.002582896500825882,0.002380847930908203,0.002152431756258011,0.001908678561449051,0.0016038231551647186,0.0013924427330493927,0.0011563971638679504,0.000871799886226654,0.0006629861891269684,0.0004364103078842163,0.0001590624451637268,0.0,0.0,0.0,0.0,0.0,0.0,0.0,0.0,0.0,0.0,0.0,0.0,0.0,0.0,0.0,0.0,0.0,0.0,0.0,0.0,0.09842097759246826
21,0.005907256156206131,0.005674500018358231,0.005569625645875931,0.005508784204721451,0.005237836390733719,0.005111683160066605,0.00500158965587616,0.0046662092208862305,0.00455348938703537,0.0044120438396930695,0.0042333342134952545,0.00410836935043335,0.003972284495830536,0.003659166395664215,0.003493640571832657,0.003240153193473816,0.0030980296432971954,0.0028859227895736694,0.00263073667883873,0.002419058233499527,0.0021933838725090027,0.002047192305326462,0.0018396861851215363,0.0016162656247615814,0.0013990439474582672,0.0012131966650485992,0.0009589269757270813,0.0007249787449836731,0.00047700852155685425,0.0002643950283527374,0.0,0.0,0.0,0.0,0.0,0.0,0.0,0.0,0.0,0.0,0.0,0.0,0.0,0.0,0.0,0.0,0.0,0.0,0.0,0.0,0.09811779111623764
22,0.005849819630384445,0.005681641399860382,0.005560830235481262,0.005420669913291931,0.005176614969968796,0.005110554397106171,0.00489436462521553,0.0047333016991615295,0.004662185907363892,0.004442974925041199,0.0042457133531570435,0.004150688648223877,0.0038541220128536224,0.003624923527240753,0.0034254789352416992,0.003307569772005081,0.0031455159187316895,0.0029532872140407562,0.0027172788977622986,0.002510916441679001,0.0022881217300891876,0.0020727142691612244,0.001811932772397995,0.0016113929450511932,0.0014958269894123077,0.001246664673089981,0.0010232552886009216,0.0007707551121711731,0.0005434565246105194,0.0002699531614780426,0.0,0.0,0.0,0.0,0.0,0.0,0.0,0.0,0.0,0.0,0.0,0.0,0.0,0.0,0.0,0.0,0.0,0.0,0.0,0.0,0.0986025258898735
23,0.005856320261955261,0.005739118903875351,0.005511291325092316,0.00547424703836441,0.005247902125120163,0.005127128213644028,0.004875544458627701,0.004759009927511215,0.004529200494289398,0.004379164427518845,0.00421394407749176,0.00392691045999527,0.0037559084594249725,0.003675442188978195,0.0034971535205841064,0.0031578317284584045,0.002927131950855255,0.002679392695426941,0.002493329346179962,0.002282537519931793,0.0020749270915985107,0.0019981414079666138,0.001820579171180725,0.0016419924795627594,0.001408066600561142,0.0012885630130767822,0.001016460359096527,0.0007769651710987091,0.0005356371402740479,0.0002971254289150238,0.0,0.0,0.0,0.0,0.0,0.0,0.0,0.0,0.0,0.0,0.0,0.0,0.0,0.0,0.0,0.0,0.0,0.0,0.0,0.0,0.09696696698665619
24,0.005879342555999756,0.005690503865480423,0.0055923424661159515,0.005377274006605148,0.005248222500085831,0.0051339901983737946,0.005084231495857239,0.004770129919052124,0.004586230963468552,0.004516635090112686,0.004240807145833969,0.004092160612344742,0.003988828510046005,0.003689967095851898,0.00347243994474411,0.003361206501722336,0.003189854323863983,0.002923041582107544,0.0028070397675037384,0.0025031231343746185,0.002209797501564026,0.0019540488719940186,0.0017545856535434723,0.001609012484550476,0.0014516934752464294,0.0012094974517822266,0.0010221637785434723,0.0008231066167354584,0.0005631707608699799,0.0003049485385417938,0.0,0.0,0.0,0.0,0.0,0.0,0.0,0.0,0.0,0.0,0.0,0.0,0.0,0.0,0.0,0.0,0.0,0.0,0.0,0.0,0.0990493968129158
25,0.005867931991815567,0.00570368766784668,0.0054642632603645325,0.005379624664783478,0.005218040198087692,0.005201954394578934,0.004976559430360794,0.004687473177909851,0.004538271576166153,0.004339132457971573,0.004183385521173477,0.004057303071022034,0.0038905106484889984,0.01669441908597946,0.0035489462316036224,0.0037560053169727325,0.003184705972671509,0.0029059387743473053,0.002671174705028534,0.002388209104537964,0.002227265387773514,0.0020340420305728912,0.001784544438123703,0.0016369447112083435,0.0014461912214756012,0.0012056864798069,0.0009383261203765869,0.000751592218875885,0.0005584433674812317,0.0003022812306880951,0.0,0.0,0.0,0.0,0.0,0.0,0.0,0.0,0.0,0.0,0.0,0.0,0.0,0.0,0.0,0.0,0.0,0.0,0.0,0.0,0.11154285445809364
26,0.005700360983610153,0.005471277981996536,0.005431443452835083,0.005249503999948502,0.005183488130569458,0.005009178072214127,0.004757121205329895,0.004652820527553558,0.004434578120708466,0.004216350615024567,0.004063069820404053,0.003971502184867859,0.0036841854453086853,0.00353182852268219,0.0033305510878562927,0.0031119659543037415,0.002954035997390747,0.002894047647714615,0.002546340227127075,0.0023439712822437286,0.0021495483815670013,0.0019845589995384216,0.001753099262714386,0.0014632642269134521,0.001233905553817749,0.0009977854788303375,0.0008323788642883301,0.0006887391209602356,0.0004475787281990051,0.0001629851758480072,0.0,0.0,0.0,0.0,0.0,0.0,0.0,0.0,0.0,0.0,0.0,0.0,0.0,0.0,0.0,0.0,0.0,0.0,0.0,0.0,0.09425146505236626
27,0.0056994035840034485,0.005549732595682144,0.005452342331409454,0.0051965974271297455,0.005152855068445206,0.004886183887720108,0.004758983850479126,0.004625141620635986,0.004360530525445938,0.00421745702624321,0.00405038520693779,0.003859087824821472,0.0037347152829170227,0.003596823662519455,0.003407079726457596,0.0031591132283210754,0.0030310973525047302,0.00285160169005394,0.002614568918943405,0.002402130514383316,0.0022399909794330597,0.00203096866607666,0.0018052831292152405,0.0014738403260707855,0.0012465417385101318,0.0009969621896743774,0.0008291862905025482,0.0006159953773021698,0.00040681660175323486,0.0001740865409374237,0.0,0.0,0.0,0.0,0.0,0.0,0.0,0.0,0.0,0.0,0.0,0.0,0.0,0.0,0.0,0.0,0.0,0.0,0.0,0.0,0.0944255031645298
28,0.005637574940919876,0.005559399724006653,0.005438327789306641,0.00531073659658432,0.0051197633147239685,0.004855722188949585,0.004783120006322861,0.004673909395933151,0.0044491104781627655,0.00427139550447464,0.003954038023948669,0.003783751279115677,0.0036706365644931793,0.003408081829547882,0.003433261066675186,0.003229863941669464,0.0031102485954761505,0.0029029473662376404,0.0027069635689258575,0.0024301446974277496,0.0022723115980625153,0.0020339488983154297,0.0018382109701633453,0.001584809273481369,0.0014061369001865387,0.0011290162801742554,0.0008641593158245087,0.0006075538694858551,0.000421229749917984,0.0001661740243434906,0.0,0.0,0.0,0.0,0.0,0.0,0.0,0.0,0.0,0.0,0.0,0.0,0.0,0.0,0.0,0.0,0.0,0.0,0.0,0.0,0.09505254775285721
29,0.005634646862745285,0.005505383014678955,0.005376763641834259,0.0052770934998989105,0.00511617586016655,0.004949595779180527,0.00473988801240921,0.017575718462467194,0.004367992281913757,0.004027329385280609,0.00397404283285141,0.0038151852786540985,0.0037098079919815063,0.00348060205578804,0.0034363307058811188,0.0033273138105869293,0.0030473843216896057,0.0028954558074474335,0.0026732124388217926,0.002438824623823166,0.00225275382399559,0.001994393765926361,0.0018153078854084015,0.0014696866273880005,0.0013951919972896576,0.0011691935360431671,0.0010320879518985748,0.000773899257183075,0.0005330629646778107,0.00029182806611061096,0.0,0.0,0.0,0.0,0.0,0.0,0.0,0.0,0.0,0.0,0.0,0.0,0.0,0.0,0.0,0.0,0.0,0.0,0.0,0.0,0.1080961525440216
30,0.0056528933346271515,0.0055334605276584625,0.005400694906711578,0.0053234100341796875,0.005167845636606216,0.004989873617887497,0.004748385399580002,0.004692930728197098,0.004531335085630417,0.004359249025583267,0.0041966550052165985,0.004002667963504791,0.0037383176386356354,0.0035239607095718384,0.003427065908908844,0.003256920725107193,0.0030144378542900085,0.002903532236814499,0.002723708748817444,0.0024575218558311462,0.002184499055147171,0.0020401328802108765,0.001878637820482254,0.007703866809606552,0.0014421828091144562,0.0011701695621013641,0.0009113848209381104,0.0006836988031864166,0.00043989717960357666,0.00016201287508010864,0.0,0.0,0.0,0.0,0.0,0.0,0.0,0.0,0.0,0.0,0.0,0.0,0.0,0.0,0.0,0.0,0.0,0.0,0.0,0.0,0.10226134955883026
31,0.0058016665279865265,0.005637910217046738,0.005521349608898163,0.00538286566734314,0.005167771130800247,0.005203448235988617,0.004990842193365097,0.0047471895813941956,0.004670929163694382,0.004525717347860336,0.004358105361461639,0.004118822515010834,0.003918562084436417,0.0038198716938495636,0.003641907125711441,0.0034651122987270355,0.003063451498746872,0.0028915219008922577,0.0025910548865795135,0.0023405812680721283,0.00212816521525383,0.0019492283463478088,0.001789592206478119,0.0016024932265281677,0.0013740770518779755,0.00115179643034935,0.0009980127215385437,0.0007508695125579834,0.0005302317440509796,0.0002953559160232544,0.0,0.0,0.0,0.0,0.0,0.0,0.0,0.0,0.0,0.0,0.0,0.0,0.0,0.0,0.0,0.0,0.0,0.0,0.0,0.0,0.09842850267887115
32,0.005778364837169647,0.005653750151395798,0.0054295361042022705,0.00536993145942688,0.0052002668380737305,0.005045775324106216,0.0048488713800907135,0.004768393933773041,0.004658069461584091,0.004427898675203323,0.004259143024682999,0.004110846668481827,0.003928318619728088,0.003687579184770584,0.0035440921783447266,0.0033029168844223022,0.0031668804585933685,0.0029491744935512543,0.0027867406606674194,0.00257008895277977,0.002427615225315094,0.0021906085312366486,0.001930098980665207,0.0016242899000644684,0.0013468116521835327,0.0011683180928230286,0.0009601153433322906,0.0007235966622829437,0.0005175285041332245,0.00028432905673980713,0.0,0.0,0.0,0.0,0.0,0.0,0.0,0.0,0.0,0.0,0.0,0.0,0.0,0.0,0.0,0.0,0.0,0.0,0.0,0.0,0.0986599512398243
33,0.005794446915388107,0.005607005208730698,0.005555570125579834,0.005362570285797119,0.00518176332116127,0.004972126334905624,0.004818681627511978,0.004686843603849411,0.004518311470746994,0.0042293742299079895,0.004121527075767517,0.003972135484218597,0.003794953227043152,0.003646891564130783,0.003412194550037384,0.016209527850151062,0.003038991242647171,0.0028449520468711853,0.0026897117495536804,0.002512112259864807,0.0023345984518527985,0.002017062157392502,0.001837708055973053,0.0016045160591602325,0.001402728259563446,0.0012030191719532013,0.0009336993098258972,0.0007511377334594727,0.0005111992359161377,0.0002791360020637512,0.0,0.0,0.0,0.0,0.0,0.0,0.0,0.0,0.0,0.0,0.0,0.0,0.0,0.0,0.0,0.0,0.0,0.0,0.0,0.0,0.10984449461102486
34,0.005804970860481262,0.0056183822453022,0.005567830055952072,0.005336359143257141,0.005218736827373505,0.005075342953205109,0.004951894283294678,0.004641082137823105,0.004555307328701019,0.004307977855205536,0.004093673080205917,0.003989994525909424,0.003836657851934433,0.003668062388896942,0.003497101366519928,0.003395918756723404,0.0031802132725715637,0.003013037145137787,0.002858288586139679,0.0026181116700172424,0.002419501543045044,0.002214249223470688,0.002006538212299347,0.0017687417566776276,0.0014556236565113068,0.0012006647884845734,0.0009531304240226746,0.000744897872209549,0.0005315132439136505,0.000261843204498291,0.0,0.0,0.0,0.0,0.0,0.0,0.0,0.0,0.0,0.0,0.0,0.0,0.0,0.0,0.0,0.0,0.0,0.0,0.0,0.0,0.0987856462597847
35,0.0058012306690216064,0.005651161074638367,0.005448572337627411,0.005359485745429993,0.005170267075300217,0.005008481442928314,0.004789143800735474,0.00468028336763382,0.004601325839757919,0.004365615546703339,0.004190593957901001,0.004026766866445541,0.003784686326980591,0.003616008907556534,0.0034672021865844727,0.003279518336057663,0.0030735693871974945,0.002872806042432785,0.0026952847838401794,0.0025395341217517853,0.0023354068398475647,0.0020763948559761047,0.0017839595675468445,0.0015991851687431335,0.0013840608298778534,0.0011818371713161469,0.000979732722043991,0.000759318470954895,0.0005623772740364075,0.0002837739884853363,0.0,0.0,0.0,0.0,0.0,0.0,0.0,0.0,0.0,0.0,0.0,0.0,0.0,0.0,0.0,0.0,0.0,0.0,0.0,0.0,0.09736758470535278
36,0.005655314773321152,0.00551808625459671,0.005432147532701492,0.00534435361623764,0.005230549722909927,0.004916023463010788,0.004824332892894745,0.004643432796001434,0.004510950297117233,0.004339341074228287,0.004161376506090164,0.0039474815130233765,0.004074539989233017,0.0037215575575828552,0.0035113170742988586,0.0032655075192451477,0.003091096878051758,0.0030441470444202423,0.0026515983045101166,0.002463594079017639,0.0021939240396022797,0.0019305162131786346,0.0016642957925796509,0.0014258287847042084,0.0012470260262489319,0.001091551035642624,0.0008521229028701782,0.0006929934024810791,0.0004384070634841919,0.00015358254313468933,0.0,0.0,0.0,0.0,0.0,0.0,0.0,0.0,0.0,0.0,0.0,0.0,0.0,0.0,0.0,0.0,0.0,0.0,0.0,0.0,0.09603699669241905
37,0.005729198455810547,0.005528956651687622,0.005355771631002426,0.0052751898765563965,0.005174536257982254,0.004986818879842758,0.00470743328332901,0.017598219215869904,0.004466794431209564,0.004312843084335327,0.004209455102682114,0.004070509225130081,0.0038352347910404205,0.0036883726716041565,0.0034965649247169495,0.003228515386581421,0.003075636923313141,0.0027742572128772736,0.0025538764894008636,0.0023863352835178375,0.0021689757704734802,0.002031218260526657,0.0017956346273422241,0.0016193315386772156,0.0013998709619045258,0.0011185966432094574,0.0008935369551181793,0.0006189271807670593,0.0004459582269191742,0.00016544759273529053,0.0,0.0,0.0,0.0,0.0,0.0,0.0,0.0,0.0,0.0,0.0,0.0,0.0,0.0,0.0,0.0,0.0,0.0,0.0,0.0,0.10871201753616333
38,0.0056847743690013885,0.005566023290157318,0.005455676466226578,0.0053517818450927734,0.005254641175270081,0.004964970052242279,0.004929069429636002,0.004634406417608261,0.004490453749895096,0.004289709031581879,0.004177626222372055,0.003937818109989166,0.0036726929247379303,0.003537870943546295,0.0032346807420253754,0.0029648244380950928,0.0027319565415382385,0.0025975145399570465,0.0022999681532382965,0.002118922770023346,0.0019425563514232635,0.0017851106822490692,0.0016733333468437195,0.0013865046203136444,0.0012470148503780365,0.0010086968541145325,0.0007751286029815674,0.0006056688725948334,0.00042546913027763367,0.00016095861792564392,0.0,0.0,0.0,0.0,0.0,0.0,0.0,0.0,0.0,0.0,0.0,0.0,0.0,0.0,0.0,0.0,0.0,0.0,0.0,0.0,0.09290582314133644
39,0.005661647766828537,0.00557873398065567,0.0054121240973472595,0.00532250851392746,0.005158185958862305,0.004989411681890488,0.004849202930927277,0.004535563290119171,0.004484929144382477,0.004276830703020096,0.004041392356157303,0.003974191844463348,0.003869708627462387,0.0036314278841018677,0.0034626685082912445,0.0032057911157608032,0.003029465675354004,0.002801615744829178,0.002627037465572357,0.0025423914194107056,0.0022368766367435455,0.00208861380815506,0.0018839165568351746,0.001680668443441391,0.001418881118297577,0.0011277571320533752,0.0009030848741531372,0.0006718151271343231,0.0004126355051994324,0.00016504526138305664,0.0,0.0,0.0,0.0,0.0,0.0,0.0,0.0,0.0,0.0,0.0,0.0,0.0,0.0,0.0,0.0,0.0,0.0,0.0,0.0,0.09604412317276001
40,0.005673721432685852,0.005523942410945892,0.005396634340286255,0.005223322659730911,0.0049235522747039795,0.004896998405456543,0.004667360335588455,0.0045437291264534,0.00440298393368721,0.004252959042787552,0.0040225014090538025,0.003818850964307785,0.003761421889066696,0.0034613199532032013,0.003234393894672394,0.0030181631445884705,0.0028663016855716705,0.0026767775416374207,0.002479769289493561,0.002302158623933792,0.002012483775615692,0.0017686784267425537,0.0016522109508514404,0.0014967955648899078,0.0013749487698078156,0.0010878518223762512,0.0008418038487434387,0.0006127357482910156,0.00036038458347320557,0.00016095861792564392,0.0,0.0,0.0,0.0,0.0,0.0,0.0,0.0,0.0,0.0,0.0,0.0,0.0,0.0,0.0,0.0,0.0,0.0,0.0,0.0,0.09251571446657181
41,0.005821757018566132,0.005654912441968918,0.005564350634813309,0.005409903824329376,0.005213581025600433,0.005070578306913376,0.0048735179007053375,0.004681117832660675,0.006923649460077286,0.004385951906442642,0.004129983484745026,0.003967445343732834,0.003742530941963196,0.0036552809178829193,0.0034094639122486115,0.003188289701938629,0.0030475519597530365,0.0027594640851020813,0.0026374906301498413,0.002370733767747879,0.002246871590614319,0.00211387500166893,0.0018670372664928436,0.0016795210540294647,0.0014623068273067474,0.001264568418264389,0.0009864717721939087,0.0007436834275722504,0.0005232654511928558,0.00027382001280784607,0.0,0.0,0.0,0.0,0.0,0.0,0.0,0.0,0.0,0.0,0.0,0.0,0.0,0.0,0.0,0.0,0.0,0.0,0.0,0.0,0.09966897591948509
42,0.005805511027574539,0.005595821887254715,0.00545869767665863,0.005283862352371216,0.005475625395774841,0.005081649869680405,0.004911042749881744,0.004710648208856583,0.00456586480140686,0.004420466721057892,0.0042310915887355804,0.004030872136354446,0.0038558878004550934,0.0037359856069087982,0.003570832312107086,0.003274887800216675,0.003062549978494644,0.002789415419101715,0.0026018209755420685,0.0024573691189289093,0.002311859279870987,0.0020341426134109497,0.001835789531469345,0.0016671940684318542,0.001489739865064621,0.001279190182685852,0.0010356418788433075,0.0007696375250816345,0.0005543306469917297,0.0002864040434360504,0.0,0.0,0.0,0.0,0.0,0.0,0.0,0.0,0.0,0.0,0.0,0.0,0.0,0.0,0.0,0.0,0.0,0.0,0.0,0.0,0.09818383306264877
43,0.005861073732376099,0.005774203687906265,0.005529183894395828,0.005288708955049515,0.005118940025568008,0.004877626895904541,0.00477224588394165,0.004724659025669098,0.004457060247659683,0.004257082939147949,0.004200242459774017,0.004002563655376434,0.0037751346826553345,0.003636009991168976,0.0034791454672813416,0.003212571144104004,0.003051251173019409,0.002974908798933029,0.0027749575674533844,0.002512257546186447,0.00223425030708313,0.0020461566746234894,0.00183781236410141,0.0016342848539352417,0.0014837086200714111,0.0011748932301998138,0.0009385198354721069,0.0007776953279972076,0.0005286559462547302,0.00029654428362846375,0.0,0.0,0.0,0.0,0.0,0.0,0.0,0.0,0.0,0.0,0.0,0.0,0.0,0.0,0.0,0.0,0.0,0.0,0.0,0.0,0.09723234921693802
44,0.005808886140584946,0.00562642514705658,0.005480889230966568,0.005262602120637894,0.005227085202932358,0.004988189786672592,0.004804898053407669,0.00465962290763855,0.004420645534992218,0.004301365464925766,0.004101559519767761,0.0039054714143276215,0.0037629567086696625,0.0037095285952091217,0.003666672855615616,0.003327522426843643,0.0030082352459430695,0.0028150007128715515,0.0026855021715164185,0.0024723708629608154,0.0022401511669158936,0.0020223259925842285,0.0018233172595500946,0.001584123820066452,0.0013511516153812408,0.0011070333421230316,0.000917438417673111,0.0007263831794261932,0.0005250871181488037,0.0002876296639442444,0.0,0.0,0.0,0.0,0.0,0.0,0.0,0.0,0.0,0.0,0.0,0.0,0.0,0.0,0.0,0.0,0.0,0.0,0.0,0.0,0.09662007167935371
45,0.005799632519483566,0.005628988146781921,0.0054669976234436035,0.005298100411891937,0.005203712731599808,0.005076844245195389,0.0049710460007190704,0.004913609474897385,0.004720408469438553,0.004431229084730148,0.004255745559930801,0.004022039473056793,0.003731321543455124,0.0035874731838703156,0.0034466534852981567,0.003303609788417816,0.0029294900596141815,0.002805955708026886,0.0026239417493343353,0.0024468712508678436,0.0022654570639133453,0.0021235421299934387,0.0018607154488563538,0.0016751587390899658,0.0014588870108127594,0.001275479793548584,0.0010340698063373566,0.0007641874253749847,0.0005480870604515076,0.00027209147810935974,0.0,0.0,0.0,0.0,0.0,0.0,0.0,0.0,0.0,0.0,0.0,0.0,0.0,0.0,0.0,0.0,0.0,0.0,0.0,0.0,0.09794134646654129
46,0.005709517747163773,0.005628455430269241,0.0055002085864543915,0.005319107323884964,0.005107291042804718,0.0049803294241428375,0.004797935485839844,0.004698649048805237,0.004471305757761002,0.004290491342544556,0.004145190119743347,0.003952596336603165,0.003781452775001526,0.0035469233989715576,0.0033380500972270966,0.003207169473171234,0.003049444407224655,0.0027422718703746796,0.002505183219909668,0.002291083335876465,0.002075355499982834,0.0019452646374702454,0.0017394162714481354,0.001490272581577301,0.0012361370027065277,0.0011668018996715546,0.0009026750922203064,0.0006793402135372162,0.00043945014476776123,0.0001679547131061554,0.0,0.0,0.0,0.0,0.0,0.0,0.0,0.0,0.0,0.0,0.0,0.0,0.0,0.0,0.0,0.0,0.0,0.0,0.0,0.0,0.094905324280262
47,0.005742568522691727,0.0056111738085746765,0.005506779998540878,0.005369480699300766,0.005282513797283173,0.004931334406137466,0.004870288074016571,0.004704784601926804,0.004582658410072327,0.00439036637544632,0.0042831674218177795,0.004083290696144104,0.003858853131532669,0.003596056252717972,0.0036456398665905,0.0032844506204128265,0.0031037628650665283,0.0028582848608493805,0.0025753676891326904,0.0024088360369205475,0.0022104494273662567,0.0020022131502628326,0.001784738153219223,0.0015813447535037994,0.0013702251017093658,0.0011551976203918457,0.0009024813771247864,0.0006666630506515503,0.00045966729521751404,0.00016847997903823853,0.0,0.0,0.0,0.0,0.0,0.0,0.0,0.0,0.0,0.0,0.0,0.0,0.0,0.0,0.0,0.0,0.0,0.0,0.0,0.0,0.09699111804366112
48,0.005697604268789291,0.005627479404211044,0.005485814064741135,0.005271025002002716,0.005141537636518478,0.004948928952217102,0.004921268671751022,0.004627551883459091,0.004387058317661285,0.004116442054510117,0.003925878554582596,0.0037942305207252502,0.003687705844640732,0.0034891441464424133,0.003391250967979431,0.0030967406928539276,0.002883870154619217,0.002726942300796509,0.002535387873649597,0.0022884979844093323,0.0021716393530368805,0.0020407922565937042,0.0018292106688022614,0.0016289204359054565,0.001414809376001358,0.0011507198214530945,0.0009563975036144257,0.0006865784525871277,0.0004274621605873108,0.00015686452388763428,0.0,0.0,0.0,0.0,0.0,0.0,0.0,0.0,0.0,0.0,0.0,0.0,0.0,0.0,0.0,0.0,0.0,0.0,0.0,0.0,0.09450775384902954
49,0.005701418966054916,0.005628921091556549,0.005448631942272186,0.0052540600299835205,0.005237523466348648,0.004952177405357361,0.00498509407043457,0.004769422113895416,0.00464244931936264,0.004504192620515823,0.0042095184326171875,0.004007939249277115,0.003814343363046646,0.003533869981765747,0.0033919475972652435,0.003254871815443039,0.003052700310945511,0.0028518512845039368,0.002667747437953949,0.0024394020438194275,0.002199336886405945,0.00205438956618309,0.0019182823598384857,0.0016399100422859192,0.0013215169310569763,0.0011374950408935547,0.0008935444056987762,0.0006336122751235962,0.0004383586347103119,0.0001673176884651184,0.0,0.0,0.0,0.0,0.0,0.0,0.0,0.0,0.0,0.0,0.0,0.0,0.0,0.0,0.0,0.0,0.0,0.0,0.0,0.0,0.09675184637308121
50,0.005687415599822998,0.005615741014480591,0.005465511232614517,0.00532841682434082,0.005190353840589523,0.005023803561925888,0.00493226945400238,0.004736896604299545,0.004553202539682388,0.004349265247583389,0.0041244253516197205,0.003976374864578247,0.003809429705142975,0.0036679692566394806,0.003434121608734131,0.0031554512679576874,0.003072790801525116,0.0028704218566417694,0.002628542482852936,0.002368491142988205,0.002101585268974304,0.001867104321718216,0.0016984976828098297,0.0014601163566112518,0.0012644864618778229,0.0011094771325588226,0.0009029917418956757,0.0006809942424297333,0.0004178248345851898,0.00016072392463684082,0.0,0.0,0.0,0.0,0.0,0.0,0.0,0.0,0.0,0.0,0.0,0.0,0.0,0.0,0.0,0.0,0.0,0.0,0.0,0.0,0.09565469622612
51,0.005834311246871948,0.005665134638547897,0.005567412823438644,0.0053839609026908875,0.0052543990314006805,0.0050928182899951935,0.004872366786003113,0.004854485392570496,0.0046196989715099335,0.004413053393363953,0.0042991042137146,0.004131905734539032,0.004006695002317429,0.0037886127829551697,0.003611259162425995,0.0033228546380996704,0.003186367452144623,0.003011539578437805,0.002798505127429962,0.0025027431547641754,0.0023227110505104065,0.002101294696331024,0.0020136572420597076,0.0017288178205490112,0.0014586299657821655,0.001215476542711258,0.0009683594107627869,0.000762157142162323,0.000497329980134964,0.0002659335732460022,0.0,0.0,0.0,0.0,0.0,0.0,0.0,0.0,0.0,0.0,0.0,0.0,0.0,0.0,0.0,0.0,0.0,0.0,0.0,0.0,0.09955159574747086
52,0.005874026566743851,0.0056967586278915405,0.00560176745057106,0.005371779203414917,0.005201101303100586,0.005066093057394028,0.004936918616294861,0.004808060824871063,0.004549302160739899,0.004490815103054047,0.004253845661878586,0.004142440855503082,0.003914501518011093,0.0038334839046001434,0.0035687536001205444,0.0033269599080085754,0.0031082816421985626,0.0029366053640842438,0.0027497000992298126,0.002529110759496689,0.0022548437118530273,0.0019990354776382446,0.0018697194755077362,0.001620367169380188,0.0013597458600997925,0.001100890338420868,0.000947367399930954,0.0007426291704177856,0.0005311332643032074,0.00029231607913970947,0.0,0.0,0.0,0.0,0.0,0.0,0.0,0.0,0.0,0.0,0.0,0.0,0.0,0.0,0.0,0.0,0.0,0.0,0.0,0.0,0.0986783541738987
53,0.005850218236446381,0.005678407847881317,0.0055558644235134125,0.0053112320601940155,0.005211029201745987,0.005062855780124664,0.004912335425615311,0.004825633019208908,0.004748262465000153,0.004547961056232452,0.004261400550603867,0.004085708409547806,0.003975581377744675,0.003798872232437134,0.003676522523164749,0.0033996477723121643,0.0032005049288272858,0.002953268587589264,0.0026920773088932037,0.0024764351546764374,0.0022908300161361694,0.0020901933312416077,0.0018857456743717194,0.0016804710030555725,0.0014935247600078583,0.0012268461287021637,0.0009922012686729431,0.000750221312046051,0.0005412735044956207,0.00028429925441741943,0.0,0.0,0.0,0.0,0.0,0.0,0.0,0.0,0.0,0.0,0.0,0.0,0.0,0.0,0.0,0.0,0.0,0.0,0.0,0.0,0.09945942461490631
54,0.005849137902259827,0.005667280405759811,0.005544919520616531,0.005392078310251236,0.005294632166624069,0.005052778869867325,0.004891138523817062,0.004785642027854919,0.004531487822532654,0.004467390477657318,0.004311788827180862,0.004067610949277878,0.003890741616487503,0.003749631345272064,0.00353819876909256,0.0032947510480880737,0.0030293092131614685,0.0027832798659801483,0.0025473274290561676,0.0023365281522274017,0.0021154209971427917,0.0020585916936397552,0.0018810480833053589,0.001677006483078003,0.0014492720365524292,0.0011997558176517487,0.0010282248258590698,0.0007961690425872803,0.000559590756893158,0.0002834498882293701,0.0,0.0,0.0,0.0,0.0,0.0,0.0,0.0,0.0,0.0,0.0,0.0,0.0,0.0,0.0,0.0,0.0,0.0,0.0,0.0,0.09807418286800385
55,0.005870230495929718,0.005691558122634888,0.0055494122207164764,0.005341503769159317,0.00519736111164093,0.005072247236967087,0.004915330559015274,0.0047529712319374084,0.004626955837011337,0.00435488298535347,0.004324167966842651,0.004084460437297821,0.0039317309856414795,0.003731418401002884,0.0035443082451820374,0.003450050950050354,0.0031627826392650604,0.002948485314846039,0.0027864091098308563,0.0025146901607513428,0.0023422613739967346,0.0020274557173252106,0.001790408045053482,0.001544322818517685,0.0013232715427875519,0.001139909029006958,0.0009321048855781555,0.0007170140743255615,0.0005011372268199921,0.0002571083605289459,0.0,0.0,0.0,0.0,0.0,0.0,0.0,0.0,0.0,0.0,0.0,0.0,0.0,0.0,0.0,0.0,0.0,0.0,0.0,0.0,0.09842595085501671
56,0.005693834275007248,0.005604483187198639,0.005462445318698883,0.005266245454549789,0.005150802433490753,0.004986889660358429,0.004856843501329422,0.004693560302257538,0.004513878375291824,0.004263203591108322,0.004064522683620453,0.0039141178131103516,0.004361312836408615,0.0036914125084877014,0.0035423412919044495,0.00329594686627388,0.003016643226146698,0.002774793654680252,0.0026183314621448517,0.0023751594126224518,0.002046532928943634,0.0018106736242771149,0.0017391107976436615,0.0015026070177555084,0.0013127289712429047,0.001047663390636444,0.0008621849119663239,0.0006274767220020294,0.00039256736636161804,0.00016173720359802246,0.0,0.0,0.0,0.0,0.0,0.0,0.0,0.0,0.0,0.0,0.0,0.0,0.0,0.0,0.0,0.0,0.0,0.0,0.0,0.0,0.09565005078911781
57,0.005720004439353943,0.005606234073638916,0.005467861890792847,0.005352672189474106,0.005138155072927475,0.004976313561201096,0.004846792668104172,0.004584647715091705,0.004377957433462143,0.004259839653968811,0.004033971577882767,0.003758341073989868,0.00359160453081131,0.0034120865166187286,0.003423582762479782,0.003070548176765442,0.0029208622872829437,0.0026375018060207367,0.0024501606822013855,0.0022604428231716156,0.002113495022058487,0.0018581300973892212,0.0016647092998027802,0.0014331638813018799,0.001207251101732254,0.0010745525360107422,0.0008807741105556488,0.0006254464387893677,0.00038786977529525757,0.00015946105122566223,0.0,0.0,0.0,0.0,0.0,0.0,0.0,0.0,0.0,0.0,0.0,0.0,0.0,0.0,0.0,0.0,0.0,0.0,0.0,0.0,0.09329443424940109
58,0.005731958895921707,0.005604401230812073,0.005422376096248627,0.005273506045341492,0.005147889256477356,0.005009714514017105,0.00475456565618515,0.004608370363712311,0.004441782832145691,0.004287883639335632,0.004222419112920761,0.00405503436923027,0.00386066734790802,0.003660067915916443,0.0034060142934322357,0.0033185333013534546,0.0030304528772830963,0.00282973051071167,0.002635940909385681,0.0024227388203144073,0.002159595489501953,0.0019161440432071686,0.001710645854473114,0.00151032954454422,0.0013598129153251648,0.0011123716831207275,0.000898946076631546,0.0006635971367359161,0.0004026181995868683,0.00015509501099586487,0.0,0.0,0.0,0.0,0.0,0.0,0.0,0.0,0.0,0.0,0.0,0.0,0.0,0.0,0.0,0.0,0.0,0.0,0.0,0.0,0.09561320394277573
59,0.005706217139959335,0.005676928907632828,0.005468819290399551,0.005297139286994934,0.005122959613800049,0.005024068057537079,0.00490904226899147,0.0047781579196453094,0.004644967615604401,0.004515595734119415,0.004331532865762711,0.004192803055047989,0.003960348665714264,0.0037314966320991516,0.0035677216947078705,0.0033029578626155853,0.0031290389597415924,0.0028771311044692993,0.0026849545538425446,0.0024923980236053467,0.002251081168651581,0.0020150095224380493,0.0017485208809375763,0.0015089847147464752,0.00128067284822464,0.0011133663356304169,0.0008458122611045837,0.0006136372685432434,0.0004157312214374542,0.00017109140753746033,0.0,0.0,0.0,0.0,0.0,0.0,0.0,0.0,0.0,0.0,0.0,0.0,0.0,0.0,0.0,0.0,0.0,0.0,0.0,0.0,0.0973781868815422
60,0.005739174783229828,0.005585864186286926,0.005428768694400787,0.0053542181849479675,0.005168352276086807,0.0050270408391952515,0.004903137683868408,0.004731282591819763,0.004546321928501129,0.004331283271312714,0.0041764602065086365,0.0039777979254722595,0.0036990344524383545,0.003643602132797241,0.003435179591178894,0.0032862722873687744,0.003109600394964218,0.0029064640402793884,0.002747233957052231,0.0024698711931705475,0.0022771544754505157,0.0019908472895622253,0.0017696507275104523,0.001551024615764618,0.0012305304408073425,0.0010443627834320068,0.0008643046021461487,0.0006033144891262054,0.00037563592195510864,0.000168677419424057,0.0,0.0,0.0,0.0,0.0,0.0,0.0,0.0,0.0,0.0,0.0,0.0,0.0,0.0,0.0,0.0,0.0,0.0,0.0,0.0,0.09614246338605881
61,0.005875375121831894,0.005752637982368469,0.005541346967220306,0.00536186620593071,0.0052774325013160706,0.005065888166427612,0.004867777228355408,0.004787381738424301,0.004669666290283203,0.00442751869559288,0.004229187965393066,0.004061400890350342,0.004033852368593216,0.0037557147443294525,0.003552570939064026,0.003484979271888733,0.0031921900808811188,0.0029843635857105255,0.002808697521686554,0.0025853104889392853,0.0022803805768489838,0.002058524638414383,0.0019466057419776917,0.0016755089163780212,0.0014792084693908691,0.0012275800108909607,0.0009905733168125153,0.0007680095732212067,0.0005156844854354858,0.0002967827022075653,0.0,0.0,0.0,0.0,0.0,0.0,0.0,0.0,0.0,0.0,0.0,0.0,0.0,0.0,0.0,0.0,0.0,0.0,0.0,0.0,0.09955401718616486
62,0.005839962512254715,0.0056629180908203125,0.00555853545665741,0.0053854286670684814,0.005120161920785904,0.004988227039575577,0.004857290536165237,0.004666224122047424,0.004510797560214996,0.004304133355617523,0.004066240042448044,0.003944087773561478,0.0037672407925128937,0.0036560148000717163,0.0033824965357780457,0.0032641589641571045,0.003082435578107834,0.0028005018830299377,0.0026085451245307922,0.002419363707304001,0.00226486474275589,0.0020445063710212708,0.0017414689064025879,0.0015222877264022827,0.0013054907321929932,0.0011338554322719574,0.0008859336376190186,0.000655684620141983,0.0005277618765830994,0.00027110427618026733,0.0,0.0,0.0,0.0,0.0,0.0,0.0,0.0,0.0,0.0,0.0,0.0,0.0,0.0,0.0,0.0,0.0,0.0,0.0,0.0,0.09623772278428078
63,0.005849737673997879,0.005651365965604782,0.005642514675855637,0.00536486878991127,0.005181148648262024,0.004988238215446472,0.004890896379947662,0.004684068262577057,0.004550062119960785,0.004412610083818436,0.004254467785358429,0.004078321158885956,0.0038533061742782593,0.0036102160811424255,0.0034694261848926544,0.003318510949611664,0.0030918195843696594,0.0029163584113121033,0.0027473196387290955,0.002506691962480545,0.002334270626306534,0.0021088309586048126,0.0018776021897792816,0.0017055049538612366,0.0014380738139152527,0.0012465380132198334,0.0010204017162322998,0.0007787346839904785,0.000523936003446579,0.0002602487802505493,0.0,0.0,0.0,0.0,0.0,0.0,0.0,0.0,0.0,0.0,0.0,0.0,0.0,0.0,0.0,0.0,0.0,0.0,0.0,0.0,0.09835609048604965
64,0.005927368998527527,0.005681313574314117,0.005581982433795929,0.005431126803159714,0.005302876234054565,0.005093123763799667,0.004883941262960434,0.004707362502813339,0.00457734614610672,0.004393354058265686,0.004356361925601959,0.004137761890888214,0.003907367587089539,0.0037221647799015045,0.003551434725522995,0.00334307923913002,0.003151446580886841,0.0028994157910346985,0.0026931166648864746,0.0024714693427085876,0.0022881142795085907,0.002002101391553879,0.0017799846827983856,0.0015890859067440033,0.0014690719544887543,0.0012218132615089417,0.0009436942636966705,0.0007067807018756866,0.0005192272365093231,0.0002879500389099121,0.0,0.0,0.0,0.0,0.0,0.0,0.0,0.0,0.0,0.0,0.0,0.0,0.0,0.0,0.0,0.0,0.0,0.0,0.0,0.0,0.09862123802304268
65,0.005866803228855133,0.005691446363925934,0.005521818995475769,0.005391456186771393,0.005282014608383179,0.0050712041556835175,0.004963766783475876,0.004819519817829132,0.004537709057331085,0.004375636577606201,0.004291314631700516,0.004075072705745697,0.0038783960044384003,0.0037011951208114624,0.0035001933574676514,0.0033525340259075165,0.003082897514104843,0.0029162727296352386,0.0027029626071453094,0.0025388188660144806,0.002311479300260544,0.0021197721362113953,0.0019187703728675842,0.0017823763191699982,0.0015210062265396118,0.0012003295123577118,0.0010051839053630829,0.0007546804845333099,0.0005327202379703522,0.00029282644391059875,0.0,0.0,0.0,0.0,0.0,0.0,0.0,0.0,0.0,0.0,0.0,0.0,0.0,0.0,0.0,0.0,0.0,0.0,0.0,0.0,0.09900017827749252
66,0.005696464329957962,0.005601555109024048,0.005400151014328003,0.005216464400291443,0.005144316703081131,0.005020316690206528,0.004864897578954697,0.0046477653086185455,0.0044858865439891815,0.004270222038030624,0.00413445383310318,0.003974482417106628,0.003778669983148575,0.0036141052842140198,0.003506094217300415,0.003314238041639328,0.0030395686626434326,0.002849128097295761,0.0026114359498023987,0.0024849064648151398,0.0022082962095737457,0.0019196756184101105,0.001646198332309723,0.0014308616518974304,0.0012092702090740204,0.0010014846920967102,0.0008405037224292755,0.0006558112800121307,0.0004057064652442932,0.0001609697937965393,0.0,0.0,0.0,0.0,0.0,0.0,0.0,0.0,0.0,0.0,0.0,0.0,0.0,0.0,0.0,0.0,0.0,0.0,0.0,0.0,0.09513390064239502
67,0.006954550743103027,0.005536977201700211,0.005455490201711655,0.005297165364027023,0.005144752562046051,0.005048438906669617,0.004769902676343918,0.00457015261054039,0.004382964223623276,0.004223022609949112,0.0041011422872543335,0.004010342061519623,0.0037769190967082977,0.0036380738019943237,0.003448277711868286,0.003181997686624527,0.0029709376394748688,0.0026978403329849243,0.0024816468358039856,0.002317473292350769,0.002181127667427063,0.0019593462347984314,0.0017540566623210907,0.0014576762914657593,0.001278899610042572,0.0010301172733306885,0.0008479319512844086,0.0006716437637805939,0.00041621550917625427,0.0001654103398323059,0.0,0.0,0.0,0.0,0.0,0.0,0.0,0.0,0.0,0.0,0.0,0.0,0.0,0.0,0.0,0.0,0.0,0.0,0.0,0.0,0.09577049314975739
68,0.005740649998188019,0.005576375871896744,0.005470581352710724,0.005303405225276947,0.005125172436237335,0.004953064024448395,0.004806607961654663,0.004666972905397415,0.004532970488071442,0.0043332017958164215,0.004154156893491745,0.003980517387390137,0.003803100436925888,0.0035341456532478333,0.003298696130514145,0.0031688176095485687,0.003062531352043152,0.0027793273329734802,0.002567872405052185,0.0024556294083595276,0.0022923611104488373,0.0020849518477916718,0.0018699243664741516,0.0016360767185688019,0.0013598687946796417,0.001115351915359497,0.0008583590388298035,0.0006341449916362762,0.00040096044540405273,0.00015650317072868347,0.0,0.0,0.0,0.0,0.0,0.0,0.0,0.0,0.0,0.0,0.0,0.0,0.0,0.0,0.0,0.0,0.0,0.0,0.0,0.0,0.09572229906916618
69,0.0056850239634513855,0.005646228790283203,0.005415920168161392,0.005245298147201538,0.0050907619297504425,0.005015712231397629,0.004878241568803787,0.004672281444072723,0.004390638321638107,0.004309196025133133,0.00415845587849617,0.003940500319004059,0.0036485083401203156,0.0034382864832878113,0.003260921686887741,0.0031060613691806793,0.002950526773929596,0.0026977136731147766,0.0025505125522613525,0.002377644181251526,0.0020700842142105103,0.0018714964389801025,0.0017031393945217133,0.0014790482819080353,0.0012234263122081757,0.0010321736335754395,0.0008502565324306488,0.0006114095449447632,0.0004012361168861389,0.00012920424342155457,0.0,0.0,0.0,0.0,0.0,0.0,0.0,0.0,0.0,0.0,0.0,0.0,0.0,0.0,0.0,0.0,0.0,0.0,0.0,0.0,0.09384990856051445
70,0.005677640438079834,0.0055512599647045135,0.005436055362224579,0.005237523466348648,0.005050092935562134,0.0048538073897361755,0.004700180143117905,0.004554003477096558,0.004408631473779678,0.004249986261129379,0.004050727933645248,0.0037910565733909607,0.003725845366716385,0.0035172775387763977,0.003436814993619919,0.0032797232270240784,0.0031248293817043304,0.002907492220401764,0.0025845207273960114,0.0024428963661193848,0.002130962908267975,0.001865636557340622,0.001759745180606842,0.001540936529636383,0.0012536533176898956,0.0010670050978660583,0.0007909014821052551,0.0006852857768535614,0.00043095648288726807,0.00016207993030548096,0.0,0.0,0.0,0.0,0.0,0.0,0.0,0.0,0.0,0.0,0.0,0.0,0.0,0.0,0.0,0.0,0.0,0.0,0.0,0.0,0.09426752850413322
71,0.005844227969646454,0.00583701953291893,0.005485624074935913,0.0053733959794044495,0.005214657634496689,0.005099210888147354,0.004914578050374985,0.004769288003444672,0.004638828337192535,0.0044873617589473724,0.004314638674259186,0.004234891384840012,0.003915809094905853,0.0037175528705120087,0.003509882837533951,0.0033750347793102264,0.0030819959938526154,0.0029183216392993927,0.002786818891763687,0.002581760287284851,0.0023785606026649475,0.002079606056213379,0.0019424930214881897,0.0016532167792320251,0.0014470480382442474,0.0011525265872478485,0.0009085275232791901,0.000687669962644577,0.0005248300731182098,0.00025743991136550903,0.0,0.0,0.0,0.0,0.0,0.0,0.0,0.0,0.0,0.0,0.0,0.0,0.0,0.0,0.0,0.0,0.0,0.0,0.0,0.0,0.09913281723856926
72,0.005854763090610504,0.005645096302032471,0.0055598728358745575,0.005397927016019821,0.008172567933797836,0.005059681832790375,0.00483052060008049,0.004661373794078827,0.0044889263808727264,0.004370015114545822,0.004233896732330322,0.004125539213418961,0.003874845802783966,0.0037230849266052246,0.003483973443508148,0.003294415771961212,0.0031109116971492767,0.00286271795630455,0.002584662288427353,0.0024376697838306427,0.0022255554795265198,0.0019433945417404175,0.0018553398549556732,0.0016975216567516327,0.0014832131564617157,0.001244671642780304,0.0009640119969844818,0.0006940066814422607,0.0005224831402301788,0.0002880953252315521,0.0,0.0,0.0,0.0,0.0,0.0,0.0,0.0,0.0,0.0,0.0,0.0,0.0,0.0,0.0,0.0,0.0,0.0,0.0,0.0,0.10069075599312782
73,0.005973946303129196,0.005652736872434616,0.005510509014129639,0.005413789302110672,0.005211658775806427,0.005057446658611298,0.004883360117673874,0.004776235669851303,0.004561904817819595,0.0044661276042461395,0.004251517355442047,0.004118006676435471,0.003984782844781876,0.003702126443386078,0.0035028159618377686,0.0033786483108997345,0.0031524859368801117,0.003044046461582184,0.002780463546514511,0.0025266967713832855,0.002354562282562256,0.0020814165472984314,0.0018986910581588745,0.0016823559999465942,0.0014337040483951569,0.001178048551082611,0.0009562186896800995,0.0007508173584938049,0.0005409754812717438,0.00027872994542121887,0.0,0.0,0.0,0.0,0.0,0.0,0.0,0.0,0.0,0.0,0.0,0.0,0.0,0.0,0.0,0.0,0.0,0.0,0.0,0.0,0.09910482540726662
74,0.005954224616289139,0.0056986212730407715,0.00552300363779068,0.005378209054470062,0.005159202963113785,0.005022931843996048,0.0048265717923641205,0.004700172692537308,0.004509899765253067,0.004338942468166351,0.004214245826005936,0.004047263413667679,0.0038808099925518036,0.0037441812455654144,0.003594405949115753,0.003393694758415222,0.0031352005898952484,0.0029461346566677094,0.0027719996869564056,0.002473868429660797,0.0022297874093055725,0.002017732709646225,0.001745857298374176,0.0015994012355804443,0.001447480171918869,0.0012132525444030762,0.0009921342134475708,0.0007744282484054565,0.0005364641547203064,0.0002932809293270111,0.0,0.0,0.0,0.0,0.0,0.0,0.0,0.0,0.0,0.0,0.0,0.0,0.0,0.0,0.0,0.0,0.0,0.0,0.0,0.0,0.09816340357065201
75,0.006648700684309006,0.005727909505367279,0.005524750798940659,0.005376309156417847,0.005190785974264145,0.00516003742814064,0.005056340247392654,0.004847664386034012,0.004681810736656189,0.004432331770658493,0.0042217932641506195,0.004030562937259674,0.003842100501060486,0.003719683736562729,0.003495350480079651,0.0032784007489681244,0.003078766167163849,0.0029107630252838135,0.0027762651443481445,0.002599034458398819,0.002430841326713562,0.002177048474550247,0.001869548112154007,0.0016348175704479218,0.001413978636264801,0.0012001432478427887,0.0009547285735607147,0.0007039308547973633,0.0005048215389251709,0.0002816133201122284,0.0,0.0,0.0,0.0,0.0,0.0,0.0,0.0,0.0,0.0,0.0,0.0,0.0,0.0,0.0,0.0,0.0,0.0,0.0,0.0,0.09977083280682564
76,0.005707137286663055,0.005517657846212387,0.005482252687215805,0.005328301340341568,0.005106952041387558,0.00496109202504158,0.0047340989112854,0.004648406058549881,0.004472330212593079,0.004337582737207413,0.004133645445108414,0.004019279032945633,0.003895200788974762,0.0035820677876472473,0.003470875322818756,0.003215160220861435,0.003071937710046768,0.002855125814676285,0.0025790855288505554,0.0024102777242660522,0.002203896641731262,0.00205901637673378,0.0018339119851589203,0.001599591225385666,0.001356370747089386,0.0010871626436710358,0.0008722692728042603,0.0006272010505199432,0.00041917338967323303,0.00016242638230323792,0.0,0.0,0.0,0.0,0.0,0.0,0.0,0.0,0.0,0.0,0.0,0.0,0.0,0.0,0.0,0.0,0.0,0.0,0.0,0.0,0.09574948623776436
77,0.005686379969120026,0.005640324205160141,0.005446404218673706,0.005266103893518448,0.0051122382283210754,0.004890114068984985,0.004868440330028534,0.004626747220754623,0.004482436925172806,0.004170536994934082,0.003979593515396118,0.003805883228778839,0.0036692656576633453,0.003456640988588333,0.0033126622438430786,0.003089059144258499,0.0029026083648204803,0.002629891037940979,0.0026054903864860535,0.00231127068400383,0.002072978764772415,0.0018615759909152985,0.0016763806343078613,0.0015277452766895294,0.0013080984354019165,0.0011349543929100037,0.00085478276014328,0.000588439404964447,0.0004364214837551117,0.00015534460544586182,0.0,0.0,0.0,0.0,0.0,0.0,0.0,0.0,0.0,0.0,0.0,0.0,0.0,0.0,0.0,0.0,0.0,0.0,0.0,0.0,0.09356881305575371
78,0.005704883486032486,0.005585622042417526,0.0054704174399375916,0.005302064120769501,0.005199942737817764,0.005081363022327423,0.0049474723637104034,0.004765648394823074,0.004558276385068893,0.004323858767747879,0.004121031612157822,0.004015091806650162,0.003729473799467087,0.0035587772727012634,0.0034401342272758484,0.0033148005604743958,0.0029927901923656464,0.0028313957154750824,0.002680078148841858,0.002434872090816498,0.00228259339928627,0.0019801966845989227,0.0016850754618644714,0.0014940239489078522,0.001245494931936264,0.0010524466633796692,0.0008071735501289368,0.0006062649190425873,0.0004268363118171692,0.00015940889716148376,0.0,0.0,0.0,0.0,0.0,0.0,0.0,0.0,0.0,0.0,0.0,0.0,0.0,0.0,0.0,0.0,0.0,0.0,0.0,0.0,0.09579750895500183
79,0.005671538412570953,0.005644079297780991,0.005448866635560989,0.005219664424657822,0.00524454191327095,0.004973217844963074,0.004839401692152023,0.00468023493885994,0.00446835532784462,0.004395917057991028,0.004261258989572525,0.004104293882846832,0.003782968968153,0.003577969968318939,0.0034262537956237793,0.003191806375980377,0.0029980354011058807,0.0028150565922260284,0.002674151211977005,0.002382926642894745,0.002132270485162735,0.0020367540419101715,0.0017904937267303467,0.001549605280160904,0.0013165399432182312,0.001096978783607483,0.0009373761713504791,0.00066404789686203,0.00039992108941078186,0.00016032159328460693,0.0,0.0,0.0,0.0,0.0,0.0,0.0,0.0,0.0,0.0,0.0,0.0,0.0,0.0,0.0,0.0,0.0,0.0,0.0,0.0,0.09588484838604927
80,0.005699604749679565,0.0055198222398757935,0.005480475723743439,0.005331810563802719,0.005212176591157913,0.004964713007211685,0.004820927977561951,0.0047140829265117645,0.004447817802429199,0.004304192960262299,0.0041748471558094025,0.004064612090587616,0.0038846880197525024,0.00370938703417778,0.003509216010570526,0.0032993368804454803,0.0030710846185684204,0.002887953072786331,0.002637255936861038,0.002463310956954956,0.0022545531392097473,0.002084195613861084,0.0017555616796016693,0.0015379562973976135,0.0013035573065280914,0.0011108890175819397,0.0008871369063854218,0.0006576851010322571,0.0004183053970336914,0.00016511231660842896,0.0,0.0,0.0,0.0,0.0,0.0,0.0,0.0,0.0,0.0,0.0,0.0,0.0,0.0,0.0,0.0,0.0,0.0,0.0,0.0,0.09637226909399033
81,0.005896653980016708,0.005659841001033783,0.005633477121591568,0.005326695740222931,0.005176912993192673,0.0051347799599170685,0.004854746162891388,0.00474945455789566,0.004561044275760651,0.00440409779548645,0.004114959388971329,0.004001922905445099,0.003876812756061554,0.0037748627364635468,0.0034506916999816895,0.0032524801790714264,0.003087759017944336,0.0029599443078041077,0.002763226628303528,0.002541143447160721,0.002337392419576645,0.00212850421667099,0.001822981983423233,0.0017130784690380096,0.001487933099269867,0.001295577734708786,0.0010287128388881683,0.00077061727643013,0.00048775970935821533,0.00027408823370933533,0.0,0.0,0.0,0.0,0.0,0.0,0.0,0.0,0.0,0.0,0.0,0.0,0.0,0.0,0.0,0.0,0.0,0.0,0.0,0.0,0.0985681526362896
82,0.005855821073055267,0.005725901573896408,0.005612514913082123,0.0053901150822639465,0.005300756543874741,0.0051813796162605286,0.0049492791295051575,0.004748206585645676,0.004599902778863907,0.004435576498508453,0.004262015223503113,0.0039042122662067413,0.003704037517309189,0.0035390853881835938,0.003278631716966629,0.0031406953930854797,0.00287020206451416,0.0027901791036128998,0.002506047487258911,0.0022718384861946106,0.0021640993654727936,0.0020093880593776703,0.0018148049712181091,0.0016753599047660828,0.001437794417142868,0.0012156888842582703,0.0010246224701404572,0.000782255083322525,0.0005532801151275635,0.00031356513500213623,0.0001591518521308899,0.0,0.0,0.0,0.0,0.0,0.0,0.0,0.0,0.0,0.0,0.0,0.0,0.0,0.0,0.0,0.0,0.0,0.0,0.0,0.0972164086997509
83,0.005824342370033264,0.0056534819304943085,0.005606282502412796,0.005361281335353851,0.005126282572746277,0.005031753331422806,0.0048348382115364075,0.004699572920799255,0.004471402615308762,0.004284165799617767,0.004104297608137131,0.003870014101266861,0.00366780161857605,0.003443833440542221,0.003298278898000717,0.0030497945845127106,0.003049135208129883,0.0028000399470329285,0.002626381814479828,0.002451285719871521,0.002208508551120758,0.002022847533226013,0.0017314404249191284,0.001475989818572998,0.001312650740146637,0.0011207275092601776,0.0009161867201328278,0.0007351189851760864,0.0005293041467666626,0.0003039799630641937,0.0,0.0,0.0,0.0,0.0,0.0,0.0,0.0,0.0,0.0,0.0,0.0,0.0,0.0,0.0,0.0,0.0,0.0,0.0,0.0,0.09561102092266083
84,0.005827818065881729,0.005672778934240341,0.005523618310689926,0.005436975508928299,0.00520690530538559,0.0052292123436927795,0.005009740591049194,0.0048869214951992035,0.004644766449928284,0.004476714879274368,0.004250485450029373,0.00419476255774498,0.003876972943544388,0.0037249624729156494,0.0035712793469429016,0.0033921636641025543,0.0032409578561782837,0.0029062628746032715,0.0026543475687503815,0.002389904111623764,0.0021511875092983246,0.001961641013622284,0.0017262063920497894,0.0015155412256717682,0.0013732537627220154,0.0011006742715835571,0.0008862987160682678,0.0007003955543041229,0.0005154050886631012,0.0002855472266674042,0.0,0.0,0.0,0.0,0.0,0.0,0.0,0.0,0.0,0.0,0.0,0.0,0.0,0.0,0.0,0.0,0.0,0.0,0.0,0.0,0.0983337014913559
85,0.005858179181814194,0.005685232579708099,0.005487322807312012,0.0054149329662323,0.005273822695016861,0.005108516663312912,0.004932604730129242,0.004703160375356674,0.004575900733470917,0.004361037164926529,0.004219420254230499,0.004100073128938675,0.003934759646654129,0.0036944113671779633,0.0034672394394874573,0.0033036991953849792,0.003183547407388687,0.003031056374311447,0.00290767103433609,0.0026469342410564423,0.002380017191171646,0.0021451935172080994,0.0019157230854034424,0.0017117597162723541,0.0014387033879756927,0.001246582716703415,0.0010086223483085632,0.000778786838054657,0.0005205459892749786,0.0002889372408390045,0.0,0.0,0.0,0.0,0.0,0.0,0.0,0.0,0.0,0.0,0.0,0.0,0.0,0.0,0.0,0.0,0.0,0.0,0.0,0.0,0.09932439401745796
86,0.005719777196645737,0.005620092153549194,0.005425412207841873,0.0052674561738967896,0.005171198397874832,0.005073804408311844,0.004854071885347366,0.004638779908418655,0.00445917621254921,0.004379168152809143,0.004260513931512833,0.003998234868049622,0.0038276053965091705,0.0036300085484981537,0.0033593960106372833,0.003277815878391266,0.003131560981273651,0.002911098301410675,0.002772502601146698,0.0026310384273529053,0.0023316331207752228,0.002086866647005081,0.0018376745283603668,0.0015593692660331726,0.0013198740780353546,0.001079317182302475,0.000901978462934494,0.0006266459822654724,0.0003985762596130371,0.00016591697931289673,0.0,0.0,0.0,0.0,0.0,0.0,0.0,0.0,0.0,0.0,0.0,0.0,0.0,0.0,0.0,0.0,0.0,0.0,0.0,0.0,0.09671656414866447
87,0.005750458687543869,0.005615003407001495,0.005495019257068634,0.005318745970726013,0.005144793540239334,0.004990383982658386,0.0048456378281116486,0.004778508096933365,0.0045189447700977325,0.004297569394111633,0.004168130457401276,0.004021976143121719,0.00380132719874382,0.003565587103366852,0.003432758152484894,0.0032075829803943634,0.003024965524673462,0.0027799829840660095,0.0024949200451374054,0.0022904202342033386,0.002117842435836792,0.001889299601316452,0.0017138831317424774,0.0015246383845806122,0.0012997686862945557,0.0010805651545524597,0.0008803866803646088,0.0006492286920547485,0.00042130425572395325,0.00016199052333831787,0.0,0.0,0.0,0.0,0.0,0.0,0.0,0.0,0.0,0.0,0.0,0.0,0.0,0.0,0.0,0.0,0.0,0.0,0.0,0.0,0.09528162330389023
88,0.005705580115318298,0.005607686936855316,0.005508441478013992,0.005357623100280762,0.0051988884806632996,0.005022354423999786,0.004783954471349716,0.004611555486917496,0.00445556640625,0.0043556541204452515,0.0041186995804309845,0.003898821771144867,0.003665860742330551,0.0035530701279640198,0.0033382028341293335,0.003162294626235962,0.0030010081827640533,0.0028465166687965393,0.0025521479547023773,0.002285279333591461,0.0020830482244491577,0.0019466988742351532,0.0016661770641803741,0.0014605596661567688,0.0012442804872989655,0.0010764934122562408,0.0008123815059661865,0.0006316974759101868,0.0004217885434627533,0.0001625269651412964,0.0,0.0,0.0,0.0,0.0,0.0,0.0,0.0,0.0,0.0,0.0,0.0,0.0,0.0,0.0,0.0,0.0,0.0,0.0,0.0,0.09453485906124115
89,0.005716890096664429,0.005595725029706955,0.005442705005407333,0.005323082208633423,0.0051704272627830505,0.004961896687746048,0.004824556410312653,0.004595719277858734,0.004426836967468262,0.004269614815711975,0.004079986363649368,0.0038305558264255524,0.003723941743373871,0.0033206455409526825,0.0031391121447086334,0.003010544925928116,0.002883605659008026,0.002623569220304489,0.002489611506462097,0.002281632274389267,0.0020639002323150635,0.0018099695444107056,0.0015901662409305573,0.0013868696987628937,0.0011966675519943237,0.000994209200143814,0.0008435696363449097,0.0006422214210033417,0.00042865052819252014,0.0001638941466808319,0.0,0.0,0.0,0.0,0.0,0.0,0.0,0.0,0.0,0.0,0.0,0.0,0.0,0.0,0.0,0.0,0.0,0.0,0.0,0.0,0.09283077716827393
90,0.005735006183385849,0.005599036812782288,0.00549272820353508,0.00539734959602356,0.0052602700889110565,0.005117237567901611,0.004881087690591812,0.004608567804098129,0.004421349614858627,0.004272248595952988,0.004064422100782394,0.003972083330154419,0.003766767680644989,0.0036238543689250946,0.003399960696697235,0.003196805715560913,0.003004327416419983,0.002876434475183487,0.0026878006756305695,0.0025148913264274597,0.002276133745908737,0.0019557923078536987,0.0016945451498031616,0.0015018358826637268,0.0013148821890354156,0.00109202042222023,0.0008859150111675262,0.0006499104201793671,0.0004319213330745697,0.0001569204032421112,0.0,0.0,0.0,0.0,0.0,0.0,0.0,0.0,0.0,0.0,0.0,0.0,0.0,0.0,0.0,0.0,0.0,0.0,0.0,0.0,0.09585210680961609
91,0.005836836993694305,0.005683869123458862,0.005474317818880081,0.0053385719656944275,0.005188710987567902,0.005105424672365189,0.004836853593587875,0.004702769219875336,0.004487715661525726,0.0042530931532382965,0.004081595689058304,0.003991328179836273,0.0039126090705394745,0.003788687288761139,0.0035317987203598022,0.0034312009811401367,0.003122042864561081,0.0028678439557552338,0.002711426466703415,0.0025160908699035645,0.0022949688136577606,0.002115316689014435,0.001867152750492096,0.001643933355808258,0.0014512650668621063,0.0012230537831783295,0.0009812675416469574,0.0007973052561283112,0.0005350075662136078,0.00028783082962036133,0.0,0.0,0.0,0.0,0.0,0.0,0.0,0.0,0.0,0.0,0.0,0.0,0.0,0.0,0.0,0.0,0.0,0.0,0.0,0.0,0.09805988892912865
92,0.005904883146286011,0.005675271153450012,0.005540885031223297,0.005381830036640167,0.005237489938735962,0.005079299211502075,0.004937082529067993,0.004767522215843201,0.004550579935312271,0.004373691976070404,0.004081491380929947,0.0040572285652160645,0.003923241049051285,0.003731917589902878,0.003612406551837921,0.0033323168754577637,0.0032178163528442383,0.0030207186937332153,0.0027367211878299713,0.002473723143339157,0.0021909549832344055,0.0019334368407726288,0.0017502345144748688,0.001673813909292221,0.0013156235218048096,0.001131214201450348,0.0009653456509113312,0.0007657930254936218,0.0005319640040397644,0.0002822503447532654,0.0,0.0,0.0,0.0,0.0,0.0,0.0,0.0,0.0,0.0,0.0,0.0,0.0,0.0,0.0,0.0,0.0,0.0,0.0,0.0,0.0981767475605011
93,0.005842726677656174,0.005715556442737579,0.005540978163480759,0.0053712837398052216,0.005376417189836502,0.005029316991567612,0.004932787269353867,0.004796601831912994,0.004564419388771057,0.0045204125344753265,0.0042886026203632355,0.004079047590494156,0.004004612565040588,0.0038604959845542908,0.0035217776894569397,0.003260452300310135,0.003136478364467621,0.0028531253337860107,0.002716861665248871,0.0026166215538978577,0.0023419857025146484,0.0021209120750427246,0.0018615350127220154,0.0015989020466804504,0.0013385191559791565,0.0011817105114459991,0.0009812414646148682,0.0007604621350765228,0.0005218833684921265,0.00026538968086242676,0.0,0.0,0.0,0.0,0.0,0.0,0.0,0.0,0.0,0.0,0.0,0.0,0.0,0.0,0.0,0.0,0.0,0.0,0.0,0.0,0.09900111705064774
94,0.0059290118515491486,0.005682244896888733,0.005531705915927887,0.0053761303424835205,0.00531117245554924,0.005141261965036392,0.005002930760383606,0.004801992326974869,0.0046030692756175995,0.004531688988208771,0.004325650632381439,0.004102356731891632,0.003906838595867157,0.0037987269461154938,0.0035436898469924927,0.003445710986852646,0.0032407790422439575,0.003095243126153946,0.002829980105161667,0.0026954934000968933,0.002389572560787201,0.002201266586780548,0.001951310783624649,0.0016642510890960693,0.001409195363521576,0.0011763200163841248,0.000995531678199768,0.0007559545338153839,0.0005483180284500122,0.0002888329327106476,0.0,0.0,0.0,0.0,0.0,0.0,0.0,0.0,0.0,0.0,0.0,0.0,0.0,0.0,0.0,0.0,0.0,0.0,0.0,0.0,0.10027623176574707
95,0.005868252366781235,0.005676243454217911,0.005526423454284668,0.0053894296288490295,0.005257412791252136,0.005042329430580139,0.004893355071544647,0.004778057336807251,0.004569720476865768,0.0044786930084228516,0.0042463503777980804,0.0041088685393333435,0.003949124366044998,0.0038558058440685272,0.003640446811914444,0.003502458333969116,0.003281380981206894,0.0030026324093341827,0.002840854227542877,0.0025956593453884125,0.002440664917230606,0.0021198689937591553,0.0018445104360580444,0.0016240514814853668,0.0014118179678916931,0.0011887475848197937,0.0009500645101070404,0.0007507950067520142,0.0005350857973098755,0.00029411911964416504,0.0,0.0,0.0,0.0,0.0,0.0,0.0,0.0,0.0,0.0,0.0,0.0,0.0,0.0,0.0,0.0,0.0,0.0,0.0,0.0,0.09966322407126427
96,0.005745261907577515,0.005642838776111603,0.005429893732070923,0.005377266556024551,0.005210503935813904,0.005027256906032562,0.004850614815950394,0.004734322428703308,0.004603613168001175,0.00434107705950737,0.004198476672172546,0.004060044884681702,0.003825046122074127,0.003629382699728012,0.003393452614545822,0.003204844892024994,0.0030079446732997894,0.002860110253095627,0.002608276903629303,0.002387482672929764,0.002268735319375992,0.002027522772550583,0.0017803460359573364,0.0015778020024299622,0.0013792775571346283,0.0010788142681121826,0.0008767358958721161,0.0006536804139614105,0.0004337728023529053,0.00016676634550094604,0.0,0.0,0.0,0.0,0.0,0.0,0.0,0.0,0.0,0.0,0.0,0.0,0.0,0.0,0.0,0.0,0.0,0.0,0.0,0.0,0.09638116508722305
97,0.005704071372747421,0.005631525069475174,0.005496647208929062,0.00533810630440712,0.005083639174699783,0.005007654428482056,0.004836373031139374,0.004678063094615936,0.00452958419919014,0.004349183291196823,0.0042402856051921844,0.0040810368955135345,0.0038659758865833282,0.0036913231015205383,0.0034645050764083862,0.0033365078270435333,0.0030876100063323975,0.0029008835554122925,0.002704210579395294,0.0024447888135910034,0.00217437744140625,0.0019313134253025055,0.0017587915062904358,0.0015862137079238892,0.001325450837612152,0.0010609887540340424,0.000828225165605545,0.0006258003413677216,0.000392276793718338,0.00016359612345695496,0.0,0.0,0.0,0.0,0.0,0.0,0.0,0.0,0.0,0.0,0.0,0.0,0.0,0.0,0.0,0.0,0.0,0.0,0.0,0.0,0.09631900861859322
98,0.005708362907171249,0.005648840218782425,0.005440209060907364,0.00528784841299057,0.0050866566598415375,0.005002304911613464,0.004933226853609085,0.004764039069414139,0.0045958273112773895,0.0043449923396110535,0.004154998809099197,0.0039337389171123505,0.0037992186844348907,0.00365370512008667,0.003475405275821686,0.0032204054296016693,0.003067281097173691,0.002845779061317444,0.002550356090068817,0.0023907646536827087,0.002153530716896057,0.00198296457529068,0.0017538145184516907,0.0015672668814659119,0.0013269223272800446,0.0010699592530727386,0.0008770972490310669,0.0006775856018066406,0.00046786293387413025,0.0001750551164150238,0.0,0.0,0.0,0.0,0.0,0.0,0.0,0.0,0.0,0.0,0.0,0.0,0.0,0.0,0.0,0.0,0.0,0.0,0.0,0.0,0.09595602005720139
99,0.005711052566766739,0.005683094263076782,0.005528584122657776,0.005262959748506546,0.005077775567770004,0.004879526793956757,0.004736848175525665,0.004583239555358887,0.004459258168935776,0.004239935427904129,0.004124201834201813,0.003954663872718811,0.0037756115198135376,0.0036568045616149902,0.003472883254289627,0.0032667070627212524,0.003034457564353943,0.0028839632868766785,0.002678249031305313,0.0024554915726184845,0.0022268183529376984,0.0020600222051143646,0.00186992809176445,0.0016637593507766724,0.0015067383646965027,0.001162111759185791,0.0008878037333488464,0.0006759054958820343,0.0004240758717060089,0.0001550912857055664,0.0,0.0,0.0,0.0,0.0,0.0,0.0,0.0,0.0,0.0,0.0,0.0,0.0,0.0,0.0,0.0,0.0,0.0,0.0,0.0,0.09609756246209145
100,0.005750592797994614,0.005620259791612625,0.005430806428194046,0.0053025782108306885,0.0051822662353515625,0.004973463714122772,0.004879813641309738,0.004698056727647781,0.00455508753657341,0.004457242786884308,0.00426904484629631,0.0041274093091487885,0.00394701212644577,0.0036797188222408295,0.0034517571330070496,0.0032657235860824585,0.0030478276312351227,0.0029480569064617157,0.002746693789958954,0.0025482065975666046,0.0022842735052108765,0.0020532719790935516,0.0017770566046237946,0.0015590377151966095,0.0013252906501293182,0.0011027120053768158,0.0008329525589942932,0.0006149634718894958,0.00040720030665397644,0.00017051026225090027,0.0,0.0,0.0,0.0,0.0,0.0,0.0,0.0,0.0,0.0,0.0,0.0,0.0,0.0,0.0,0.0,0.0,0.0,0.0,0.0,0.09700888767838478

total time per move x,0.5809433199465275,0.5639546886086464,0.5496599599719048,0.53421301394701,0.5344756171107292,0.5157798230648041,0.5007375292479992,0.49696989730000496,0.4559340663254261,0.44936783984303474,0.43177197128534317,0.40142467245459557,0.3841288983821869,0.3778768926858902,0.34667233005166054,0.33983907103538513,0.3196267820894718,0.29987939819693565,0.2659495621919632,0.244958333671093,0.22355560585856438,0.20199858024716377,0.18053089082241058,0.16469921544194221,0.14005134999752045,0.11433180794119835,0.09195095300674438,0.06987862661480904,0.047463759779930115,0.022535912692546844,0.0001591518521308899,0,0,0,0,0,0,0,0,0,0,0,0,0,0,0,0,0,0,0,9.851319521665573
average time per move x,0.005809433199465275,0.005639546886086464,0.0054965995997190474,0.0053421301394701,0.005344756171107292,0.0051577982306480405,0.005007375292479992,0.004969698973000049,0.004559340663254261,0.004493678398430348,0.004317719712853432,0.004014246724545955,0.003841288983821869,0.003778768926858902,0.003466723300516605,0.0033983907103538515,0.003196267820894718,0.0029987939819693566,0.002659495621919632,0.00244958333671093,0.002235556058585644,0.002019985802471638,0.0018053089082241058,0.0016469921544194222,0.0014005134999752044,0.0011433180794119834,0.0009195095300674438,0.0006987862661480904,0.00047463759779930114,0.00022535912692546844,0.0001591518521308899,nan,nan,nan,nan,nan,nan,nan,nan,nan,nan,nan,nan,nan,nan,nan,nan,nan,nan,nan,0.09851319521665573
std of time per move x,0.00018627340738996322,6.333424774455019e-05,6.270992340079087e-05,6.101331045547381e-05,0.0012506482895795889,0.0012463696178984214,0.0013002664502676118,0.0018131537203275438,0.0002532322431032687,0.0013042828372804719,0.0012953216273816576,9.972442833555384e-05,0.00011080269502251522,0.001308953078085804,0.00010056306242734691,0.0012992580153722987,0.0013150577468070267,0.0013076555021844373,0.00010608898660897849,0.00010440319916588928,0.00010139489041416056,9.498004058815328e-05,8.947178827036081e-05,0.0006181723944637537,0.00033384263740957347,7.315545356378655e-05,6.670350819459188e-05,6.211612058921265e-05,5.905478044849037e-05,6.152814573146266e-05,nan,nan,nan,nan,nan,nan,nan,nan,nan,nan,nan,nan,nan,nan,nan,nan,nan,nan,nan,nan,0.004979913841872647
err of average time,1.862734073899632e-05,6.333424774455019e-06,6.270992340079088e-06,6.101331045547381e-06,0.0001250648289579589,0.00012463696178984215,0.0001300266450267612,0.00018131537203275438,2.532322431032687e-05,0.0001304282837280472,0.00012953216273816576,9.972442833555384e-06,1.1080269502251521e-05,0.0001308953078085804,1.0056306242734691e-05,0.00012992580153722987,0.00013150577468070267,0.00013076555021844372,1.0608898660897849e-05,1.0440319916588927e-05,1.0139489041416055e-05,9.498004058815329e-06,8.947178827036081e-06,6.181723944637537e-05,3.338426374095735e-05,7.3155453563786545e-06,6.670350819459188e-06,6.211612058921265e-06,5.905478044849037e-06,6.152814573146267e-06,nan,nan,nan,nan,nan,nan,nan,nan,nan,nan,nan,nan,nan,nan,nan,nan,nan,nan,nan,nan,0.0004979913841872647
