Contains move time for player MCTSRemMaxIter0; opponent is Gambler
Colums refer to move number, rows to game number
game,1,2,3,4,5,6,7,8,9,10,11,12,13,14,15,16,17,18,19,20,21,22,23,24,25,26,27,28,29,30,31,32,33,34,35,36,37,38,39,40,41,42,43,44,45,46,47,48,49,50,total
1,8.601294305175543,7.301545415073633,7.355414312332869,7.052821256220341,6.625284176319838,6.090204648673534,5.572877801954746,4.924523431807756,4.727228760719299,4.175551410764456,3.7886811085045338,3.4873260892927647,3.127363473176956,2.816145282238722,2.551481172442436,2.232757706195116,1.951805006712675,1.724440935999155,1.4377952888607979,1.1898068748414516,0.9765171334147453,0.8706897459924221,0.6095358692109585,0.436407458037138,0.30855419486761093,0.18254996463656425,0.08359945937991142,0.017276369035243988,6.187707185745239e-06,0.00025657936930656433,0.0,0.0,0.0,0.0,0.0,0.0,0.0,0.0,0.0,0.0,0.0,0.0,0.0,0.0,0.0,0.0,0.0,0.0,0.0,0.0,90.21974141895771
2,8.644345480948687,5.976270891726017,7.010647382587194,5.946701370179653,6.422954443842173,6.104129426181316,5.555928241461515,4.647153623402119,4.830854885280132,4.359653860330582,3.8718631230294704,3.622715074568987,3.2526638358831406,2.901457939296961,2.547595214098692,2.22014432027936,1.9684228301048279,1.7847009785473347,1.4139958322048187,1.168686904013157,0.9564407467842102,0.7863497696816921,0.6358562372624874,0.45773713663220406,0.319125160574913,0.23726100474596024,0.11602935567498207,0.041131049394607544,0.0029761679470539093,5.461275577545166e-06,0.0,0.0,0.0,0.0,0.0,0.0,0.0,0.0,0.0,0.0,0.0,0.0,0.0,0.0,0.0,0.0,0.0,0.0,0.0,0.0,87.80379774793983
3,8.655634466558695,7.978528555482626,7.39145128801465,7.04810456559062,5.8611213080585,6.146700486540794,5.690950270742178,5.20298695191741,4.777589503675699,4.3716712184250355,3.9566380232572556,3.5731073282659054,3.337362300604582,2.8703633844852448,2.5374742932617664,2.2183892615139484,1.9409478455781937,1.7367351986467838,1.4020228385925293,1.1285911239683628,0.9318998828530312,0.7662739716470242,0.5807897597551346,0.43326007947325706,0.3003447689116001,0.19179634004831314,0.10567783936858177,0.0303022600710392,0.002592470496892929,6.105750799179077e-06,0.0,0.0,0.0,0.0,0.0,0.0,0.0,0.0,0.0,0.0,0.0,0.0,0.0,0.0,0.0,0.0,0.0,0.0,0.0,0.0,91.16931369155645
4,8.714268863201141,8.088921934366226,6.704514715820551,6.122235592454672,5.8270835392177105,6.006283205002546,5.672468818724155,5.23368726670742,4.809086661785841,4.385335132479668,4.009299945086241,3.6198352314531803,3.3200143948197365,2.9732283763587475,2.6027312204241753,2.2805170081555843,1.9965669997036457,1.7397895120084286,1.5360053442418575,1.231387797743082,1.0098572336137295,0.7984982319176197,0.607452105730772,0.4626627713441849,0.3284440115094185,0.1935204640030861,0.23673298954963684,0.029276177287101746,0.0013648159801959991,4.980713129043579e-06,0.0,0.0,0.0,0.0,0.0,0.0,0.0,0.0,0.0,0.0,0.0,0.0,0.0,0.0,0.0,0.0,0.0,0.0,0.0,0.0,90.54107534140348
5,8.62696536257863,7.690891321748495,7.150905154645443,6.237246874719858,6.387085109949112,5.847283460199833,5.678411245346069,5.302419696003199,4.834776483476162,4.43820109218359,4.0173508785665035,3.773013036698103,3.2984129302203655,2.90347833186388,2.565104976296425,2.2761139385402203,1.977798830717802,1.7589529566466808,1.4208430089056492,1.1876594573259354,0.9630090482532978,0.8023408874869347,0.6149807684123516,0.4624244347214699,0.3119404762983322,0.20263903960585594,0.13409529253840446,0.04372716322541237,0.002136610448360443,5.3942203521728516e-06,0.0,0.0,0.0,0.0,0.0,0.0,0.0,0.0,0.0,0.0,0.0,0.0,0.0,0.0,0.0,0.0,0.0,0.0,0.0,0.0,90.91021326184273
6,8.890465565025806,6.833862751722336,7.16419455036521,7.098908323794603,6.6444401293993,6.3295545019209385,6.006434727460146,5.511624325066805,5.097805995494127,4.669837441295385,4.251810800284147,3.8526425436139107,3.481786470860243,3.194226149469614,2.7413500659167767,2.419977519661188,2.262835878878832,1.910463623702526,1.6253543309867382,1.3711431249976158,1.2392861433327198,0.9238179177045822,0.7489631511271,0.5656484737992287,0.40269235894083977,0.26056304574012756,0.16381428390741348,0.07150373980402946,0.009949035942554474,0.0008890628814697266,0.0,0.0,0.0,0.0,0.0,0.0,0.0,0.0,0.0,0.0,0.0,0.0,0.0,0.0,0.0,0.0,0.0,0.0,0.0,0.0,95.74584603309631
7,8.856335073709488,6.563488695770502,7.5867615416646,7.442790791392326,6.75210127979517,6.307226363569498,5.888545628637075,5.575960345566273,5.133282624185085,4.768189311027527,4.31385787576437,3.8908044658601284,3.593320846557617,3.145251076668501,2.828828562051058,2.5108961276710033,2.149984709918499,1.797151017934084,1.5789773128926754,1.3183359801769257,1.1340820528566837,0.9430768005549908,0.6850951239466667,0.5441861599683762,0.36890288069844246,0.28264567628502846,0.16410135850310326,0.06169654056429863,0.0047484636306762695,0.0013881772756576538,0.0,0.0,0.0,0.0,0.0,0.0,0.0,0.0,0.0,0.0,0.0,0.0,0.0,0.0,0.0,0.0,0.0,0.0,0.0,0.0,96.19201286509633
8,8.909369099885225,7.424003548920155,7.76394035667181,7.005925811827183,6.847838517278433,6.481858476996422,5.872459311038256,5.523214962333441,5.001689195632935,4.6508592292666435,4.263078656047583,3.981394127011299,3.4995509050786495,3.2025468423962593,2.757380671799183,2.49515837430954,2.241850670427084,1.9826738834381104,1.6162211820483208,1.3641512617468834,1.158795490860939,0.9315039291977882,0.6644601672887802,0.49436236545443535,0.3809507265686989,0.2808830216526985,0.141269288957119,0.0722506158053875,0.006857234984636307,0.0011576078832149506,0.0,0.0,0.0,0.0,0.0,0.0,0.0,0.0,0.0,0.0,0.0,0.0,0.0,0.0,0.0,0.0,0.0,0.0,0.0,0.0,97.01765553280711
9,8.853122685104609,7.3575349524617195,7.521738633513451,7.444504179060459,6.716587442904711,6.132608350366354,5.779962360858917,5.511332295835018,5.0532142370939255,4.5114172995090485,4.296225488185883,4.003398388624191,3.5613197162747383,3.1618534214794636,2.8890313282608986,2.48846772313118,2.1454854905605316,1.877300564199686,1.5905801616609097,1.3977382592856884,1.1520071849226952,0.9228152334690094,0.7438563518226147,0.5951197780668736,0.4206782765686512,0.2705565206706524,0.17551863566040993,0.07411256805062294,0.01250748336315155,0.0009887367486953735,0.0,0.0,0.0,0.0,0.0,0.0,0.0,0.0,0.0,0.0,0.0,0.0,0.0,0.0,0.0,0.0,0.0,0.0,0.0,0.0,96.66158374771476
10,8.900784522294998,7.381347447633743,7.776450879871845,7.236823618412018,6.4213549718260765,5.675842706114054,5.675746124237776,5.474242728203535,5.13409336656332,4.644796304404736,4.134380090981722,3.8626358546316624,3.567340787500143,3.122136563062668,2.8612632490694523,2.4690753556787968,2.254096757620573,1.857038576155901,1.5922423414885998,1.3418163061141968,1.1128591857850552,0.8635571449995041,0.6426916681230068,0.4749900661408901,0.3804311342537403,0.23652469739317894,0.1436307430267334,0.06498696655035019,0.009894642978906631,6.008893251419067e-06,0.0,0.0,0.0,0.0,0.0,0.0,0.0,0.0,0.0,0.0,0.0,0.0,0.0,0.0,0.0,0.0,0.0,0.0,0.0,0.0,95.31308081001043
11,8.669039193540812,8.01692832261324,7.361888013780117,7.091103654354811,6.581344310194254,6.103341717272997,5.678630206733942,5.222142145037651,4.7632950358092785,4.352325323969126,3.927323807030916,3.5761835537850857,3.225978136062622,2.848052464425564,2.526619788259268,2.31682251393795,1.9948523454368114,1.677664864808321,1.4222478978335857,1.176407851278782,0.9827506951987743,0.7635798044502735,0.6923902742564678,0.4350891709327698,0.2970866523683071,0.19525755941867828,0.1229536421597004,0.033032577484846115,0.00196288526058197,4.813075065612793e-06,0.0,0.0,0.0,0.0,0.0,0.0,0.0,0.0,0.0,0.0,0.0,0.0,0.0,0.0,0.0,0.0,0.0,0.0,0.0,0.0,92.0562992207706
12,8.62906577438116,7.851706009358168,6.365269646048546,7.007679928094149,6.577581509947777,6.143711593002081,5.710619896650314,5.360616698861122,4.7722900323569775,4.323939599096775,3.897502053529024,3.561351228505373,2.963962584733963,2.889813404530287,2.5700277239084244,2.2372650168836117,1.9417239353060722,1.7485217340290546,1.4424928724765778,1.2187973223626614,0.9581213817000389,0.7913243472576141,0.5935211665928364,0.448974821716547,0.32421739771962166,0.208266232162714,0.1179921105504036,0.10258740186691284,0.0017661862075328827,4.895031452178955e-06,0.0,0.0,0.0,0.0,0.0,0.0,0.0,0.0,0.0,0.0,0.0,0.0,0.0,0.0,0.0,0.0,0.0,0.0,0.0,0.0,90.76071450486779
13,8.652776185423136,7.8855750150978565,6.733825728297234,6.741334710270166,6.009324427694082,6.143455535173416,5.667078837752342,5.2450519651174545,4.700831804424524,4.128750652074814,3.8502818159759045,3.5242287032306194,3.1687544845044613,2.94436277076602,2.532978590577841,2.2196902483701706,1.9333706721663475,1.6372548416256905,1.3442534059286118,1.151652980595827,0.9075342155992985,0.812505703419447,0.561676885932684,0.4296827092766762,0.2938459776341915,0.19609670341014862,0.12000683695077896,0.04452396556735039,0.0031450986862182617,6.0051679611206055e-06,0.0,0.0,0.0,0.0,0.0,0.0,0.0,0.0,0.0,0.0,0.0,0.0,0.0,0.0,0.0,0.0,0.0,0.0,0.0,0.0,89.58385747671127
14,8.653659142553806,6.700061589479446,7.338247038424015,6.917246900498867,6.677580121904612,6.110682528465986,5.645349480211735,5.142145477235317,4.733040802180767,3.93203853815794,4.1039162799716,3.751623746007681,3.3429734483361244,2.9965350292623043,2.58481764793396,2.3333333916962147,2.0323833376169205,1.7543607614934444,1.5057129561901093,1.2545889168977737,1.0347825028002262,0.8331583328545094,0.6376891732215881,0.4707413651049137,0.3335694894194603,0.21571026742458344,0.1157282218337059,0.03563834726810455,0.001514151692390442,5.014240741729736e-06,0.0,0.0,0.0,0.0,0.0,0.0,0.0,0.0,0.0,0.0,0.0,0.0,0.0,0.0,0.0,0.0,0.0,0.0,0.0,0.0,91.18883400037885
15,8.61811676621437,5.859264358878136,7.550183940678835,6.903708212077618,6.554634869098663,6.024480793625116,5.6000300869345665,5.1257768757641315,4.600658714771271,4.353996951133013,3.9434549808502197,3.5814483277499676,3.2158038280904293,2.9247314259409904,2.696768641471863,2.2411920316517353,1.9595672637224197,1.7151834294199944,1.3811861909925938,1.1740032657980919,0.9764793217182159,0.7668512463569641,0.59714450314641,0.445687860250473,0.29965976253151894,0.18588630482554436,0.09413938224315643,0.031144555658102036,0.0027954764664173126,6.031244993209839e-06,0.0,0.0,0.0,0.0,0.0,0.0,0.0,0.0,0.0,0.0,0.0,0.0,0.0,0.0,0.0,0.0,0.0,0.0,0.0,0.0,89.42398539930582
16,8.897092025727034,5.8393979743123055,6.925217315554619,7.568689793348312,6.884077046066523,6.484842091798782,5.973721493035555,5.531358052045107,5.22406117990613,4.632289152592421,4.27043354511261,3.8654103614389896,3.5011478699743748,3.157852727919817,2.9581935852766037,2.51339740306139,2.1087041720747948,1.8581047095358372,1.587306171655655,1.3085783198475838,1.0651510283350945,0.8304678350687027,0.7518730722367764,0.549880214035511,0.39551301300525665,0.24030838161706924,0.13994832709431648,0.0524151436984539,0.007148154079914093,0.001774568110704422,0.0,0.0,0.0,0.0,0.0,0.0,0.0,0.0,0.0,0.0,0.0,0.0,0.0,0.0,0.0,0.0,0.0,0.0,0.0,0.0,95.12435472756624
17,9.110932439565659,7.933183386921883,6.290878128260374,7.311317056417465,6.989495202898979,6.500430107116699,6.1872639656066895,5.4220938719809055,5.151640392839909,4.894411031156778,4.42527412250638,3.8884536661207676,3.6539512649178505,3.3219563625752926,2.8880905359983444,2.5968180559575558,2.2336794547736645,1.9811148270964622,1.6506685577332973,1.36435067653656,1.037031814455986,0.9260289371013641,0.7895450033247471,0.5615237131714821,0.41163288801908493,0.27876052260398865,0.18023748323321342,0.07915497571229935,0.017176546156406403,0.0011443011462688446,0.0,0.0,0.0,0.0,0.0,0.0,0.0,0.0,0.0,0.0,0.0,0.0,0.0,0.0,0.0,0.0,0.0,0.0,0.0,0.0,98.07823929190636
18,8.898723442107439,7.261544268578291,7.845417778939009,6.726990204304457,7.013012662529945,6.404530894011259,5.8056342005729675,5.530366361141205,5.050838556140661,4.661891911178827,4.218459062278271,3.7459156773984432,3.2941599264740944,3.1543565839529037,2.79827768355608,2.5927499793469906,2.1643152981996536,1.8940188102424145,1.6374961100518703,1.3751311413943768,1.1474446579813957,1.0015464201569557,0.737088393419981,0.5389619432389736,0.38245178759098053,0.23577189818024635,0.1399155892431736,0.06220834702253342,0.0037994273006916046,0.0012691542506217957,0.0,0.0,0.0,0.0,0.0,0.0,0.0,0.0,0.0,0.0,0.0,0.0,0.0,0.0,0.0,0.0,0.0,0.0,0.0,0.0,96.32428817078471
19,8.884548891335726,6.335370637476444,6.867565419524908,6.225725255906582,6.979750208556652,6.4299331568181515,4.978985946625471,5.1808882765471935,5.112490437924862,4.695627488195896,4.351035088300705,3.868769135326147,3.229392260313034,3.1536352299153805,2.813776731491089,2.5074199810624123,2.195946678519249,1.854946330189705,1.6034538820385933,1.360221415758133,1.1270217411220074,0.9213143512606621,0.696803979575634,0.5437453091144562,0.40600210800766945,0.3250814825296402,0.1647672951221466,0.0741087980568409,0.008383825421333313,0.0013080872595310211,0.0,0.0,0.0,0.0,0.0,0.0,0.0,0.0,0.0,0.0,0.0,0.0,0.0,0.0,0.0,0.0,0.0,0.0,0.0,0.0,92.89801942929626
20,8.890475668013096,5.817712057381868,7.776206154376268,6.344379737973213,6.9827691204845905,5.758019380271435,5.9301211424171925,5.514735903590918,4.984276041388512,4.675817273557186,4.255944207310677,3.915658287703991,3.4703723527491093,3.147415865212679,2.709528848528862,2.4345805682241917,2.1117715053260326,1.7812416069209576,1.5824232958257198,1.350951660424471,1.1168398298323154,0.8975427709519863,0.7197783552110195,0.5458162687718868,0.35958094149827957,0.272390428930521,0.14774523302912712,0.04595409706234932,0.009918898344039917,0.0017115287482738495,0.0,0.0,0.0,0.0,0.0,0.0,0.0,0.0,0.0,0.0,0.0,0.0,0.0,0.0,0.0,0.0,0.0,0.0,0.0,0.0,93.55167903006077
21,8.69070927798748,7.865225438028574,7.544134549796581,6.6211672984063625,6.494355447590351,5.9401330053806305,5.533836130052805,5.176857817918062,4.751021716743708,4.407558560371399,3.9883243404328823,3.6068026795983315,3.2541895993053913,2.924557413905859,2.5515909641981125,2.2937115989625454,1.9283529072999954,1.6542020365595818,1.4374481365084648,1.2048512399196625,0.9743876345455647,0.8009024746716022,0.6512649320065975,0.455688264220953,0.3078974187374115,0.194341242313385,0.09601777046918869,0.02709202468395233,0.0028976798057556152,5.383044481277466e-06,0.0,0.0,0.0,0.0,0.0,0.0,0.0,0.0,0.0,0.0,0.0,0.0,0.0,0.0,0.0,0.0,0.0,0.0,0.0,0.0,91.37952498346567
22,8.6295584179461,8.029185459017754,6.717567563056946,6.877844296395779,6.575821369886398,6.033529333770275,5.640832159668207,5.201750420033932,4.743374198675156,4.285418815910816,3.7975092194974422,3.5921672768890858,3.231968518346548,2.8762207739055157,2.5417751371860504,2.2287471778690815,1.9768542759120464,1.6457082070410252,1.4239657819271088,1.1793976351618767,1.0162963941693306,0.8050425909459591,0.6016240157186985,0.5594824589788914,0.3051956109702587,0.2028782032430172,0.11190318316221237,0.04085151478648186,0.0015008635818958282,5.085021257400513e-06,0.0,0.0,0.0,0.0,0.0,0.0,0.0,0.0,0.0,0.0,0.0,0.0,0.0,0.0,0.0,0.0,0.0,0.0,0.0,0.0,90.87397595867515
23,8.670506931841373,6.541700005531311,7.3832073621451855,7.157804392278194,7.13568826764822,6.749479163438082,6.1714768670499325,5.580369379371405,5.105721518397331,4.8602177537977695,4.416999123990536,4.187898840755224,3.439171716570854,3.3254953660070896,2.7354038693010807,2.5853404216468334,2.1458224803209305,1.9248949363827705,1.527048584073782,1.3739521764218807,1.0186451114714146,0.9103735461831093,0.6375892423093319,0.4818987436592579,0.3462349474430084,0.2247178964316845,0.12621716409921646,0.04157022759318352,0.00282958522439003,6.0051679611206055e-06,0.0,0.0,0.0,0.0,0.0,0.0,0.0,0.0,0.0,0.0,0.0,0.0,0.0,0.0,0.0,0.0,0.0,0.0,0.0,0.0,96.80828162655234
24,9.56406544521451,7.628902982920408,7.537001803517342,6.989751003682613,6.6700883731245995,6.695966061204672,6.031482852995396,5.610728643834591,5.302378535270691,4.425928335636854,4.547008581459522,4.401372946798801,3.874786514788866,2.9053676947951317,2.5334923528134823,2.3362460024654865,2.5601510107517242,1.9147580862045288,1.8032942228019238,1.1668258905410767,0.9488420337438583,0.7768371403217316,0.5875043980777264,0.5479437671601772,0.3107786178588867,0.2054157853126526,0.10417128726840019,0.03914913907647133,0.003759097307920456,5.46872615814209e-06,0.0,0.0,0.0,0.0,0.0,0.0,0.0,0.0,0.0,0.0,0.0,0.0,0.0,0.0,0.0,0.0,0.0,0.0,0.0,0.0,98.0240040756762
25,8.681454971432686,6.38095960766077,7.711566496640444,6.905264340341091,6.38711704313755,6.831658214330673,5.691947866231203,5.229852121323347,4.948429595679045,4.420911982655525,4.085739653557539,3.674850169569254,3.286460518836975,2.981638427823782,3.0237123668193817,2.9271732047200203,2.548094131052494,2.42808148637414,1.634458839893341,1.1580415032804012,1.1620945557951927,0.8418032303452492,0.7376681789755821,0.449456799775362,0.30665115639567375,0.20308858156204224,0.10650962963700294,0.02202242985367775,0.00148116797208786,6.0051679611206055e-06,0.0,0.0,0.0,0.0,0.0,0.0,0.0,0.0,0.0,0.0,0.0,0.0,0.0,0.0,0.0,0.0,0.0,0.0,0.0,0.0,94.7681942768395
26,8.921965319663286,8.479141596704721,7.413042314350605,7.256195079535246,6.557210270315409,6.104215048253536,5.8844640627503395,5.581024084240198,5.684515256434679,5.594153832644224,4.234176009893417,4.0405900329351425,3.740366827696562,3.2345005087554455,3.393858090043068,2.881199885159731,2.2080315202474594,1.8607928305864334,1.626966930925846,1.3714930526912212,1.2546006552875042,0.9574147760868073,0.7414983883500099,0.5382939055562019,0.41706857085227966,0.27771974727511406,0.14452284201979637,0.07062352076172829,0.010881289839744568,6.280839443206787e-06,0.0,0.0,0.0,0.0,0.0,0.0,0.0,0.0,0.0,0.0,0.0,0.0,0.0,0.0,0.0,0.0,0.0,0.0,0.0,0.0,100.4805325306952
27,9.109165281057358,9.328135833144188,7.815967667847872,7.683992821723223,6.874519780278206,5.954108156263828,6.223437994718552,6.083385486155748,5.300976499915123,5.091789081692696,4.343771565705538,4.079664841294289,3.549376420676708,3.301279053092003,2.8918847776949406,2.5122088827192783,2.1758230701088905,2.093416038900614,1.8976906575262547,1.6690655685961246,1.4775603227317333,1.48628493770957,0.7007388174533844,1.0142806023359299,0.7043725587427616,0.3202745355665684,0.17226484045386314,0.07969161868095398,0.010711606591939926,0.0010941475629806519,0.0,0.0,0.0,0.0,0.0,0.0,0.0,0.0,0.0,0.0,0.0,0.0,0.0,0.0,0.0,0.0,0.0,0.0,0.0,0.0,103.94693346694112
28,10.12254836037755,8.850012890994549,7.023687604814768,6.584855236113071,6.89450678229332,7.377621687948704,5.973437357693911,5.7796985767781734,6.035218942910433,5.789536252617836,5.042062222957611,4.481888931244612,4.15429825335741,3.5860585793852806,2.8725638911128044,2.5093506202101707,2.6061200872063637,2.7161695808172226,1.7090427912771702,1.663590993732214,1.7340913265943527,0.9532203525304794,0.8376995921134949,1.2363686449825764,0.7584619857370853,0.31334200128912926,0.18536178767681122,0.08193620294332504,0.015781085938215256,0.0010791569948196411,0.0,0.0,0.0,0.0,0.0,0.0,0.0,0.0,0.0,0.0,0.0,0.0,0.0,0.0,0.0,0.0,0.0,0.0,0.0,0.0,107.88961178064346
29,11.1793307736516,7.641739554703236,8.85994640737772,8.710002068430185,7.64384077116847,6.9776995331048965,6.021201305091381,6.522865228354931,6.102698374539614,5.563376646488905,6.208413638174534,4.758721362799406,4.4277635626494884,3.3550733253359795,3.537662297487259,3.052221439778805,2.1869061924517155,2.246092524379492,2.1675583571195602,1.5278532691299915,1.474740419536829,1.0694074779748917,1.0909051708877087,0.7701591067016125,0.4074987433850765,0.28090230002999306,0.15370601788163185,0.07099594920873642,0.00996965542435646,0.001781456172466278,0.0,0.0,0.0,0.0,0.0,0.0,0.0,0.0,0.0,0.0,0.0,0.0,0.0,0.0,0.0,0.0,0.0,0.0,0.0,0.0,114.02103292942047
30,9.771785993129015,8.834952283650637,8.373196393251419,8.082566898316145,8.322424337267876,6.603251583874226,6.52019140124321,5.60580712556839,7.059527989476919,6.021804139018059,4.904365938156843,4.770978383719921,4.490544743835926,3.7491993382573128,4.001914713531733,3.054981093853712,2.4394581466913223,2.0858128666877747,2.3429767079651356,1.3763848543167114,1.1596232317388058,0.9606436155736446,0.8660679124295712,0.6244390122592449,0.4435039274394512,0.29598215594887733,0.17817719653248787,0.07082032784819603,0.014683887362480164,0.0011841095983982086,0.0,0.0,0.0,0.0,0.0,0.0,0.0,0.0,0.0,0.0,0.0,0.0,0.0,0.0,0.0,0.0,0.0,0.0,0.0,0.0,113.02725030854344
31,10.87332696095109,9.08990728482604,7.662092413753271,8.41810917854309,8.006325367838144,7.543088495731354,6.934399604797363,6.414446074515581,5.160625610500574,4.803009748458862,4.30379743501544,3.8171427734196186,3.916844207793474,3.2499280497431755,2.942283108830452,2.3068363070487976,2.0592913031578064,1.7170008793473244,1.4514739140868187,1.3373403698205948,0.9619442373514175,0.8144168816506863,0.608652051538229,0.449268463999033,0.2970668599009514,0.20613842457532883,0.09068015590310097,0.020192641764879227,0.0020189881324768066,5.677342414855957e-06,0.0,0.0,0.0,0.0,0.0,0.0,0.0,0.0,0.0,0.0,0.0,0.0,0.0,0.0,0.0,0.0,0.0,0.0,0.0,0.0,105.45765347033739
32,9.114058665931225,8.120470073074102,8.178908992558718,7.890231538563967,7.620599325746298,6.4948100708425045,6.188330017030239,5.562903255224228,5.455382037907839,4.966139100492001,5.226908080279827,4.30839279294014,3.5185628831386566,2.9274284541606903,2.670624151825905,2.2594983503222466,2.1296184211969376,1.6978199928998947,1.5168199390172958,1.3751360662281513,1.212757758796215,0.8110924400389194,0.6184962950646877,0.46318644285202026,0.30706148967146873,0.2085469663143158,0.12776904925704002,0.04664301127195358,0.0023662447929382324,5.46872615814209e-06,0.0,0.0,0.0,0.0,0.0,0.0,0.0,0.0,0.0,0.0,0.0,0.0,0.0,0.0,0.0,0.0,0.0,0.0,0.0,0.0,101.02056737616658
33,9.48643060773611,8.100282967090607,6.727547150105238,7.136693440377712,5.901770204305649,5.665662042796612,5.622700270265341,5.426608890295029,4.927539471536875,4.747245151549578,3.9475745148956776,3.8512006141245365,4.042787652462721,3.131373070180416,2.6252459324896336,2.382549002766609,2.3325301222503185,1.718432728201151,1.633181668817997,1.19089974462986,1.025632817298174,0.9210637360811234,0.6066616401076317,0.44985878840088844,0.3121849298477173,0.19719528779387474,0.10986700281500816,0.04285668954253197,0.0031026601791381836,5.532056093215942e-06,0.0,0.0,0.0,0.0,0.0,0.0,0.0,0.0,0.0,0.0,0.0,0.0,0.0,0.0,0.0,0.0,0.0,0.0,0.0,0.0,94.26668433099985
34,9.194466669112444,8.494388602674007,7.457105617970228,7.796623885631561,7.804352547973394,6.2637723833322525,6.520575225353241,5.57344726100564,5.8662004098296165,5.101621702313423,4.3052045330405235,3.913748223334551,3.345287550240755,2.9791726544499397,3.0660864003002644,2.5711483396589756,2.6742211878299713,1.9611249640583992,1.4431836903095245,1.2258449904620647,1.0178154855966568,1.1554117128252983,0.9858820214867592,0.7413797788321972,0.3154463469982147,0.19737878814339638,0.09303688257932663,0.040719032287597656,0.00291593000292778,5.971640348434448e-06,0.0,0.0,0.0,0.0,0.0,0.0,0.0,0.0,0.0,0.0,0.0,0.0,0.0,0.0,0.0,0.0,0.0,0.0,0.0,0.0,102.1075687892735
35,9.51889207586646,6.99503231421113,7.56149310991168,6.931437432765961,6.630889691412449,6.009662374854088,5.581935573369265,5.068677771836519,4.772109240293503,4.463093511760235,4.078551769256592,3.6330441646277905,3.2213990725576878,2.8875284306705,2.6508341804146767,2.340616960078478,2.0522224381566048,1.7107550725340843,1.4889635555446148,1.2129817567765713,1.0130138844251633,0.8045244850218296,0.6600279696285725,0.4495246410369873,0.30335428938269615,0.20477820932865143,0.09998099878430367,0.02057616412639618,0.0015766434371471405,5.934387445449829e-06,0.0,0.0,0.0,0.0,0.0,0.0,0.0,0.0,0.0,0.0,0.0,0.0,0.0,0.0,0.0,0.0,0.0,0.0,0.0,0.0,92.36748371645808
36,8.89408104494214,7.140386801213026,7.035454988479614,7.024356380105019,6.83122618868947,6.119834039360285,5.906629845499992,5.143986403942108,4.904189586639404,4.596836868673563,4.254947505891323,3.8530752398073673,3.4475126154720783,3.1010890416800976,2.71825410425663,2.6092279739677906,2.19978004693985,1.8564905524253845,1.6543633751571178,1.4065121710300446,1.1612751372158527,0.9394812099635601,0.6971312314271927,0.5825227349996567,0.4351133108139038,0.27843014150857925,0.1693934090435505,0.08232816681265831,0.015375610440969467,6.806105375289917e-06,0.0,0.0,0.0,0.0,0.0,0.0,0.0,0.0,0.0,0.0,0.0,0.0,0.0,0.0,0.0,0.0,0.0,0.0,0.0,0.0,95.0592925325036
37,9.767386678606272,7.026060096919537,7.613735314458609,7.8250585198402405,7.3039908818900585,5.753198254853487,6.49998864531517,5.465845420956612,6.0094627402722836,4.748304288834333,4.785727262496948,4.047375705093145,3.6414794959127903,3.487782657146454,3.060341954231262,2.693554889410734,2.906662166118622,1.9105522148311138,1.6512221321463585,1.3969720266759396,1.0467110499739647,1.0209391601383686,0.6817065849900246,0.5284238681197166,0.4027155488729477,0.2588057667016983,0.15855266153812408,0.07181570306420326,0.008594483137130737,0.0013593584299087524,0.0,0.0,0.0,0.0,0.0,0.0,0.0,0.0,0.0,0.0,0.0,0.0,0.0,0.0,0.0,0.0,0.0,0.0,0.0,0.0,101.77432553097606
38,9.890285778790712,8.655537862330675,7.478532537817955,7.5356533750891685,8.875509217381477,8.652147632092237,6.09791175276041,6.92321689799428,5.1088620610535145,4.81087002903223,5.663021884858608,3.929332625120878,4.452924218028784,3.7600390017032623,2.8488751389086246,3.0930514708161354,3.1497275456786156,1.9118224084377289,1.8492883369326591,1.5500110127031803,1.4011390022933483,1.0585673935711384,1.1650883294641972,0.5253501608967781,0.3731902651488781,0.3821915164589882,0.08534742519259453,0.05301757901906967,0.010295450687408447,0.0014472119510173798,0.0,0.0,0.0,0.0,0.0,0.0,0.0,0.0,0.0,0.0,0.0,0.0,0.0,0.0,0.0,0.0,0.0,0.0,0.0,0.0,111.29225512221456
39,11.014277704060078,8.020665157586336,8.675912361592054,7.812583647668362,6.749651376157999,5.3360231928527355,5.166585262864828,5.9878408797085285,5.536638054996729,4.824702177196741,4.61446863040328,3.857505090534687,3.6070734336972237,3.179497316479683,2.8254332579672337,2.591795928776264,2.238201819360256,1.9038133434951305,1.6279550790786743,1.3743274472653866,1.1688254624605179,1.0228630527853966,0.7402802929282188,0.5364691913127899,0.36454224959015846,0.22995991632342339,0.14415204524993896,0.07589136436581612,0.012386906892061234,6.712973117828369e-06,0.0,0.0,0.0,0.0,0.0,0.0,0.0,0.0,0.0,0.0,0.0,0.0,0.0,0.0,0.0,0.0,0.0,0.0,0.0,0.0,101.24032835662365
40,8.888733711093664,7.338694863021374,6.669831044971943,7.260294031351805,6.225046388804913,6.470671907067299,5.8854911252856255,5.527248457074165,5.070626899600029,4.6953540705144405,4.318163439631462,3.8444095477461815,3.3142561689019203,3.132378775626421,2.781784024089575,2.331180464476347,2.245312862098217,1.8888572715222836,1.5878570042550564,1.3578224070370197,1.1331037916243076,0.8840938173234463,0.7023582421243191,0.5924264378845692,0.36726897954940796,0.246083602309227,0.12900806590914726,0.04239587113261223,0.0070029012858867645,0.0015281103551387787,0.0,0.0,0.0,0.0,0.0,0.0,0.0,0.0,0.0,0.0,0.0,0.0,0.0,0.0,0.0,0.0,0.0,0.0,0.0,0.0,94.9392842836678
41,8.638352032750845,7.553749170154333,7.576461348682642,7.0583510883152485,6.561090890318155,6.106909494847059,5.800866492092609,5.225895170122385,4.785549800843,4.394869994372129,3.9998515099287033,3.6213418878614902,3.199070271104574,2.982570618391037,2.6321588084101677,2.2823937349021435,2.017863966524601,1.6668027304112911,1.4184394739568233,1.1869531944394112,0.9408195950090885,0.7509043626487255,0.5880768112838268,0.4349719099700451,0.30977749824523926,0.20920486375689507,0.09832045063376427,0.06759446859359741,0.0016378797590732574,5.2265822887420654e-06,0.0,0.0,0.0,0.0,0.0,0.0,0.0,0.0,0.0,0.0,0.0,0.0,0.0,0.0,0.0,0.0,0.0,0.0,0.0,0.0,92.1108547449112
42,8.58970321714878,8.02589013800025,6.592466093599796,6.458315342664719,6.567796774208546,5.9729607701301575,5.682114463299513,5.3346849642694,4.855221804231405,4.440462335944176,4.049568478018045,3.6234412640333176,3.2800593599677086,2.8694941960275173,2.5973926037549973,2.1905414201319218,1.900328017771244,1.6523605808615685,1.4209233336150646,1.2867052927613258,0.9857468418776989,0.7804695442318916,0.6056428477168083,0.4852525405585766,0.34320154041051865,0.2185792401432991,0.12572604790329933,0.04472443088889122,0.004815541207790375,6.1355531215667725e-06,0.0,0.0,0.0,0.0,0.0,0.0,0.0,0.0,0.0,0.0,0.0,0.0,0.0,0.0,0.0,0.0,0.0,0.0,0.0,0.0,90.98459516093135
43,8.687803205102682,7.959130011498928,7.621395900845528,7.041390277445316,6.554014764726162,7.0244187116622925,5.8704919926822186,5.459329172968864,5.055157985538244,5.051361281424761,3.965584482997656,4.199383694678545,3.4445744566619396,3.2933185771107674,2.7584497444331646,2.301222588866949,2.0151288509368896,1.719032607972622,1.7574705183506012,1.2240617200732231,1.05967603251338,0.9064808860421181,0.7921910434961319,0.4202498570084572,0.32977479696273804,0.20406943932175636,0.1185673251748085,0.03380133956670761,0.0018126852810382843,5.375593900680542e-06,0.0,0.0,0.0,0.0,0.0,0.0,0.0,0.0,0.0,0.0,0.0,0.0,0.0,0.0,0.0,0.0,0.0,0.0,0.0,0.0,96.86934932693839
44,9.38054796308279,8.400962851941586,7.72135891392827,7.510592296719551,6.870708923786879,6.369167014956474,6.833304904401302,6.153637696057558,5.464370481669903,4.643355093896389,4.460481997579336,5.16296960785985,4.694534111768007,3.3786974996328354,3.268439196050167,2.6144399270415306,2.9647552520036697,1.7585004232823849,1.9406120739877224,1.3396238163113594,0.9965645633637905,0.7312088944017887,0.5867706909775734,0.46696046367287636,0.49407909065485,0.20140643045306206,0.09465180337429047,0.022679444402456284,0.0015652179718017578,4.8317015171051025e-06,0.0,0.0,0.0,0.0,0.0,0.0,0.0,0.0,0.0,0.0,0.0,0.0,0.0,0.0,0.0,0.0,0.0,0.0,0.0,0.0,104.52695147693157
45,9.733251191675663,8.011048905551434,7.720568470656872,7.444512154906988,7.491545423865318,7.678197376430035,7.630545794963837,5.349877342581749,5.9604332856833935,6.030111037194729,5.73365493118763,3.953239541500807,3.2275956347584724,3.085607949644327,2.5427796505391598,2.9452054537832737,2.321064066141844,2.160977989435196,1.42211589589715,1.2392095439136028,0.9903941974043846,0.9193847365677357,0.6287752874195576,0.49075837433338165,0.3538375198841095,0.20452112704515457,0.1141180768609047,0.03983232006430626,0.0021121203899383545,5.867332220077515e-06,0.0,0.0,0.0,0.0,0.0,0.0,0.0,0.0,0.0,0.0,0.0,0.0,0.0,0.0,0.0,0.0,0.0,0.0,0.0,0.0,105.42528126761317
46,8.85394200310111,8.401661418378353,9.063763253390789,8.221172865480185,7.636615939438343,7.611587520688772,7.266010470688343,6.040230382233858,6.929653123021126,4.861617621034384,4.9915926568210125,4.640893291682005,3.977743897587061,3.9014883302152157,3.6500515937805176,3.0585036166012287,2.1528709195554256,1.948752373456955,1.651336658746004,1.388221949338913,1.1690545082092285,0.8851430974900723,0.7219443395733833,0.5432963259518147,0.40222159773111343,0.2775089144706726,0.18237773329019547,0.06183624640107155,0.0036832615733146667,0.0009386055171489716,0.0002520233392715454,0.0,0.0,0.0,0.0,0.0,0.0,0.0,0.0,0.0,0.0,0.0,0.0,0.0,0.0,0.0,0.0,0.0,0.0,0.0,110.49596653878689
47,9.484245896339417,8.01019161194563,7.443400759249926,7.315851218998432,8.220800302922726,6.589576847851276,6.023334674537182,5.41797100007534,4.665877263993025,4.552012953907251,4.034603849053383,4.10113076120615,4.147818177938461,3.71492500603199,2.831138540059328,2.549382049590349,2.128491945564747,1.8874737806618214,1.703938778489828,1.3906236961483955,1.1582604087889194,0.8755502812564373,0.7129996307194233,0.48657942935824394,0.336294736713171,0.2618242874741554,0.17414996773004532,0.11124814674258232,0.012215539813041687,0.0013747774064540863,0.0,0.0,0.0,0.0,0.0,0.0,0.0,0.0,0.0,0.0,0.0,0.0,0.0,0.0,0.0,0.0,0.0,0.0,0.0,0.0,100.34328632056713
48,8.904146555811167,7.076009754091501,6.920302201062441,6.836733479052782,6.774017825722694,6.445288117974997,5.916850280016661,5.594337128102779,5.062906824052334,4.614797595888376,3.995803587138653,3.7947754114866257,3.477306842803955,3.195024009793997,2.877633396536112,2.465924311429262,2.1481436118483543,1.93080211058259,1.7106709256768227,1.3788612596690655,1.126364041119814,0.9210297651588917,0.7717756554484367,0.5608683675527573,0.4136543832719326,0.2734055928885937,0.2028566300868988,0.07355332002043724,0.009937804192304611,6.593763828277588e-06,0.0,0.0,0.0,0.0,0.0,0.0,0.0,0.0,0.0,0.0,0.0,0.0,0.0,0.0,0.0,0.0,0.0,0.0,0.0,0.0,95.47378738224506
49,8.8965899720788,7.188774961978197,7.704082768410444,7.177510302513838,6.881953291594982,6.462413676083088,5.996654223650694,5.582779422402382,5.0303373374044895,4.515511680394411,4.228897470980883,3.853727363049984,3.4524082206189632,3.112877022475004,2.69577869027853,2.427052952349186,2.139016818255186,1.8436079509556293,1.5906625762581825,1.3242066875100136,1.1835315525531769,0.8896823525428772,0.7454207055270672,0.5522631891071796,0.38894639909267426,0.24860477820038795,0.15570852532982826,0.07545805349946022,0.013161782175302505,0.0025581493973731995,0.0,0.0,0.0,0.0,0.0,0.0,0.0,0.0,0.0,0.0,0.0,0.0,0.0,0.0,0.0,0.0,0.0,0.0,0.0,0.0,96.36017887666821
50,9.333962216973305,8.005629412829876,6.4478035643696785,7.997014697641134,6.8949824050068855,6.267187941819429,6.00372552126646,5.506795816123486,5.6379814855754375,5.391094263643026,5.003451369702816,4.343016285449266,3.503198429942131,3.741052731871605,2.7930378913879395,2.5025511980056763,2.276837609708309,2.002184309065342,1.6282088533043861,1.3783272951841354,1.131738543510437,0.9326533377170563,0.7516437247395515,0.9067925289273262,0.45315589755773544,0.2811316065490246,0.17978445440530777,0.08569245040416718,0.007744934409856796,6.183981895446777e-06,3.2819807529449463e-06,0.0,0.0,0.0,0.0,0.0,0.0,0.0,0.0,0.0,0.0,0.0,0.0,0.0,0.0,0.0,0.0,0.0,0.0,0.0,101.38839024305344
51,9.37027233093977,8.591930206865072,8.035695660859346,6.409500744193792,7.327823977917433,6.0781950280070305,6.582013420760632,5.380112901329994,5.143077630549669,5.302511025220156,3.926534991711378,3.514109332114458,3.1761126033961773,2.6628057211637497,2.461588755249977,2.50665632635355,1.9571642391383648,1.662280160933733,1.4314734786748886,1.2112903855741024,1.0598703287541866,0.8293225467205048,0.6250849105417728,0.6527103073894978,0.32024941593408585,0.17964822798967361,0.11305126547813416,0.040053512901067734,0.0025152266025543213,5.301088094711304e-06,0.0,0.0,0.0,0.0,0.0,0.0,0.0,0.0,0.0,0.0,0.0,0.0,0.0,0.0,0.0,0.0,0.0,0.0,0.0,0.0,96.55365996435285
52,9.964367985725403,8.06490109488368,6.74476496130228,7.05452498793602,6.051560394465923,6.3916157856583595,6.140595152974129,5.362386614084244,4.766728028655052,4.393068976700306,4.332024101167917,3.9809422865509987,3.266601040959358,2.8492498993873596,2.517415028065443,2.2445176392793655,2.0224812142550945,1.6922062076628208,1.4662599638104439,1.2007540725171566,0.9766554795205593,0.78296784684062,0.5882386080920696,0.43086202070116997,0.337130818516016,0.20401834696531296,0.11562032997608185,0.03906000405550003,0.004854854196310043,5.934387445449829e-06,0.0,0.0,0.0,0.0,0.0,0.0,0.0,0.0,0.0,0.0,0.0,0.0,0.0,0.0,0.0,0.0,0.0,0.0,0.0,0.0,93.98637967929244
53,8.678172331303358,7.168109618127346,7.5870038121938705,7.513140521943569,6.6918105483055115,6.336531609296799,6.28212833404541,5.4330180659890175,4.769599594175816,3.9380255341529846,4.010931581258774,4.968880046159029,3.8842872232198715,3.1083365119993687,2.7455190122127533,2.391629673540592,1.9187721759080887,1.6929051466286182,1.608303926885128,2.3807387948036194,1.0293378978967667,0.9908620603382587,0.6147525310516357,0.45317232236266136,0.29388849064707756,0.3876968026161194,0.15482449904084206,0.042752526700496674,0.0017767809331417084,5.319714546203613e-06,0.0,0.0,0.0,0.0,0.0,0.0,0.0,0.0,0.0,0.0,0.0,0.0,0.0,0.0,0.0,0.0,0.0,0.0,0.0,0.0,97.07691329345107
54,10.015058375895023,7.570841055363417,9.243670124560595,8.156358998268843,6.549174670130014,7.55653728172183,5.730573080480099,6.035559918731451,6.646255973726511,4.489381678402424,4.207568224519491,3.6827908530831337,3.9251543916761875,3.5561301559209824,3.0986803211271763,2.3286000974476337,2.3814704306423664,1.8628192469477654,1.5737755931913853,1.291333146393299,1.1357281617820263,1.408369667828083,0.6952051818370819,0.46512385085225105,0.3157489486038685,0.20850925147533417,0.119094617664814,0.034781962633132935,0.001592680811882019,4.891306161880493e-06,0.0,0.0,0.0,0.0,0.0,0.0,0.0,0.0,0.0,0.0,0.0,0.0,0.0,0.0,0.0,0.0,0.0,0.0,0.0,0.0,104.28589283302426
55,8.63383512943983,8.492584653198719,6.502750817686319,7.6718519777059555,6.770588051527739,6.392578687518835,6.6762644201517105,6.445173796266317,5.224472474306822,4.352191101759672,4.0295509323477745,4.02361211553216,3.241367671638727,2.8277862519025803,2.569435503333807,2.1857596933841705,1.904384396970272,1.6273879259824753,1.3942950703203678,1.1369368992745876,0.9075376726686954,0.7333873249590397,0.6134695895016193,0.42022624239325523,0.3015395253896713,0.1949632540345192,0.10988373309373856,0.04115871340036392,0.003718629479408264,1.037493348121643e-05,0.0,0.0,0.0,0.0,0.0,0.0,0.0,0.0,0.0,0.0,0.0,0.0,0.0,0.0,0.0,0.0,0.0,0.0,0.0,0.0,95.42870263010263
56,8.872146364301443,6.199864663183689,7.101468928158283,7.488017335534096,7.6066358759999275,6.159155514091253,6.122768018394709,5.788672037422657,5.381802465766668,4.963170472532511,4.929934855550528,4.784164529293776,3.8432165943086147,3.3333125673234463,2.797025542706251,2.7289575971663,2.2224182710051537,2.0855863094329834,1.9086333625018597,1.342312503606081,1.18446921184659,0.897394921630621,0.7172389924526215,0.6027244292199612,0.5842094048857689,0.34199072048068047,0.1664584018290043,0.14595182612538338,0.006021324545145035,0.001186765730381012,0.0,0.0,0.0,0.0,0.0,0.0,0.0,0.0,0.0,0.0,0.0,0.0,0.0,0.0,0.0,0.0,0.0,0.0,0.0,0.0,100.30690980702639
57,8.950923942029476,8.466172587126493,7.864598054438829,8.253159195184708,7.065371658653021,6.325917862355709,5.73954463750124,6.143501054495573,5.640341874212027,5.199851565063,4.920274522155523,3.9575187861919403,3.854777779430151,3.7741626873612404,2.8668541945517063,2.435142457485199,2.112178288400173,1.8687234334647655,1.66772897914052,1.3647038079798222,1.1691857725381851,0.9241065122187138,0.7405413389205933,0.5676908269524574,0.38985253497958183,0.28033286705613136,0.175956591963768,0.07121685147285461,0.012545149773359299,0.0008310936391353607,0.0002502165734767914,0.0,0.0,0.0,0.0,0.0,0.0,0.0,0.0,0.0,0.0,0.0,0.0,0.0,0.0,0.0,0.0,0.0,0.0,0.0,102.80395712330937
58,8.953819613903761,8.89631474390626,8.196981482207775,7.510008420795202,8.559594005346298,6.391754746437073,6.000824980437756,5.542556915432215,5.296615481376648,4.695801377296448,4.7069773487746716,3.911044981330633,4.127219680696726,3.697797868400812,2.92699533700943,2.8425048664212227,2.2822025157511234,1.8779288604855537,1.6188713908195496,1.5695404075086117,1.13833699375391,0.9605010375380516,0.8056647069752216,0.6064709983766079,0.41212156042456627,0.24315454810857773,0.1374756209552288,0.06544684991240501,0.0031508952379226685,5.982816219329834e-06,0.0,0.0,0.0,0.0,0.0,0.0,0.0,0.0,0.0,0.0,0.0,0.0,0.0,0.0,0.0,0.0,0.0,0.0,0.0,0.0,103.97768421843648
59,10.447363123297691,8.930990472435951,8.28963127732277,7.6527592577040195,8.023552976548672,7.116731330752373,5.889036949723959,5.282388534396887,4.489405915141106,4.642071310430765,4.033187814056873,3.8913633823394775,3.494639988988638,3.2223285883665085,2.8736061714589596,2.589181449264288,2.174848634749651,1.9307020343840122,1.6554008722305298,1.3699853606522083,1.1615550816059113,0.9623991921544075,0.7555178478360176,0.5767623260617256,0.42459922656416893,0.2945171669125557,0.16966604441404343,0.07294180616736412,0.010573156177997589,0.001224856823682785,0.0,0.0,0.0,0.0,0.0,0.0,0.0,0.0,0.0,0.0,0.0,0.0,0.0,0.0,0.0,0.0,0.0,0.0,0.0,0.0,102.42893214896321
60,8.85637042671442,7.972246777266264,7.632636647671461,7.287279933691025,5.895283415913582,6.147821091115475,5.910092659294605,5.497267164289951,5.0479025058448315,4.648391716182232,4.292069625109434,3.8827319145202637,3.4998187832534313,3.1915528923273087,2.8041689693927765,2.52730630338192,2.1578256711363792,1.9260258674621582,1.57837400957942,1.3542885705828667,1.1416555233299732,0.9545488841831684,0.717995211482048,0.5530841536819935,0.43507564067840576,0.28067799657583237,0.17055723816156387,0.06850283220410347,0.0027533061802387238,0.0010720565915107727,0.0002520456910133362,0.0,0.0,0.0,0.0,0.0,0.0,0.0,0.0,0.0,0.0,0.0,0.0,0.0,0.0,0.0,0.0,0.0,0.0,0.0,96.43562983348966
61,8.642912287265062,6.810032036155462,7.027727589011192,6.879080455750227,6.592410396784544,6.043995428830385,5.092006716877222,5.172160986810923,5.385930571705103,4.783943060785532,4.37602411583066,4.176503039896488,3.786735825240612,2.9768035002052784,2.6169412322342396,2.5090337805449963,2.1038149036467075,1.843188650906086,1.4050174430012703,1.262987893074751,0.9636698476970196,0.7622951492667198,0.6119733154773712,0.44403158873319626,0.3443529084324837,0.18825311586260796,0.10830129310488701,7.711350917816162e-06,0.0004428289830684662,0.00024657323956489563,0.0,0.0,0.0,0.0,0.0,0.0,0.0,0.0,0.0,0.0,0.0,0.0,0.0,0.0,0.0,0.0,0.0,0.0,0.0,0.0,92.91082424670458
62,9.794949971139431,8.441285867244005,7.8478288017213345,7.4714097045362,7.107933454215527,5.447789736092091,6.3978270925581455,5.274233736097813,4.829832449555397,4.40801852196455,4.07408794015646,3.6460425183176994,3.7604795172810555,3.2999670431017876,2.6670888662338257,2.4133849814534187,1.9599283263087273,1.6553061194717884,1.873549684882164,1.185429472476244,0.9758858606219292,0.8591029159724712,0.6086083129048347,0.4433584064245224,0.4505791626870632,0.185504037886858,0.18862241506576538,0.0496319942176342,7.722526788711548e-06,0.00024023652076721191,0.0,0.0,0.0,0.0,0.0,0.0,0.0,0.0,0.0,0.0,0.0,0.0,0.0,0.0,0.0,0.0,0.0,0.0,0.0,0.0,97.3179148696363
63,9.732523083686829,8.95643113553524,7.0163541585206985,7.862181168049574,7.95649354532361,6.562106914818287,6.2132790088653564,5.96584265679121,5.331278618425131,4.337764602154493,3.994121927767992,3.8653402999043465,3.672160442918539,2.9754322730004787,3.356649413704872,2.80979872494936,1.930535413324833,1.6267700754106045,1.7831568270921707,1.3626394644379616,1.2673821449279785,0.7767376750707626,0.7749333567917347,0.46116381883621216,0.32523778453469276,0.19382058456540108,0.12450603395700455,0.04895307868719101,0.0037139691412448883,5.62518835067749e-06,0.0,0.0,0.0,0.0,0.0,0.0,0.0,0.0,0.0,0.0,0.0,0.0,0.0,0.0,0.0,0.0,0.0,0.0,0.0,0.0,101.28731382638216
64,9.102866653352976,7.550811782479286,7.126302186399698,7.23933007568121,7.39197726175189,7.379266943782568,5.73392590880394,5.2218800149858,5.008705101907253,5.040889170020819,4.158541105687618,3.742293506860733,3.1722425632178783,3.3277266025543213,2.76709858328104,2.6540861167013645,2.0332357212901115,1.8064097873866558,1.5656660869717598,1.3070284277200699,1.1157909519970417,0.7691227160394192,0.5733234919607639,0.43311480432748795,0.32075946405529976,0.2570718862116337,0.11390741914510727,0.027673084288835526,0.0015859827399253845,5.509704351425171e-06,0.0,0.0,0.0,0.0,0.0,0.0,0.0,0.0,0.0,0.0,0.0,0.0,0.0,0.0,0.0,0.0,0.0,0.0,0.0,0.0,96.94263891130686
65,8.664900813251734,8.131921794265509,9.022634282708168,7.3711265958845615,6.1316227465868,6.069145385175943,5.814653731882572,5.180748209357262,4.6443604826927185,4.486947920173407,4.2895483411848545,4.2679082453250885,3.9988825023174286,3.4861274771392345,2.5356131345033646,2.357572343200445,1.946456152945757,1.7348512448370457,1.4420357011258602,1.2076454870402813,1.0788742527365685,0.7942602969706059,0.6213347353041172,0.6425782553851604,0.4746181517839432,0.3872121721506119,0.14114269241690636,0.05533133074641228,0.0033942051231861115,5.844980478286743e-06,0.0,0.0,0.0,0.0,0.0,0.0,0.0,0.0,0.0,0.0,0.0,0.0,0.0,0.0,0.0,0.0,0.0,0.0,0.0,0.0,96.98345452919602
66,9.050922341644764,7.996604349464178,8.038568526506424,6.9010770581662655,7.080659486353397,6.340640317648649,6.017877392470837,5.757893551141024,5.86895602196455,5.632979325950146,4.250144295394421,4.231376111507416,3.6258927695453167,3.6714750342071056,2.7811345234513283,3.67687875777483,2.1802540980279446,1.814861223101616,1.5638230852782726,1.5735955350100994,1.308692466467619,1.1566418930888176,1.098943904042244,0.5640948377549648,0.5209410563111305,0.2701277770102024,0.1310623362660408,0.05316848307847977,0.010442625731229782,0.0013053230941295624,0.0,0.0,0.0,0.0,0.0,0.0,0.0,0.0,0.0,0.0,0.0,0.0,0.0,0.0,0.0,0.0,0.0,0.0,0.0,0.0,103.17103450745344
67,9.488445434719324,8.60155438631773,7.703532017767429,7.193963456898928,6.302377037703991,6.456912085413933,5.835570741444826,5.527630850672722,5.4650689251720905,5.637891095131636,4.5838029235601425,3.900499291718006,3.58428206294775,3.7722431123256683,3.050757557153702,3.067316945642233,2.1836493015289307,2.384489342570305,1.5880594924092293,1.5370450504124165,1.1034225337207317,0.9219407290220261,0.8093839138746262,0.6211678646504879,0.28007054328918457,0.2501302547752857,0.137837503105402,0.0596827007830143,0.008982140570878983,0.0012167766690254211,0.0,0.0,0.0,0.0,0.0,0.0,0.0,0.0,0.0,0.0,0.0,0.0,0.0,0.0,0.0,0.0,0.0,0.0,0.0,0.0,102.05892607197165
68,11.314360663294792,8.508250694721937,9.113395348191261,8.075620822608471,7.012673016637564,7.838310435414314,7.368952315300703,5.8324305936694145,5.181603118777275,5.023350574076176,4.904861319810152,4.563892882317305,3.6205013021826744,3.0762456692755222,2.7437528297305107,2.436422221362591,2.168315216898918,1.849890436977148,1.5734627470374107,1.3662056922912598,1.1485754288733006,0.9347485639154911,0.7299755923449993,0.5665572881698608,0.5021773092448711,0.2600509747862816,0.14595487341284752,0.0643238015472889,0.007870782166719437,0.0010143257677555084,0.0,0.0,0.0,0.0,0.0,0.0,0.0,0.0,0.0,0.0,0.0,0.0,0.0,0.0,0.0,0.0,0.0,0.0,0.0,0.0,107.93374684080482
69,9.268486812710762,7.247960098087788,7.50120422244072,7.407136965543032,7.085387982428074,6.214731194078922,6.061072766780853,6.492095720022917,6.208371013402939,4.8046160116791725,4.233734425157309,3.80716834589839,3.5148085728287697,3.1215117052197456,2.814703017473221,2.463302083313465,2.1955066435039043,1.913139346987009,1.5845835618674755,1.361794002354145,1.153720110654831,0.950624156743288,0.7305334769189358,0.4928807020187378,0.36904286593198776,0.2268214449286461,0.14578411728143692,0.06156371161341667,0.014205098152160645,0.001138400286436081,0.0,0.0,0.0,0.0,0.0,0.0,0.0,0.0,0.0,0.0,0.0,0.0,0.0,0.0,0.0,0.0,0.0,0.0,0.0,0.0,99.44762857630849
70,8.880468301475048,7.665458790957928,7.726158142089844,6.8652816861867905,6.781999289989471,6.402831494808197,5.554374992847443,5.39817463234067,4.837204400449991,4.233101695775986,4.272342398762703,3.813737966120243,3.4919297099113464,2.908178139477968,2.7697874158620834,2.4340692162513733,2.077824831008911,1.8179742507636547,1.6475049033761024,1.3890553526580334,1.1703290343284607,0.9430870376527309,0.7511803992092609,0.5706362463533878,0.44090235233306885,0.29051196947693825,0.14713312312960625,0.06023363769054413,0.012303851544857025,6.444752216339111e-06,0.0,0.0,0.0,0.0,0.0,0.0,0.0,0.0,0.0,0.0,0.0,0.0,0.0,0.0,0.0,0.0,0.0,0.0,0.0,0.0,95.35378170758486
71,8.610142529010773,7.454986412078142,6.581811364740133,6.968078181147575,6.075180485844612,6.043585482984781,5.5530921295285225,5.155540969222784,4.652368027716875,4.302709389477968,3.9200269244611263,3.5273279920220375,3.2011146247386932,2.8165270276367664,2.504114631563425,2.263362955302,1.9578966908156872,1.7209935002028942,1.4258015304803848,1.1946535259485245,0.975146934390068,0.8556672632694244,0.5791935920715332,0.4190034568309784,0.27361059561371803,0.19765684008598328,0.1097806803882122,0.04768098518252373,0.0025622770190238953,5.964189767837524e-06,0.0,0.0,0.0,0.0,0.0,0.0,0.0,0.0,0.0,0.0,0.0,0.0,0.0,0.0,0.0,0.0,0.0,0.0,0.0,0.0,89.38962296396494
72,8.649044688791037,7.658351074904203,6.8439812660217285,6.912535436451435,6.5121815130114555,5.780914407223463,5.614436067640781,5.139086559414864,4.326154068112373,4.363298304378986,3.9321492686867714,3.572723440825939,3.164078950881958,2.8300079330801964,2.5033091008663177,2.1915954649448395,1.9009364657104015,1.8178949691355228,1.42973368242383,1.2203004024922848,0.9528566561639309,0.8118558451533318,0.6737539283931255,0.451192881911993,0.3121424540877342,0.22790630906820297,0.11192643642425537,0.02905777469277382,0.0029390081763267517,6.116926670074463e-06,0.0,0.0,0.0,0.0,0.0,0.0,0.0,0.0,0.0,0.0,0.0,0.0,0.0,0.0,0.0,0.0,0.0,0.0,0.0,0.0,89.93635047599673
73,9.813307017087936,8.160286396741867,7.502151507884264,6.827384978532791,6.0134856179356575,6.137734115123749,5.706979796290398,5.29064717143774,4.734166208654642,4.332063023000956,4.060531802475452,3.8518700152635574,3.784504469484091,2.979899041354656,2.719904400408268,2.2608526088297367,2.348339419811964,1.753694362938404,2.004237610846758,1.2349444590508938,0.9566601999104023,0.7671705223619938,0.7868730798363686,0.46357110142707825,0.3120923675596714,0.19908518344163895,0.15261850506067276,0.039693593978881836,0.0034987330436706543,6.213784217834473e-06,0.0,0.0,0.0,0.0,0.0,0.0,0.0,0.0,0.0,0.0,0.0,0.0,0.0,0.0,0.0,0.0,0.0,0.0,0.0,0.0,95.19825352355838
74,9.285777047276497,7.9092707596719265,6.611414600163698,7.958974115550518,6.791851326823235,6.782543480396271,5.880192942917347,5.579176232218742,5.116613458842039,4.8046118803322315,4.037522193044424,3.5502044782042503,4.25568376109004,3.2534905523061752,3.3604882173240185,2.7505686953663826,1.9610586948692799,1.8997583016753197,2.051245369017124,1.6400664560496807,1.0077384486794472,0.7855961918830872,0.5905025973916054,0.6061987727880478,0.3531154803931713,0.28616418316960335,0.21406135335564613,0.03935546055436134,0.001476585865020752,4.656612873077393e-06,0.0,0.0,0.0,0.0,0.0,0.0,0.0,0.0,0.0,0.0,0.0,0.0,0.0,0.0,0.0,0.0,0.0,0.0,0.0,0.0,99.36472629383206
75,9.449244529008865,7.4813637882471085,7.530228711664677,7.049743168056011,6.494571182876825,5.8717507645487785,5.524759143590927,5.092348396778107,4.707390706986189,4.2965483367443085,3.944045815616846,3.525828432291746,3.1357914321124554,2.777843538671732,2.4674392640590668,2.1811309419572353,1.9629113599658012,1.6564467400312424,1.4381609670817852,1.1995375826954842,0.9683475159108639,0.809359572827816,0.5688309483230114,0.4270441494882107,0.4091404639184475,0.19801364839076996,0.12183168902993202,0.046747300773859024,0.003157414495944977,5.491077899932861e-06,0.0,0.0,0.0,0.0,0.0,0.0,0.0,0.0,0.0,0.0,0.0,0.0,0.0,0.0,0.0,0.0,0.0,0.0,0.0,0.0,91.33956299722195
76,8.84292782843113,7.126583378762007,7.7414070926606655,7.962844751775265,7.914397072046995,7.237332038581371,6.569017633795738,5.587818533182144,5.3862843587994576,4.813036415725946,4.908700756728649,3.75235191360116,3.5602624155580997,3.4950547702610493,3.0136340521275997,2.534253504127264,2.794440172612667,2.030225705355406,1.6040773317217827,1.387616254389286,1.3946360424160957,1.1043502911925316,0.7487357668578625,0.7268367260694504,0.4177567921578884,0.4589841775596142,0.14246542379260063,0.05474722385406494,0.012877088040113449,0.0011744536459445953,0.0,0.0,0.0,0.0,0.0,0.0,0.0,0.0,0.0,0.0,0.0,0.0,0.0,0.0,0.0,0.0,0.0,0.0,0.0,0.0,103.32482996582985
77,9.348385732620955,9.564368858933449,8.453263893723488,7.994121342897415,7.258165370672941,6.046624578535557,7.10142895206809,7.040988691151142,5.610702868551016,5.410444039851427,4.588157646358013,3.732113853096962,4.328789781779051,3.284102775156498,3.0574278347194195,2.860440466552973,2.4068368412554264,1.9830933436751366,1.681518368422985,1.5156583711504936,1.0702906586229801,0.9248529337346554,0.7302421517670155,0.5820954330265522,0.36421632021665573,0.2573411278426647,0.17051544040441513,0.08152007311582565,0.023354820907115936,6.292015314102173e-06,0.0,0.0,0.0,0.0,0.0,0.0,0.0,0.0,0.0,0.0,0.0,0.0,0.0,0.0,0.0,0.0,0.0,0.0,0.0,0.0,107.47106886282563
78,8.861945614218712,8.30443985760212,8.226078163832426,8.755600713193417,6.685462951660156,6.4374587424099445,6.868104796856642,6.225593946874142,5.315388899296522,4.743146296590567,4.218506086617708,3.9150635972619057,3.512977257370949,3.233019009232521,2.8186150565743446,2.497638761997223,2.236624412238598,1.9618075788021088,1.6387604288756847,1.4245130382478237,1.157572042196989,1.0054987967014313,0.7612072862684727,0.5655241720378399,0.38611986115574837,0.24131794273853302,0.15282464772462845,0.07654118910431862,0.013657420873641968,0.0009481124579906464,0.0,0.0,0.0,0.0,0.0,0.0,0.0,0.0,0.0,0.0,0.0,0.0,0.0,0.0,0.0,0.0,0.0,0.0,0.0,0.0,102.24195668101311
79,8.86740392819047,8.433319177478552,8.187240697443485,7.816768489778042,7.12625627964735,6.44020002707839,5.98791578412056,7.186889596283436,5.304417949169874,6.762988992035389,4.317625992000103,3.9285984598100185,3.5289655961096287,3.25778416916728,2.844114176928997,2.4991544038057327,2.204896204173565,1.8261777088046074,1.6184929981827736,1.3810433708131313,1.1647034958004951,0.8995597772300243,0.7299868762493134,0.5528458468616009,0.4119391515851021,0.26854920014739037,0.15282826870679855,0.05499576777219772,0.011372856795787811,0.0012094564735889435,0.0,0.0,0.0,0.0,0.0,0.0,0.0,0.0,0.0,0.0,0.0,0.0,0.0,0.0,0.0,0.0,0.0,0.0,0.0,0.0,103.76824469864368
80,9.253800354897976,7.732776537537575,9.396053668111563,8.483775701373816,6.262244068086147,6.314980424940586,6.002863381057978,5.5310846492648125,5.066596485674381,4.646851506084204,4.177123166620731,4.170054458081722,3.7009245343506336,3.1151497773826122,2.82769026234746,2.460747517645359,2.2627665773034096,1.9181512333452702,1.6112112700939178,1.407458458095789,1.1804540753364563,0.9385293088853359,0.7472156882286072,0.6106617227196693,0.4323023483157158,0.26562342047691345,0.1696440391242504,0.07846192643046379,0.015920471400022507,0.0011495612561702728,0.0,0.0,0.0,0.0,0.0,0.0,0.0,0.0,0.0,0.0,0.0,0.0,0.0,0.0,0.0,0.0,0.0,0.0,0.0,0.0,100.78226659446955
81,8.605848364531994,7.921866524964571,7.363727729767561,7.9812906458973885,7.271276872605085,6.240219049155712,6.252043917775154,5.47878897190094,5.064820576459169,4.678390968590975,4.262606810778379,3.9920767284929752,3.246120195835829,3.0935409031808376,2.7680909149348736,2.2203252725303173,2.1879115477204323,2.3449698351323605,1.4116856679320335,1.1679659336805344,0.9557660855352879,0.9717270955443382,0.5898674242198467,0.4558592550456524,0.3159009777009487,0.1994524858891964,0.10640722885727882,0.032496970146894455,0.0021123141050338745,5.278736352920532e-06,0.0,0.0,0.0,0.0,0.0,0.0,0.0,0.0,0.0,0.0,0.0,0.0,0.0,0.0,0.0,0.0,0.0,0.0,0.0,0.0,97.18316254764795
82,9.54382448270917,6.880677428096533,6.8963759914040565,7.239456236362457,6.701063569635153,5.909433878958225,5.362597670406103,5.181753497570753,4.732422117143869,4.3132504634559155,3.8303568959236145,3.5580025650560856,3.1745476461946964,2.9111153557896614,2.5758448503911495,2.1938558146357536,1.8747786842286587,1.6295842193067074,1.3889988474547863,1.1482899375259876,0.920939140021801,0.8065270259976387,0.5948703624308109,0.4491677097976208,0.31572552770376205,0.21481892839074135,0.11827458068728447,0.04221249371767044,0.0027349330484867096,5.3942203521728516e-06,0.0,0.0,0.0,0.0,0.0,0.0,0.0,0.0,0.0,0.0,0.0,0.0,0.0,0.0,0.0,0.0,0.0,0.0,0.0,0.0,90.5115062482655
83,8.596534948796034,6.694368436932564,7.501037701964378,6.980182304978371,6.124625839293003,5.479763086885214,5.572993122041225,4.966397911310196,4.544826451689005,4.026812799274921,3.930044651031494,3.4802816919982433,3.168366886675358,2.825987681746483,2.5388280004262924,2.2537495754659176,1.9689068123698235,1.6866474524140358,1.4912615604698658,1.1921210289001465,0.9564003236591816,0.792278815060854,0.6111569441854954,0.47091397270560265,0.3094179444015026,0.21011298149824142,0.11299868673086166,0.03580297902226448,0.002135682851076126,4.973262548446655e-06,0.0,0.0,0.0,0.0,0.0,0.0,0.0,0.0,0.0,0.0,0.0,0.0,0.0,0.0,0.0,0.0,0.0,0.0,0.0,0.0,88.5249612480402
84,8.702449634671211,7.808154370635748,6.385525334626436,6.553773745894432,6.505425468087196,5.4288276098668575,5.499060429632664,5.003037311136723,4.795288406312466,4.396101526916027,4.002024840563536,3.7146532721817493,3.261043179780245,2.9413774721324444,2.605846218764782,2.280232433229685,1.9228753447532654,1.6875721625983715,1.4636755138635635,1.2241204306483269,0.9909428656101227,0.8159965053200722,0.6233217157423496,0.4580466188490391,0.331859577447176,0.20953185856342316,0.12250769510865211,0.04757910594344139,0.003115501254796982,5.271285772323608e-06,0.0,0.0,0.0,0.0,0.0,0.0,0.0,0.0,0.0,0.0,0.0,0.0,0.0,0.0,0.0,0.0,0.0,0.0,0.0,0.0,89.78397142142057
85,8.61503043025732,6.609062053263187,7.424780692905188,6.2836569622159,6.116960093379021,6.068222310394049,5.603174641728401,5.223947484046221,4.754215497523546,3.961321573704481,3.8882786594331264,3.575761988759041,3.172346208244562,2.899263370782137,2.557923700660467,2.260166846215725,1.94471987336874,1.6531923823058605,1.3997040092945099,1.2694507278501987,0.9903252087533474,0.7828262820839882,0.6196328885853291,0.4634455032646656,0.335770346224308,0.2135794758796692,0.12175232172012329,0.039971351623535156,0.002910137176513672,5.505979061126709e-06,0.0,0.0,0.0,0.0,0.0,0.0,0.0,0.0,0.0,0.0,0.0,0.0,0.0,0.0,0.0,0.0,0.0,0.0,0.0,0.0,88.85139852762222
86,8.83440912887454,7.187451794743538,6.702493976801634,6.29232008382678,6.867418292909861,6.4227848164737225,5.8304731249809265,5.433982666581869,5.160709887742996,4.727560814470053,4.306035164743662,3.9855242520570755,3.6171854808926582,3.2823772095143795,2.867763053625822,2.470951694995165,2.1683287918567657,1.9226499013602734,1.6693604663014412,1.3492592237889767,1.0969508327543736,0.8969012908637524,0.7130304723978043,0.5326415970921516,0.4104262851178646,0.28759776428341866,0.2124074250459671,0.08085089549422264,0.005879439413547516,6.094574928283691e-06,0.0,0.0,0.0,0.0,0.0,0.0,0.0,0.0,0.0,0.0,0.0,0.0,0.0,0.0,0.0,0.0,0.0,0.0,0.0,0.0,95.33573192358017
87,10.003055393695831,8.017613343894482,8.068317078053951,6.894070118665695,6.426728244870901,5.357836622744799,5.8730458579957485,5.664115134626627,5.093375995755196,4.859891626983881,4.478102210909128,3.9405371733009815,4.191039394587278,3.7074535228312016,4.351383350789547,2.529930081218481,2.174194160848856,1.871810831129551,1.5941264815628529,2.046484090387821,1.713609240949154,0.8414630554616451,0.7763428501784801,0.5641558691859245,0.43793995305895805,0.27300653979182243,0.14098643511533737,0.03778352215886116,0.0034835077822208405,5.356967449188232e-06,0.0,0.0,0.0,0.0,0.0,0.0,0.0,0.0,0.0,0.0,0.0,0.0,0.0,0.0,0.0,0.0,0.0,0.0,0.0,0.0,101.93188704550266
88,9.104602880775928,7.840206183493137,6.984263978898525,7.933364134281874,7.418275166302919,6.729626193642616,5.873246233910322,5.659813467413187,5.669698018580675,6.112263269722462,5.04051448404789,4.377681415528059,3.537994362413883,3.7656655088067055,3.2748126573860645,2.8280682004988194,2.3246143460273743,2.0350412912666798,2.2376928329467773,1.7366484068334103,1.1711198724806309,1.0781995877623558,0.91534024477005,0.5372585505247116,0.38542428612709045,0.27028777822852135,0.19722384586930275,0.06553369387984276,0.015173662453889847,0.0017537660896778107,0.0,0.0,0.0,0.0,0.0,0.0,0.0,0.0,0.0,0.0,0.0,0.0,0.0,0.0,0.0,0.0,0.0,0.0,0.0,0.0,105.12140832096338
89,9.449717096984386,8.45466536283493,7.9453537575900555,7.747868902981281,8.348548647016287,6.792411409318447,7.315681651234627,5.600088395178318,5.0802497155964375,4.720800146460533,4.792136024683714,4.42099442332983,3.886872861534357,3.7887211814522743,3.3197779543697834,2.8491488993167877,2.50458774715662,2.0475368201732635,1.8382365256547928,1.5124148055911064,1.4835877791047096,0.919669646769762,0.7445137724280357,0.5554695762693882,0.3988068290054798,0.2538542337715626,0.13730141893029213,0.05808273330330849,0.009056571871042252,5.852431058883667e-06,0.0,0.0,0.0,0.0,0.0,0.0,0.0,0.0,0.0,0.0,0.0,0.0,0.0,0.0,0.0,0.0,0.0,0.0,0.0,0.0,106.97616074234247
90,9.817814607173204,8.276258271187544,6.550834160298109,6.454390209168196,6.873580727726221,6.456896048039198,5.88385059684515,5.486633308231831,5.079992555081844,4.824878059327602,4.412552010267973,3.7793941162526608,3.4677319303154945,3.1182190738618374,2.9581308513879776,2.589025106281042,3.1380617432296276,2.082345239818096,2.3620509393513203,1.383026733994484,1.2088480815291405,0.9345691837370396,0.7328257486224174,0.49345358461141586,0.37784822657704353,0.23217284306883812,0.14912333339452744,0.045650288462638855,0.0032147876918315887,0.0017793737351894379,0.00025600939989089966,0.0,0.0,0.0,0.0,0.0,0.0,0.0,0.0,0.0,0.0,0.0,0.0,0.0,0.0,0.0,0.0,0.0,0.0,0.0,99.17540774866939
91,9.563142873346806,6.892756536602974,7.57682267203927,7.388217508792877,6.699158895760775,6.094154238700867,5.626513663679361,5.224906779825687,4.790565803647041,4.814554695039988,5.411613456904888,3.8439938239753246,3.423254545778036,2.8400497660040855,2.505882356315851,2.2386030964553356,1.9733286947011948,1.88094687089324,1.4388799481093884,1.3863946609199047,1.225327257066965,0.8089239411056042,0.6245075985789299,0.46148310974240303,0.33160584419965744,0.20876318588852882,0.11380575597286224,0.04287903755903244,0.001851886510848999,5.558133125305176e-06,0.0,0.0,0.0,0.0,0.0,0.0,0.0,0.0,0.0,0.0,0.0,0.0,0.0,0.0,0.0,0.0,0.0,0.0,0.0,0.0,95.43289406225085
92,8.687536910176277,7.730974048376083,7.390193916857243,7.053716864436865,6.2166785933077335,7.22400264069438,6.284505568444729,6.546468812972307,5.450429379940033,4.403313897550106,4.203049559146166,3.544027414172888,3.7484017200767994,3.6000366769731045,2.8380017280578613,2.385484963655472,1.997218955308199,1.709235917776823,1.4555188342928886,1.2089556865394115,0.9874279126524925,0.8436493761837482,0.6533389165997505,0.46815142780542374,0.31044335663318634,0.1949506364762783,0.11175354197621346,0.04575705528259277,0.00393214076757431,5.4426491260528564e-06,0.0,0.0,0.0,0.0,0.0,0.0,0.0,0.0,0.0,0.0,0.0,0.0,0.0,0.0,0.0,0.0,0.0,0.0,0.0,0.0,97.29716189578176
93,8.813834734261036,6.675770748406649,8.169056847691536,7.130613036453724,6.64225535094738,6.301858969032764,5.67998156324029,4.768610883504152,5.168363105505705,4.527049075812101,4.138439022004604,3.6938056610524654,3.8687533251941204,4.425955425947905,2.970333721488714,2.7052390053868294,2.0276022031903267,1.7263861075043678,1.5370840393006802,1.2122361697256565,0.9950032755732536,0.8055441007018089,0.6286539025604725,0.4694341868162155,0.33113931491971016,0.2120826430618763,0.11641799286007881,0.04460898041725159,0.0019765086472034454,5.234032869338989e-06,0.0,0.0,0.0,0.0,0.0,0.0,0.0,0.0,0.0,0.0,0.0,0.0,0.0,0.0,0.0,0.0,0.0,0.0,0.0,0.0,95.78809513524175
94,8.704522151499987,8.00493486225605,7.545300595462322,6.293467219918966,6.547184344381094,6.469790004193783,5.98341765999794,5.1742533929646015,4.937627486884594,5.454926796257496,4.124267555773258,3.6617662720382214,3.240271132439375,2.954452194273472,2.9899304658174515,2.617509175091982,1.960545800626278,1.6631027609109879,1.4033339992165565,1.41384382173419,1.1675333380699158,0.8059489838778973,0.6158311441540718,0.4597684219479561,0.3267904296517372,0.19929863139986992,0.08979564160108566,0.024061065167188644,0.0018938258290290833,5.99399209022522e-06,0.0,0.0,0.0,0.0,0.0,0.0,0.0,0.0,0.0,0.0,0.0,0.0,0.0,0.0,0.0,0.0,0.0,0.0,0.0,0.0,94.83537516742945
95,9.089058950543404,9.379985220730305,7.404005374759436,5.961183700710535,6.534154765307903,5.759446118026972,5.593916289508343,5.375668607652187,4.816777992993593,4.87711526453495,3.901272501796484,3.6187691874802113,3.21986910328269,2.86992634087801,2.5477123223245144,2.2753116451203823,1.8743424378335476,1.6092826835811138,1.4068234078586102,1.1772354058921337,0.9527194909751415,0.7885731756687164,0.61008670181036,0.463799811899662,0.3580777570605278,0.16136696934700012,0.04739031195640564,0.025493890047073364,0.0013864673674106598,0.0012942962348461151,0.0002477504312992096,0.0,0.0,0.0,0.0,0.0,0.0,0.0,0.0,0.0,0.0,0.0,0.0,0.0,0.0,0.0,0.0,0.0,0.0,0.0,92.70229394361377
96,8.768708597868681,7.70265381410718,7.809875953942537,7.305907163769007,6.694466337561607,6.55152715742588,5.963116772472858,6.442855376750231,4.962885972112417,4.666439179331064,4.327717382460833,4.396500691771507,3.4844690039753914,3.0534907281398773,2.7334320284426212,2.390854559838772,2.0367925874888897,2.0395459942519665,1.6254444383084774,1.3881050907075405,1.1629921719431877,0.9351280257105827,0.7687833830714226,0.5831670388579369,0.43722156807780266,0.2749113067984581,0.14704187586903572,0.0714719332754612,0.00824669748544693,0.0008150078356266022,0.00026026368141174316,0.0,0.0,0.0,0.0,0.0,0.0,0.0,0.0,0.0,0.0,0.0,0.0,0.0,0.0,0.0,0.0,0.0,0.0,0.0,98.73482810333371
97,9.615391667932272,8.869964636862278,9.84886235743761,8.581599324941635,7.237507157027721,7.516527447849512,6.8264224119484425,5.583329364657402,5.159369170665741,4.491083737462759,4.381982322782278,4.238560438156128,3.9180630184710026,3.9186622239649296,3.048295971006155,2.5023432448506355,2.632633227854967,2.092988345772028,1.8675449825823307,1.5760081075131893,1.3696156553924084,0.9958727136254311,0.7062247954308987,0.5548662208020687,0.4172585792839527,0.25942038372159004,0.37043358013033867,0.056779470294713974,1.0970979928970337e-05,0.0002290382981300354,0.0002536401152610779,0.0,0.0,0.0,0.0,0.0,0.0,0.0,0.0,0.0,0.0,0.0,0.0,0.0,0.0,0.0,0.0,0.0,0.0,0.0,108.63810420781374
98,8.882156301289797,8.87496017664671,7.864426340907812,6.633335620164871,7.9541966766119,6.436665333807468,5.7581381388008595,5.201134886592627,4.9431218802928925,5.420565411448479,4.259330425411463,4.108394805341959,4.334397811442614,3.0129237063229084,2.8142807111144066,2.7806662246584892,2.5773471370339394,1.8886679112911224,1.82565500959754,1.844086080789566,1.1565783098340034,0.8732921034097672,0.7367170751094818,0.5229200348258018,0.39324383810162544,0.264132484793663,0.15442953258752823,0.07776268199086189,0.011230051517486572,0.0010026060044765472,0.0,0.0,0.0,0.0,0.0,0.0,0.0,0.0,0.0,0.0,0.0,0.0,0.0,0.0,0.0,0.0,0.0,0.0,0.0,0.0,101.60575930774212
99,9.426733933389187,7.245328240096569,7.199058301746845,8.720181446522474,7.32782930880785,6.465595342218876,7.512704569846392,6.025951288640499,6.254418641328812,4.79250119253993,4.281460337340832,3.8920158743858337,3.5888871625065804,3.2416499964892864,2.864868264645338,2.4778113067150116,2.186891134828329,1.9147139340639114,1.5697885528206825,1.352295882999897,1.1477992124855518,0.8813284263014793,0.6875895299017429,0.5581580772995949,0.4137111082673073,0.27158625796437263,0.17061176151037216,0.07694172114133835,0.006279047578573227,6.008893251419067e-06,0.0,0.0,0.0,0.0,0.0,0.0,0.0,0.0,0.0,0.0,0.0,0.0,0.0,0.0,0.0,0.0,0.0,0.0,0.0,0.0,102.55469586327672
100,8.990678861737251,7.146519470959902,7.78712585195899,7.608644023537636,7.353598736226559,7.698053628206253,6.307632509618998,7.072009265422821,6.557080592960119,4.940301790833473,5.105878997594118,4.541631519794464,3.7305734269320965,4.095851764082909,3.5586753338575363,2.7615390308201313,2.161635898053646,1.9829349778592587,1.9098510555922985,1.3512730076909065,1.2179472781717777,0.9424085877835751,0.7244306914508343,0.5523802638053894,0.4158366695046425,0.26766621693968773,0.15479681640863419,0.06271635740995407,0.004784796386957169,6.303191184997559e-06,0.0,0.0,0.0,0.0,0.0,0.0,0.0,0.0,0.0,0.0,0.0,0.0,0.0,0.0,0.0,0.0,0.0,0.0,0.0,0.0,107.004463724792

total time per move x,915.5227870829403,773.59575362131,753.546229571104,727.0660419203341,688.6935393214226,639.4786939173937,600.2666632682085,556.9910690523684,518.189867772162,474.83845333755016,433.3853523917496,393.3924265690148,357.46138744056225,320.40883550420403,283.45316822081804,250.21530656516552,217.98108289018273,186.19959679618478,161.42035062611103,135.01141675189137,110.98367604613304,89.47582422569394,69.91278554871678,53.289243284612894,37.50615669414401,24.405145943164825,14.051600214093924,5.3903149999678135,0.6041390858590603,0.04741045460104942,0.0017752312123775482,0,0,0,0,0,0,0,0,0,0,0,0,0,0,0,0,0,0,0,9792.786094348878
average time per move x,9.155227870829403,7.7359575362131,7.53546229571104,7.270660419203341,6.886935393214226,6.394786939173937,6.002666632682085,5.569910690523684,5.18189867772162,4.748384533375502,4.3338535239174965,3.933924265690148,3.5746138744056224,3.2040883550420403,2.8345316822081803,2.502153065651655,2.1798108289018274,1.8619959679618479,1.6142035062611102,1.3501141675189137,1.1098367604613304,0.8947582422569395,0.6991278554871678,0.532892432846129,0.3750615669414401,0.24405145943164824,0.14051600214093923,0.053903149999678136,0.006041390858590603,0.00047410454601049424,0.00022190390154719353,nan,nan,nan,nan,nan,nan,nan,nan,nan,nan,nan,nan,nan,nan,nan,nan,nan,nan,nan,97.92786094348878
std of time per move x,0.5889482302434565,0.8135324102675625,0.6939896126273429,0.6270064536145831,0.62040995632225,0.5768997776205855,0.49975081683019507,0.48647744256829134,0.5125568607962852,0.4908385159118274,0.4451550023794946,0.3477710945537313,0.35992970587301343,0.3345052190971591,0.31823043453843186,0.26012510594025207,0.2616271307022395,0.18756205756143937,0.2049584872322787,0.18816344974496926,0.15539213333040625,0.1217258815254579,0.10956732129908375,0.11918874877763125,0.07790520224393743,0.050934798732382894,0.04003885307126489,0.022060137917938864,0.004900480313103745,0.0006430914229956494,8.841682753078217e-05,nan,nan,nan,nan,nan,nan,nan,nan,nan,nan,nan,nan,nan,nan,nan,nan,nan,nan,nan,5.991498974305046
err of average time,0.058894823024345656,0.08135324102675626,0.06939896126273429,0.06270064536145831,0.062040995632225,0.05768997776205855,0.04997508168301951,0.048647744256829134,0.051255686079628514,0.04908385159118274,0.044515500237949465,0.03477710945537313,0.035992970587301346,0.03345052190971591,0.03182304345384319,0.026012510594025207,0.026162713070223942,0.018756205756143937,0.02049584872322787,0.018816344974496926,0.015539213333040624,0.01217258815254579,0.010956732129908376,0.011918874877763126,0.007790520224393744,0.0050934798732382896,0.004003885307126489,0.0022060137917938863,0.0004900480313103745,6.430914229956494e-05,3.126006915900875e-05,nan,nan,nan,nan,nan,nan,nan,nan,nan,nan,nan,nan,nan,nan,nan,nan,nan,nan,nan,0.5991498974305046
