Contains move time for player Gambler; opponent is MCTSMaxIter0
Colums refer to move number, rows to game number
game,1,2,3,4,5,6,7,8,9,10,11,12,13,14,15,16,17,18,19,20,21,22,23,24,25,26,27,28,29,30,31,32,33,34,35,36,37,38,39,40,41,42,43,44,45,46,47,48,49,50,total
1,0.005948398262262344,0.005680091679096222,0.005526773631572723,0.005404949188232422,0.005321666598320007,0.005125813186168671,0.004938632249832153,0.004792299121618271,0.004593353718519211,0.0043571628630161285,0.004313245415687561,0.004032451659440994,0.003846175968647003,0.0037257932126522064,0.0035165995359420776,0.0033472850918769836,0.00310366228222847,0.0027783848345279694,0.00261848047375679,0.0025051869451999664,0.002310190349817276,0.002052508294582367,0.0018225423991680145,0.0015948005020618439,0.0013680867850780487,0.0012008585035800934,0.0009805411100387573,0.0007551349699497223,0.0005132555961608887,0.00026318803429603577,0.0,0.0,0.0,0.0,0.0,0.0,0.0,0.0,0.0,0.0,0.0,0.0,0.0,0.0,0.0,0.0,0.0,0.0,0.0,0.0,0.09833751246333122
2,0.0058929771184921265,0.005703393369913101,0.005532268434762955,0.005325496196746826,0.005230415612459183,0.005207564681768417,0.005043160170316696,0.004782598465681076,0.004583481699228287,0.0043046437203884125,0.004152577370405197,0.004204276949167252,0.0039315372705459595,0.0038756467401981354,0.0035739392042160034,0.0034238621592521667,0.0031418167054653168,0.0030357204377651215,0.002850554883480072,0.002560604363679886,0.0024263896048069,0.0021508224308490753,0.0019316338002681732,0.001711878925561905,0.001530580222606659,0.0013040229678153992,0.0010733231902122498,0.0007993467152118683,0.0005375593900680542,0.000281505286693573,0.0,0.0,0.0,0.0,0.0,0.0,0.0,0.0,0.0,0.0,0.0,0.0,0.0,0.0,0.0,0.0,0.0,0.0,0.0,0.0,0.10010359808802605
3,0.0058441162109375,0.005667068064212799,0.005506720393896103,0.005407080054283142,0.005131933838129044,0.004940256476402283,0.004811551421880722,0.004697304219007492,0.004561290144920349,0.004419188946485519,0.00422440841794014,0.0039743296802043915,0.003816988319158554,0.0037408657371997833,0.003500562161207199,0.003385428339242935,0.0030901767313480377,0.002918727695941925,0.00284620001912117,0.0026327185332775116,0.0024051740765571594,0.0022010989487171173,0.001953575760126114,0.0017279274761676788,0.0015427060425281525,0.001274503767490387,0.0010372959077358246,0.0007654279470443726,0.0005474910140037537,0.00029132142663002014,0.0,0.0,0.0,0.0,0.0,0.0,0.0,0.0,0.0,0.0,0.0,0.0,0.0,0.0,0.0,0.0,0.0,0.0,0.0,0.0,0.09886343777179718
4,0.005857124924659729,0.005672372877597809,0.005523182451725006,0.005374934524297714,0.0050903186202049255,0.0050681233406066895,0.004792477935552597,0.004702296108007431,0.004506438970565796,0.0042651258409023285,0.004166722297668457,0.003979139029979706,0.003731638193130493,0.0035667195916175842,0.003342442214488983,0.0031722858548164368,0.002960052341222763,0.0027639567852020264,0.002470836043357849,0.002310432493686676,0.0021457038819789886,0.0019214227795600891,0.0017288252711296082,0.0015514157712459564,0.0013164542615413666,0.0011436007916927338,0.0008791610598564148,0.0007056258618831635,0.0005238465964794159,0.00028596073389053345,0.0,0.0,0.0,0.0,0.0,0.0,0.0,0.0,0.0,0.0,0.0,0.0,0.0,0.0,0.0,0.0,0.0,0.0,0.0,0.0,0.09551863744854927
5,0.005841907113790512,0.005667675286531448,0.005481719970703125,0.005381841212511063,0.00525544211268425,0.005080703645944595,0.004881467670202255,0.004603676497936249,0.004446711391210556,0.004271592944860458,0.0041411519050598145,0.0038761980831623077,0.0037346407771110535,0.003534410148859024,0.0032701604068279266,0.003162890672683716,0.0029625967144966125,0.0027835220098495483,0.0025250986218452454,0.0023912377655506134,0.0022331401705741882,0.001965608447790146,0.0017662793397903442,0.001640424132347107,0.001397751271724701,0.0012011975049972534,0.0009204521775245667,0.000683467835187912,0.00045241042971611023,0.0002590753138065338,0.0,0.0,0.0,0.0,0.0,0.0,0.0,0.0,0.0,0.0,0.0,0.0,0.0,0.0,0.0,0.0,0.0,0.0,0.0,0.0,0.09581445157527924
6,0.005705211311578751,0.005631264299154282,0.00546448677778244,0.00531335175037384,0.005109772086143494,0.00497102364897728,0.004706773906946182,0.004548955708742142,0.004377774894237518,0.004228554666042328,0.003999374806880951,0.003928184509277344,0.0037701502442359924,0.0035757608711719513,0.0033749528229236603,0.0031284093856811523,0.0028929710388183594,0.0026882030069828033,0.0025203488767147064,0.0023956522345542908,0.0020842142403125763,0.00183931365609169,0.0015866868197917938,0.0013765506446361542,0.0012562274932861328,0.0011169612407684326,0.0008591450750827789,0.0005937144160270691,0.0003810375928878784,0.00015505030751228333,0.0,0.0,0.0,0.0,0.0,0.0,0.0,0.0,0.0,0.0,0.0,0.0,0.0,0.0,0.0,0.0,0.0,0.0,0.0,0.0,0.09358007833361626
7,0.005738124251365662,0.005576662719249725,0.0054093897342681885,0.005251225084066391,0.005193740129470825,0.004962291568517685,0.0047382451593875885,0.004690051078796387,0.00449993833899498,0.004329204559326172,0.004103414714336395,0.003939799964427948,0.0037592798471450806,0.0035419315099716187,0.0033088214695453644,0.003182392567396164,0.0030166245996952057,0.0030555203557014465,0.0026044435799121857,0.0024295561015605927,0.0021372511982917786,0.001942172646522522,0.0017591454088687897,0.00158701092004776,0.0013305209577083588,0.0011559315025806427,0.0008504800498485565,0.0006493963301181793,0.0004249364137649536,0.00016235187649726868,0.0,0.0,0.0,0.0,0.0,0.0,0.0,0.0,0.0,0.0,0.0,0.0,0.0,0.0,0.0,0.0,0.0,0.0,0.0,0.0,0.09532985463738441
8,0.00573962926864624,0.005615342408418655,0.005458153784275055,0.0053174421191215515,0.005169767886400223,0.004964303225278854,0.004801198840141296,0.004726175218820572,0.004644792526960373,0.004291687160730362,0.004106976091861725,0.004008889198303223,0.0037913769483566284,0.003553692251443863,0.0032358169555664062,0.0031618736684322357,0.002946808934211731,0.002746470272541046,0.002473704516887665,0.0022481121122837067,0.002121198922395706,0.001866023987531662,0.0016265548765659332,0.001448456197977066,0.001338128000497818,0.0011555776000022888,0.0009032972157001495,0.000653579831123352,0.0003940165042877197,0.00015626847743988037,0.0,0.0,0.0,0.0,0.0,0.0,0.0,0.0,0.0,0.0,0.0,0.0,0.0,0.0,0.0,0.0,0.0,0.0,0.0,0.0,0.09466531500220299
9,0.005702253431081772,0.005639567971229553,0.0054250843822956085,0.005328714847564697,0.005128994584083557,0.004946175962686539,0.004777286201715469,0.004665188491344452,0.004455462098121643,0.004281256347894669,0.0039960891008377075,0.0038312114775180817,0.0036212988197803497,0.0036380216479301453,0.0034653954207897186,0.0032727792859077454,0.0031552016735076904,0.002970978617668152,0.002702023833990097,0.0025234222412109375,0.0022870413959026337,0.002051074057817459,0.0018245615065097809,0.0016138739883899689,0.0013658367097377777,0.001102302223443985,0.0008930638432502747,0.00061788409948349,0.0004218257963657379,0.00015893951058387756,0.0,0.0,0.0,0.0,0.0,0.0,0.0,0.0,0.0,0.0,0.0,0.0,0.0,0.0,0.0,0.0,0.0,0.0,0.0,0.0,0.09586280956864357
10,0.005688950419425964,0.0055695511400699615,0.005426831543445587,0.005229175090789795,0.005065556615591049,0.004915982484817505,0.004782866686582565,0.004663471132516861,0.004448611289262772,0.0042710453271865845,0.004097219556570053,0.0039007961750030518,0.003729943186044693,0.0035829059779644012,0.003365982323884964,0.0031593404710292816,0.0029206648468971252,0.0027931854128837585,0.0025987252593040466,0.00232643261551857,0.0020939670503139496,0.001888073980808258,0.0016863830387592316,0.0014549009501934052,0.0012675561010837555,0.0010541602969169617,0.0009276457130908966,0.0006343387067317963,0.0004236772656440735,0.0001593269407749176,0.0,0.0,0.0,0.0,0.0,0.0,0.0,0.0,0.0,0.0,0.0,0.0,0.0,0.0,0.0,0.0,0.0,0.0,0.0,0.0,0.09412726759910583
11,0.005863558501005173,0.005655020475387573,0.005458809435367584,0.005353551357984543,0.005257152020931244,0.00504293292760849,0.0049788691103458405,0.004730667918920517,0.004557669162750244,0.004435982555150986,0.004195749759674072,0.004030119627714157,0.003772139549255371,0.00363980233669281,0.003436092287302017,0.0032083429396152496,0.0030474215745925903,0.0028188973665237427,0.0026657655835151672,0.002378057688474655,0.0021369755268096924,0.0019530244171619415,0.0017995797097682953,0.0015701204538345337,0.00131307914853096,0.0011604800820350647,0.0008971206843852997,0.0007081329822540283,0.00048068538308143616,0.00026601552963256836,0.0,0.0,0.0,0.0,0.0,0.0,0.0,0.0,0.0,0.0,0.0,0.0,0.0,0.0,0.0,0.0,0.0,0.0,0.0,0.0,0.09681181609630585
12,0.005807891488075256,0.005653176456689835,0.005505584180355072,0.005375418812036514,0.005163449794054031,0.005013324320316315,0.004795338958501816,0.0046625323593616486,0.00454789400100708,0.004444055259227753,0.004322506487369537,0.004045158624649048,0.0038716569542884827,0.003617841750383377,0.0035254843533039093,0.003322012722492218,0.0031251683831214905,0.002962227910757065,0.0027434229850769043,0.0025208592414855957,0.002354774624109268,0.0021237730979919434,0.001889944076538086,0.0016876459121704102,0.001436971127986908,0.0012041367590427399,0.0009655393660068512,0.0007515065371990204,0.0005346871912479401,0.0002813786268234253,0.0,0.0,0.0,0.0,0.0,0.0,0.0,0.0,0.0,0.0,0.0,0.0,0.0,0.0,0.0,0.0,0.0,0.0,0.0,0.0,0.09825536236166954
13,0.005847577005624771,0.005671840161085129,0.005483098328113556,0.005341093987226486,0.005212333053350449,0.005060747265815735,0.004903215914964676,0.0048387981951236725,0.004557956010103226,0.004445541650056839,0.0042451731860637665,0.00397394597530365,0.003860246390104294,0.0037351027131080627,0.003541320562362671,0.0033057257533073425,0.003008335828781128,0.002764366567134857,0.0025644451379776,0.002451155334711075,0.0022601522505283356,0.0020537301898002625,0.0017920173704624176,0.0014931745827198029,0.0013062097132205963,0.0011738687753677368,0.0009235255420207977,0.0007123425602912903,0.0004736483097076416,0.00026209279894828796,0.0,0.0,0.0,0.0,0.0,0.0,0.0,0.0,0.0,0.0,0.0,0.0,0.0,0.0,0.0,0.0,0.0,0.0,0.0,0.0,0.09726278111338615
14,0.005836121737957001,0.005684111267328262,0.005472678691148758,0.005385629832744598,0.005263730883598328,0.005119588226079941,0.004921164363622665,0.004767831414937973,0.004644397646188736,0.004398774355649948,0.004282645881175995,0.003909152001142502,0.003802012652158737,0.0035633817315101624,0.0033032894134521484,0.0031509138643741608,0.0029447413980960846,0.0027924515306949615,0.0025938451290130615,0.0024106763303279877,0.0021615326404571533,0.002021249383687973,0.0018218010663986206,0.0015177205204963684,0.001253519207239151,0.001094631850719452,0.000856250524520874,0.0006713978946208954,0.00046001747250556946,0.0002891756594181061,0.0,0.0,0.0,0.0,0.0,0.0,0.0,0.0,0.0,0.0,0.0,0.0,0.0,0.0,0.0,0.0,0.0,0.0,0.0,0.0,0.09639443457126617
15,0.005806144326925278,0.0056734830141067505,0.005581449717283249,0.005444612354040146,0.005309499800205231,0.005142562091350555,0.004931900650262833,0.004747111350297928,0.00467267632484436,0.0045027658343315125,0.004361927509307861,0.004070080816745758,0.0037867873907089233,0.0036100633442401886,0.0034058764576911926,0.003223475068807602,0.003032505512237549,0.002877797931432724,0.0026627331972122192,0.0024427585303783417,0.0022213831543922424,0.0020509622991085052,0.0017672330141067505,0.0015733838081359863,0.0013336539268493652,0.0011403001844882965,0.0009332410991191864,0.0007383637130260468,0.0004936568439006805,0.00029209256172180176,0.0,0.0,0.0,0.0,0.0,0.0,0.0,0.0,0.0,0.0,0.0,0.0,0.0,0.0,0.0,0.0,0.0,0.0,0.0,0.0,0.09783048182725906
16,0.005681518465280533,0.00566936656832695,0.005472149699926376,0.00525544211268425,0.005136575549840927,0.004955805838108063,0.004803832620382309,0.004654761403799057,0.004491575062274933,0.004244968295097351,0.003989763557910919,0.0037798210978507996,0.0037128962576389313,0.0034664683043956757,0.0033695921301841736,0.0031920894980430603,0.0030531585216522217,0.002877846360206604,0.0026137977838516235,0.0024380236864089966,0.002272658050060272,0.0020096637308597565,0.0017642416059970856,0.0015124492347240448,0.0012395307421684265,0.0010616444051265717,0.000820796936750412,0.0006571300327777863,0.0004200786352157593,0.0002893023192882538,0.0,0.0,0.0,0.0,0.0,0.0,0.0,0.0,0.0,0.0,0.0,0.0,0.0,0.0,0.0,0.0,0.0,0.0,0.0,0.0,0.09490694850683212
17,0.005715567618608475,0.005585186183452606,0.005476467311382294,0.005324564874172211,0.005105413496494293,0.0049230121076107025,0.004717037081718445,0.004576321691274643,0.004383884370326996,0.004244040697813034,0.004098881036043167,0.003904402256011963,0.0037075206637382507,0.0035129934549331665,0.003261573612689972,0.0030993707478046417,0.0028475970029830933,0.002651013433933258,0.0025797225534915924,0.0024041272699832916,0.0021867267787456512,0.001940406858921051,0.0017064176499843597,0.0014068149030208588,0.0012229792773723602,0.0010200031101703644,0.0008054748177528381,0.0005917735397815704,0.0003487914800643921,0.0001503080129623413,0.0,0.0,0.0,0.0,0.0,0.0,0.0,0.0,0.0,0.0,0.0,0.0,0.0,0.0,0.0,0.0,0.0,0.0,0.0,0.0,0.09349839389324188
18,0.005742434412240982,0.005585990846157074,0.005537930876016617,0.005364004522562027,0.005211081355810165,0.0050242021679878235,0.004901006817817688,0.004812762141227722,0.004622340202331543,0.004433758556842804,0.004160720854997635,0.003923844546079636,0.0037213489413261414,0.003507617861032486,0.003387235105037689,0.0031902678310871124,0.0029867440462112427,0.0028466619551181793,0.0026490092277526855,0.0024359598755836487,0.002180669456720352,0.0019598081707954407,0.0017521493136882782,0.0015615634620189667,0.001300513744354248,0.0010310672223567963,0.0008517131209373474,0.0006382912397384644,0.00041227787733078003,0.00017089396715164185,0.0,0.0,0.0,0.0,0.0,0.0,0.0,0.0,0.0,0.0,0.0,0.0,0.0,0.0,0.0,0.0,0.0,0.0,0.0,0.0,0.09590386971831322
19,0.005734086036682129,0.005577031522989273,0.005440320819616318,0.005273174494504929,0.005173414945602417,0.004974342882633209,0.004774458706378937,0.004584021866321564,0.00437115877866745,0.004184287041425705,0.0040552616119384766,0.0039051026105880737,0.0037193037569522858,0.003528434783220291,0.0034026242792606354,0.003256533294916153,0.003080010414123535,0.002802375704050064,0.0025858916342258453,0.0024043619632720947,0.002148859202861786,0.001929163932800293,0.0016682595014572144,0.001512128859758377,0.0012929700314998627,0.0010503940284252167,0.0008591674268245697,0.0006305240094661713,0.00041791796684265137,0.00016011297702789307,0.0,0.0,0.0,0.0,0.0,0.0,0.0,0.0,0.0,0.0,0.0,0.0,0.0,0.0,0.0,0.0,0.0,0.0,0.0,0.0,0.09449569508433342
20,0.005721457302570343,0.005631048232316971,0.005415018647909164,0.005367301404476166,0.00520743802189827,0.0050789304077625275,0.004895184189081192,0.004738330841064453,0.004533842206001282,0.004341311752796173,0.004180941730737686,0.004062052816152573,0.0038540326058864594,0.0036222748458385468,0.0034392252564430237,0.0032208748161792755,0.0030586160719394684,0.002944536507129669,0.0026347972452640533,0.002375267446041107,0.0021609552204608917,0.0018914788961410522,0.001731187105178833,0.001485489308834076,0.0012684762477874756,0.001072961837053299,0.0008363202214241028,0.0006541348993778229,0.0004113316535949707,0.00028375908732414246,0.0,0.0,0.0,0.0,0.0,0.0,0.0,0.0,0.0,0.0,0.0,0.0,0.0,0.0,0.0,0.0,0.0,0.0,0.0,0.0,0.09611857682466507
21,0.0058532655239105225,0.005674760788679123,0.0055521391332149506,0.005400475114583969,0.005194265395402908,0.004986796528100967,0.004874806851148605,0.004751216620206833,0.004527762532234192,0.004328381270170212,0.004155538976192474,0.00406627357006073,0.0038146600127220154,0.0036030374467372894,0.003458186984062195,0.003294583410024643,0.003144010901451111,0.002902388572692871,0.0026183538138866425,0.0025006160140037537,0.0023622065782546997,0.0020741112530231476,0.0019075237214565277,0.001676410436630249,0.0014684759080410004,0.001199912279844284,0.0009624473750591278,0.0007684342563152313,0.0005162656307220459,0.0002804659307003021,0.0,0.0,0.0,0.0,0.0,0.0,0.0,0.0,0.0,0.0,0.0,0.0,0.0,0.0,0.0,0.0,0.0,0.0,0.0,0.0,0.09791777282953262
22,0.005797941237688065,0.005634687840938568,0.005593869835138321,0.00540531799197197,0.005247447639703751,0.0050985366106033325,0.004857286810874939,0.0046928152441978455,0.004527200013399124,0.00427839532494545,0.004150006920099258,0.00397699698805809,0.003769129514694214,0.0035473667085170746,0.0033721402287483215,0.0032288730144500732,0.0030511654913425446,0.0028685778379440308,0.002687852829694748,0.0025148652493953705,0.0023248381912708282,0.002069566398859024,0.0018675290048122406,0.001657433807849884,0.0013498440384864807,0.0011064261198043823,0.0009142272174358368,0.0007779747247695923,0.000511467456817627,0.0002795122563838959,0.0,0.0,0.0,0.0,0.0,0.0,0.0,0.0,0.0,0.0,0.0,0.0,0.0,0.0,0.0,0.0,0.0,0.0,0.0,0.0,0.09715929254889488
23,0.006029039621353149,0.005656886845827103,0.005504220724105835,0.0053508467972278595,0.005184832960367203,0.005007818341255188,0.0048944056034088135,0.004610259085893631,0.004473000764846802,0.0043507590889930725,0.004231266677379608,0.0040396638214588165,0.003911610692739487,0.0037119202315807343,0.0035453587770462036,0.0033674798905849457,0.0030787289142608643,0.0028689056634902954,0.002641536295413971,0.002461373805999756,0.002372417598962784,0.0021746158599853516,0.0019193515181541443,0.0016811154782772064,0.0014244429767131805,0.0012002214789390564,0.000983264297246933,0.0007560141384601593,0.0005378983914852142,0.00029784440994262695,0.0,0.0,0.0,0.0,0.0,0.0,0.0,0.0,0.0,0.0,0.0,0.0,0.0,0.0,0.0,0.0,0.0,0.0,0.0,0.0,0.0982671007514
24,0.005823206156492233,0.005698885768651962,0.018552206456661224,0.005372986197471619,0.005221154540777206,0.0050330087542533875,0.004845526069402695,0.004645206034183502,0.004501502960920334,0.004378128796815872,0.0042076557874679565,0.0040634796023368835,0.003857571631669998,0.0038099177181720734,0.0036021247506141663,0.003358006477355957,0.0031382106244564056,0.0028298720717430115,0.002618987113237381,0.00244198739528656,0.0021438151597976685,0.0019224174320697784,0.0017466284334659576,0.001616649329662323,0.0013964958488941193,0.0012413635849952698,0.001004248857498169,0.000788368284702301,0.0005384311079978943,0.00029751285910606384,0.0001591816544532776,0.0,0.0,0.0,0.0,0.0,0.0,0.0,0.0,0.0,0.0,0.0,0.0,0.0,0.0,0.0,0.0,0.0,0.0,0.0,0.11085473746061325
25,0.0058357976377010345,0.005727771669626236,0.005512017756700516,0.005331419408321381,0.005128506571054459,0.0049987174570560455,0.004780583083629608,0.004639696329832077,0.017472460865974426,0.00431070476770401,0.004171878099441528,0.003998216241598129,0.0038256607949733734,0.0036411061882972717,0.003423459827899933,0.003182966262102127,0.0030484236776828766,0.002857975661754608,0.002630043774843216,0.00250336155295372,0.0022892579436302185,0.002112392336130142,0.0018993467092514038,0.00165659561753273,0.0013857632875442505,0.0011691935360431671,0.0009019337594509125,0.0007025152444839478,0.0005273707211017609,0.0002953186631202698,0.0,0.0,0.0,0.0,0.0,0.0,0.0,0.0,0.0,0.0,0.0,0.0,0.0,0.0,0.0,0.0,0.0,0.0,0.0,0.0,0.10996045544743538
26,0.005712408572435379,0.005657035857439041,0.0054828934371471405,0.00526004284620285,0.005142625421285629,0.005045551806688309,0.004862286150455475,0.004672262817621231,0.004514068365097046,0.004365310072898865,0.004179585725069046,0.003928694874048233,0.003918610513210297,0.003737032413482666,0.0034377500414848328,0.003251928836107254,0.003120671957731247,0.002946179360151291,0.0027885064482688904,0.0025344118475914,0.0022418126463890076,0.0020232535898685455,0.0018082000315189362,0.014683250337839127,0.0014240369200706482,0.001177273690700531,0.0009190328419208527,0.0006953775882720947,0.0004411935806274414,0.00016621872782707214,0.0,0.0,0.0,0.0,0.0,0.0,0.0,0.0,0.0,0.0,0.0,0.0,0.0,0.0,0.0,0.0,0.0,0.0,0.0,0.0,0.11013750731945038
27,0.005732756108045578,0.005551699548959732,0.005395013839006424,0.005245912820100784,0.005082178860902786,0.004914820194244385,0.004714760929346085,0.0044968388974666595,0.004403524100780487,0.004169616848230362,0.004042748361825943,0.0039056874811649323,0.0037273988127708435,0.0034915171563625336,0.0033550336956977844,0.003195643424987793,0.0030484385788440704,0.0027815736830234528,0.002510078251361847,0.0023420006036758423,0.0021731331944465637,0.0019302405416965485,0.0017486698925495148,0.014528140425682068,0.0012729912996292114,0.0010432563722133636,0.0008656829595565796,0.0006161406636238098,0.0003990568220615387,0.00013668835163116455,0.0,0.0,0.0,0.0,0.0,0.0,0.0,0.0,0.0,0.0,0.0,0.0,0.0,0.0,0.0,0.0,0.0,0.0,0.0,0.0,0.10682124271988869
28,0.018775541335344315,0.005574628710746765,0.005483485758304596,0.00524541363120079,0.005114655941724777,0.0049372389912605286,0.00471307709813118,0.004679989069700241,0.0044496022164821625,0.0043420568108558655,0.004146691411733627,0.0039046257734298706,0.003725547343492508,0.0035552680492401123,0.0033116526901721954,0.0031989067792892456,0.0030027441680431366,0.002890549600124359,0.0027398429811000824,0.002556566148996353,0.0022535957396030426,0.001959472894668579,0.0017760880291461945,0.0015914440155029297,0.0013437531888484955,0.001118689775466919,0.0008942633867263794,0.0006475783884525299,0.00040848925709724426,0.0001671314239501953,0.0,0.0,0.0,0.0,0.0,0.0,0.0,0.0,0.0,0.0,0.0,0.0,0.0,0.0,0.0,0.0,0.0,0.0,0.0,0.0,0.10850859060883522
29,0.0057242251932621,0.005655325949192047,0.005489960312843323,0.005292046815156937,0.005127493292093277,0.01810648664832115,0.0048833489418029785,0.004614442586898804,0.004469931125640869,0.004342332482337952,0.004121281206607819,0.003955025225877762,0.0037219002842903137,0.0034809373319149017,0.00337827205657959,0.0031452104449272156,0.00299844890832901,0.002818901091814041,0.0025671087205410004,0.0023504793643951416,0.0021677836775779724,0.0019833259284496307,0.01479363813996315,0.0015332400798797607,0.001335136592388153,0.0011027418076992035,0.0008377060294151306,0.0006278082728385925,0.0004340857267379761,0.00016102194786071777,0.0,0.0,0.0,0.0,0.0,0.0,0.0,0.0,0.0,0.0,0.0,0.0,0.0,0.0,0.0,0.0,0.0,0.0,0.0,0.0,0.12121964618563652
30,0.005715150386095047,0.00562739372253418,0.005510188639163971,0.005365833640098572,0.005226306617259979,0.018095072358846664,0.0048043616116046906,0.004537370055913925,0.004385493695735931,0.004275962710380554,0.004069894552230835,0.0039232634007930756,0.003755290061235428,0.0035077184438705444,0.0033338479697704315,0.003127478063106537,0.002930048853158951,0.0026789195835590363,0.0024507902562618256,0.0023281648755073547,0.00207417830824852,0.001826070249080658,0.0016350559890270233,0.0013485737144947052,0.0011722780764102936,0.0009406954050064087,0.0007635541260242462,0.000552058219909668,0.0003757290542125702,0.00016138330101966858,0.0,0.0,0.0,0.0,0.0,0.0,0.0,0.0,0.0,0.0,0.0,0.0,0.0,0.0,0.0,0.0,0.0,0.0,0.0,0.0,0.1064981259405613
31,0.005882684141397476,0.01867881789803505,0.005535192787647247,0.005392391234636307,0.005162816494703293,0.0050344206392765045,0.004930384457111359,0.01786283403635025,0.004615359008312225,0.004321228712797165,0.017172642052173615,0.0038961656391620636,0.0037625469267368317,0.003583218902349472,0.0034379027783870697,0.0032267123460769653,0.0030654743313789368,0.0028744712471961975,0.0027038976550102234,0.015461158007383347,0.0021990425884723663,0.0020199306309223175,0.0018760636448860168,0.0016119331121444702,0.0014153867959976196,0.0011279471218585968,0.0009104348719120026,0.0007130801677703857,0.0004955045878887177,0.00025209784507751465,0.0,0.0,0.0,0.0,0.0,0.0,0.0,0.0,0.0,0.0,0.0,0.0,0.0,0.0,0.0,0.0,0.0,0.0,0.0,0.0,0.1492217406630516
32,0.005824238061904907,0.005617957562208176,0.005552593618631363,0.005280435085296631,0.005171194672584534,0.005051333457231522,0.004801340401172638,0.004632454365491867,0.004572410136461258,0.004387114197015762,0.004232477396726608,0.004090260714292526,0.003888208419084549,0.003753911703824997,0.003571920096874237,0.003350183367729187,0.003148328512907028,0.0029619112610816956,0.0027220994234085083,0.0024644583463668823,0.0022881776094436646,0.00204303115606308,0.0018540062010288239,0.001719348132610321,0.0014572255313396454,0.0012338720262050629,0.0009630843997001648,0.0007327944040298462,0.0005419999361038208,0.00029283761978149414,0.0,0.0,0.0,0.0,0.0,0.0,0.0,0.0,0.0,0.0,0.0,0.0,0.0,0.0,0.0,0.0,0.0,0.0,0.0,0.0,0.0982012078166008
33,0.007017537951469421,0.005716927349567413,0.0055924393236637115,0.005358219146728516,0.005154728889465332,0.005092401057481766,0.0049772001802921295,0.004784282296895981,0.004601620137691498,0.004444323480129242,0.0042937882244586945,0.004049498587846756,0.00381600484251976,0.00369446724653244,0.003448333591222763,0.003308042883872986,0.003118913620710373,0.0029479339718818665,0.0026793964207172394,0.01353462040424347,0.0022133290767669678,0.021154329180717468,0.0018696598708629608,0.001673571765422821,0.0014478936791419983,0.0012283213436603546,0.000969182699918747,0.0007439590990543365,0.0005185380578041077,0.0002660900354385376,0.0,0.0,0.0,0.0,0.0,0.0,0.0,0.0,0.0,0.0,0.0,0.0,0.0,0.0,0.0,0.0,0.0,0.0,0.0,0.0,0.12971555441617966
34,0.00583731010556221,0.005648378282785416,0.005559135228395462,0.005371809005737305,0.0053072236478328705,0.005095388740301132,0.00487041100859642,0.0047536566853523254,0.004551280289888382,0.0044726356863975525,0.0043509602546691895,0.004077013581991196,0.0039801932871341705,0.0037669837474823,0.003503084182739258,0.003289952874183655,0.002980254590511322,0.002798553556203842,0.002554800361394882,0.0024318620562553406,0.0023320019245147705,0.0021304190158843994,0.0018735043704509735,0.0016323588788509369,0.0013405568897724152,0.0011544674634933472,0.0009277276694774628,0.0007174164056777954,0.0004948750138282776,0.0003019198775291443,0.0,0.0,0.0,0.0,0.0,0.0,0.0,0.0,0.0,0.0,0.0,0.0,0.0,0.0,0.0,0.0,0.0,0.0,0.0,0.0,0.09810613468289375
35,0.005832362920045853,0.0056892745196819305,0.005445662885904312,0.005484171211719513,0.005210354924201965,0.005073167383670807,0.004961177706718445,0.004759944975376129,0.004590298980474472,0.004475172609090805,0.004239585250616074,0.004019338637590408,0.003873717039823532,0.003692787140607834,0.003474801778793335,0.003309722989797592,0.00304407998919487,0.00283939391374588,0.0026645995676517487,0.0024668723344802856,0.0022689327597618103,0.0020601265132427216,0.0018820017576217651,0.0016407035291194916,0.0013944432139396667,0.0011532828211784363,0.0009326152503490448,0.0007320567965507507,0.0005216710269451141,0.00025680288672447205,0.0,0.0,0.0,0.0,0.0,0.0,0.0,0.0,0.0,0.0,0.0,0.0,0.0,0.0,0.0,0.0,0.0,0.0,0.0,0.0,0.09798912331461906
36,0.005752507597208023,0.005649678409099579,0.018497295677661896,0.018378090113401413,0.00514410063624382,0.00496789813041687,0.004872355610132217,0.017792873084545135,0.00456567108631134,0.00434710830450058,0.004205081611871719,0.0039388202130794525,0.003726944327354431,0.0035615675151348114,0.0033924803137779236,0.003226619213819504,0.003103729337453842,0.016026712954044342,0.0027654245495796204,0.0024980977177619934,0.0022761449217796326,0.002034716308116913,0.0018221363425254822,0.001527056097984314,0.0013197176158428192,0.0011193417012691498,0.0008476153016090393,0.0006399638950824738,0.00038386881351470947,0.00015851855278015137,0.0,0.0,0.0,0.0,0.0,0.0,0.0,0.0,0.0,0.0,0.0,0.0,0.0,0.0,0.0,0.0,0.0,0.0,0.0,0.0,0.1485421359539032
37,0.005720481276512146,0.005625363439321518,0.005474541336297989,0.0053748078644275665,0.005291830748319626,0.00507349893450737,0.00489472970366478,0.004687093198299408,0.004530854523181915,0.004330672323703766,0.0041780658066272736,0.004045039415359497,0.0038811489939689636,0.0036491863429546356,0.003481891006231308,0.0033222921192646027,0.003179118037223816,0.0029651187360286713,0.002788092941045761,0.0024909265339374542,0.0022902488708496094,0.002016473561525345,0.0018276795744895935,0.0015502162277698517,0.001323111355304718,0.0011240653693675995,0.0009157359600067139,0.0006626099348068237,0.0004262588918209076,0.00016026198863983154,0.0,0.0,0.0,0.0,0.0,0.0,0.0,0.0,0.0,0.0,0.0,0.0,0.0,0.0,0.0,0.0,0.0,0.0,0.0,0.0,0.09728141501545906
38,0.005708690732717514,0.005583811551332474,0.005452845245599747,0.005318421870470047,0.018108468502759933,0.018013909459114075,0.004810236394405365,0.004620365798473358,0.004500553011894226,0.0042724646627902985,0.004082921892404556,0.004001442342996597,0.0037281587719917297,0.003538321703672409,0.003396008163690567,0.003120388835668564,0.0029791072010993958,0.0027363374829292297,0.0024863332509994507,0.0022421367466449738,0.002012636512517929,0.001817215234041214,0.0016599930822849274,0.001464352011680603,0.00126609206199646,0.0010198019444942474,0.0007607117295265198,0.0005719661712646484,0.00037085264921188354,0.00016486644744873047,0.0,0.0,0.0,0.0,0.0,0.0,0.0,0.0,0.0,0.0,0.0,0.0,0.0,0.0,0.0,0.0,0.0,0.0,0.0,0.0,0.11980941146612167
39,0.005698487162590027,0.005575127899646759,0.005504101514816284,0.0053034089505672455,0.018171511590480804,0.004987452179193497,0.004817627370357513,0.004659123718738556,0.004568014293909073,0.004377450793981552,0.004171330481767654,0.004063311964273453,0.0037075765430927277,0.0035433731973171234,0.003301825374364853,0.0031368471682071686,0.0029583610594272614,0.002809140831232071,0.0026358067989349365,0.0025407224893569946,0.0022770799696445465,0.002040684223175049,0.0018304809927940369,0.0016074404120445251,0.0013408511877059937,0.0011107847094535828,0.0009109266102313995,0.0006534755229949951,0.0004092492163181305,0.0001540258526802063,0.0,0.0,0.0,0.0,0.0,0.0,0.0,0.0,0.0,0.0,0.0,0.0,0.0,0.0,0.0,0.0,0.0,0.0,0.0,0.0,0.10886560007929802
40,0.005706306546926498,0.0056527890264987946,0.005494862794876099,0.0052864328026771545,0.005186248570680618,0.004982728511095047,0.004911493510007858,0.004725944250822067,0.004544217139482498,0.004399988800287247,0.004186559468507767,0.003990929573774338,0.003796275705099106,0.0036032721400260925,0.0033980198204517365,0.0031684301793575287,0.0030297264456748962,0.002769041806459427,0.0026002228260040283,0.010388579219579697,0.0021718554198741913,0.0019467733800411224,0.0017483271658420563,0.00157826766371727,0.0013138726353645325,0.001075495034456253,0.0008694790303707123,0.0006264336407184601,0.00040360167622566223,0.00016339868307113647,0.0,0.0,0.0,0.0,0.0,0.0,0.0,0.0,0.0,0.0,0.0,0.0,0.0,0.0,0.0,0.0,0.0,0.0,0.0,0.0,0.1037195734679699
41,0.005898270756006241,0.018717024475336075,0.018537133932113647,0.005408231168985367,0.005261454731225967,0.005100071430206299,0.0050559937953948975,0.004853203892707825,0.004567481577396393,0.004563082009553909,0.004356183111667633,0.00420253723859787,0.004043355584144592,0.0037862397730350494,0.0035693272948265076,0.003394033759832382,0.0032082833349704742,0.0029338039457798004,0.002656020224094391,0.0024543367326259613,0.002172287553548813,0.001965738832950592,0.0017537660896778107,0.0015056133270263672,0.0012760944664478302,0.0012767501175403595,0.001012120395898819,0.0007607042789459229,0.0004913248121738434,0.0002813376486301422,0.0,0.0,0.0,0.0,0.0,0.0,0.0,0.0,0.0,0.0,0.0,0.0,0.0,0.0,0.0,0.0,0.0,0.0,0.0,0.0,0.12506180629134178
42,0.005855675786733627,0.018742520362138748,0.005519192665815353,0.005362246185541153,0.005184978246688843,0.005041453987360001,0.004923272877931595,0.004770062863826752,0.004675149917602539,0.00445556640625,0.004198916256427765,0.0040681734681129456,0.0037925951182842255,0.003677651286125183,0.003470398485660553,0.0032835938036441803,0.0030863620340824127,0.003033287823200226,0.002868194133043289,0.0025465749204158783,0.002317085862159729,0.0020968131721019745,0.0018065087497234344,0.0015610456466674805,0.0012996681034564972,0.001103617250919342,0.0008910968899726868,0.0006736256182193756,0.0004993528127670288,0.00028708577156066895,0.0,0.0,0.0,0.0,0.0,0.0,0.0,0.0,0.0,0.0,0.0,0.0,0.0,0.0,0.0,0.0,0.0,0.0,0.0,0.0,0.11109176650643349
43,0.005840364843606949,0.005691066384315491,0.0055121369659900665,0.005327373743057251,0.005148511379957199,0.00502435490489006,0.004905384033918381,0.004749000072479248,0.004543326795101166,0.004375521093606949,0.004254527390003204,0.004145823419094086,0.0038980282843112946,0.016667727380990982,0.00341811403632164,0.003310713917016983,0.003158368170261383,0.0030184201896190643,0.0027930624783039093,0.0025450363755226135,0.0023008957505226135,0.0020958222448825836,0.0018817782402038574,0.0016795061528682709,0.0014730282127857208,0.0012640096247196198,0.0009980760514736176,0.0007820427417755127,0.000552002340555191,0.00028767436742782593,0.0,0.0,0.0,0.0,0.0,0.0,0.0,0.0,0.0,0.0,0.0,0.0,0.0,0.0,0.0,0.0,0.0,0.0,0.0,0.0,0.11164169758558273
44,0.005837343633174896,0.005684807896614075,0.00560225173830986,0.005408484488725662,0.005302704870700836,0.005084976553916931,0.004937253892421722,0.004779264330863953,0.004668869078159332,0.004576336592435837,0.0043547675013542175,0.004120849072933197,0.003957558423280716,0.003704410046339035,0.0035523436963558197,0.003239121288061142,0.003009434789419174,0.0028498023748397827,0.00270027294754982,0.002552274614572525,0.0023175515234470367,0.0021328702569007874,0.0019311010837554932,0.001711435616016388,0.0014927424490451813,0.0012055747210979462,0.0009736195206642151,0.0007702410221099854,0.0005390793085098267,0.00029143691062927246,0.0,0.0,0.0,0.0,0.0,0.0,0.0,0.0,0.0,0.0,0.0,0.0,0.0,0.0,0.0,0.0,0.0,0.0,0.0,0.0,0.09928878024220467
45,0.00583890825510025,0.005648910999298096,0.005514964461326599,0.0053119175136089325,0.0052126869559288025,0.005032636225223541,0.004830814898014069,0.004720699042081833,0.004564359784126282,0.004308789968490601,0.004109501838684082,0.0039366185665130615,0.0038573704659938812,0.003599107265472412,0.0033645182847976685,0.01626584306359291,0.003079518675804138,0.002879403531551361,0.002663739025592804,0.0024582184851169586,0.0022173039615154266,0.001990973949432373,0.0017736777663230896,0.001592043787240982,0.0013493075966835022,0.0011132657527923584,0.0008816234767436981,0.0006708391010761261,0.0005185343325138092,0.0002526417374610901,0.0,0.0,0.0,0.0,0.0,0.0,0.0,0.0,0.0,0.0,0.0,0.0,0.0,0.0,0.0,0.0,0.0,0.0,0.0,0.0,0.10955873876810074
46,0.0057355500757694244,0.005543265491724014,0.005472399294376373,0.005246911197900772,0.005148708820343018,0.004971012473106384,0.017843808978796005,0.0046202652156353,0.004519142210483551,0.004291124641895294,0.0040557123720645905,0.003884498029947281,0.016770247370004654,0.0035573989152908325,0.0032393261790275574,0.0030601322650909424,0.0028447918593883514,0.0026961788535118103,0.0024979449808597565,0.0023482292890548706,0.002137530595064163,0.0019361451268196106,0.0017444752156734467,0.0015236809849739075,0.0011925660073757172,0.0009900592267513275,0.0008224844932556152,0.0006010346114635468,0.0003497600555419922,0.00015034154057502747,0.0,0.0,0.0,0.0,0.0,0.0,0.0,0.0,0.0,0.0,0.0,0.0,0.0,0.0,0.0,0.0,0.0,0.0,0.0,0.0,0.11979472637176514
47,0.005726322531700134,0.005571290850639343,0.005505528301000595,0.00532039999961853,0.005198001861572266,0.00498991459608078,0.0048707015812397,0.0047349631786346436,0.004500146955251694,0.0043474771082401276,0.004127569496631622,0.003925837576389313,0.003674231469631195,0.003556210547685623,0.0033322274684906006,0.003102581948041916,0.0029633380472660065,0.0028016045689582825,0.0025387033820152283,0.0022802501916885376,0.0020275600254535675,0.0017785020172595978,0.0016049928963184357,0.0014135167002677917,0.0012066364288330078,0.0010408982634544373,0.0008410625159740448,0.0006389692425727844,0.00039827823638916016,0.00016270577907562256,0.0,0.0,0.0,0.0,0.0,0.0,0.0,0.0,0.0,0.0,0.0,0.0,0.0,0.0,0.0,0.0,0.0,0.0,0.0,0.0,0.09418042376637459
48,0.005711931735277176,0.0056325457990169525,0.005468651652336121,0.005358055233955383,0.005267918109893799,0.005078263580799103,0.004814546555280685,0.004595283418893814,0.004457879811525345,0.004278913140296936,0.004145313054323196,0.003957711160182953,0.003810930997133255,0.0035291090607643127,0.00338054820895195,0.0031826719641685486,0.0029296167194843292,0.00273701548576355,0.0025850459933280945,0.002453550696372986,0.002264212816953659,0.002033919095993042,0.0018466003239154816,0.0015909001231193542,0.001387573778629303,0.0011281706392765045,0.0008022747933864594,0.0005948133766651154,0.0003947839140892029,0.00012711435556411743,0.0,0.0,0.0,0.0,0.0,0.0,0.0,0.0,0.0,0.0,0.0,0.0,0.0,0.0,0.0,0.0,0.0,0.0,0.0,0.0,0.09554586559534073
49,0.00574951246380806,0.0056300051510334015,0.0054316334426403046,0.005289129912853241,0.005177807062864304,0.004918389022350311,0.004730358719825745,0.004553057253360748,0.00432523712515831,0.004144374281167984,0.003990747034549713,0.0037800297141075134,0.0035849958658218384,0.0034601427614688873,0.003287672996520996,0.003076396882534027,0.0029231198132038116,0.002688232809305191,0.002548500895500183,0.0023845359683036804,0.002135440707206726,0.001955851912498474,0.0017414167523384094,0.0016049891710281372,0.0013449937105178833,0.0010745599865913391,0.0008410289883613586,0.000648200511932373,0.00039397552609443665,0.00016604363918304443,0.0,0.0,0.0,0.0,0.0,0.0,0.0,0.0,0.0,0.0,0.0,0.0,0.0,0.0,0.0,0.0,0.0,0.0,0.0,0.0,0.09358038008213043
50,0.005746576935052872,0.005605403333902359,0.0054760947823524475,0.0052466243505477905,0.00509682297706604,0.004919696599245071,0.0048255883157253265,0.004757005721330643,0.004547432065010071,0.0043326206505298615,0.004124961793422699,0.003824058920145035,0.0036849379539489746,0.003497511148452759,0.003292616456747055,0.0030500106513500214,0.0028741583228111267,0.002747204154729843,0.0025058090686798096,0.0023134537041187286,0.0021229013800621033,0.00194602832198143,0.0016804561018943787,0.0014918074011802673,0.001242849975824356,0.0010888315737247467,0.0008469820022583008,0.0006584152579307556,0.000376921147108078,0.0002306625247001648,0.0,0.0,0.0,0.0,0.0,0.0,0.0,0.0,0.0,0.0,0.0,0.0,0.0,0.0,0.0,0.0,0.0,0.0,0.0,0.0,0.09415444359183311
51,0.005905844271183014,0.00565728172659874,0.005524583160877228,0.005450796335935593,0.0052115656435489655,0.005053408443927765,0.004986003041267395,0.004772651940584183,0.004584088921546936,0.004396405071020126,0.004182886332273483,0.0040013231337070465,0.0037351511418819427,0.0035066157579421997,0.0034636370837688446,0.003246881067752838,0.0030588358640670776,0.002908799797296524,0.002682715654373169,0.0024387165904045105,0.0022490397095680237,0.002031274139881134,0.0018148161470890045,0.0016076192259788513,0.0013636201620101929,0.0011142641305923462,0.0009309612214565277,0.0007498599588871002,0.0005097314715385437,0.0002889558672904968,0.0,0.0,0.0,0.0,0.0,0.0,0.0,0.0,0.0,0.0,0.0,0.0,0.0,0.0,0.0,0.0,0.0,0.0,0.0,0.0,0.0974283330142498
52,0.005824416875839233,0.005696401000022888,0.005589984357357025,0.005384620279073715,0.005196832120418549,0.004976905882358551,0.004883661866188049,0.00478183850646019,0.004614517092704773,0.004485655575990677,0.004329200834035873,0.004032935947179794,0.0038845501840114594,0.0037548765540122986,0.003454335033893585,0.00325833261013031,0.0030919238924980164,0.0028645284473896027,0.0026589930057525635,0.015577565878629684,0.002360627055168152,0.002099737524986267,0.0018897168338298798,0.0016007348895072937,0.0014510229229927063,0.0012050122022628784,0.0009502843022346497,0.0007337480783462524,0.0005410537123680115,0.00026713311672210693,0.0,0.0,0.0,0.0,0.0,0.0,0.0,0.0,0.0,0.0,0.0,0.0,0.0,0.0,0.0,0.0,0.0,0.0,0.0,0.0,0.11144114658236504
53,0.00588594377040863,0.005714341998100281,0.005504664033651352,0.005427982658147812,0.005274605005979538,0.005050994455814362,0.0048493631184101105,0.004807319492101669,0.004648521542549133,0.004416421055793762,0.004208452999591827,0.004077509045600891,0.003878273069858551,0.0037108100950717926,0.003528296947479248,0.003344949334859848,0.0031226910650730133,0.0029774047434329987,0.0027250126004219055,0.002515312284231186,0.002244945615530014,0.002086777240037918,0.001927308738231659,0.0016926117241382599,0.0014937110245227814,0.0012220032513141632,0.0009855590760707855,0.0007707290351390839,0.0005318410694599152,0.0002707578241825104,0.0,0.0,0.0,0.0,0.0,0.0,0.0,0.0,0.0,0.0,0.0,0.0,0.0,0.0,0.0,0.0,0.0,0.0,0.0,0.0,0.098895113915205
54,0.005845457315444946,0.005684617906808853,0.005517896264791489,0.005352389067411423,0.0052879080176353455,0.005102735012769699,0.004889190196990967,0.0047220103442668915,0.012645617127418518,0.004407864063978195,0.004182644188404083,0.004090506583452225,0.003867924213409424,0.0036947280168533325,0.0035018324851989746,0.003344964236021042,0.0031336545944213867,0.002968043088912964,0.002768218517303467,0.0025366991758346558,0.0023155324161052704,0.0019871965050697327,0.0017353333532810211,0.0015642382204532623,0.001362290233373642,0.0011462010443210602,0.0009049959480762482,0.000658910721540451,0.000570099800825119,0.00028490275144577026,0.0,0.0,0.0,0.0,0.0,0.0,0.0,0.0,0.0,0.0,0.0,0.0,0.0,0.0,0.0,0.0,0.0,0.0,0.0,0.0,0.10607460141181946
55,0.005787219852209091,0.005635257810354233,0.005502775311470032,0.00536327064037323,0.005239076912403107,0.00506606325507164,0.00489652156829834,0.004777468740940094,0.004586793482303619,0.004420090466737747,0.0043067485094070435,0.004092279821634293,0.00391015037894249,0.0037256143987178802,0.0034153759479522705,0.016328666359186172,0.003074169158935547,0.002873361110687256,0.002560202032327652,0.0023653581738471985,0.0022082924842834473,0.002073615789413452,0.0018922165036201477,0.0016679614782333374,0.001463562250137329,0.00125015527009964,0.0009517557919025421,0.0007023364305496216,0.0005275942385196686,0.00028664618730545044,0.0,0.0,0.0,0.0,0.0,0.0,0.0,0.0,0.0,0.0,0.0,0.0,0.0,0.0,0.0,0.0,0.0,0.0,0.0,0.0,0.11095060035586357
56,0.005680948495864868,0.005559481680393219,0.005395080894231796,0.005230482667684555,0.005065444856882095,0.005015037953853607,0.004826880991458893,0.0046037957072257996,0.004489921033382416,0.00435919314622879,0.004195027053356171,0.004032470285892487,0.003772333264350891,0.003622729331254959,0.0034003406763076782,0.003269460052251816,0.0030352063477039337,0.002925388514995575,0.0025339238345623016,0.002320908010005951,0.0020536519587039948,0.00183921679854393,0.0015994831919670105,0.0014333054423332214,0.0011892244219779968,0.0010174661874771118,0.0007949098944664001,0.0006154626607894897,0.00040179863572120667,0.00012695416808128357,0.0,0.0,0.0,0.0,0.0,0.0,0.0,0.0,0.0,0.0,0.0,0.0,0.0,0.0,0.0,0.0,0.0,0.0,0.0,0.0,0.09440552815794945
57,0.0056952014565467834,0.005558282136917114,0.005394037812948227,0.005260564386844635,0.005079887807369232,0.004886001348495483,0.017766151577234268,0.00457393005490303,0.0044504255056381226,0.004251439124345779,0.004087064415216446,0.003958623856306076,0.0037739239633083344,0.0035349205136299133,0.0032102130353450775,0.0031141042709350586,0.0029959864914417267,0.0026879198849201202,0.0025015175342559814,0.0023856908082962036,0.0021649599075317383,0.0019797571003437042,0.001750744879245758,0.00147947296500206,0.0012651123106479645,0.0011179372668266296,0.000872001051902771,0.0006364360451698303,0.0004148632287979126,0.00016256049275398254,0.0,0.0,0.0,0.0,0.0,0.0,0.0,0.0,0.0,0.0,0.0,0.0,0.0,0.0,0.0,0.0,0.0,0.0,0.0,0.0,0.10700973123311996
58,0.005654286593198776,0.005510170012712479,0.0054259225726127625,0.005218401551246643,0.005103409290313721,0.005007963627576828,0.0048077888786792755,0.004559855908155441,0.004429556429386139,0.004269696772098541,0.004042580723762512,0.0038597360253334045,0.0036959610879421234,0.003429766744375229,0.003328390419483185,0.0031074583530426025,0.002732418477535248,0.0026212111115455627,0.002326700836420059,0.0021880827844142914,0.001986198127269745,0.0018146224319934845,0.0015610940754413605,0.0013304278254508972,0.00118308886885643,0.0009812600910663605,0.0008107833564281464,0.000598520040512085,0.0004007667303085327,0.0001604519784450531,0.0,0.0,0.0,0.0,0.0,0.0,0.0,0.0,0.0,0.0,0.0,0.0,0.0,0.0,0.0,0.0,0.0,0.0,0.0,0.0,0.09214657172560692
59,0.005654588341712952,0.00553637370467186,0.0054174140095710754,0.005238447338342667,0.0050803981721401215,0.0049180760979652405,0.0047246962785720825,0.004537463188171387,0.004347752779722214,0.00413031131029129,0.004051361232995987,0.003834877163171768,0.0036244839429855347,0.0035161226987838745,0.0033052824437618256,0.0031343288719654083,0.002961389720439911,0.0027876831591129303,0.0027789250016212463,0.0023910626769065857,0.002171039581298828,0.0019440054893493652,0.0017619989812374115,0.0014754869043827057,0.001286003738641739,0.0010609924793243408,0.0008263587951660156,0.0005716681480407715,0.000354032963514328,0.00016012787818908691,0.0,0.0,0.0,0.0,0.0,0.0,0.0,0.0,0.0,0.0,0.0,0.0,0.0,0.0,0.0,0.0,0.0,0.0,0.0,0.0,0.09358275309205055
60,0.005679652094841003,0.005574222654104233,0.005383893847465515,0.005284637212753296,0.005137339234352112,0.004987265914678574,0.004764039069414139,0.004589449614286423,0.004480399191379547,0.004346825182437897,0.0041382797062397,0.003922257572412491,0.0037037543952465057,0.01657964661717415,0.0032919980585575104,0.0031296052038669586,0.0028100349009037018,0.002530910074710846,0.0023806802928447723,0.00214555487036705,0.002032209187746048,0.0018154159188270569,0.0016309581696987152,0.0014571398496627808,0.014273878186941147,0.001030895859003067,0.0008132420480251312,0.0006023682653903961,0.0003898218274116516,0.00015937909483909607,0.0,0.0,0.0,0.0,0.0,0.0,0.0,0.0,0.0,0.0,0.0,0.0,0.0,0.0,0.0,0.0,0.0,0.0,0.0,0.0,0.11906575411558151
61,0.005799993872642517,0.005620162934064865,0.005439072847366333,0.005348183214664459,0.005208190530538559,0.0050733499228954315,0.004942897707223892,0.004844840615987778,0.017695285379886627,0.017514239996671677,0.004329130053520203,0.004208497703075409,0.003985874354839325,0.003849755972623825,0.0035859346389770508,0.0032720156013965607,0.0031297020614147186,0.002944573760032654,0.0027342624962329865,0.0025289207696914673,0.002254527062177658,0.002071026712656021,0.0018963813781738281,0.0016661100089550018,0.0014944560825824738,0.00125093013048172,0.0010244660079479218,0.0007635913789272308,0.0004998631775379181,0.00028064101934432983,0.0,0.0,0.0,0.0,0.0,0.0,0.0,0.0,0.0,0.0,0.0,0.0,0.0,0.0,0.0,0.0,0.0,0.0,0.0,0.0,0.12525687739253044
62,0.0057633183896541595,0.005645234137773514,0.005536515265703201,0.005357261747121811,0.005222208797931671,0.00506548210978508,0.004881817847490311,0.004718426614999771,0.004551824182271957,0.004373207688331604,0.004254717379808426,0.004054270684719086,0.0038063041865825653,0.0036355331540107727,0.003446817398071289,0.0032577775418758392,0.003030013293027878,0.0028881989419460297,0.0027168430387973785,0.015493709594011307,0.00222005695104599,0.0019795559346675873,0.001771237701177597,0.0016164034605026245,0.001382872462272644,0.0012075118720531464,0.0009703338146209717,0.0007832050323486328,0.0005364008247852325,0.00028622522950172424,0.0,0.0,0.0,0.0,0.0,0.0,0.0,0.0,0.0,0.0,0.0,0.0,0.0,0.0,0.0,0.0,0.0,0.0,0.0,0.0,0.1104532852768898
63,0.005769792944192886,0.0056289322674274445,0.005460325628519058,0.00534406304359436,0.00518711656332016,0.005069851875305176,0.004953254014253616,0.004776746034622192,0.004595767706632614,0.007430914789438248,0.004181861877441406,0.003980327397584915,0.016839805990457535,0.003550555557012558,0.0033787451684474945,0.0032556727528572083,0.003000471740961075,0.002790704369544983,0.0025480054318904877,0.002392202615737915,0.002180967479944229,0.0019276514649391174,0.0017451420426368713,0.0015273988246917725,0.0014164559543132782,0.001208420842885971,0.0009573772549629211,0.0007193982601165771,0.0005123689770698547,0.0002861395478248596,0.0,0.0,0.0,0.0,0.0,0.0,0.0,0.0,0.0,0.0,0.0,0.0,0.0,0.0,0.0,0.0,0.0,0.0,0.0,0.0,0.11261643841862679
64,0.005814369767904282,0.005642663687467575,0.005474504083395004,0.00534256175160408,0.005176857113838196,0.00500715896487236,0.004837237298488617,0.00469154492020607,0.004526961594820023,0.004315529018640518,0.004254017025232315,0.004055120050907135,0.0039162710309028625,0.003768462687730789,0.003580305725336075,0.00336524099111557,0.0031264275312423706,0.0028299055993556976,0.002642553299665451,0.002416759729385376,0.0021792836487293243,0.001953873783349991,0.0016842298209667206,0.0015117712318897247,0.001355540007352829,0.0011862292885780334,0.000993143767118454,0.0007552914321422577,0.0005430802702903748,0.00030272454023361206,0.0,0.0,0.0,0.0,0.0,0.0,0.0,0.0,0.0,0.0,0.0,0.0,0.0,0.0,0.0,0.0,0.0,0.0,0.0,0.0,0.09724961966276169
65,0.005839917808771133,0.005630847066640854,0.005491424351930618,0.0052915215492248535,0.005170200020074844,0.005020271986722946,0.004929784685373306,0.004677999764680862,0.004557747393846512,0.00439191609621048,0.004348378628492355,0.004164449870586395,0.003950759768486023,0.003742653876543045,0.003530193120241165,0.0032827258110046387,0.0030498094856739044,0.0029103755950927734,0.0026563256978988647,0.0024656876921653748,0.011350005865097046,0.002060443162918091,0.0019292831420898438,0.0016662776470184326,0.0014400668442249298,0.0012438669800758362,0.000992119312286377,0.0007788129150867462,0.0005442462861537933,0.00030209124088287354,0.0,0.0,0.0,0.0,0.0,0.0,0.0,0.0,0.0,0.0,0.0,0.0,0.0,0.0,0.0,0.0,0.0,0.0,0.0,0.0,0.10741020366549492
66,0.005700763314962387,0.005522232502698898,0.005375254899263382,0.005291678011417389,0.005102761089801788,0.004914142191410065,0.004828166216611862,0.00469508022069931,0.004492916166782379,0.004374213516712189,0.004067383706569672,0.003942769020795822,0.0037639103829860687,0.0036198608577251434,0.0034758225083351135,0.003354765474796295,0.0031751133501529694,0.0028769709169864655,0.002782929688692093,0.002452448010444641,0.0022165849804878235,0.0019785650074481964,0.0017921030521392822,0.0015317872166633606,0.0013289675116539001,0.0010360851883888245,0.0008525438606739044,0.0006849505007266998,0.0005476176738739014,0.00029019638895988464,0.00016095489263534546,0.0,0.0,0.0,0.0,0.0,0.0,0.0,0.0,0.0,0.0,0.0,0.0,0.0,0.0,0.0,0.0,0.0,0.0,0.0,0.09622953832149506
67,0.005708668380975723,0.005584161728620529,0.005399338901042938,0.005292665213346481,0.005080524832010269,0.01791512221097946,0.004802100360393524,0.004641018807888031,0.004593517631292343,0.004320118576288223,0.00403941422700882,0.003840327262878418,0.0036832578480243683,0.0033808276057243347,0.003209218382835388,0.002998385578393936,0.002810940146446228,0.0027006305754184723,0.0024567730724811554,0.0022954903542995453,0.0020816735923290253,0.0019145049154758453,0.001664530485868454,0.001432575285434723,0.0012277588248252869,0.0010657869279384613,0.0008642114698886871,0.0006411895155906677,0.00040171295404434204,0.000151023268699646,0.0,0.0,0.0,0.0,0.0,0.0,0.0,0.0,0.0,0.0,0.0,0.0,0.0,0.0,0.0,0.0,0.0,0.0,0.0,0.0,0.10619746893644333
68,0.005678422749042511,0.005569126456975937,0.01842193678021431,0.00525786355137825,0.005124710500240326,0.018022846430540085,0.004749633371829987,0.00470893457531929,0.004564136266708374,0.004410289227962494,0.004220116883516312,0.004075922071933746,0.0038155727088451385,0.0036264918744564056,0.0033777952194213867,0.0032454654574394226,0.00301404669880867,0.0028170235455036163,0.0026049166917800903,0.002395942807197571,0.0022286809980869293,0.0019917674362659454,0.0018295161426067352,0.0015813931822776794,0.0013875141739845276,0.0011402629315853119,0.0008882172405719757,0.0006357654929161072,0.0003906860947608948,0.00016736239194869995,0.0,0.0,0.0,0.0,0.0,0.0,0.0,0.0,0.0,0.0,0.0,0.0,0.0,0.0,0.0,0.0,0.0,0.0,0.0,0.0,0.12194235995411873
69,0.005675870925188065,0.005614429712295532,0.005424246191978455,0.00529659166932106,0.005097746849060059,0.004934992641210556,0.004806187003850937,0.004631835967302322,0.004451412707567215,0.004224192351102829,0.004055444151163101,0.003833051770925522,0.0037118494510650635,0.0035682320594787598,0.0032936111092567444,0.003155440092086792,0.0030216388404369354,0.0027924254536628723,0.00253932923078537,0.0022797435522079468,0.0019983798265457153,0.001833803951740265,0.00160159170627594,0.0013964474201202393,0.0012878626585006714,0.0010339878499507904,0.0008266754448413849,0.0006211400032043457,0.0003801770508289337,0.00023588165640830994,0.0,0.0,0.0,0.0,0.0,0.0,0.0,0.0,0.0,0.0,0.0,0.0,0.0,0.0,0.0,0.0,0.0,0.0,0.0,0.0,0.09362421929836273
70,0.005654130131006241,0.005573667585849762,0.005399651825428009,0.0052732378244400024,0.005092184990644455,0.004864472895860672,0.0048142001032829285,0.004578631371259689,0.004389714449644089,0.004239808768033981,0.004077006131410599,0.003950323909521103,0.003814373165369034,0.0036275051534175873,0.0034891068935394287,0.0032615922391414642,0.002985481172800064,0.002753172069787979,0.002512756735086441,0.0022258125245571136,0.0020554959774017334,0.0018372386693954468,0.0016292557120323181,0.0014013312757015228,0.0011868104338645935,0.0010392554104328156,0.000798150897026062,0.000587712973356247,0.0003762654960155487,0.0001249462366104126,0.0,0.0,0.0,0.0,0.0,0.0,0.0,0.0,0.0,0.0,0.0,0.0,0.0,0.0,0.0,0.0,0.0,0.0,0.0,0.0,0.09361329302191734
71,0.005796939134597778,0.005607269704341888,0.005538668483495712,0.005356237292289734,0.005200717598199844,0.00497717410326004,0.004814799875020981,0.004511360079050064,0.004399299621582031,0.0043173618614673615,0.004220455884933472,0.003943238407373428,0.0037726089358329773,0.0035829395055770874,0.00339406356215477,0.0032234005630016327,0.0030486509203910828,0.002829182893037796,0.002618882805109024,0.0024637430906295776,0.002219259738922119,0.002007964998483658,0.001754559576511383,0.0015019774436950684,0.0012960247695446014,0.0011953860521316528,0.0009869076311588287,0.0007159411907196045,0.0005161575973033905,0.0002869702875614166,0.0,0.0,0.0,0.0,0.0,0.0,0.0,0.0,0.0,0.0,0.0,0.0,0.0,0.0,0.0,0.0,0.0,0.0,0.0,0.0,0.096098143607378
72,0.0058500878512859344,0.0056558214128017426,0.005495492368936539,0.00529678538441658,0.0050966329872608185,0.004970885813236237,0.004919018596410751,0.004769418388605118,0.004557110369205475,0.004417862743139267,0.004214636981487274,0.00406242161989212,0.003966215997934341,0.0037178359925746918,0.0035420507192611694,0.0032862909138202667,0.0030505917966365814,0.002884339541196823,0.0026857703924179077,0.0024863779544830322,0.0022810883820056915,0.002091202884912491,0.0019176453351974487,0.0016457512974739075,0.0013858266174793243,0.0011572018265724182,0.0008881315588951111,0.0006644837558269501,0.00047294795513153076,0.00026642903685569763,0.0,0.0,0.0,0.0,0.0,0.0,0.0,0.0,0.0,0.0,0.0,0.0,0.0,0.0,0.0,0.0,0.0,0.0,0.0,0.0,0.09769635647535324
73,0.0058342330157756805,0.005639985203742981,0.005515288561582565,0.005321234464645386,0.005168735980987549,0.004923265427350998,0.004815053194761276,0.004668284207582474,0.004597581923007965,0.004360970109701157,0.004240468144416809,0.003989040851593018,0.0038370154798030853,0.0036029070615768433,0.0034687966108322144,0.0032248646020889282,0.0029139444231987,0.0027038641273975372,0.002506159245967865,0.0023878514766693115,0.0021771006286144257,0.002009522169828415,0.0017666369676589966,0.0015558712184429169,0.0013531222939491272,0.0010924749076366425,0.0009068511426448822,0.0006837286055088043,0.0004780776798725128,0.00028134509921073914,0.0,0.0,0.0,0.0,0.0,0.0,0.0,0.0,0.0,0.0,0.0,0.0,0.0,0.0,0.0,0.0,0.0,0.0,0.0,0.0,0.0960242748260498
74,0.005827333778142929,0.005645006895065308,0.005456913262605667,0.005355950444936752,0.005177561193704605,0.004995476454496384,0.004901420325040817,0.004714682698249817,0.004536893218755722,0.00434764102101326,0.004054401069879532,0.003921050578355789,0.003772534430027008,0.0036506541073322296,0.003480173647403717,0.0031966865062713623,0.003002658486366272,0.0028106682002544403,0.0026103295385837555,0.015452820807695389,0.0022089406847953796,0.002033378928899765,0.0017699673771858215,0.0014837086200714111,0.0013330988585948944,0.0011587552726268768,0.0009353235363960266,0.0007336251437664032,0.00048211589455604553,0.00026062875986099243,0.0,0.0,0.0,0.0,0.0,0.0,0.0,0.0,0.0,0.0,0.0,0.0,0.0,0.0,0.0,0.0,0.0,0.0,0.0,0.0,0.10931039974093437
75,0.005785025656223297,0.005663149058818817,0.005529295653104782,0.005300115793943405,0.005184773355722427,0.005031600594520569,0.004927102476358414,0.004716183990240097,0.0045965202152729034,0.0044158026576042175,0.004113681614398956,0.0039216987788677216,0.0037262067198753357,0.003549434244632721,0.0032508857548236847,0.0031190253794193268,0.0029137171804904938,0.0027283132076263428,0.0025644898414611816,0.002282075583934784,0.002074573189020157,0.0019527636468410492,0.0017738230526447296,0.0015228614211082458,0.0013231374323368073,0.0011212751269340515,0.0009256899356842041,0.0006878376007080078,0.0005331970751285553,0.0002804510295391083,0.0,0.0,0.0,0.0,0.0,0.0,0.0,0.0,0.0,0.0,0.0,0.0,0.0,0.0,0.0,0.0,0.0,0.0,0.0,0.0,0.0955147072672844
76,0.005705725401639938,0.005581758916378021,0.005410000681877136,0.0052541643381118774,0.005084816366434097,0.00490894541144371,0.00474436953663826,0.004512455314397812,0.004418887197971344,0.004168063402175903,0.004095591604709625,0.0038874223828315735,0.003748074173927307,0.0035549961030483246,0.00340067595243454,0.0032455958425998688,0.002995263785123825,0.0027876608073711395,0.002546902745962143,0.002372976392507553,0.00214424729347229,0.0018766187131404877,0.0016255080699920654,0.0014609955251216888,0.0012543387711048126,0.0010911524295806885,0.0008370243012905121,0.0006281621754169464,0.0004079565405845642,0.00016247481107711792,0.0,0.0,0.0,0.0,0.0,0.0,0.0,0.0,0.0,0.0,0.0,0.0,0.0,0.0,0.0,0.0,0.0,0.0,0.0,0.0,0.09391282498836517
77,0.005685001611709595,0.005597755312919617,0.005415342748165131,0.005300216376781464,0.0051158107817173,0.0049703530967235565,0.004806894809007645,0.004622139036655426,0.004429806023836136,0.004216756671667099,0.0040292441844940186,0.003766831010580063,0.003553614020347595,0.003321874886751175,0.01616644114255905,0.002987656742334366,0.0028466135263442993,0.01579917222261429,0.002570677548646927,0.00238683819770813,0.0021673068404197693,0.002025112509727478,0.0017919652163982391,0.0015647970139980316,0.001392994076013565,0.001147296279668808,0.0008981786668300629,0.0006519481539726257,0.0004346780478954315,0.00015988945960998535,0.0,0.0,0.0,0.0,0.0,0.0,0.0,0.0,0.0,0.0,0.0,0.0,0.0,0.0,0.0,0.0,0.0,0.0,0.0,0.0,0.11982320621609688
78,0.005661133676767349,0.005614873021841049,0.0054437555372715,0.005284912884235382,0.005117014050483704,0.004957038909196854,0.004886914044618607,0.014740008860826492,0.004607446491718292,0.004416134208440781,0.004155240952968597,0.004078082740306854,0.003927409648895264,0.0038222819566726685,0.0035169534385204315,0.0033794082701206207,0.0031360946595668793,0.002867516130208969,0.0027221664786338806,0.0024601370096206665,0.0023005828261375427,0.002061177045106888,0.001830555498600006,0.0016113407909870148,0.0013437159359455109,0.0011344850063323975,0.0008902736008167267,0.0006428956985473633,0.0003796108067035675,0.00016837939620018005,0.0,0.0,0.0,0.0,0.0,0.0,0.0,0.0,0.0,0.0,0.0,0.0,0.0,0.0,0.0,0.0,0.0,0.0,0.0,0.0,0.10715753957629204
79,0.005685403943061829,0.0056160613894462585,0.018426459282636642,0.0052503906190395355,0.005161859095096588,0.005008023232221603,0.004926152527332306,0.004699688404798508,0.004487182945013046,0.004346203058958054,0.020241260528564453,0.01690276339650154,0.0036994777619838715,0.0036002807319164276,0.003376089036464691,0.016229882836341858,0.002983052283525467,0.0027740560472011566,0.0026982203125953674,0.002457231283187866,0.0022395290434360504,0.0019678324460983276,0.0018331222236156464,0.0016492865979671478,0.0013923607766628265,0.001127682626247406,0.0009017884731292725,0.0006219744682312012,0.0003846585750579834,0.0001523047685623169,0.0,0.0,0.0,0.0,0.0,0.0,0.0,0.0,0.0,0.0,0.0,0.0,0.0,0.0,0.0,0.0,0.0,0.0,0.0,0.0,0.15084027871489525
80,0.005692001432180405,0.005535013973712921,0.005441091954708099,0.0053101107478141785,0.005210038274526596,0.005044929683208466,0.004759069532155991,0.004636906087398529,0.004455499351024628,0.004256952553987503,0.004185155034065247,0.004025056958198547,0.003846544772386551,0.003584098070859909,0.0033673346042633057,0.003296405076980591,0.0030649490654468536,0.0028357580304145813,0.0025284364819526672,0.00237128883600235,0.0021549612283706665,0.0020283497869968414,0.0017866119742393494,0.0015942901372909546,0.0013512782752513885,0.0011142157018184662,0.000864025205373764,0.0006626956164836884,0.0004216507077217102,0.0001728944480419159,0.0,0.0,0.0,0.0,0.0,0.0,0.0,0.0,0.0,0.0,0.0,0.0,0.0,0.0,0.0,0.0,0.0,0.0,0.0,0.0,0.09559761360287666
81,0.0070835985243320465,0.005638323724269867,0.005502041429281235,0.005287203937768936,0.005255129188299179,0.005014538764953613,0.004854746162891388,0.004756540060043335,0.004539337009191513,0.004384886473417282,0.0042587704956531525,0.004106592386960983,0.0038986876606941223,0.003712102770805359,0.0035565607249736786,0.003245871514081955,0.003021545708179474,0.0028240568935871124,0.0026457644999027252,0.002441711723804474,0.002332080155611038,0.002130325883626938,0.0018804781138896942,0.0016241967678070068,0.001384776085615158,0.0011382997035980225,0.0010108612477779388,0.0007844679057598114,0.0005480088293552399,0.0002867095172405243,0.0,0.0,0.0,0.0,0.0,0.0,0.0,0.0,0.0,0.0,0.0,0.0,0.0,0.0,0.0,0.0,0.0,0.0,0.0,0.0,0.0991482138633728
82,0.005842432379722595,0.005638476461172104,0.005473572760820389,0.005307260900735855,0.005219221115112305,0.005101747810840607,0.00492820143699646,0.004795972257852554,0.0045449137687683105,0.004332050681114197,0.00414150208234787,0.004046570509672165,0.003847740590572357,0.0036408938467502594,0.0035165324807167053,0.0033490583300590515,0.0032183341681957245,0.0029826946556568146,0.002818245440721512,0.0026444047689437866,0.00242619588971138,0.0021828822791576385,0.0019167102873325348,0.0016520656645298004,0.0014060698449611664,0.0011829361319541931,0.0009535104036331177,0.0006790943443775177,0.00048427656292915344,0.00025159120559692383,0.0,0.0,0.0,0.0,0.0,0.0,0.0,0.0,0.0,0.0,0.0,0.0,0.0,0.0,0.0,0.0,0.0,0.0,0.0,0.0,0.09852515906095505
83,0.005913853645324707,0.005631107836961746,0.005539372563362122,0.0053711868822574615,0.0051939040422439575,0.005164116621017456,0.004932459443807602,0.004706420004367828,0.00451318547129631,0.004377409815788269,0.0041728392243385315,0.004042990505695343,0.003792211413383484,0.003659062087535858,0.003462519496679306,0.00326591357588768,0.0030386000871658325,0.002961736172437668,0.0027046650648117065,0.002503722906112671,0.002270743250846863,0.002100996673107147,0.001900605857372284,0.0016777776181697845,0.0014768615365028381,0.0012714490294456482,0.0009838379919528961,0.000771641731262207,0.0005162730813026428,0.00026558712124824524,0.0,0.0,0.0,0.0,0.0,0.0,0.0,0.0,0.0,0.0,0.0,0.0,0.0,0.0,0.0,0.0,0.0,0.0,0.0,0.0,0.0981830507516861
84,0.00580364465713501,0.018648330122232437,0.005459148436784744,0.0052728839218616486,0.005151793360710144,0.004979968070983887,0.004766050726175308,0.00470362976193428,0.00455116480588913,0.004422422498464584,0.004232980310916901,0.004037439823150635,0.0037486031651496887,0.003525037318468094,0.0033486634492874146,0.00307590514421463,0.0029318779706954956,0.0027727708220481873,0.0025996826589107513,0.002359572798013687,0.0021502040326595306,0.001967962831258774,0.0018821768462657928,0.0016769729554653168,0.001411445438861847,0.0011616796255111694,0.000875517725944519,0.0006909631192684174,0.0004741661250591278,0.00029658153653144836,0.0,0.0,0.0,0.0,0.0,0.0,0.0,0.0,0.0,0.0,0.0,0.0,0.0,0.0,0.0,0.0,0.0,0.0,0.0,0.0,0.1089792400598526
85,0.005783315747976303,0.005617748945951462,0.00551886111497879,0.0053228698670864105,0.005243994295597076,0.0051391273736953735,0.004959791898727417,0.004831142723560333,0.004560388624668121,0.004407182335853577,0.004190128296613693,0.004087880253791809,0.003968682140111923,0.003766831010580063,0.0035740062594413757,0.0033011063933372498,0.0031314007937908173,0.002922099083662033,0.0027540139853954315,0.00254078209400177,0.0023054704070091248,0.002088446170091629,0.00191420316696167,0.0016896463930606842,0.001468118280172348,0.0012278221547603607,0.001004975289106369,0.0007443465292453766,0.0005176365375518799,0.0002691037952899933,0.0,0.0,0.0,0.0,0.0,0.0,0.0,0.0,0.0,0.0,0.0,0.0,0.0,0.0,0.0,0.0,0.0,0.0,0.0,0.0,0.09885112196207047
86,0.005714248865842819,0.005584832280874252,0.005488835275173187,0.005261223763227463,0.005110301077365875,0.005026362836360931,0.004823382943868637,0.004662416875362396,0.0044854506850242615,0.004307512193918228,0.004095349460840225,0.004012957215309143,0.003768034279346466,0.003589209169149399,0.0033982358872890472,0.003241315484046936,0.0030017122626304626,0.0027263499796390533,0.002525642514228821,0.0023934319615364075,0.002196159213781357,0.0019890256226062775,0.001705612987279892,0.0014728493988513947,0.001224227249622345,0.0009681135416030884,0.0008185021579265594,0.000629764050245285,0.0003482438623905182,0.00015156343579292297,0.0,0.0,0.0,0.0,0.0,0.0,0.0,0.0,0.0,0.0,0.0,0.0,0.0,0.0,0.0,0.0,0.0,0.0,0.0,0.0,0.09472086653113365
87,0.005717508494853973,0.005565434694290161,0.01846497505903244,0.005309060215950012,0.0051283277571201324,0.004970621317625046,0.004758071154356003,0.01763790473341942,0.004493206739425659,0.0042838603258132935,0.004129219800233841,0.004010811448097229,0.0038931183516979218,0.0036625340580940247,0.0035152770578861237,0.003264874219894409,0.00306687131524086,0.0028660036623477936,0.0025784559547901154,0.002332158386707306,0.002092476934194565,0.0019311495125293732,0.0017062649130821228,0.001461312174797058,0.001255922019481659,0.001006878912448883,0.0007977895438671112,0.0006282441318035126,0.000420890748500824,0.0001527741551399231,0.0,0.0,0.0,0.0,0.0,0.0,0.0,0.0,0.0,0.0,0.0,0.0,0.0,0.0,0.0,0.0,0.0,0.0,0.0,0.0,0.1211019977927208
88,0.0057321712374687195,0.005585804581642151,0.005571536719799042,0.005296442657709122,0.00507635623216629,0.004884861409664154,0.004673484712839127,0.00453592836856842,0.004354286938905716,0.004206448793411255,0.004127435386180878,0.003940228372812271,0.0037190504372119904,0.0034971684217453003,0.0033627264201641083,0.003217943012714386,0.0029584579169750214,0.00276179239153862,0.0026277750730514526,0.002447076141834259,0.002213854342699051,0.0019504204392433167,0.0017074830830097198,0.0014674179255962372,0.0013651587069034576,0.0011596977710723877,0.0008820854127407074,0.0006266795098781586,0.00035431981086730957,0.0001509152352809906,0.0,0.0,0.0,0.0,0.0,0.0,0.0,0.0,0.0,0.0,0.0,0.0,0.0,0.0,0.0,0.0,0.0,0.0,0.0,0.0,0.09445500746369362
89,0.005765601992607117,0.0055113546550273895,0.005464509129524231,0.005228742957115173,0.005121752619743347,0.004962131381034851,0.0048074983060359955,0.004531387239694595,0.004439737647771835,0.004402883350849152,0.0041776299476623535,0.004033498466014862,0.003797478973865509,0.0036373622715473175,0.0035287365317344666,0.003257621079683304,0.0030876509845256805,0.002816803753376007,0.0026412755250930786,0.0024316124618053436,0.0020934008061885834,0.0018595680594444275,0.0015916526317596436,0.0013990774750709534,0.0011939555406570435,0.0010703504085540771,0.0008169449865818024,0.0006213076412677765,0.00040920451283454895,0.00016137585043907166,0.0,0.0,0.0,0.0,0.0,0.0,0.0,0.0,0.0,0.0,0.0,0.0,0.0,0.0,0.0,0.0,0.0,0.0,0.0,0.0,0.09486210718750954
90,0.024738091975450516,0.005559992045164108,0.005417104810476303,0.005170680582523346,0.005025658756494522,0.004960525780916214,0.004802174866199493,0.004648871719837189,0.017524175345897675,0.004221770912408829,0.004302427172660828,0.004026059061288834,0.003801904618740082,0.0036293305456638336,0.0034808851778507233,0.0033166222274303436,0.003058038651943207,0.002893354743719101,0.0026597902178764343,0.002458754926919937,0.002238798886537552,0.002045080065727234,0.0018650814890861511,0.0016147568821907043,0.0013998635113239288,0.0011504366993904114,0.0009195245802402496,0.0006596483290195465,0.0003926865756511688,0.000159531831741333,0.0,0.0,0.0,0.0,0.0,0.0,0.0,0.0,0.0,0.0,0.0,0.0,0.0,0.0,0.0,0.0,0.0,0.0,0.0,0.0,0.1281416229903698
91,0.0058546289801597595,0.005621183663606644,0.005483835935592651,0.005412064492702484,0.0051435865461826324,0.0051415786147117615,0.00498589500784874,0.004823140799999237,0.00470346212387085,0.0045213401317596436,0.004281006753444672,0.004075787961483002,0.003897540271282196,0.0036479197442531586,0.003431074321269989,0.016322404146194458,0.0031348541378974915,0.0029377229511737823,0.002795279026031494,0.0026066862046718597,0.0023975856602191925,0.0022363513708114624,0.0020010918378829956,0.001742035150527954,0.014519210904836655,0.0011969469487667084,0.0009648837149143219,0.0007876977324485779,0.0005371272563934326,0.00029148906469345093,0.0,0.0,0.0,0.0,0.0,0.0,0.0,0.0,0.0,0.0,0.0,0.0,0.0,0.0,0.0,0.0,0.0,0.0,0.0,0.0,0.12549541145563126
92,0.005845841020345688,0.005698591470718384,0.005485083907842636,0.005289297550916672,0.0051635801792144775,0.005012575536966324,0.004909854382276535,0.004766680300235748,0.004696633666753769,0.0044995881617069244,0.004324063658714294,0.004201915115118027,0.01701042801141739,0.0037762820720672607,0.0035661570727825165,0.0033950842916965485,0.003199532628059387,0.0030595287680625916,0.0028353966772556305,0.002595275640487671,0.0023551657795906067,0.0021654777228832245,0.0019622743129730225,0.0017052814364433289,0.0014934912323951721,0.0012356378138065338,0.0010393299162387848,0.0007851533591747284,0.0005543418228626251,0.00028630346059799194,0.0,0.0,0.0,0.0,0.0,0.0,0.0,0.0,0.0,0.0,0.0,0.0,0.0,0.0,0.0,0.0,0.0,0.0,0.0,0.0,0.11291384696960449
93,0.005837578326463699,0.018688127398490906,0.0054563917219638824,0.005361247807741165,0.005227480083703995,0.004955057054758072,0.004834707826375961,0.004675824195146561,0.00453612208366394,0.004419390112161636,0.004210218787193298,0.017132997512817383,0.003867886960506439,0.0036168470978736877,0.0033630020916461945,0.0031266771256923676,0.0029640644788742065,0.0028062015771865845,0.002644471824169159,0.0024160481989383698,0.002114906907081604,0.0019776038825511932,0.0017420537769794464,0.0015851259231567383,0.001392606645822525,0.0012066066265106201,0.0009932592511177063,0.0007609240710735321,0.000558655709028244,0.00029684603214263916,0.0,0.0,0.0,0.0,0.0,0.0,0.0,0.0,0.0,0.0,0.0,0.0,0.0,0.0,0.0,0.0,0.0,0.0,0.0,0.0,0.12276893109083176
94,0.005842134356498718,0.005632560700178146,0.00553140789270401,0.0053102485835552216,0.005187675356864929,0.005049392580986023,0.00492105633020401,0.004722617566585541,0.0046131908893585205,0.004409585148096085,0.004201419651508331,0.00400971993803978,0.0038607195019721985,0.0037049129605293274,0.003446318209171295,0.0032970644533634186,0.0030250437557697296,0.0029156766831874847,0.002776671200990677,0.002537362277507782,0.0023417361080646515,0.002168603241443634,0.0019221790134906769,0.0016262494027614594,0.0013607479631900787,0.0011757202446460724,0.0009486563503742218,0.0006891451776027679,0.00047211721539497375,0.0002575591206550598,0.0,0.0,0.0,0.0,0.0,0.0,0.0,0.0,0.0,0.0,0.0,0.0,0.0,0.0,0.0,0.0,0.0,0.0,0.0,0.0,0.09795749187469482
95,0.0057966262102127075,0.005620304495096207,0.005564462393522263,0.005410637706518173,0.005189929157495499,0.005109801888465881,0.004919171333312988,0.004778210073709488,0.004604414105415344,0.004449706524610519,0.004273347556591034,0.004188563674688339,0.003965519368648529,0.003743063658475876,0.003498964011669159,0.003337264060974121,0.003070663660764694,0.002893321216106415,0.0026664473116397858,0.0024768412113189697,0.0021864324808120728,0.002032928168773651,0.0018582828342914581,0.0016636848449707031,0.0014200620353221893,0.0011622533202171326,0.0009107291698455811,0.0007172338664531708,0.0005005113780498505,0.00027251243591308594,0.0,0.0,0.0,0.0,0.0,0.0,0.0,0.0,0.0,0.0,0.0,0.0,0.0,0.0,0.0,0.0,0.0,0.0,0.0,0.0,0.09828189015388489
96,0.0057670958340168,0.005556728690862656,0.005435537546873093,0.005256175994873047,0.00515839084982872,0.00493428111076355,0.004830643534660339,0.004696421325206757,0.004536423832178116,0.004249751567840576,0.004112266004085541,0.003954295068979263,0.0037514306604862213,0.0035526007413864136,0.003444582223892212,0.0032174326479434967,0.0030985698103904724,0.002846401184797287,0.0026313476264476776,0.0024318434298038483,0.0022563636302948,0.001958642154932022,0.0017366930842399597,0.0014907419681549072,0.0012388788163661957,0.0009812787175178528,0.0007856190204620361,0.0005512982606887817,0.0003842189908027649,0.00015466660261154175,0.0,0.0,0.0,0.0,0.0,0.0,0.0,0.0,0.0,0.0,0.0,0.0,0.0,0.0,0.0,0.0,0.0,0.0,0.0,0.0,0.09500062093138695
97,0.005688708275556564,0.0256233848631382,0.005444835871458054,0.0053369030356407166,0.005264300853013992,0.00511738657951355,0.0048882439732551575,0.004708785563707352,0.004577290266752243,0.004389777779579163,0.004255849868059158,0.004150476306676865,0.004018183797597885,0.0037636160850524902,0.003433145582675934,0.00325581431388855,0.0029687099158763885,0.002802327275276184,0.002542492002248764,0.002396766096353531,0.0021433457732200623,0.001963745802640915,0.0017251074314117432,0.0015489496290683746,0.0012670084834098816,0.001057058572769165,0.0008569695055484772,0.0006392858922481537,0.00039492174983024597,0.00015234202146530151,0.0,0.0,0.0,0.0,0.0,0.0,0.0,0.0,0.0,0.0,0.0,0.0,0.0,0.0,0.0,0.0,0.0,0.0,0.0,0.0,0.11637573316693306
98,0.005647383630275726,0.005588110536336899,0.005423855036497116,0.005340978503227234,0.005170226097106934,0.004998195916414261,0.004819393157958984,0.004623349756002426,0.004448108375072479,0.00426512211561203,0.00409998744726181,0.0038363076746463776,0.003639858216047287,0.0034512318670749664,0.0032098591327667236,0.0030480436980724335,0.002833940088748932,0.0026340074837207794,0.0024650990962982178,0.002246309071779251,0.002044960856437683,0.001852869987487793,0.001597471535205841,0.0013445913791656494,0.0011841878294944763,0.0009767711162567139,0.000815313309431076,0.0006362013518810272,0.00039945170283317566,0.0001564808189868927,0.0,0.0,0.0,0.0,0.0,0.0,0.0,0.0,0.0,0.0,0.0,0.0,0.0,0.0,0.0,0.0,0.0,0.0,0.0,0.0,0.0927976667881012
99,0.005718600004911423,0.005578804761171341,0.005419936031103134,0.00525384396314621,0.005072750151157379,0.005041271448135376,0.004848115146160126,0.004630740731954575,0.017600078135728836,0.004342064261436462,0.004159785807132721,0.0039058737456798553,0.003748558461666107,0.0036002881824970245,0.0034299753606319427,0.003227449953556061,0.003076832741498947,0.00286749005317688,0.0025778859853744507,0.0024351179599761963,0.0022457167506217957,0.0020361654460430145,0.0017762593924999237,0.0015195459127426147,0.0012866035103797913,0.001058284193277359,0.0008398368954658508,0.0006305910646915436,0.0004010125994682312,0.00016543269157409668,0.0,0.0,0.0,0.0,0.0,0.0,0.0,0.0,0.0,0.0,0.0,0.0,0.0,0.0,0.0,0.0,0.0,0.0,0.0,0.0,0.10849491134285927
100,0.005717113614082336,0.005539439618587494,0.005427639931440353,0.005287308245897293,0.005109529942274094,0.004976633936166763,0.004780508577823639,0.0046118684113025665,0.004457935690879822,0.0042404718697071075,0.004148092120885849,0.0038895420730113983,0.003804028034210205,0.0035568252205848694,0.003395453095436096,0.003215692937374115,0.0030269399285316467,0.002801641821861267,0.002576477825641632,0.002332143485546112,0.0021194517612457275,0.0019552670419216156,0.0016876719892024994,0.0014855116605758667,0.0012552626430988312,0.0010336972773075104,0.000816836953163147,0.0006501451134681702,0.00043215230107307434,0.00017292797565460205,0.0,0.0,0.0,0.0,0.0,0.0,0.0,0.0,0.0,0.0,0.0,0.0,0.0,0.0,0.0,0.0,0.0,0.0,0.0,0.0,0.0945042110979557

total time per move x,0.6119873151183128,0.6476165130734444,0.6261465474963188,0.5453404597938061,0.5431860536336899,0.5665547139942646,0.5111946128308773,0.5178664512932301,0.5127977095544338,0.4508138671517372,0.4464990831911564,0.42525453492999077,0.41958723217248917,0.3878142796456814,0.3547515645623207,0.37523772940039635,0.3028489835560322,0.3099920004606247,0.26294541358947754,0.31393495574593544,0.2301190085709095,0.21895069628953934,0.1915263682603836,0.18235953524708748,0.16040975600481033,0.11297186464071274,0.09011506661772728,0.06812464818358421,0.04582886025309563,0.022408243268728256,0.00032013654708862305,0,0,0,0,0,0,0,0,0,0,0,0,0,0,0,0,0,0,0,10.455504205077887
average time per move x,0.006119873151183128,0.006476165130734444,0.0062614654749631885,0.00545340459793806,0.005431860536336899,0.005665547139942646,0.005111946128308773,0.0051786645129323,0.005127977095544339,0.004508138671517372,0.004464990831911564,0.0042525453492999075,0.004195872321724891,0.003878142796456814,0.003547515645623207,0.0037523772940039634,0.003028489835560322,0.0030999200046062467,0.0026294541358947753,0.0031393495574593543,0.002301190085709095,0.0021895069628953935,0.001915263682603836,0.0018235953524708749,0.0016040975600481032,0.0011297186464071273,0.0009011506661772728,0.0006812464818358421,0.0004582886025309563,0.00022408243268728256,0.00016006827354431152,nan,nan,nan,nan,nan,nan,nan,nan,nan,nan,nan,nan,nan,nan,nan,nan,nan,nan,nan,0.10455504205077887
std of time per move x,0.002293034055181503,0.0034551168961772373,0.0031038060537175822,0.001306838258347095,0.0018257311773740344,0.002851906184105905,0.0018240453496411173,0.002442622307504239,0.002680353691022733,0.001352406234341991,0.0020584294399538386,0.001835515649965199,0.002242844217832153,0.0018328765978527875,0.0012782557224788888,0.0025731021839101747,9.476447394336484e-05,0.001842411909833722,0.00010652470482532388,0.002878226899432582,0.0009193541182104062,0.0019180360476306658,0.0013047135854070459,0.0018377597729706614,0.0018388090807684137,7.995074716261999e-05,6.913353290221384e-05,6.335971538973938e-05,6.485346835551798e-05,6.231453198637089e-05,1.2538687431990974e-06,nan,nan,nan,nan,nan,nan,nan,nan,nan,nan,nan,nan,nan,nan,nan,nan,nan,nan,nan,0.01261125892736463
err of average time,0.0002293034055181503,0.0003455116896177237,0.0003103806053717582,0.00013068382583470952,0.00018257311773740343,0.0002851906184105905,0.00018240453496411174,0.0002442622307504239,0.0002680353691022733,0.00013524062343419908,0.00020584294399538387,0.0001835515649965199,0.00022428442178321528,0.00018328765978527873,0.0001278255722478889,0.00025731021839101747,9.476447394336485e-06,0.0001842411909833722,1.0652470482532388e-05,0.0002878226899432582,9.193541182104063e-05,0.00019180360476306658,0.0001304713585407046,0.00018377597729706614,0.00018388090807684138,7.995074716261998e-06,6.913353290221384e-06,6.3359715389739395e-06,6.485346835551798e-06,6.231453198637089e-06,8.866190910339354e-07,nan,nan,nan,nan,nan,nan,nan,nan,nan,nan,nan,nan,nan,nan,nan,nan,nan,nan,nan,0.001261125892736463
