Contains move time for player Greedy; opponent is MCTSMaxIter3
Colums refer to move number, rows to game number
game,1,2,3,4,5,6,7,8,9,10,11,12,13,14,15,16,17,18,19,20,21,22,23,24,25,26,27,28,29,30,31,32,33,34,35,36,37,38,39,40,41,42,43,44,45,46,47,48,49,50,total
1,0.005976878106594086,0.005761358886957169,0.005579821765422821,0.005467277020215988,0.0053823404014110565,0.0051415227353572845,0.004980042576789856,0.004754297435283661,0.004568364471197128,0.00440642237663269,0.004121266305446625,0.0039146654307842255,0.0037373490631580353,0.0035611093044281006,0.003382153809070587,0.0031825117766857147,0.0030285045504570007,0.002868160605430603,0.002674572169780731,0.0023928843438625336,0.002246420830488205,0.001983843743801117,0.0017617195844650269,0.0016202963888645172,0.001440003514289856,0.0012300051748752594,0.0009870827198028564,0.0007241144776344299,0.0005370266735553741,0.0002736002206802368,0.0,0.0,0.0,0.0,0.0,0.0,0.0,0.0,0.0,0.0,0.0,0.0,0.0,0.0,0.0,0.0,0.0,0.0,0.0,0.0,0.09768561646342278
2,0.005866341292858124,0.00575140118598938,0.005545720458030701,0.0054238662123680115,0.0053265281021595,0.005111031234264374,0.005021609365940094,0.004770006984472275,0.004564311355352402,0.004352308809757233,0.004194658249616623,0.004084598273038864,0.0038750357925891876,0.0037396885454654694,0.0036672092974185944,0.003400202840566635,0.00318136066198349,0.003007087856531143,0.002710588276386261,0.0024827606976032257,0.0022541508078575134,0.002025950700044632,0.0018352270126342773,0.0016749389469623566,0.0013891346752643585,0.0011442787945270538,0.0009414553642272949,0.0007390454411506653,0.0006076842546463013,0.00028980523347854614,0.0,0.0,0.0,0.0,0.0,0.0,0.0,0.0,0.0,0.0,0.0,0.0,0.0,0.0,0.0,0.0,0.0,0.0,0.0,0.0,0.09897798672318459
3,0.005894903093576431,0.005724526941776276,0.005628887563943863,0.00541706383228302,0.00540025532245636,0.005016930401325226,0.004900876432657242,0.004820618778467178,0.004530571401119232,0.004335392266511917,0.004131995141506195,0.003964632749557495,0.0037000365555286407,0.003561928868293762,0.0034202001988887787,0.0031444579362869263,0.0030975528061389923,0.0027914755046367645,0.0026649609208106995,0.0023572146892547607,0.002186272293329239,0.001915469765663147,0.0017773732542991638,0.0015703067183494568,0.001416720449924469,0.001193176954984665,0.00099124014377594,0.0007895529270172119,0.0005933865904808044,0.0003146640956401825,0.0,0.0,0.0,0.0,0.0,0.0,0.0,0.0,0.0,0.0,0.0,0.0,0.0,0.0,0.0,0.0,0.0,0.0,0.0,0.0,0.09725264459848404
4,0.008375860750675201,0.005757298320531845,0.0057040974497795105,0.005552295595407486,0.005323376506567001,0.005115628242492676,0.00484958291053772,0.004647009074687958,0.0044121816754341125,0.00438348576426506,0.004177790135145187,0.004102930426597595,0.0037907809019088745,0.0035467930138111115,0.0034182481467723846,0.0030763819813728333,0.002986755222082138,0.002774100750684738,0.002506271004676819,0.002292465418577194,0.0021561533212661743,0.001954231411218643,0.0017636008560657501,0.0016082748770713806,0.0013768374919891357,0.00118236243724823,0.000994127243757248,0.0007812343537807465,0.0005648285150527954,0.00033089518547058105,0.0,0.0,0.0,0.0,0.0,0.0,0.0,0.0,0.0,0.0,0.0,0.0,0.0,0.0,0.0,0.0,0.0,0.0,0.0,0.0,0.09950587898492813
5,0.006924748420715332,0.005733586847782135,0.0056164078414440155,0.005539361387491226,0.005321528762578964,0.00514288991689682,0.004984401166439056,0.004917178303003311,0.0047509074211120605,0.004547297954559326,0.004343647509813309,0.004145242273807526,0.00397057831287384,0.0037218406796455383,0.0034839846193790436,0.0032219290733337402,0.0030633658170700073,0.0028963498771190643,0.0026278644800186157,0.0024322085082530975,0.002198725938796997,0.001969963312149048,0.0018201172351837158,0.001584414392709732,0.0013382397592067719,0.0011310577392578125,0.0009421892464160919,0.0007520169019699097,0.0005190744996070862,0.00028574466705322266,0.0,0.0,0.0,0.0,0.0,0.0,0.0,0.0,0.0,0.0,0.0,0.0,0.0,0.0,0.0,0.0,0.0,0.0,0.0,0.0,0.09992686286568642
6,0.0057944804430007935,0.0056585222482681274,0.005568269640207291,0.005367793142795563,0.005289793014526367,0.004980117082595825,0.0048309192061424255,0.004694674164056778,0.004561763256788254,0.0044320933520793915,0.0041460320353507996,0.003976460546255112,0.0037915557622909546,0.003529239445924759,0.003322239965200424,0.0030368082225322723,0.002852700650691986,0.0026516541838645935,0.0024683959782123566,0.0023701339960098267,0.002127528190612793,0.0019294731318950653,0.001669377088546753,0.0015041828155517578,0.0013015568256378174,0.0010611936450004578,0.0008643120527267456,0.0006112568080425262,0.0004408694803714752,0.00016754493117332458,0.0,0.0,0.0,0.0,0.0,0.0,0.0,0.0,0.0,0.0,0.0,0.0,0.0,0.0,0.0,0.0,0.0,0.0,0.0,0.0,0.09500094130635262
7,0.0058492980897426605,0.005712531507015228,0.005567505955696106,0.005413070321083069,0.0051878467202186584,0.005108825862407684,0.0049573443830013275,0.004780761897563934,0.004450764507055283,0.004267357289791107,0.004048619419336319,0.003876402974128723,0.003717571496963501,0.003614049404859543,0.003323052078485489,0.0030894577503204346,0.0028632022440433502,0.0025935098528862,0.002375807613134384,0.0022544562816619873,0.0020150355994701385,0.0018992945551872253,0.0015892945230007172,0.0014164969325065613,0.0012682192027568817,0.0010025575757026672,0.0008645765483379364,0.0006127618253231049,0.00045149773359298706,0.00019063800573349,0.0,0.0,0.0,0.0,0.0,0.0,0.0,0.0,0.0,0.0,0.0,0.0,0.0,0.0,0.0,0.0,0.0,0.0,0.0,0.0,0.0943618081510067
8,0.005805749446153641,0.005713511258363724,0.00555921345949173,0.0055113546550273895,0.005377735942602158,0.00579969584941864,0.004931595176458359,0.004691481590270996,0.0046041496098041534,0.004360899329185486,0.00415588915348053,0.003945536911487579,0.0037332214415073395,0.0034696683287620544,0.003237146884202957,0.0030348077416419983,0.0027968809008598328,0.002742394804954529,0.002494305372238159,0.0022312067449092865,0.0020036697387695312,0.0018117912113666534,0.0015910863876342773,0.001390986144542694,0.001290746033191681,0.0010817646980285645,0.0008725486695766449,0.000652506947517395,0.00043636932969093323,0.00019345805048942566,0.0,0.0,0.0,0.0,0.0,0.0,0.0,0.0,0.0,0.0,0.0,0.0,0.0,0.0,0.0,0.0,0.0,0.0,0.0,0.0,0.09552137181162834
9,0.005867544561624527,0.005648937076330185,0.005525745451450348,0.005320709198713303,0.005092024803161621,0.004908841103315353,0.004789162427186966,0.004556711763143539,0.004552524536848068,0.0043291933834552765,0.004009135067462921,0.0038149580359458923,0.0037230290472507477,0.0036057457327842712,0.0033983662724494934,0.003220602869987488,0.003062695264816284,0.002778194844722748,0.0025637969374656677,0.002264566719532013,0.002095412462949753,0.0018760189414024353,0.0016734898090362549,0.00149642676115036,0.0013065822422504425,0.0010675899684429169,0.0009891875088214874,0.0006796494126319885,0.0004630759358406067,0.00018990784883499146,0.0,0.0,0.0,0.0,0.0,0.0,0.0,0.0,0.0,0.0,0.0,0.0,0.0,0.0,0.0,0.0,0.0,0.0,0.0,0.0,0.09486982598900795
10,0.005731604993343353,0.00562402606010437,0.005530610680580139,0.0053711868822574615,0.005142781883478165,0.005903087556362152,0.004887845367193222,0.00462011992931366,0.00444905087351799,0.004367731511592865,0.004162237048149109,0.004015907645225525,0.004075136035680771,0.0036186091601848602,0.003373280167579651,0.0031107664108276367,0.002876516431570053,0.0027656443417072296,0.0025937631726264954,0.0024227574467658997,0.002252276986837387,0.0019416920840740204,0.0016480758786201477,0.0014784634113311768,0.0012434981763362885,0.001116584986448288,0.000852491706609726,0.0006691962480545044,0.0004691407084465027,0.0001707412302494049,0.0,0.0,0.0,0.0,0.0,0.0,0.0,0.0,0.0,0.0,0.0,0.0,0.0,0.0,0.0,0.0,0.0,0.0,0.0,0.0,0.09648482501506805
11,0.005944535136222839,0.005804568529129028,0.005615320056676865,0.005416538566350937,0.005315937101840973,0.005114719271659851,0.004873592406511307,0.004689104855060577,0.004599969834089279,0.004358105361461639,0.004136037081480026,0.004022393375635147,0.0038174502551555634,0.003718242049217224,0.003573853522539139,0.003367830067873001,0.003095574676990509,0.002891700714826584,0.002641987055540085,0.0023698583245277405,0.002135809510946274,0.0019416771829128265,0.001729968935251236,0.0015197023749351501,0.0013260766863822937,0.001187700778245926,0.0010150186717510223,0.0007857084274291992,0.0005393996834754944,0.0003050863742828369,0.0,0.0,0.0,0.0,0.0,0.0,0.0,0.0,0.0,0.0,0.0,0.0,0.0,0.0,0.0,0.0,0.0,0.0,0.0,0.0,0.09785346686840057
12,0.0060890428721904755,0.005780573934316635,0.005602370947599411,0.005414370447397232,0.0052580200135707855,0.0050845667719841,0.004937451332807541,0.004701923578977585,0.004534244537353516,0.0045110322535037994,0.004275962710380554,0.003907397389411926,0.003779154270887375,0.003430888056755066,0.003376062959432602,0.0031653158366680145,0.002939235419034958,0.0027810968458652496,0.0026905275881290436,0.002364210784435272,0.0021605566143989563,0.002021525055170059,0.0018035806715488434,0.0016436874866485596,0.001346200704574585,0.0012180693447589874,0.0009988807141780853,0.0008076764643192291,0.0005688853561878204,0.00031097978353500366,0.0,0.0,0.0,0.0,0.0,0.0,0.0,0.0,0.0,0.0,0.0,0.0,0.0,0.0,0.0,0.0,0.0,0.0,0.0,0.0,0.09750349074602127
13,0.005880728363990784,0.0057611651718616486,0.005630224943161011,0.005494922399520874,0.005305640399456024,0.0051414258778095245,0.005029834806919098,0.004809051752090454,0.004839640110731125,0.004510980099439621,0.004264358431100845,0.004093438386917114,0.003907386213541031,0.003618616610765457,0.003507547080516815,0.003329183906316757,0.0030408091843128204,0.0027830787003040314,0.002658471465110779,0.0024105533957481384,0.0021572448313236237,0.0019092075526714325,0.001772809773683548,0.0015208050608634949,0.0013505183160305023,0.0011367686092853546,0.0009677112102508545,0.0007815808057785034,0.0005622692406177521,0.0003062337636947632,0.0,0.0,0.0,0.0,0.0,0.0,0.0,0.0,0.0,0.0,0.0,0.0,0.0,0.0,0.0,0.0,0.0,0.0,0.0,0.0,0.09848220646381378
14,0.00931692123413086,0.005853619426488876,0.005536254495382309,0.005380738526582718,0.0053600408136844635,0.005106329917907715,0.004981283098459244,0.004794765263795853,0.004454530775547028,0.004274360835552216,0.0042448341846466064,0.003933418542146683,0.003852173686027527,0.003629438579082489,0.0033234581351280212,0.0030656643211841583,0.002917468547821045,0.0027425475418567657,0.0025594085454940796,0.0024687275290489197,0.002188418060541153,0.0019152909517288208,0.0017144270241260529,0.001488611102104187,0.0013051889836788177,0.001116674393415451,0.0010121576488018036,0.0007807575166225433,0.0005057230591773987,0.00032109394669532776,0.0,0.0,0.0,0.0,0.0,0.0,0.0,0.0,0.0,0.0,0.0,0.0,0.0,0.0,0.0,0.0,0.0,0.0,0.0,0.0,0.10014432668685913
15,0.012532349675893784,0.005744531750679016,0.005681231617927551,0.005543690174818039,0.005384232848882675,0.005178317427635193,0.0050193555653095245,0.004760608077049255,0.004821222275495529,0.004425425082445145,0.004143260419368744,0.0038763806223869324,0.003735791891813278,0.0037052035331726074,0.0033837631344795227,0.0032283514738082886,0.00302070751786232,0.002761565148830414,0.0026068761944770813,0.0024305321276187897,0.0023385658860206604,0.002142772078514099,0.0018816478550434113,0.0016432777047157288,0.0013350658118724823,0.0011974312365055084,0.0009545907378196716,0.0007483214139938354,0.000569760799407959,0.00032135844230651855,0.0,0.0,0.0,0.0,0.0,0.0,0.0,0.0,0.0,0.0,0.0,0.0,0.0,0.0,0.0,0.0,0.0,0.0,0.0,0.0,0.10511618852615356
16,0.005809154361486435,0.005734797567129135,0.005580056458711624,0.005344673991203308,0.005192719399929047,0.004987359046936035,0.00485881045460701,0.004571657627820969,0.004394344985485077,0.004194475710391998,0.004049479961395264,0.003919072449207306,0.0038498789072036743,0.004107799381017685,0.0034296661615371704,0.003307487815618515,0.0030794329941272736,0.002822455018758774,0.0026100873947143555,0.0023108795285224915,0.0020941682159900665,0.0018821842968463898,0.0017049126327037811,0.001489982008934021,0.001317046582698822,0.0011238306760787964,0.0009113475680351257,0.0006936304271221161,0.00047960132360458374,0.00019911304116249084,0.0,0.0,0.0,0.0,0.0,0.0,0.0,0.0,0.0,0.0,0.0,0.0,0.0,0.0,0.0,0.0,0.0,0.0,0.0,0.0,0.09605010598897934
17,0.005856763571500778,0.005635250359773636,0.00554918497800827,0.005351729691028595,0.005125351250171661,0.004936031997203827,0.004954449832439423,0.004699788987636566,0.004574596881866455,0.004359312355518341,0.004165709018707275,0.004063215106725693,0.0038714855909347534,0.003642834722995758,0.0034226253628730774,0.0032640062272548676,0.002971019595861435,0.002759978175163269,0.002560064196586609,0.00227544829249382,0.002016965299844742,0.0018515028059482574,0.001769818365573883,0.0015518367290496826,0.0013318471610546112,0.0011267811059951782,0.0008759200572967529,0.0006898976862430573,0.00044899433851242065,0.00019072368741035461,0.0,0.0,0.0,0.0,0.0,0.0,0.0,0.0,0.0,0.0,0.0,0.0,0.0,0.0,0.0,0.0,0.0,0.0,0.0,0.0,0.09589313343167305
18,0.005817815661430359,0.005687970668077469,0.005500737577676773,0.005419816821813583,0.005260903388261795,0.005041111260652542,0.004789825528860092,0.004664119333028793,0.004541017115116119,0.004407107830047607,0.004240341484546661,0.004031699150800705,0.0038000866770744324,0.00369257852435112,0.0034657493233680725,0.0032920651137828827,0.0030390284955501556,0.0028161630034446716,0.002538394182920456,0.0022839494049549103,0.0020136013627052307,0.001896742731332779,0.0016208663582801819,0.0014318861067295074,0.0012351535260677338,0.001033235341310501,0.0008625984191894531,0.0006127133965492249,0.0003788210451602936,0.0001743808388710022,0.0,0.0,0.0,0.0,0.0,0.0,0.0,0.0,0.0,0.0,0.0,0.0,0.0,0.0,0.0,0.0,0.0,0.0,0.0,0.0,0.09559047967195511
19,0.005787689238786697,0.005684498697519302,0.005595210939645767,0.00533410906791687,0.00518731027841568,0.004997916519641876,0.004829473793506622,0.004694603383541107,0.004481792449951172,0.00429316982626915,0.004237659275531769,0.004055477678775787,0.0036499835550785065,0.0035261549055576324,0.003365408629179001,0.0032394975423812866,0.0029709748923778534,0.002748750150203705,0.0024985074996948242,0.0022786036133766174,0.0020178742706775665,0.001885492354631424,0.0017772801220417023,0.001566670835018158,0.001287352293729782,0.0011103935539722443,0.000864516943693161,0.0006472021341323853,0.00042180344462394714,0.00018543004989624023,0.0,0.0,0.0,0.0,0.0,0.0,0.0,0.0,0.0,0.0,0.0,0.0,0.0,0.0,0.0,0.0,0.0,0.0,0.0,0.0,0.09522080793976784
20,0.005763355642557144,0.0056738220155239105,0.005549483001232147,0.005363937467336655,0.005238566547632217,0.005013331770896912,0.004830129444599152,0.004590451717376709,0.004374310374259949,0.004327550530433655,0.004156880080699921,0.0039169564843177795,0.003685738891363144,0.0034873709082603455,0.0033217519521713257,0.0032068192958831787,0.0030572861433029175,0.002897541970014572,0.002626243978738785,0.002405501902103424,0.002256922423839569,0.002074349671602249,0.001824401319026947,0.0015734471380710602,0.0012862160801887512,0.0010605603456497192,0.0007822439074516296,0.0006370805203914642,0.00046347081661224365,0.0001889243721961975,0.0,0.0,0.0,0.0,0.0,0.0,0.0,0.0,0.0,0.0,0.0,0.0,0.0,0.0,0.0,0.0,0.0,0.0,0.0,0.0,0.09563464671373367
21,0.00607738271355629,0.005800429731607437,0.005565967410802841,0.0053522661328315735,0.005370330065488815,0.005170080810785294,0.00505264475941658,0.004773277789354324,0.004571389406919479,0.004374157637357712,0.004113681614398956,0.003969419747591019,0.0038470812141895294,0.0036829859018325806,0.0033924169838428497,0.003227006644010544,0.0032099075615406036,0.0030037611722946167,0.002953246235847473,0.0025967247784137726,0.002385895699262619,0.0023272447288036346,0.0019506961107254028,0.0017001330852508545,0.0015236958861351013,0.0012817643582820892,0.0010157190263271332,0.0007747560739517212,0.0005445703864097595,0.00029551610350608826,0.0,0.0,0.0,0.0,0.0,0.0,0.0,0.0,0.0,0.0,0.0,0.0,0.0,0.0,0.0,0.0,0.0,0.0,0.0,0.0,0.0999041497707367
22,0.005882900208234787,0.005739372223615646,0.005685724318027496,0.00559563934803009,0.005327895283699036,0.005128007382154465,0.004993759095668793,0.00474703311920166,0.004609610885381699,0.004485543817281723,0.004209846258163452,0.0040773265063762665,0.003805246204137802,0.0035870037972927094,0.0033296383917331696,0.003147263079881668,0.002924170345067978,0.0027249716222286224,0.002494368702173233,0.002266969531774521,0.002085987478494644,0.00189938023686409,0.0017220675945281982,0.0016205757856369019,0.0013056173920631409,0.0010722912847995758,0.0008851923048496246,0.0006624497473239899,0.0005043596029281616,0.0003275834023952484,0.0,0.0,0.0,0.0,0.0,0.0,0.0,0.0,0.0,0.0,0.0,0.0,0.0,0.0,0.0,0.0,0.0,0.0,0.0,0.0,0.09684779495000839
23,0.005869988352060318,0.0057369619607925415,0.00560939684510231,0.005424179136753082,0.005166508257389069,0.005096524953842163,0.004992343485355377,0.00486382469534874,0.00461583212018013,0.004327002912759781,0.004217013716697693,0.003964308649301529,0.0036806799471378326,0.0035036802291870117,0.0033490657806396484,0.003211643546819687,0.0030328072607517242,0.00292225182056427,0.0025808997452259064,0.0024298839271068573,0.002285182476043701,0.002015884965658188,0.001767817884683609,0.0015690848231315613,0.0013824664056301117,0.0011652372777462006,0.0009087957441806793,0.0007379055023193359,0.0005686841905117035,0.00027857720851898193,0.0,0.0,0.0,0.0,0.0,0.0,0.0,0.0,0.0,0.0,0.0,0.0,0.0,0.0,0.0,0.0,0.0,0.0,0.0,0.0,0.09727443382143974
24,0.009448565542697906,0.0058329738676548,0.005611885339021683,0.005529917776584625,0.005310375243425369,0.0050672851502895355,0.004943422973155975,0.004641152918338776,0.004502352327108383,0.004167031496763229,0.004013665020465851,0.0037848204374313354,0.0037520788609981537,0.0035265423357486725,0.003307923674583435,0.0031197331845760345,0.0029951781034469604,0.002872370183467865,0.0026725269854068756,0.002536863088607788,0.0022923648357391357,0.002044137567281723,0.001787487417459488,0.0015378817915916443,0.001387089490890503,0.0011595897376537323,0.0009464137256145477,0.0007614120841026306,0.0005888156592845917,0.0003342851996421814,0.0,0.0,0.0,0.0,0.0,0.0,0.0,0.0,0.0,0.0,0.0,0.0,0.0,0.0,0.0,0.0,0.0,0.0,0.0,0.0,0.10047614201903343
25,0.006010115146636963,0.0057234987616539,0.0055910274386405945,0.0055090151727199554,0.005450751632452011,0.005141392350196838,0.005052570253610611,0.005067598074674606,0.004734896123409271,0.004499353468418121,0.004304062575101852,0.004125852137804031,0.003901556134223938,0.0036844871938228607,0.0034305155277252197,0.0031729526817798615,0.0029502883553504944,0.0028154291212558746,0.0025202780961990356,0.0023779012262821198,0.0022062398493289948,0.0019749589264392853,0.0017347484827041626,0.0015404149889945984,0.0014233700931072235,0.0011427290737628937,0.0010081715881824493,0.0007511712610721588,0.0006858557462692261,0.00029305368661880493,0.0,0.0,0.0,0.0,0.0,0.0,0.0,0.0,0.0,0.0,0.0,0.0,0.0,0.0,0.0,0.0,0.0,0.0,0.0,0.0,0.09882425516843796
26,0.005820602178573608,0.005694158375263214,0.0055892132222652435,0.005463983863592148,0.005379956215620041,0.005134224891662598,0.004867617040872574,0.0047137551009655,0.004564616829156876,0.004440333694219589,0.004257813096046448,0.004094503819942474,0.0039718374609947205,0.0036425217986106873,0.0034327656030654907,0.0032297298312187195,0.003033298999071121,0.002826415002346039,0.002517279237508774,0.0022558383643627167,0.0020952746272087097,0.001812085509300232,0.0015898235142230988,0.0014195814728736877,0.0012569986283779144,0.0010741986334323883,0.0008848905563354492,0.0006765462458133698,0.0004488937556743622,0.00019834190607070923,0.0,0.0,0.0,0.0,0.0,0.0,0.0,0.0,0.0,0.0,0.0,0.0,0.0,0.0,0.0,0.0,0.0,0.0,0.0,0.0,0.0963870994746685
27,0.005871430039405823,0.0058005936443805695,0.005542144179344177,0.0055111609399318695,0.005283612757921219,0.0049987249076366425,0.004868093878030777,0.00468716025352478,0.004527930170297623,0.004261761903762817,0.004090927541255951,0.0039159394800662994,0.003815446048974991,0.0036472007632255554,0.0033382251858711243,0.003151625394821167,0.00296860933303833,0.0027808435261249542,0.002514787018299103,0.002324797213077545,0.0020936056971549988,0.0018253736197948456,0.0016570799052715302,0.0014451444149017334,0.001268535852432251,0.0010217204689979553,0.0008334442973136902,0.000629868358373642,0.00041899457573890686,0.00019022449851036072,0.0,0.0,0.0,0.0,0.0,0.0,0.0,0.0,0.0,0.0,0.0,0.0,0.0,0.0,0.0,0.0,0.0,0.0,0.0,0.0,0.09528500586748123
28,0.005801554769277573,0.00571446493268013,0.0056252144277095795,0.005337350070476532,0.005188796669244766,0.0051115453243255615,0.004947204142808914,0.004677671939134598,0.004517931491136551,0.004312090575695038,0.004022382199764252,0.003898404538631439,0.0037514232099056244,0.0036362260580062866,0.0034261010587215424,0.003168780356645584,0.0030172280967235565,0.0028702281415462494,0.0024782009422779083,0.002386443316936493,0.002191830426454544,0.001976579427719116,0.001740332692861557,0.0015036463737487793,0.0012819021940231323,0.0010674484074115753,0.0008760541677474976,0.0006550028920173645,0.00046224892139434814,0.00018949061632156372,0.0,0.0,0.0,0.0,0.0,0.0,0.0,0.0,0.0,0.0,0.0,0.0,0.0,0.0,0.0,0.0,0.0,0.0,0.0,0.0,0.09583377838134766
29,0.005894903093576431,0.005745980888605118,0.005638144910335541,0.005317874252796173,0.005186915397644043,0.005062714219093323,0.004975613206624985,0.004797432571649551,0.004545200616121292,0.004411216825246811,0.004193123430013657,0.0038694478571414948,0.003705080598592758,0.0034465044736862183,0.0033094100654125214,0.00306127592921257,0.002934243530035019,0.0030397698283195496,0.0025612935423851013,0.0022898316383361816,0.002052910625934601,0.0018268898129463196,0.0018021278083324432,0.001600801944732666,0.001387082040309906,0.0011856555938720703,0.0009400695562362671,0.0006909146904945374,0.0004444010555744171,0.00020092353224754333,0.0,0.0,0.0,0.0,0.0,0.0,0.0,0.0,0.0,0.0,0.0,0.0,0.0,0.0,0.0,0.0,0.0,0.0,0.0,0.0,0.09611775353550911
30,0.0058442167937755585,0.005728524178266525,0.005542505532503128,0.005392283201217651,0.0051803141832351685,0.005075689405202866,0.004907391965389252,0.004820480942726135,0.004570160061120987,0.004324398934841156,0.004067800939083099,0.0038397982716560364,0.0036976486444473267,0.0035210810601711273,0.0033229216933250427,0.0030428804457187653,0.002963833510875702,0.0028010234236717224,0.00258592888712883,0.0023790523409843445,0.002145688980817795,0.001983553171157837,0.0017676688730716705,0.0015039332211017609,0.0013900920748710632,0.0011287443339824677,0.000875372439622879,0.0005964487791061401,0.00042586028575897217,0.00017499178647994995,0.0,0.0,0.0,0.0,0.0,0.0,0.0,0.0,0.0,0.0,0.0,0.0,0.0,0.0,0.0,0.0,0.0,0.0,0.0,0.0,0.09560028836131096
31,0.006104838103055954,0.007272541522979736,0.005609989166259766,0.005352012813091278,0.005174081772565842,0.00503932312130928,0.005060561001300812,0.00471867248415947,0.004533383995294571,0.004377797245979309,0.00426342710852623,0.00407031923532486,0.0037414953112602234,0.003631260246038437,0.0033393800258636475,0.003310970962047577,0.0029843226075172424,0.002826239913702011,0.0026240311563014984,0.002435840666294098,0.002265527844429016,0.002019118517637253,0.0017602182924747467,0.0015786029398441315,0.0013291575014591217,0.0012254081666469574,0.0009641684591770172,0.0007834210991859436,0.0005705207586288452,0.0003036223351955414,0.0,0.0,0.0,0.0,0.0,0.0,0.0,0.0,0.0,0.0,0.0,0.0,0.0,0.0,0.0,0.0,0.0,0.0,0.0,0.0,0.09927025437355042
32,0.006001904606819153,0.00580684095621109,0.005675908178091049,0.005469832569360733,0.005282282829284668,0.005075976252555847,0.00482303649187088,0.00474926084280014,0.004429258406162262,0.0042548105120658875,0.0,0.0,0.0,0.0,0.0,0.0,0.0,0.0,0.0,0.0,0.0,0.0,0.0,0.0,0.0,0.0,0.0,0.0,0.0,0.0,0.0,0.0,0.0,0.0,0.0,0.0,0.0,0.0,0.0,0.0,0.0,0.0,0.0,0.0,0.0,0.0,0.0,0.0,0.0,0.0,0.05156911164522171
33,0.005937967449426651,0.006063107401132584,0.005626235157251358,0.005559250712394714,0.005341961979866028,0.005139391869306564,0.004974249750375748,0.004758868366479874,0.004693761467933655,0.004505608230829239,0.004436720162630081,0.004150871187448502,0.004012797027826309,0.0037904009222984314,0.003575887531042099,0.003407347947359085,0.0031258054077625275,0.002853337675333023,0.0027227550745010376,0.0023832805454730988,0.0021996833384037018,0.0019685737788677216,0.0017377138137817383,0.0016132928431034088,0.0013864412903785706,0.0011884421110153198,0.0009797774255275726,0.0007747970521450043,0.0005847252905368805,0.0003216452896595001,0.0,0.0,0.0,0.0,0.0,0.0,0.0,0.0,0.0,0.0,0.0,0.0,0.0,0.0,0.0,0.0,0.0,0.0,0.0,0.0,0.09981469810009003
34,0.0060133785009384155,0.005725052207708359,0.0057218968868255615,0.005515366792678833,0.005291502922773361,0.0050897374749183655,0.004872549325227737,0.004720557481050491,0.004490606486797333,0.004264324903488159,0.0041925981640815735,0.004050176590681076,0.0040190331637859344,0.00370238721370697,0.003521028906106949,0.0033800825476646423,0.0033402852714061737,0.003063146024942398,0.002715911716222763,0.0024891607463359833,0.002267107367515564,0.002181757241487503,0.0018779300153255463,0.0015907101333141327,0.0013726241886615753,0.001175127923488617,0.0009753331542015076,0.0008161887526512146,0.0005947723984718323,0.0003070719540119171,0.0,0.0,0.0,0.0,0.0,0.0,0.0,0.0,0.0,0.0,0.0,0.0,0.0,0.0,0.0,0.0,0.0,0.0,0.0,0.0,0.09933740645647049
35,0.005864400416612625,0.00577734038233757,0.0055656395852565765,0.005422122776508331,0.005329396575689316,0.005142930895090103,0.00493529811501503,0.004784576594829559,0.0044742971658706665,0.004343271255493164,0.004247736185789108,0.004117116332054138,0.0038205794990062714,0.003659632056951523,0.003421574831008911,0.003341987729072571,0.0031963251531124115,0.0029128454625606537,0.0026611685752868652,0.002577655017375946,0.002342499792575836,0.002119891345500946,0.0019043833017349243,0.0016316510736942291,0.0013626813888549805,0.0011756569147109985,0.0009785182774066925,0.0007819607853889465,0.0005918070673942566,0.00032033398747444153,0.0,0.0,0.0,0.0,0.0,0.0,0.0,0.0,0.0,0.0,0.0,0.0,0.0,0.0,0.0,0.0,0.0,0.0,0.0,0.0,0.09880527853965759
36,0.005842171609401703,0.005628455430269241,0.005591690540313721,0.005415216088294983,0.005098734050989151,0.005029760301113129,0.004891786724328995,0.004717476665973663,0.004557903856039047,0.0064247772097587585,0.004175618290901184,0.003890581429004669,0.0036815479397773743,0.0034920349717140198,0.003222241997718811,0.003084678202867508,0.002988472580909729,0.0027108341455459595,0.002491377294063568,0.0023025311529636383,0.002232663333415985,0.0020278729498386383,0.0017201341688632965,0.00151810422539711,0.0012990161776542664,0.0011710375547409058,0.0009279437363147736,0.0006701238453388214,0.0004509352147579193,0.0001642368733882904,0.0,0.0,0.0,0.0,0.0,0.0,0.0,0.0,0.0,0.0,0.0,0.0,0.0,0.0,0.0,0.0,0.0,0.0,0.0,0.0,0.09741995856165886
37,0.005872853100299835,0.005657859146595001,0.005554430186748505,0.005453091114759445,0.005194567143917084,0.004997860640287399,0.004817303270101547,0.004725702106952667,0.004470344632863998,0.004214104264974594,0.004179209470748901,0.004014208912849426,0.003668837249279022,0.0034560374915599823,0.0032422468066215515,0.003123439848423004,0.0029213838279247284,0.002736814320087433,0.0025668106973171234,0.0022970177233219147,0.0021363012492656708,0.003628462553024292,0.0017545782029628754,0.001512143760919571,0.001273971050977707,0.0010615475475788116,0.0008413270115852356,0.0006271935999393463,0.00042749568819999695,0.0001925155520439148,0.0,0.0,0.0,0.0,0.0,0.0,0.0,0.0,0.0,0.0,0.0,0.0,0.0,0.0,0.0,0.0,0.0,0.0,0.0,0.0,0.09661965817213058
38,0.005860831588506699,0.005674641579389572,0.005457207560539246,0.005429558455944061,0.005227446556091309,0.00503496453166008,0.004836130887269974,0.004632089287042618,0.004478909075260162,0.004216913133859634,0.003985501825809479,0.003784365952014923,0.00351627916097641,0.0035327449440956116,0.0032108351588249207,0.0031659044325351715,0.0028973259031772614,0.0028298236429691315,0.0026571080088615417,0.0023606568574905396,0.0021252110600471497,0.001882702112197876,0.0017728246748447418,0.0015366598963737488,0.0013446882367134094,0.001066252589225769,0.0008727237582206726,0.0006877146661281586,0.0004747919738292694,0.00019976496696472168,0.0,0.0,0.0,0.0,0.0,0.0,0.0,0.0,0.0,0.0,0.0,0.0,0.0,0.0,0.0,0.0,0.0,0.0,0.0,0.0,0.09475257247686386
39,0.0057908520102500916,0.005707491189241409,0.005606472492218018,0.0055052004754543304,0.005227547138929367,0.0050099194049835205,0.00474722683429718,0.0045459456741809845,0.004364177584648132,0.004171114414930344,0.003968685865402222,0.00378408282995224,0.003637690097093582,0.0034144148230552673,0.0031862370669841766,0.0029936060309410095,0.0029689595103263855,0.002806376665830612,0.0025743618607521057,0.002438664436340332,0.0022492744028568268,0.0020409971475601196,0.0017787814140319824,0.0015159733593463898,0.0013201050460338593,0.0011649616062641144,0.0009124018251895905,0.0006986856460571289,0.0004466809332370758,0.0001963973045349121,0.0,0.0,0.0,0.0,0.0,0.0,0.0,0.0,0.0,0.0,0.0,0.0,0.0,0.0,0.0,0.0,0.0,0.0,0.0,0.0,0.09477328509092331
40,0.005792070180177689,0.006217733025550842,0.005533009767532349,0.005281474441289902,0.005257036536931992,0.00506548210978508,0.004761505872011185,0.004562761634588242,0.004449006170034409,0.004368133842945099,0.0041414834558963776,0.0039399005472660065,0.003762494772672653,0.003571026027202606,0.003306455910205841,0.0031172148883342743,0.002990398555994034,0.00284620001912117,0.0027594156563282013,0.002512820065021515,0.0023119859397411346,0.0020436644554138184,0.0018217861652374268,0.0017065219581127167,0.001382436603307724,0.0011511296033859253,0.0009351074695587158,0.0007068663835525513,0.00048112496733665466,0.00019082427024841309,0.0,0.0,0.0,0.0,0.0,0.0,0.0,0.0,0.0,0.0,0.0,0.0,0.0,0.0,0.0,0.0,0.0,0.0,0.0,0.0,0.09696707129478455
41,0.006538432091474533,0.00578317791223526,0.005589086562395096,0.005496319383382797,0.005324460566043854,0.0050466544926166534,0.004874464124441147,0.00533849373459816,0.00448131188750267,0.004248861223459244,0.004029139876365662,0.00389283150434494,0.003764823079109192,0.0036518722772598267,0.0035274438560009003,0.003273073583841324,0.002938494086265564,0.0027825944125652313,0.002530805766582489,0.0023040026426315308,0.0020683296024799347,0.0018755383789539337,0.0016867704689502716,0.0015115588903427124,0.0013351403176784515,0.001136593520641327,0.0009713396430015564,0.0007171183824539185,0.0005219951272010803,0.00028834491968154907,0.0,0.0,0.0,0.0,0.0,0.0,0.0,0.0,0.0,0.0,0.0,0.0,0.0,0.0,0.0,0.0,0.0,0.0,0.0,0.0,0.09752907231450081
42,0.008096188306808472,0.005795825272798538,0.005637940019369125,0.005495306104421616,0.005317747592926025,0.00508451834321022,0.005040105432271957,0.004842989146709442,0.004704363644123077,0.004561901092529297,0.0042386241257190704,0.004157073795795441,0.004058189690113068,0.0038538984954357147,0.0035334527492523193,0.00341222807765007,0.003133051097393036,0.003035150468349457,0.002721976488828659,0.0025252029299736023,0.0023935027420520782,0.002217896282672882,0.0019789226353168488,0.0017108730971813202,0.0014625117182731628,0.0012202262878417969,0.0009199678897857666,0.0007416531443595886,0.0005090124905109406,0.00030554458498954773,0.0,0.0,0.0,0.0,0.0,0.0,0.0,0.0,0.0,0.0,0.0,0.0,0.0,0.0,0.0,0.0,0.0,0.0,0.0,0.0,0.10270584374666214
43,0.006297651678323746,0.005844801664352417,0.005592714995145798,0.005517140030860901,0.005324147641658783,0.005198165774345398,0.0050416067242622375,0.004879619926214218,0.00457705557346344,0.004393201321363449,0.004148069769144058,0.004082147032022476,0.0037836171686649323,0.003673344850540161,0.003436792641878128,0.003181587904691696,0.0029780827462673187,0.0027308017015457153,0.0024504922330379486,0.0022896938025951385,0.002188481390476227,0.002008635550737381,0.0018207281827926636,0.001637980341911316,0.001360468566417694,0.001164015382528305,0.0008925311267375946,0.0007067695260047913,0.0005003772675991058,0.0003190934658050537,0.0,0.0,0.0,0.0,0.0,0.0,0.0,0.0,0.0,0.0,0.0,0.0,0.0,0.0,0.0,0.0,0.0,0.0,0.0,0.0,0.09801981598138809
44,0.0059736743569374084,0.0057355500757694244,0.0056638456881046295,0.005449037998914719,0.005231555551290512,0.005147568881511688,0.00507756695151329,0.004819408059120178,0.004686571657657623,0.004452057182788849,0.004204556345939636,0.004131089895963669,0.003980625420808792,0.0036352798342704773,0.003438793122768402,0.003246549516916275,0.0029335319995880127,0.0028612427413463593,0.002706669270992279,0.0023018866777420044,0.002063225954771042,0.0019709281623363495,0.0017377175390720367,0.0015572905540466309,0.0013481192290782928,0.0010917074978351593,0.0009769834578037262,0.0007579401135444641,0.0005906186997890472,0.00032291188836097717,0.0,0.0,0.0,0.0,0.0,0.0,0.0,0.0,0.0,0.0,0.0,0.0,0.0,0.0,0.0,0.0,0.0,0.0,0.0,0.0,0.09809450432658195
45,0.0063760243356227875,0.005797751247882843,0.00557427853345871,0.005407609045505524,0.005212508141994476,0.005179885774850845,0.004859946668148041,0.005015410482883453,0.004646405577659607,0.004474617540836334,0.004208467900753021,0.004018992185592651,0.0036825984716415405,0.0035156123340129852,0.0033210963010787964,0.0030549950897693634,0.0029310397803783417,0.0027670003473758698,0.0026206374168395996,0.0024234093725681305,0.002286843955516815,0.0020127929747104645,0.001787036657333374,0.0015713982284069061,0.001406695693731308,0.0011757612228393555,0.000953327864408493,0.0007821768522262573,0.0005469024181365967,0.00030106306076049805,0.0,0.0,0.0,0.0,0.0,0.0,0.0,0.0,0.0,0.0,0.0,0.0,0.0,0.0,0.0,0.0,0.0,0.0,0.0,0.0,0.09791228547692299
46,0.005818299949169159,0.005713958293199539,0.005496282130479813,0.005380023270845413,0.005260184407234192,0.005044236779212952,0.004845824092626572,0.004628840833902359,0.0044044144451618195,0.004249632358551025,0.004230272024869919,0.004016607999801636,0.0038031600415706635,0.0035458169877529144,0.0035502836108207703,0.003127969801425934,0.0030318163335323334,0.0027461014688014984,0.0024876482784748077,0.0024027228355407715,0.0025983378291130066,0.0019402951002120972,0.0017332769930362701,0.001474820077419281,0.0013378672301769257,0.0011439695954322815,0.0008921250700950623,0.0006116963922977448,0.0004481114447116852,0.00018072128295898438,0.0,0.0,0.0,0.0,0.0,0.0,0.0,0.0,0.0,0.0,0.0,0.0,0.0,0.0,0.0,0.0,0.0,0.0,0.0,0.0,0.09614531695842743
47,0.00780738890171051,0.005630776286125183,0.005628380924463272,0.005361873656511307,0.005198359489440918,0.005097202956676483,0.004979126155376434,0.0048248134553432465,0.004667390137910843,0.004428207874298096,0.004225205630064011,0.004027407616376877,0.003890596330165863,0.0036385245621204376,0.003603961318731308,0.003222167491912842,0.00308290496468544,0.0028334856033325195,0.0025938190519809723,0.00234096497297287,0.002170916646718979,0.0019570328295230865,0.0017721988260746002,0.0015549249947071075,0.0013430006802082062,0.0010900609195232391,0.0008444450795650482,0.000636804848909378,0.0004699304699897766,0.0002039112150669098,0.0,0.0,0.0,0.0,0.0,0.0,0.0,0.0,0.0,0.0,0.0,0.0,0.0,0.0,0.0,0.0,0.0,0.0,0.0,0.0,0.09912578389048576
48,0.005804106593132019,0.005715947598218918,0.005645450204610825,0.005373608320951462,0.005243971943855286,0.005011703819036484,0.00491395965218544,0.004770342260599136,0.00448048859834671,0.004292789846658707,0.003982327878475189,0.003783002495765686,0.0036246180534362793,0.003558475524187088,0.0033000484108924866,0.003102242946624756,0.002938978374004364,0.0029015876352787018,0.0024247504770755768,0.002214904874563217,0.0020669326186180115,0.0018910393118858337,0.00162433460354805,0.001421567052602768,0.0012564361095428467,0.0010874904692173004,0.0008573718369007111,0.0006680227816104889,0.00043181702494621277,0.00019747018814086914,0.0,0.0,0.0,0.0,0.0,0.0,0.0,0.0,0.0,0.0,0.0,0.0,0.0,0.0,0.0,0.0,0.0,0.0,0.0,0.0,0.09458578750491142
49,0.005758743733167648,0.0057423971593379974,0.005497429519891739,0.0053969211876392365,0.005139391869306564,0.004980370402336121,0.004797682166099548,0.004585288465023041,0.004452388733625412,0.004211507737636566,0.004102796316146851,0.003972761332988739,0.0037597976624965668,0.0035864561796188354,0.00348103791475296,0.0031456202268600464,0.002932630479335785,0.0026878640055656433,0.0024796053767204285,0.0022097155451774597,0.002136003226041794,0.0019122585654258728,0.0017018243670463562,0.0014767684042453766,0.0012930333614349365,0.0011091344058513641,0.0008625052869319916,0.0007155202329158783,0.0004650913178920746,0.0002006329596042633,0.0,0.0,0.0,0.0,0.0,0.0,0.0,0.0,0.0,0.0,0.0,0.0,0.0,0.0,0.0,0.0,0.0,0.0,0.0,0.0,0.0947931781411171
50,0.005805879831314087,0.005601465702056885,0.005620300769805908,0.005414213985204697,0.0053132399916648865,0.004895463585853577,0.004900101572275162,0.0047477856278419495,0.004385408014059067,0.004282139241695404,0.00412890687584877,0.0039488933980464935,0.0037310756742954254,0.003540240228176117,0.0034084729850292206,0.003170546144247055,0.002914581447839737,0.0027749501168727875,0.002456698566675186,0.002229630947113037,0.0020123831927776337,0.001896727830171585,0.0016741566359996796,0.0015098638832569122,0.0012330710887908936,0.0010139495134353638,0.0007804781198501587,0.0006143152713775635,0.0005698688328266144,0.00023945793509483337,0.0,0.0,0.0,0.0,0.0,0.0,0.0,0.0,0.0,0.0,0.0,0.0,0.0,0.0,0.0,0.0,0.0,0.0,0.0,0.0,0.09481426700949669
51,0.006010435521602631,0.005711056292057037,0.005482703447341919,0.005662206560373306,0.005296558141708374,0.005211479961872101,0.004980601370334625,0.004899393767118454,0.004543144255876541,0.004451025277376175,0.004245493561029434,0.004114080220460892,0.0038666315376758575,0.0037227869033813477,0.003434017300605774,0.003315392881631851,0.003059711307287216,0.0028967782855033875,0.0026687532663345337,0.0025547221302986145,0.0023229755461215973,0.0021277107298374176,0.0018708966672420502,0.0015974827110767365,0.0013381801545619965,0.0011895857751369476,0.0009724311530590057,0.0007201917469501495,0.0005592331290245056,0.0002972707152366638,0.0,0.0,0.0,0.0,0.0,0.0,0.0,0.0,0.0,0.0,0.0,0.0,0.0,0.0,0.0,0.0,0.0,0.0,0.0,0.0,0.09912293031811714
52,0.005918070673942566,0.005687430500984192,0.005595408380031586,0.0053897760808467865,0.005255404859781265,0.005071371793746948,0.0049401745200157166,0.004866693168878555,0.004708286374807358,0.004454515874385834,0.004319105297327042,0.004047892987728119,0.003865674138069153,0.003655608743429184,0.003424704074859619,0.0031494759023189545,0.002968601882457733,0.0028064511716365814,0.002653270959854126,0.0024098940193653107,0.002176683396100998,0.001965247094631195,0.0016895048320293427,0.0015750043094158173,0.001377493143081665,0.0011727362871170044,0.0009437762200832367,0.0007689334452152252,0.0005558282136917114,0.00030457600951194763,0.0,0.0,0.0,0.0,0.0,0.0,0.0,0.0,0.0,0.0,0.0,0.0,0.0,0.0,0.0,0.0,0.0,0.0,0.0,0.0,0.09771759435534477
53,0.0061806365847587585,0.005816005170345306,0.005628041923046112,0.005681876093149185,0.005265574902296066,0.005079597234725952,0.004930231720209122,0.0047143325209617615,0.00472419336438179,0.004526935517787933,0.0043200477957725525,0.004180885851383209,0.0039188452064991,0.0036704204976558685,0.003460519015789032,0.003262672573328018,0.0030888691544532776,0.0029880329966545105,0.002671997994184494,0.00240137055516243,0.002239324152469635,0.002106558531522751,0.0018482282757759094,0.0016237162053585052,0.0013669803738594055,0.0011400245130062103,0.0009625516831874847,0.0007406622171401978,0.0005836151540279388,0.0003147311508655548,0.0,0.0,0.0,0.0,0.0,0.0,0.0,0.0,0.0,0.0,0.0,0.0,0.0,0.0,0.0,0.0,0.0,0.0,0.0,0.0,0.09943747892975807
54,0.005946889519691467,0.005804348737001419,0.00566183403134346,0.005539018660783768,0.005375843495130539,0.005247469991445541,0.004897352308034897,0.004815787076950073,0.004510335624217987,0.004271328449249268,0.0038906000554561615,0.003972355276346207,0.0038767270743846893,0.0036663636565208435,0.003513377159833908,0.003378741443157196,0.0031810924410820007,0.003130171447992325,0.002944178879261017,0.0026908330619335175,0.002452399581670761,0.0022376589477062225,0.0020630471408367157,0.0017912760376930237,0.0015733540058135986,0.0013122446835041046,0.001078721135854721,0.0008483231067657471,0.0006269626319408417,0.0004002973437309265,0.0001933462917804718,0.0,0.0,0.0,0.0,0.0,0.0,0.0,0.0,0.0,0.0,0.0,0.0,0.0,0.0,0.0,0.0,0.0,0.0,0.0,0.10089227929711342
55,0.006063453853130341,0.005892656743526459,0.005580335855484009,0.0054062046110630035,0.005195733159780502,0.005036361515522003,0.004920452833175659,0.004679422825574875,0.004472866654396057,0.004284705966711044,0.004106532782316208,0.003942955285310745,0.003707658499479294,0.003560982644557953,0.0034749656915664673,0.003173045814037323,0.0029303953051567078,0.0026453211903572083,0.002532918006181717,0.002407170832157135,0.002046823501586914,0.0019371993839740753,0.0017798878252506256,0.0016457810997962952,0.0013922005891799927,0.0011756941676139832,0.0009812675416469574,0.0007783956825733185,0.000560518354177475,0.0002924129366874695,0.0,0.0,0.0,0.0,0.0,0.0,0.0,0.0,0.0,0.0,0.0,0.0,0.0,0.0,0.0,0.0,0.0,0.0,0.0,0.0,0.09660432115197182
56,0.00583779439330101,0.005780823528766632,0.005589142441749573,0.005320806056261063,0.005154024809598923,0.005045782774686813,0.004779361188411713,0.004670552909374237,0.00446956604719162,0.004194241017103195,0.003942988812923431,0.0037898458540439606,0.0037205442786216736,0.0034881941974163055,0.0032527968287467957,0.0030103325843811035,0.0028237588703632355,0.002682160586118698,0.0024832934141159058,0.002257049083709717,0.002073395997285843,0.0018479526042938232,0.0016067735850811005,0.0015142634510993958,0.0013106130063533783,0.0010771304368972778,0.0008722133934497833,0.0006567426025867462,0.0004323720932006836,0.00018956512212753296,0.0,0.0,0.0,0.0,0.0,0.0,0.0,0.0,0.0,0.0,0.0,0.0,0.0,0.0,0.0,0.0,0.0,0.0,0.0,0.0,0.09387408196926117
57,0.005792878568172455,0.005694035440683365,0.005513332784175873,0.005412805825471878,0.00520145520567894,0.005153007805347443,0.004992179572582245,0.004847433418035507,0.0045977868139743805,0.00442693755030632,0.004273395985364914,0.004102177917957306,0.0037894882261753082,0.003483165055513382,0.0034245923161506653,0.0031043700873851776,0.0029171444475650787,0.0026862360537052155,0.00255662202835083,0.0023293569684028625,0.0020960643887519836,0.0018923468887805939,0.0017796866595745087,0.0014852248132228851,0.0012543387711048126,0.000991668552160263,0.0008096471428871155,0.0006498470902442932,0.00043023377656936646,0.00020392611622810364,0.0,0.0,0.0,0.0,0.0,0.0,0.0,0.0,0.0,0.0,0.0,0.0,0.0,0.0,0.0,0.0,0.0,0.0,0.0,0.0,0.09589138627052307
58,0.005859304219484329,0.005635019391775131,0.005599897354841232,0.005418408662080765,0.0052112676203250885,0.005135279148817062,0.0048381127417087555,0.004739299416542053,0.004554577171802521,0.004350487142801285,0.004076141864061356,0.003884177654981613,0.003713224083185196,0.0034996606409549713,0.0034220032393932343,0.004424542188644409,0.003009345382452011,0.002811424434185028,0.002554170787334442,0.0023529864847660065,0.002119641751050949,0.0018289834260940552,0.0016141831874847412,0.0015415661036968231,0.0012825988233089447,0.001045718789100647,0.000875614583492279,0.0005831271409988403,0.0004325658082962036,0.0002055242657661438,0.0,0.0,0.0,0.0,0.0,0.0,0.0,0.0,0.0,0.0,0.0,0.0,0.0,0.0,0.0,0.0,0.0,0.0,0.0,0.0,0.09661885350942612
59,0.005779191851615906,0.005803417414426804,0.0055300407111644745,0.005373351275920868,0.00519426167011261,0.005255304276943207,0.004840578883886337,0.004455268383026123,0.004379037767648697,0.004145447164773941,0.004016738384962082,0.003950696438550949,0.0038314349949359894,0.003593381494283676,0.0034637898206710815,0.003328554332256317,0.0029129348695278168,0.003282196819782257,0.002498440444469452,0.002322625368833542,0.0020570196211338043,0.0019176751375198364,0.0017959699034690857,0.0015132240951061249,0.0012811683118343353,0.0010518059134483337,0.0009298436343669891,0.0006756559014320374,0.00045966729521751404,0.0001971311867237091,0.0,0.0,0.0,0.0,0.0,0.0,0.0,0.0,0.0,0.0,0.0,0.0,0.0,0.0,0.0,0.0,0.0,0.0,0.0,0.0,0.0958358533680439
60,0.005782771855592728,0.005700204521417618,0.005492012947797775,0.005453247576951981,0.005305331200361252,0.005079016089439392,0.0049592480063438416,0.004762936383485794,0.005013022571802139,0.004460223019123077,0.004091925919055939,0.0040299296379089355,0.0037243925034999847,0.0036863982677459717,0.0033495165407657623,0.0032044462859630585,0.0030775144696235657,0.002710685133934021,0.0025226064026355743,0.002265486866235733,0.002129931002855301,0.001920156180858612,0.0017005465924739838,0.0014859512448310852,0.0012933872640132904,0.00109013170003891,0.000892389565706253,0.0006578266620635986,0.00043208152055740356,0.00020261481404304504,0.0,0.0,0.0,0.0,0.0,0.0,0.0,0.0,0.0,0.0,0.0,0.0,0.0,0.0,0.0,0.0,0.0,0.0,0.0,0.0,0.09647593274712563
61,0.012127399444580078,0.0057023391127586365,0.005514133721590042,0.00541725754737854,0.00531846284866333,0.005114905536174774,0.004864659160375595,0.004583738744258881,0.004316963255405426,0.004176277667284012,0.004141643643379211,0.004019707441329956,0.0038351938128471375,0.003910522907972336,0.003632504492998123,0.003318876028060913,0.0032132379710674286,0.003055218607187271,0.0028707608580589294,0.002573784440755844,0.0023678578436374664,0.0021110549569129944,0.0018788278102874756,0.0016734376549720764,0.0013963021337985992,0.0011420398950576782,0.0009450726211071014,0.0007982812821865082,0.0005478188395500183,0.00029312074184417725,0.0,0.0,0.0,0.0,0.0,0.0,0.0,0.0,0.0,0.0,0.0,0.0,0.0,0.0,0.0,0.0,0.0,0.0,0.0,0.0,0.10486140102148056
62,0.005950316786766052,0.005666561424732208,0.005565546452999115,0.006181083619594574,0.005243144929409027,0.005333077162504196,0.00486890971660614,0.005104042589664459,0.00445232167840004,0.004360917955636978,0.004250023514032364,0.0041031427681446075,0.003909848630428314,0.003684069961309433,0.0034506022930145264,0.003268245607614517,0.0030718594789505005,0.0027945786714553833,0.002662345767021179,0.0023940429091453552,0.0021790824830532074,0.002052176743745804,0.001917719841003418,0.0017774589359760284,0.0013802088797092438,0.001134570688009262,0.0009396523237228394,0.0007896609604358673,0.0005716457962989807,0.0003119818866252899,0.0,0.0,0.0,0.0,0.0,0.0,0.0,0.0,0.0,0.0,0.0,0.0,0.0,0.0,0.0,0.0,0.0,0.0,0.0,0.0,0.09936884045600891
63,0.009265471249818802,0.005778979510068893,0.005718834698200226,0.0054374635219573975,0.00519079715013504,0.005079325288534164,0.005186036229133606,0.004814330488443375,0.004719756543636322,0.004511553794145584,0.004315376281738281,0.004096753895282745,0.0039178840816020966,0.0036490485072135925,0.003451310098171234,0.003094863146543503,0.0028766654431819916,0.002742152661085129,0.0026314333081245422,0.0024503469467163086,0.0022269785404205322,0.0020465143024921417,0.0018625855445861816,0.0015907548367977142,0.0013777688145637512,0.0011793114244937897,0.0009995102882385254,0.0007885880768299103,0.0005826316773891449,0.0003311075270175934,0.0,0.0,0.0,0.0,0.0,0.0,0.0,0.0,0.0,0.0,0.0,0.0,0.0,0.0,0.0,0.0,0.0,0.0,0.0,0.0,0.10191413387656212
64,0.006070930510759354,0.005819384008646011,0.005775980651378632,0.005534522235393524,0.0055078864097595215,0.0051003508269786835,0.005094300955533981,0.004918430000543594,0.004767507314682007,0.004484616219997406,0.004096250981092453,0.0,0.0,0.0,0.0,0.0,0.0,0.0,0.0,0.0,0.0,0.0,0.0,0.0,0.0,0.0,0.0,0.0,0.0,0.0,0.0,0.0,0.0,0.0,0.0,0.0,0.0,0.0,0.0,0.0,0.0,0.0,0.0,0.0,0.0,0.0,0.0,0.0,0.0,0.0,0.05717016011476517
65,0.006007656455039978,0.005909278988838196,0.005710754543542862,0.005509126931428909,0.005337797105312347,0.005103118717670441,0.004914421588182449,0.004707958549261093,0.004576478153467178,0.004356514662504196,0.004110805690288544,0.003932923078536987,0.003824416548013687,0.003507811576128006,0.0032960698008537292,0.0030281394720077515,0.002889338880777359,0.002789277583360672,0.0025364942848682404,0.0023285746574401855,0.00215284526348114,0.0019096359610557556,0.0016865432262420654,0.0014698542654514313,0.0013313107192516327,0.001158345490694046,0.0009960979223251343,0.0007282048463821411,0.0005724094808101654,0.00032317638397216797,0.0,0.0,0.0,0.0,0.0,0.0,0.0,0.0,0.0,0.0,0.0,0.0,0.0,0.0,0.0,0.0,0.0,0.0,0.0,0.0,0.09670538082718849
66,0.005779571831226349,0.005628518760204315,0.005615849047899246,0.005213998258113861,0.005223426967859268,0.0051318444311618805,0.004852041602134705,0.0046640001237392426,0.004460349678993225,0.004372868686914444,0.0041816458106040955,0.003935366868972778,0.0037635155022144318,0.003632567822933197,0.0033100880682468414,0.0031949542462825775,0.0028948187828063965,0.0026717260479927063,0.0024795643985271454,0.0022906698286533356,0.002132955938577652,0.0019259899854660034,0.0017695501446723938,0.0014414452016353607,0.0012265965342521667,0.0010321997106075287,0.000858008861541748,0.0006670504808425903,0.0003964863717556,0.00017716363072395325,0.0,0.0,0.0,0.0,0.0,0.0,0.0,0.0,0.0,0.0,0.0,0.0,0.0,0.0,0.0,0.0,0.0,0.0,0.0,0.0,0.09492483362555504
67,0.005827352404594421,0.005661986768245697,0.005565255880355835,0.005400214344263077,0.0052855126559734344,0.005076490342617035,0.004941169172525406,0.004705645143985748,0.0044336989521980286,0.004362691193819046,0.004230335354804993,0.004065260291099548,0.0038709603250026703,0.003920018672943115,0.003430098295211792,0.003235485404729843,0.00308363139629364,0.003057345747947693,0.0026789940893650055,0.0023045241832733154,0.0020902231335639954,0.0019221268594264984,0.0016258768737316132,0.0014411956071853638,0.0012906603515148163,0.0010738968849182129,0.0008771568536758423,0.0006891973316669464,0.00044419243931770325,0.0001554451882839203,0.0,0.0,0.0,0.0,0.0,0.0,0.0,0.0,0.0,0.0,0.0,0.0,0.0,0.0,0.0,0.0,0.0,0.0,0.0,0.0,0.09674664214253426
68,0.0057721808552742004,0.005640942603349686,0.005301583558320999,0.005381643772125244,0.005223315209150314,0.005028150975704193,0.004906758666038513,0.00476822629570961,0.004417724907398224,0.004315324127674103,0.004221491515636444,0.0039393045008182526,0.003751009702682495,0.0035043880343437195,0.0033230334520339966,0.0030590593814849854,0.0028656162321567535,0.002713974565267563,0.002458970993757248,0.002178870141506195,0.0019412562251091003,0.0018132813274860382,0.001567702740430832,0.0013995394110679626,0.0012060590088367462,0.000993628054857254,0.0008118338882923126,0.0005982629954814911,0.00038450583815574646,0.0001745671033859253,0.0,0.0,0.0,0.0,0.0,0.0,0.0,0.0,0.0,0.0,0.0,0.0,0.0,0.0,0.0,0.0,0.0,0.0,0.0,0.0,0.09366220608353615
69,0.005807872861623764,0.005646701902151108,0.005618132650852203,0.0054780058562755585,0.005205705761909485,0.004941049963235855,0.004826914519071579,0.004660069942474365,0.00458097830414772,0.00435127317905426,0.004175793379545212,0.0038634315133094788,0.00421489030122757,0.003553926944732666,0.003316625952720642,0.003359474241733551,0.003137204796075821,0.0027916282415390015,0.002751551568508148,0.0025329329073429108,0.0022851191461086273,0.0019507408142089844,0.0017045177519321442,0.0014585889875888824,0.0012600123882293701,0.0010653622448444366,0.0008894577622413635,0.0006281770765781403,0.00046541914343833923,0.00020897015929222107,0.0,0.0,0.0,0.0,0.0,0.0,0.0,0.0,0.0,0.0,0.0,0.0,0.0,0.0,0.0,0.0,0.0,0.0,0.0,0.0,0.09673053026199341
70,0.005804665386676788,0.005623094737529755,0.005587100982666016,0.005340922623872757,0.005136072635650635,0.004918180406093597,0.004826001822948456,0.004540272057056427,0.00430244579911232,0.004151228815317154,0.004068300127983093,0.003754016011953354,0.003528241068124771,0.0034151561558246613,0.0032281391322612762,0.0030529163777828217,0.0029772482812404633,0.002741478383541107,0.002520505338907242,0.002311345189809799,0.00204399973154068,0.0018896982073783875,0.0017040111124515533,0.0015373565256595612,0.0012839846312999725,0.0011010505259037018,0.0008401200175285339,0.0006263069808483124,0.0004644431173801422,0.000169459730386734,0.0,0.0,0.0,0.0,0.0,0.0,0.0,0.0,0.0,0.0,0.0,0.0,0.0,0.0,0.0,0.0,0.0,0.0,0.0,0.0,0.09348776191473007
71,0.0060500651597976685,0.00570765882730484,0.005496226251125336,0.005419526249170303,0.0052823275327682495,0.005096223205327988,0.004882093518972397,0.004685953259468079,0.004536449909210205,0.00443117693066597,0.004159197211265564,0.004041340202093124,0.0038189925253391266,0.003226224333047867,0.0033414550125598907,0.003202926367521286,0.002921517938375473,0.00267033651471138,0.002536371350288391,0.002375904470682144,0.002207539975643158,0.0020233094692230225,0.0018468089401721954,0.0015280842781066895,0.0013858973979949951,0.0011822395026683807,0.0009691528975963593,0.0007332339882850647,0.0005311928689479828,0.0002649575471878052,0.0,0.0,0.0,0.0,0.0,0.0,0.0,0.0,0.0,0.0,0.0,0.0,0.0,0.0,0.0,0.0,0.0,0.0,0.0,0.0,0.09655438363552094
72,0.0058890096843242645,0.005745828151702881,0.005542602390050888,0.005427572876214981,0.0051918551325798035,0.0050262510776519775,0.004855230450630188,0.004781696945428848,0.0045812614262104034,0.0044363997876644135,0.004220340400934219,0.003988258540630341,0.003926701843738556,0.003677826374769211,0.003512520343065262,0.003185991197824478,0.0030187182128429413,0.002832401543855667,0.0026247501373291016,0.002403274178504944,0.0021743662655353546,0.0019583553075790405,0.00178435817360878,0.0016410872340202332,0.0013830773532390594,0.0012266561388969421,0.0010515563189983368,0.0007842965424060822,0.0005437321960926056,0.00027756020426750183,0.0,0.0,0.0,0.0,0.0,0.0,0.0,0.0,0.0,0.0,0.0,0.0,0.0,0.0,0.0,0.0,0.0,0.0,0.0,0.0,0.0976935364305973
73,0.009394288063049316,0.005790922790765762,0.0056118108332157135,0.005388602614402771,0.005194712430238724,0.005107417702674866,0.005250323563814163,0.004735339432954788,0.004426300525665283,0.004268977791070938,0.004138082265853882,0.003996200859546661,0.0038003958761692047,0.0036108754575252533,0.0033661089837551117,0.003067154437303543,0.002927597612142563,0.002745058387517929,0.0026541687548160553,0.0024390779435634613,0.002248905599117279,0.001966126263141632,0.0018156394362449646,0.001623053103685379,0.0014241039752960205,0.0012601688504219055,0.0010022781789302826,0.0007690154016017914,0.000576365739107132,0.0003360062837600708,0.00016733631491661072,0.0,0.0,0.0,0.0,0.0,0.0,0.0,0.0,0.0,0.0,0.0,0.0,0.0,0.0,0.0,0.0,0.0,0.0,0.0,0.10110241547226906
74,0.012097343802452087,0.0057334452867507935,0.005613602697849274,0.005422145128250122,0.00533372163772583,0.005155257880687714,0.004830606281757355,0.004671365022659302,0.00437382236123085,0.004315048456192017,0.004206925630569458,0.003920555114746094,0.0037146322429180145,0.0035375282168388367,0.003356359899044037,0.003237370401620865,0.0030601248145103455,0.0028273984789848328,0.0025826431810855865,0.002380993217229843,0.002239782363176346,0.0020416155457496643,0.0018074139952659607,0.0016448870301246643,0.0013836175203323364,0.0011881180107593536,0.0009756647050380707,0.0007651522755622864,0.0005466341972351074,0.0003130771219730377,0.0,0.0,0.0,0.0,0.0,0.0,0.0,0.0,0.0,0.0,0.0,0.0,0.0,0.0,0.0,0.0,0.0,0.0,0.0,0.0,0.10327685251832008
75,0.005906261503696442,0.005802031606435776,0.005624406039714813,0.005421612411737442,0.0053310878574848175,0.005027845501899719,0.004772186279296875,0.004698667675256729,0.00474519282579422,0.004446785897016525,0.004304174333810806,0.004034493118524551,0.003984719514846802,0.0037272945046424866,0.00351521372795105,0.0032722465693950653,0.0031134970486164093,0.0028478503227233887,0.002785615622997284,0.0025104135274887085,0.002407398074865341,0.002183295786380768,0.0019671469926834106,0.0017510391771793365,0.0015284940600395203,0.0013214312493801117,0.0011195316910743713,0.0009025745093822479,0.0006539113819599152,0.0004379935562610626,0.0001954995095729828,0.0,0.0,0.0,0.0,0.0,0.0,0.0,0.0,0.0,0.0,0.0,0.0,0.0,0.0,0.0,0.0,0.0,0.0,0.0,0.10033991187810898
76,0.005768593400716782,0.0057434141635894775,0.005421359091997147,0.005445677787065506,0.005272094160318375,0.005130995064973831,0.004808001220226288,0.0047312453389167786,0.0044686198234558105,0.004110712558031082,0.003915216773748398,0.0037821494042873383,0.003653593361377716,0.0034518614411354065,0.0033965669572353363,0.003235388547182083,0.0030381903052330017,0.0028113164007663727,0.0025957971811294556,0.002333506941795349,0.0021002329885959625,0.0018547549843788147,0.0016192570328712463,0.001468747854232788,0.0012808628380298615,0.0010873153805732727,0.0008555352687835693,0.0006212890148162842,0.00040131062269210815,0.00017532706260681152,0.0,0.0,0.0,0.0,0.0,0.0,0.0,0.0,0.0,0.0,0.0,0.0,0.0,0.0,0.0,0.0,0.0,0.0,0.0,0.0,0.09457893297076225
77,0.007252350449562073,0.005424417555332184,0.005633443593978882,0.005451790988445282,0.005319815129041672,0.005149420350790024,0.004937171936035156,0.00472661480307579,0.004416279494762421,0.0043916478753089905,0.004192426800727844,0.00389711931347847,0.0036950334906578064,0.00355631485581398,0.0033612772822380066,0.0031555145978927612,0.0029100067913532257,0.0028736479580402374,0.0025155730545520782,0.0027366913855075836,0.002168327569961548,0.0019314289093017578,0.001804303377866745,0.0015277862548828125,0.0012625008821487427,0.0011235475540161133,0.0009307637810707092,0.0006911717355251312,0.00048599764704704285,0.00019533932209014893,0.0,0.0,0.0,0.0,0.0,0.0,0.0,0.0,0.0,0.0,0.0,0.0,0.0,0.0,0.0,0.0,0.0,0.0,0.0,0.0,0.09771772474050522
78,0.005820043385028839,0.0056951530277729034,0.005464419722557068,0.005366243422031403,0.005152381956577301,0.005057111382484436,0.0048024095594882965,0.004577673971652985,0.004356842488050461,0.004129443317651749,0.003992393612861633,0.003844648599624634,0.0036804750561714172,0.0033916719257831573,0.0032935962080955505,0.0030075646936893463,0.002831853926181793,0.002620752900838852,0.0025424323976039886,0.0023571737110614777,0.0020601339638233185,0.0017959550023078918,0.0015984773635864258,0.001445721834897995,0.0011857599020004272,0.001044388860464096,0.0008848384022712708,0.0006539635360240936,0.0004428364336490631,0.0001568719744682312,0.0,0.0,0.0,0.0,0.0,0.0,0.0,0.0,0.0,0.0,0.0,0.0,0.0,0.0,0.0,0.0,0.0,0.0,0.0,0.0,0.0932532325387001
79,0.0057539306581020355,0.005644612014293671,0.005451694130897522,0.005262669175863266,0.005113791674375534,0.0050165094435215,0.004888910800218582,0.004661936312913895,0.004515286535024643,0.004443835467100143,0.004111509770154953,0.003992047160863876,0.003891829401254654,0.003566823899745941,0.0033696964383125305,0.0032201893627643585,0.003006916493177414,0.0029144324362277985,0.002603035420179367,0.0022929348051548004,0.0021232664585113525,0.0018837302923202515,0.0016794241964817047,0.0014623813331127167,0.0012887641787528992,0.0010783113539218903,0.000921253114938736,0.0006569549441337585,0.00044962018728256226,0.00019519031047821045,0.0,0.0,0.0,0.0,0.0,0.0,0.0,0.0,0.0,0.0,0.0,0.0,0.0,0.0,0.0,0.0,0.0,0.0,0.0,0.0,0.09546148777008057
80,0.006002679467201233,0.005917917937040329,0.005470752716064453,0.005320664495229721,0.005277272313833237,0.00509990006685257,0.004912491887807846,0.0047035813331604,0.004423912614583969,0.004384677857160568,0.00414092093706131,0.0038968808948993683,0.003638889640569687,0.0034508109092712402,0.003319650888442993,0.003158312290906906,0.002909492701292038,0.00256134569644928,0.0024253278970718384,0.0022694654762744904,0.002132151275873184,0.0019767992198467255,0.0017109215259552002,0.0014576390385627747,0.0012455768883228302,0.0010582581162452698,0.0009285584092140198,0.0007061846554279327,0.00045454129576683044,0.0002008788287639618,0.0,0.0,0.0,0.0,0.0,0.0,0.0,0.0,0.0,0.0,0.0,0.0,0.0,0.0,0.0,0.0,0.0,0.0,0.0,0.0,0.0951564572751522
81,0.010124120861291885,0.005783248692750931,0.0056603290140628815,0.005692541599273682,0.005355075001716614,0.005034301429986954,0.004841849207878113,0.004793509840965271,0.0045652836561203,0.004469987004995346,0.004209823906421661,0.003958262503147125,0.004092663526535034,0.0036035850644111633,0.003292534500360489,0.003148246556520462,0.003091968595981598,0.0028938204050064087,0.0026407390832901,0.002461697906255722,0.0021931789815425873,0.0019172802567481995,0.0017747730016708374,0.001590050756931305,0.0013281963765621185,0.001125536859035492,0.0009816810488700867,0.0007598958909511566,0.0006146170198917389,0.0003184080123901367,0.0,0.0,0.0,0.0,0.0,0.0,0.0,0.0,0.0,0.0,0.0,0.0,0.0,0.0,0.0,0.0,0.0,0.0,0.0,0.0,0.1023172065615654
82,0.007547948509454727,0.005745947360992432,0.005610339343547821,0.005368635058403015,0.0052463822066783905,0.005010634660720825,0.005083248019218445,0.004695974290370941,0.004589870572090149,0.004399530589580536,0.004350502043962479,0.004095036536455154,0.0038445256650447845,0.0034464113414287567,0.003257438540458679,0.0030239522457122803,0.003188367933034897,0.0027902312576770782,0.002533741295337677,0.0023479685187339783,0.0021529123187065125,0.001923292875289917,0.0017474517226219177,0.0015334300696849823,0.001360878348350525,0.0011752322316169739,0.0009070634841918945,0.0007449015974998474,0.0005352497100830078,0.000319458544254303,0.0,0.0,0.0,0.0,0.0,0.0,0.0,0.0,0.0,0.0,0.0,0.0,0.0,0.0,0.0,0.0,0.0,0.0,0.0,0.0,0.09857655689120293
83,0.005861401557922363,0.005777467042207718,0.005669757723808289,0.005442269146442413,0.005178038030862808,0.005033787339925766,0.0050153955817222595,0.004607304930686951,0.004437990486621857,0.004225168377161026,0.004164043813943863,0.003951936960220337,0.0036305896937847137,0.0034594647586345673,0.003366190940141678,0.0031639672815799713,0.0029529742896556854,0.0027625635266304016,0.00257013738155365,0.0024055875837802887,0.002178885042667389,0.0019637756049633026,0.001883864402770996,0.0015975870192050934,0.0013957470655441284,0.0015631131827831268,0.0008761510252952576,0.0006904266774654388,0.0005207136273384094,0.0002982616424560547,0.0,0.0,0.0,0.0,0.0,0.0,0.0,0.0,0.0,0.0,0.0,0.0,0.0,0.0,0.0,0.0,0.0,0.0,0.0,0.0,0.0966445617377758
84,0.0060147009789943695,0.005767162889242172,0.00556279718875885,0.0053951069712638855,0.005350075662136078,0.0051085613667964935,0.00483974814414978,0.004694536328315735,0.004525233060121536,0.004347749054431915,0.0042913518846035,0.004092074930667877,0.0038553066551685333,0.003769639879465103,0.003479432314634323,0.0032680220901966095,0.003016345202922821,0.002846136689186096,0.0026114322245121002,0.0024385862052440643,0.002123955637216568,0.0019692592322826385,0.0016886480152606964,0.0014981143176555634,0.0013836100697517395,0.0011417828500270844,0.001038670539855957,0.0007801875472068787,0.0005705654621124268,0.00032099708914756775,0.0,0.0,0.0,0.0,0.0,0.0,0.0,0.0,0.0,0.0,0.0,0.0,0.0,0.0,0.0,0.0,0.0,0.0,0.0,0.0,0.09778979048132896
85,0.005995362997055054,0.005755569785833359,0.005645494908094406,0.0054237693548202515,0.009605642408132553,0.005181994289159775,0.004958245903253555,0.00472530722618103,0.0046922676265239716,0.0044852569699287415,0.004198126494884491,0.004048880189657211,0.0038452520966529846,0.00363864004611969,0.003529604524374008,0.0033272169530391693,0.003223106265068054,0.003017950803041458,0.0028696805238723755,0.002571437507867813,0.0023156479001045227,0.002033684402704239,0.0017826929688453674,0.0015488415956497192,0.0013609342277050018,0.0011638961732387543,0.0009531937539577484,0.0007571615278720856,0.0005548037588596344,0.0003020837903022766,0.0,0.0,0.0,0.0,0.0,0.0,0.0,0.0,0.0,0.0,0.0,0.0,0.0,0.0,0.0,0.0,0.0,0.0,0.0,0.0,0.1035117469727993
86,0.005773179233074188,0.0056839026510715485,0.005588732659816742,0.005399692803621292,0.005122244358062744,0.004955694079399109,0.004731360822916031,0.004680246114730835,0.004580862820148468,0.0043230801820755005,0.004084650427103043,0.003965564072132111,0.0037306472659111023,0.003502391278743744,0.0034110359847545624,0.003040209412574768,0.0029540546238422394,0.002617713063955307,0.002367008477449417,0.0022442005574703217,0.002154197543859482,0.0019617192447185516,0.0017519183456897736,0.001460634171962738,0.0013021640479564667,0.0010979063808918,0.0008347295224666595,0.0006416887044906616,0.0004139542579650879,0.00018706545233726501,0.0,0.0,0.0,0.0,0.0,0.0,0.0,0.0,0.0,0.0,0.0,0.0,0.0,0.0,0.0,0.0,0.0,0.0,0.0,0.0,0.09456244856119156
87,0.005825962871313095,0.005743078887462616,0.005599725991487503,0.005430992692708969,0.005264218896627426,0.005016680806875229,0.004902992397546768,0.00485643744468689,0.004603058099746704,0.004518970847129822,0.004411250352859497,0.0039320774376392365,0.003786671906709671,0.0035180971026420593,0.0032368749380111694,0.0030163712799549103,0.0027506276965141296,0.002503693103790283,0.0023169144988059998,0.0022171437740325928,0.002008989453315735,0.0018543489277362823,0.0017267949879169464,0.001473948359489441,0.0012460313737392426,0.0010265037417411804,0.0008119866251945496,0.0005770474672317505,0.00039717182517051697,0.00018924102187156677,0.0,0.0,0.0,0.0,0.0,0.0,0.0,0.0,0.0,0.0,0.0,0.0,0.0,0.0,0.0,0.0,0.0,0.0,0.0,0.0,0.09476390480995178
88,0.006141256541013718,0.005684845149517059,0.005613218992948532,0.005467541515827179,0.0053059421479702,0.005068942904472351,0.004881355911493301,0.004716444760560989,0.004578150808811188,0.004375055432319641,0.004238639026880264,0.003948196768760681,0.003774680197238922,0.0036029405891895294,0.0034358277916908264,0.003339342772960663,0.003002867102622986,0.002843577414751053,0.002765115350484848,0.002617824822664261,0.002331126481294632,0.0020747072994709015,0.0017733946442604065,0.0015843957662582397,0.0012627169489860535,0.0010358281433582306,0.000853952020406723,0.0006452798843383789,0.00041450560092926025,0.0001849159598350525,0.0,0.0,0.0,0.0,0.0,0.0,0.0,0.0,0.0,0.0,0.0,0.0,0.0,0.0,0.0,0.0,0.0,0.0,0.0,0.0,0.09756258875131607
89,0.005806971341371536,0.005965780466794968,0.005548570305109024,0.005358953028917313,0.005361765623092651,0.005040142685174942,0.004864636808633804,0.0046485550701618195,0.004588879644870758,0.004461120814085007,0.004194844514131546,0.003927700221538544,0.0036957338452339172,0.0034469105303287506,0.003306698054075241,0.0031643658876419067,0.0029943734407424927,0.002741169184446335,0.0025618411600589752,0.0024579353630542755,0.0023037083446979523,0.0019313469529151917,0.0017094500362873077,0.001576397567987442,0.0013221502304077148,0.0010807104408740997,0.0009239763021469116,0.0006765983998775482,0.000467449426651001,0.00017377734184265137,0.0,0.0,0.0,0.0,0.0,0.0,0.0,0.0,0.0,0.0,0.0,0.0,0.0,0.0,0.0,0.0,0.0,0.0,0.0,0.0,0.09630251303315163
90,0.005846839398145676,0.005694802850484848,0.005580943077802658,0.005723245441913605,0.005331799387931824,0.0050777532160282135,0.004913307726383209,0.00475672259926796,0.004509426653385162,0.00441504642367363,0.004147123545408249,0.0039340779185295105,0.003652852028608322,0.0034754201769828796,0.003341544419527054,0.0031959302723407745,0.0029953941702842712,0.0029727593064308167,0.002605125308036804,0.0024145841598510742,0.0021021030843257904,0.0018793754279613495,0.0016603805124759674,0.0059298984706401825,0.0013000629842281342,0.00109950453042984,0.0009000413119792938,0.000715598464012146,0.00044381991028785706,0.00016640499234199524,0.0,0.0,0.0,0.0,0.0,0.0,0.0,0.0,0.0,0.0,0.0,0.0,0.0,0.0,0.0,0.0,0.0,0.0,0.0,0.0,0.1007818877696991
91,0.005945488810539246,0.005704708397388458,0.005647987127304077,0.005492586642503738,0.0053957365453243256,0.005159702152013779,0.004934664815664291,0.004803162068128586,0.004674892872571945,0.004533164203166962,0.00430331751704216,0.004089344292879105,0.0038278959691524506,0.0037021078169345856,0.0034712553024291992,0.0032080113887786865,0.0030721761286258698,0.0028470978140830994,0.002636641263961792,0.0023891739547252655,0.0021808408200740814,0.0019537098705768585,0.001757051795721054,0.0014976300299167633,0.0013115257024765015,0.0011583492159843445,0.0010112933814525604,0.0008163377642631531,0.000603068619966507,0.00032342225313186646,0.0,0.0,0.0,0.0,0.0,0.0,0.0,0.0,0.0,0.0,0.0,0.0,0.0,0.0,0.0,0.0,0.0,0.0,0.0,0.0,0.09845234453678131
92,0.0060208700597286224,0.005790185183286667,0.005645729601383209,0.005510888993740082,0.00530603900551796,0.005177732557058334,0.005045108497142792,0.004808481782674789,0.004540011286735535,0.004310633987188339,0.0040119364857673645,0.0037983208894729614,0.003655228763818741,0.003535490483045578,0.003315132111310959,0.0031164996325969696,0.0029587186872959137,0.0028737783432006836,0.002629343420267105,0.002350546419620514,0.002183683216571808,0.001993626356124878,0.001758873462677002,0.001557912677526474,0.00133591890335083,0.0011530593037605286,0.0009591691195964813,0.0007515102624893188,0.0005693510174751282,0.00030745193362236023,0.0,0.0,0.0,0.0,0.0,0.0,0.0,0.0,0.0,0.0,0.0,0.0,0.0,0.0,0.0,0.0,0.0,0.0,0.0,0.0,0.09697123244404793
93,0.005887310951948166,0.0057447850704193115,0.005602218210697174,0.005533598363399506,0.005309879779815674,0.0050871483981609344,0.004979737102985382,0.004642363637685776,0.004474170506000519,0.004258353263139725,0.004017055034637451,0.0039008408784866333,0.0037694349884986877,0.003615081310272217,0.0034309402108192444,0.0031404495239257812,0.002933412790298462,0.0026966258883476257,0.002620391547679901,0.002328716218471527,0.0021666698157787323,0.0019189678132534027,0.0017484910786151886,0.0015523247420787811,0.0013685114681720734,0.0011898614466190338,0.0010119825601577759,0.0008843131363391876,0.0005905628204345703,0.0003125593066215515,0.0,0.0,0.0,0.0,0.0,0.0,0.0,0.0,0.0,0.0,0.0,0.0,0.0,0.0,0.0,0.0,0.0,0.0,0.0,0.0,0.09671675786376
94,0.0060096681118011475,0.005825009196996689,0.005670554935932159,0.005509223788976669,0.005313120782375336,0.0050416551530361176,0.005091562867164612,0.004859481006860733,0.004564080387353897,0.004358511418104172,0.004208490252494812,0.004029829055070877,0.003739934414625168,0.0036313943564891815,0.003440301865339279,0.0032876357436180115,0.0031106360256671906,0.0028921253979206085,0.0026952289044857025,0.002411559224128723,0.0022570863366127014,0.00205843523144722,0.001762479543685913,0.0016206279397010803,0.0013548210263252258,0.0011272095143795013,0.0009793899953365326,0.0007514432072639465,0.0005487054586410522,0.0003099404275417328,0.0,0.0,0.0,0.0,0.0,0.0,0.0,0.0,0.0,0.0,0.0,0.0,0.0,0.0,0.0,0.0,0.0,0.0,0.0,0.0,0.09846014156937599
95,0.009147148579359055,0.005750909447669983,0.005733754485845566,0.005509566515684128,0.005343914031982422,0.005166243761777878,0.004944860935211182,0.004855740815401077,0.004725325852632523,0.0046796128153800964,0.004307437688112259,0.004117947071790695,0.003926951438188553,0.0037122145295143127,0.003498714417219162,0.005066219717264175,0.0034410282969474792,0.003016803413629532,0.0027609653770923615,0.002538621425628662,0.0023364685475826263,0.0020606815814971924,0.0019173696637153625,0.0016662366688251495,0.0014011040329933167,0.001165498048067093,0.0009382590651512146,0.0007738023996353149,0.0005979873239994049,0.000349927693605423,0.0,0.0,0.0,0.0,0.0,0.0,0.0,0.0,0.0,0.0,0.0,0.0,0.0,0.0,0.0,0.0,0.0,0.0,0.0,0.0,0.1054513156414032
96,0.00576777383685112,0.005677405744791031,0.005501899868249893,0.005517002195119858,0.005260143429040909,0.005124315619468689,0.004869669675827026,0.004746239632368088,0.004591178148984909,0.004305120557546616,0.004201341420412064,0.004017770290374756,0.0037203989923000336,0.003470398485660553,0.0033314526081085205,0.0031016021966934204,0.0028489790856838226,0.0027182549238204956,0.002521667629480362,0.00241268053650856,0.0020610541105270386,0.0018372908234596252,0.0017027892172336578,0.0015070587396621704,0.001238413155078888,0.0010770559310913086,0.0008480027318000793,0.0006491653621196747,0.0004344359040260315,0.0001922398805618286,0.0,0.0,0.0,0.0,0.0,0.0,0.0,0.0,0.0,0.0,0.0,0.0,0.0,0.0,0.0,0.0,0.0,0.0,0.0,0.0,0.09525280073285103
97,0.005836103111505508,0.00561915710568428,0.005612820386886597,0.005412153899669647,0.00530160591006279,0.00508267804980278,0.004894539713859558,0.004848085343837738,0.004498373717069626,0.004254531115293503,0.004268962889909744,0.004134852439165115,0.00392451137304306,0.003663010895252228,0.0034713856875896454,0.0032194294035434723,0.002886388450860977,0.0027557872235774994,0.0025583282113075256,0.0022979266941547394,0.002071116119623184,0.0019336938858032227,0.0017016865313053131,0.0014327876269817352,0.0012408532202243805,0.0010591782629489899,0.0008689984679222107,0.0006496496498584747,0.0004256591200828552,0.00019596144556999207,0.0,0.0,0.0,0.0,0.0,0.0,0.0,0.0,0.0,0.0,0.0,0.0,0.0,0.0,0.0,0.0,0.0,0.0,0.0,0.0,0.09612021595239639
98,0.005835238844156265,0.005672629922628403,0.005586482584476471,0.005376096814870834,0.005195207893848419,0.005014676600694656,0.00525820255279541,0.004677414894104004,0.004488509148359299,0.004256855696439743,0.004088219255208969,0.0038978643715381622,0.0036266744136810303,0.0035266652703285217,0.0033599846065044403,0.0030710995197296143,0.0029954947531223297,0.0027183890342712402,0.0024757683277130127,0.0023815110325813293,0.002041459083557129,0.0017766766250133514,0.0016067996621131897,0.001453746110200882,0.0012496858835220337,0.0010802745819091797,0.0008570216596126556,0.0006236918270587921,0.00040655210614204407,0.0001944713294506073,0.0,0.0,0.0,0.0,0.0,0.0,0.0,0.0,0.0,0.0,0.0,0.0,0.0,0.0,0.0,0.0,0.0,0.0,0.0,0.0,0.09479336440563202
99,0.0058127716183662415,0.005774646997451782,0.00552363321185112,0.005355749279260635,0.005242299288511276,0.004964988678693771,0.004800423979759216,0.004635196179151535,0.0045728012919425964,0.004348825663328171,0.004088155925273895,0.004093293100595474,0.0038619674742221832,0.003664344549179077,0.0035344623029232025,0.0033612921833992004,0.0031369291245937347,0.0028922520577907562,0.002698805183172226,0.002408217638731003,0.002194143831729889,0.0019785240292549133,0.0016514137387275696,0.0014958977699279785,0.0013110972940921783,0.001143045723438263,0.0008407235145568848,0.0006318092346191406,0.00041411444544792175,0.00019195303320884705,0.0,0.0,0.0,0.0,0.0,0.0,0.0,0.0,0.0,0.0,0.0,0.0,0.0,0.0,0.0,0.0,0.0,0.0,0.0,0.0,0.09662377834320068
100,0.005829159170389175,0.005747165530920029,0.005552489310503006,0.005374182015657425,0.005354717373847961,0.005094699561595917,0.004899919033050537,0.004727330058813095,0.004427272826433182,0.004382207989692688,0.004210062325000763,0.003988731652498245,0.003860700875520706,0.0036481060087680817,0.003327585756778717,0.0031035542488098145,0.002929840236902237,0.0027842968702316284,0.0025541260838508606,0.002340860664844513,0.0020693019032478333,0.0018450357019901276,0.0017010793089866638,0.0014914460480213165,0.0013107433915138245,0.001087181270122528,0.0008634589612483978,0.0006073713302612305,0.00046566128730773926,0.00019427761435508728,0.0,0.0,0.0,0.0,0.0,0.0,0.0,0.0,0.0,0.0,0.0,0.0,0.0,0.0,0.0,0.0,0.0,0.0,0.0,0.0,0.09577256441116333

total time per move x,0.6413137689232826,0.5755727663636208,0.5586894862353802,0.5443495959043503,0.5310489982366562,0.5095774158835411,0.4919380396604538,0.4740576669573784,0.4543202742934227,0.4378589652478695,0.4124366156756878,0.3900742344558239,0.37218982353806496,0.35248951241374016,0.33279161900281906,0.31544891744852066,0.29439961537718773,0.2761233150959015,0.2543313354253769,0.23347578942775726,0.21328917518258095,0.19399425759911537,0.17180145531892776,0.156029112637043,0.13052355870604515,0.11088217794895172,0.09043094143271446,0.06943650171160698,0.04936866834759712,0.024487938731908798,0.0005561821162700653,0,0,0,0,0,0,0,0,0,0,0,0,0,0,0,0,0,0,0,9.663287725299597
average time per move x,0.006413137689232826,0.005755727663636207,0.0055868948623538014,0.005443495959043503,0.005310489982366562,0.005095774158835411,0.004919380396604538,0.004740576669573784,0.004543202742934227,0.004378589652478695,0.0041660264209665435,0.003980349331181876,0.0037978553422251525,0.0035968317593238794,0.0033958328469675413,0.0032188665045767414,0.003004077707930487,0.0028175848479173623,0.002595217708422213,0.0023824060145689516,0.0021764201549242953,0.0019795332408072998,0.0017530760746829364,0.001592133802418806,0.0013318730480208689,0.0011314507953974666,0.0009227647084970864,0.0007085357317510916,0.0005037619219142563,0.0002498769258358041,0.00018539403875668844,nan,nan,nan,nan,nan,nan,nan,nan,nan,nan,nan,nan,nan,nan,nan,nan,nan,nan,nan,0.09663287725299596
std of time per move x,0.0013958613094754689,0.00018061382311883913,7.130271991832434e-05,0.00011499451665703384,0.000441396232638059,0.0001321276998694805,9.965873978867314e-05,0.00012276349290206757,0.00012022729349666847,0.0002333501140255394,0.000106189467450482,0.00010258776524668926,0.00012105895116621456,0.00012284272724564257,9.731441027327209e-05,0.0002492461357319506,0.00011274836472916598,0.0001244629185612958,0.000113412328570324,0.00010683503965451165,0.00011343000335457492,0.00019628210100233962,9.361418622233703e-05,0.0004505219209256963,6.801932978121963e-05,8.000679697996114e-05,6.687000583215067e-05,7.017957963646307e-05,7.050483511414364e-05,6.637500726787413e-05,1.5675462654380567e-05,nan,nan,nan,nan,nan,nan,nan,nan,nan,nan,nan,nan,nan,nan,nan,nan,nan,nan,nan,0.006606739770927255
err of average time,0.0001395861309475469,1.806138231188391e-05,7.130271991832434e-06,1.1499451665703383e-05,4.41396232638059e-05,1.3212769986948049e-05,9.965873978867313e-06,1.227634929020676e-05,1.2022729349666848e-05,2.333501140255394e-05,1.0672443036997165e-05,1.03629292103868e-05,1.2228800756137346e-05,1.2408989350691904e-05,9.830239915914359e-06,2.517766182294356e-05,1.1389304752526775e-05,1.2572653388708755e-05,1.1456375228890418e-05,1.0791968715434128e-05,1.1458160651718966e-05,1.9827486377756743e-05,9.456460841867826e-06,4.5509586479964196e-05,6.8709899057234975e-06,8.081906955077988e-06,6.754890654556817e-06,7.089208094537769e-06,7.122063859378626e-06,6.7048882486314534e-06,9.050232583178546e-06,nan,nan,nan,nan,nan,nan,nan,nan,nan,nan,nan,nan,nan,nan,nan,nan,nan,nan,nan,0.0006606739770927255
