Contains move time for player Gambler; opponent is MCTSMaxIter2
Colums refer to move number, rows to game number
game,1,2,3,4,5,6,7,8,9,10,11,12,13,14,15,16,17,18,19,20,21,22,23,24,25,26,27,28,29,30,31,32,33,34,35,36,37,38,39,40,41,42,43,44,45,46,47,48,49,50,total
1,0.005876455456018448,0.00566323846578598,0.005522504448890686,0.005332455039024353,0.005216274410486221,0.005007937550544739,0.004851937294006348,0.004718579351902008,0.004579115658998489,0.004385411739349365,0.004286330193281174,0.0041213929653167725,0.00393250584602356,0.0036847516894340515,0.003478270024061203,0.003213386982679367,0.003055211156606674,0.002899445593357086,0.002608727663755417,0.002360038459300995,0.002137012779712677,0.0019112415611743927,0.0016961731016635895,0.0015289969742298126,0.001299940049648285,0.0010996051132678986,0.0008978322148323059,0.0007315240800380707,0.0005292817950248718,0.00030560046434402466,0.0,0.0,0.0,0.0,0.0,0.0,0.0,0.0,0.0,0.0,0.0,0.0,0.0,0.0,0.0,0.0,0.0,0.0,0.0,0.0,0.09693117812275887
2,0.00578795000910759,0.005637358874082565,0.005499854683876038,0.005388766527175903,0.0051959604024887085,0.005052722990512848,0.0049317143857479095,0.00477449968457222,0.0045120082795619965,0.004393339157104492,0.004227295517921448,0.004095003008842468,0.0037970617413520813,0.003691401332616806,0.0035274922847747803,0.0033064596354961395,0.003173619508743286,0.0028927288949489594,0.002642028033733368,0.002346619963645935,0.0021283701062202454,0.001920551061630249,0.0017773248255252838,0.0014864243566989899,0.001308787614107132,0.0011376403272151947,0.0009865127503871918,0.000752132385969162,0.0005046054720878601,0.0002673529088497162,0.0,0.0,0.0,0.0,0.0,0.0,0.0,0.0,0.0,0.0,0.0,0.0,0.0,0.0,0.0,0.0,0.0,0.0,0.0,0.0,0.09714358672499657
3,0.0057811252772808075,0.005588244646787643,0.0054914504289627075,0.005284648388624191,0.005217880010604858,0.0049666911363601685,0.004819780588150024,0.004670482128858566,0.0046478696167469025,0.004437502473592758,0.004320114850997925,0.0040999241173267365,0.0038984864950180054,0.0037424303591251373,0.003550533205270767,0.003337576985359192,0.003185749053955078,0.0029757358133792877,0.0027665235102176666,0.0025749467313289642,0.0023775920271873474,0.002140875905752182,0.0019246004521846771,0.0017416812479496002,0.0014831796288490295,0.0012276805937290192,0.001015208661556244,0.0007628537714481354,0.0005477219820022583,0.00028526410460472107,0.0,0.0,0.0,0.0,0.0,0.0,0.0,0.0,0.0,0.0,0.0,0.0,0.0,0.0,0.0,0.0,0.0,0.0,0.0,0.0,0.0988643541932106
4,0.005809180438518524,0.0056377798318862915,0.005524348467588425,0.005389120429754257,0.0051627084612846375,0.004915647208690643,0.004872377961874008,0.004685211926698685,0.004508946090936661,0.004394754767417908,0.004169482737779617,0.00408514216542244,0.003846786916255951,0.0037633925676345825,0.0035319626331329346,0.0033228322863578796,0.003038249909877777,0.0028660260140895844,0.002604525536298752,0.0024466142058372498,0.0022223666310310364,0.002019338309764862,0.0017837919294834137,0.0015613213181495667,0.0014211125671863556,0.001218266785144806,0.0009770840406417847,0.0007616207003593445,0.0005322657525539398,0.00028984248638153076,0.0,0.0,0.0,0.0,0.0,0.0,0.0,0.0,0.0,0.0,0.0,0.0,0.0,0.0,0.0,0.0,0.0,0.0,0.0,0.0,0.09736210107803345
5,0.005799353122711182,0.0056684911251068115,0.0055092014372348785,0.00531662255525589,0.0051641203463077545,0.00497107207775116,0.004867043346166611,0.004637550562620163,0.0044842734932899475,0.004416722804307938,0.00420650839805603,0.00402340292930603,0.003891304135322571,0.003682278096675873,0.0035335607826709747,0.003365620970726013,0.0033469051122665405,0.0028623417019844055,0.0026979632675647736,0.0024729445576667786,0.002235185354948044,0.0019819289445877075,0.001823514699935913,0.0016384236514568329,0.0014938674867153168,0.001203000545501709,0.001013144850730896,0.0007396042346954346,0.0005089566111564636,0.0002540610730648041,0.0,0.0,0.0,0.0,0.0,0.0,0.0,0.0,0.0,0.0,0.0,0.0,0.0,0.0,0.0,0.0,0.0,0.0,0.0,0.0,0.09780896827578545
6,0.005694318562746048,0.005624305456876755,0.005457106977701187,0.005298342555761337,0.005188044160604477,0.004998557269573212,0.004793539643287659,0.004654284566640854,0.004387315362691879,0.0043006762862205505,0.017146103084087372,0.00397428497672081,0.0036976858973503113,0.0034207962453365326,0.003369804471731186,0.0031113065779209137,0.0030141808092594147,0.0027283504605293274,0.002536989748477936,0.0022967644035816193,0.0021278560161590576,0.0018707439303398132,0.0016294382512569427,0.0014106258749961853,0.0012143924832344055,0.0010745078325271606,0.0009233653545379639,0.000660330057144165,0.0004142485558986664,0.00015830248594284058,0.0,0.0,0.0,0.0,0.0,0.0,0.0,0.0,0.0,0.0,0.0,0.0,0.0,0.0,0.0,0.0,0.0,0.0,0.0,0.0,0.10717656835913658
7,0.005685232579708099,0.00560292974114418,0.005384471267461777,0.005279649049043655,0.005076009780168533,0.004941057413816452,0.00482415035367012,0.004589416086673737,0.004510499536991119,0.004268888384103775,0.0040937140583992004,0.003879588097333908,0.003729168325662613,0.0035439953207969666,0.003361925482749939,0.0032185204327106476,0.0030271969735622406,0.002882428467273712,0.0026990994811058044,0.0024595968425273895,0.002251453697681427,0.0020122751593589783,0.0017809942364692688,0.0015248209238052368,0.0013868100941181183,0.0010791607201099396,0.0008451081812381744,0.0006473846733570099,0.0004247613251209259,0.0001568421721458435,0.0,0.0,0.0,0.0,0.0,0.0,0.0,0.0,0.0,0.0,0.0,0.0,0.0,0.0,0.0,0.0,0.0,0.0,0.0,0.0,0.09516714885830879
8,0.005726918578147888,0.005551781505346298,0.005512960255146027,0.005314290523529053,0.005239143967628479,0.005044631659984589,0.0049014464020729065,0.004702344536781311,0.004515405744314194,0.004384268075227737,0.004165861755609512,0.004040166735649109,0.00383961945772171,0.0037117265164852142,0.003483220934867859,0.0032819919288158417,0.0030509978532791138,0.0028173401951789856,0.0025781169533729553,0.0024822913110256195,0.002293504774570465,0.0020539946854114532,0.0018598251044750214,0.0016333945095539093,0.0013651996850967407,0.001108318567276001,0.0008426494896411896,0.0006298534572124481,0.00038430094718933105,0.00016232207417488098,0.0,0.0,0.0,0.0,0.0,0.0,0.0,0.0,0.0,0.0,0.0,0.0,0.0,0.0,0.0,0.0,0.0,0.0,0.0,0.0,0.09667788818478584
9,0.005651053041219711,0.00552792102098465,0.005518246442079544,0.005251586437225342,0.005134221166372299,0.00501081719994545,0.004844166338443756,0.004611697047948837,0.004495501518249512,0.004463128745555878,0.004231385886669159,0.004016254097223282,0.0038292482495307922,0.0036552362143993378,0.0034655481576919556,0.0032911933958530426,0.0030281171202659607,0.002838529646396637,0.0026082098484039307,0.002399493008852005,0.0021768249571323395,0.002019967883825302,0.0017909184098243713,0.0015356466174125671,0.0013872422277927399,0.0011023692786693573,0.0009045228362083435,0.0006292909383773804,0.0004427880048751831,0.00015980005264282227,0.0,0.0,0.0,0.0,0.0,0.0,0.0,0.0,0.0,0.0,0.0,0.0,0.0,0.0,0.0,0.0,0.0,0.0,0.0,0.0,0.09602092579007149
10,0.005711395293474197,0.005596578121185303,0.005455683916807175,0.005281753838062286,0.005092985928058624,0.004930328577756882,0.004872128367424011,0.004624154418706894,0.004549872130155563,0.004366330802440643,0.004184454679489136,0.003894887864589691,0.0038122758269309998,0.0037433579564094543,0.0034475959837436676,0.003231614828109741,0.00301196426153183,0.0028505250811576843,0.002605736255645752,0.002450913190841675,0.0022073984146118164,0.002041514962911606,0.001810278743505478,0.0015396028757095337,0.0012480728328227997,0.001009717583656311,0.0007981173694133759,0.0006174594163894653,0.00041413307189941406,0.00016982853412628174,0.0,0.0,0.0,0.0,0.0,0.0,0.0,0.0,0.0,0.0,0.0,0.0,0.0,0.0,0.0,0.0,0.0,0.0,0.0,0.0,0.09557066112756729
11,0.00586719810962677,0.005682788789272308,0.005537308752536774,0.005424287170171738,0.005242049694061279,0.0051095373928546906,0.0049226656556129456,0.004669494926929474,0.004496552050113678,0.004300083965063095,0.00409356877207756,0.003922849893569946,0.003698214888572693,0.003562476485967636,0.0033496394753456116,0.003075040876865387,0.002937581390142441,0.0027640871703624725,0.002608262002468109,0.0024324804544448853,0.0021821409463882446,0.0019441060721874237,0.0017263256013393402,0.0014702752232551575,0.0013120248913764954,0.0011120997369289398,0.0009358860552310944,0.0008025094866752625,0.0005529187619686127,0.00029221177101135254,0.0,0.0,0.0,0.0,0.0,0.0,0.0,0.0,0.0,0.0,0.0,0.0,0.0,0.0,0.0,0.0,0.0,0.0,0.0,0.0,0.09602666646242142
12,0.005809366703033447,0.005672726780176163,0.005502916872501373,0.0053392015397548676,0.005166094750165939,0.004990946501493454,0.004886738955974579,0.004620462656021118,0.004375487565994263,0.004157669842243195,0.004041939973831177,0.003928732126951218,0.0037365108728408813,0.003564879298210144,0.0032884515821933746,0.0030788667500019073,0.0029114075005054474,0.002721823751926422,0.0026090554893016815,0.0024205297231674194,0.0022808872163295746,0.0021042488515377045,0.0018774345517158508,0.0016278214752674103,0.0014150962233543396,0.0012116990983486176,0.0009385831654071808,0.0007344819605350494,0.0005289167165756226,0.0002632439136505127,0.0,0.0,0.0,0.0,0.0,0.0,0.0,0.0,0.0,0.0,0.0,0.0,0.0,0.0,0.0,0.0,0.0,0.0,0.0,0.0,0.09580622240900993
13,0.0059110671281814575,0.005666133016347885,0.005451753735542297,0.00534476712346077,0.005221780389547348,0.005074124783277512,0.004872072488069534,0.00471264123916626,0.004542693495750427,0.004356425255537033,0.004279065877199173,0.0040532611310482025,0.003924082964658737,0.0037066489458084106,0.0035633407533168793,0.003241695463657379,0.003147996962070465,0.003000851720571518,0.0027432963252067566,0.0025916993618011475,0.002249527722597122,0.0020134933292865753,0.001794569194316864,0.0015626922249794006,0.0013530515134334564,0.001159626990556717,0.000913131982088089,0.0007348209619522095,0.0005280114710330963,0.00027591362595558167,0.0,0.0,0.0,0.0,0.0,0.0,0.0,0.0,0.0,0.0,0.0,0.0,0.0,0.0,0.0,0.0,0.0,0.0,0.0,0.0,0.0979902371764183
14,0.00582478940486908,0.0056928470730781555,0.005504943430423737,0.005354057997465134,0.005228403955698013,0.005083844065666199,0.004983879625797272,0.00470791757106781,0.024602849036455154,0.004372142255306244,0.004168257117271423,0.004026934504508972,0.003964032977819443,0.01980571821331978,0.0035059452056884766,0.0033616535365581512,0.0032183937728405,0.003021612763404846,0.002763710916042328,0.0024905987083911896,0.0023466944694519043,0.002135336399078369,0.0019101276993751526,0.001690603792667389,0.001476820558309555,0.0012347660958766937,0.0010400637984275818,0.0007879659533500671,0.0005383789539337158,0.00029780343174934387,0.0,0.0,0.0,0.0,0.0,0.0,0.0,0.0,0.0,0.0,0.0,0.0,0.0,0.0,0.0,0.0,0.0,0.0,0.0,0.0,0.13514109328389168
15,0.0058951228857040405,0.00568920373916626,0.005532514303922653,0.005466748028993607,0.005228251218795776,0.005067251622676849,0.004882402718067169,0.004699405282735825,0.0045449212193489075,0.004350241273641586,0.0042437538504600525,0.00413571298122406,0.003869716078042984,0.0037123337388038635,0.0035021640360355377,0.003274299204349518,0.0030317120254039764,0.002834901213645935,0.0026123039424419403,0.002366330474615097,0.0021492652595043182,0.0019428357481956482,0.0018022656440734863,0.0015553385019302368,0.0014175958931446075,0.0012100301682949066,0.0009730719029903412,0.0007338337600231171,0.000504225492477417,0.0002782009541988373,0.0,0.0,0.0,0.0,0.0,0.0,0.0,0.0,0.0,0.0,0.0,0.0,0.0,0.0,0.0,0.0,0.0,0.0,0.0,0.0,0.09750595316290855
16,0.005717359483242035,0.005603943020105362,0.005475614219903946,0.0053174979984760284,0.005134601145982742,0.004935499280691147,0.004883486777544022,0.004733864217996597,0.004567012190818787,0.004358198493719101,0.004155341535806656,0.003993995487689972,0.0037741027772426605,0.003574226051568985,0.003342192620038986,0.0030410028994083405,0.0028984434902668,0.0027021467685699463,0.002449341118335724,0.002308804541826248,0.0020598210394382477,0.0018792375922203064,0.0017422698438167572,0.0015421323478221893,0.0013228878378868103,0.001094084233045578,0.0008988194167613983,0.0006525367498397827,0.0003772825002670288,0.00015933066606521606,0.0,0.0,0.0,0.0,0.0,0.0,0.0,0.0,0.0,0.0,0.0,0.0,0.0,0.0,0.0,0.0,0.0,0.0,0.0,0.0,0.0946950763463974
17,0.0056886225938797,0.00558147206902504,0.0053865984082221985,0.005290769040584564,0.005129456520080566,0.004917491227388382,0.004861965775489807,0.004654631018638611,0.004468012601137161,0.004322700202465057,0.0042031630873680115,0.004071194678544998,0.003935184329748154,0.0036532655358314514,0.0034407638013362885,0.0032528825104236603,0.003021400421857834,0.0028593167662620544,0.0026396624743938446,0.0024447664618492126,0.0022620558738708496,0.001992199569940567,0.0017327815294265747,0.0015023499727249146,0.0013421699404716492,0.0010995566844940186,0.0007911249995231628,0.0005755536258220673,0.00040340423583984375,0.0001536943018436432,0.0,0.0,0.0,0.0,0.0,0.0,0.0,0.0,0.0,0.0,0.0,0.0,0.0,0.0,0.0,0.0,0.0,0.0,0.0,0.0,0.09567821025848389
18,0.005661793053150177,0.005593977868556976,0.005441896617412567,0.005316801369190216,0.005047839134931564,0.004972349852323532,0.004707891494035721,0.004500143229961395,0.00437333807349205,0.0042347051203250885,0.004077788442373276,0.003887999802827835,0.0037295445799827576,0.003502391278743744,0.003349095582962036,0.0030713453888893127,0.0029116421937942505,0.0027021244168281555,0.0025329813361167908,0.002353314310312271,0.002179093658924103,0.001932639628648758,0.0016885772347450256,0.0014120563864707947,0.0012797601521015167,0.0010777115821838379,0.0008497536182403564,0.0006297044456005096,0.0004287250339984894,0.00015855208039283752,0.0,0.0,0.0,0.0,0.0,0.0,0.0,0.0,0.0,0.0,0.0,0.0,0.0,0.0,0.0,0.0,0.0,0.0,0.0,0.0,0.09360553696751595
19,0.005665358155965805,0.005582652986049652,0.005475524812936783,0.005268163979053497,0.005105659365653992,0.004971325397491455,0.004812922328710556,0.00464765727519989,0.004421040415763855,0.004314921796321869,0.004046626389026642,0.0038909316062927246,0.0037568844854831696,0.003572653979063034,0.003396078944206238,0.0032627247273921967,0.0030530691146850586,0.0028206780552864075,0.0025995224714279175,0.0023438073694705963,0.002045676112174988,0.001876242458820343,0.0016310811042785645,0.0014477074146270752,0.0012968294322490692,0.0010711699724197388,0.0008735954761505127,0.0006660223007202148,0.0004050210118293762,0.00016540661454200745,0.0,0.0,0.0,0.0,0.0,0.0,0.0,0.0,0.0,0.0,0.0,0.0,0.0,0.0,0.0,0.0,0.0,0.0,0.0,0.0,0.09448695555329323
20,0.00568370521068573,0.005633171647787094,0.00542755052447319,0.005301561206579208,0.0050524212419986725,0.004892729222774506,0.004769563674926758,0.004562653601169586,0.004359230399131775,0.0042153336107730865,0.004055719822645187,0.003874748945236206,0.0037142038345336914,0.0035060346126556396,0.003339562565088272,0.003230895847082138,0.0030055195093154907,0.0027679279446601868,0.0025856904685497284,0.0023283548653125763,0.002140633761882782,0.001960333436727524,0.001751929521560669,0.0015905573964118958,0.0013319030404090881,0.0010559000074863434,0.0009030811488628387,0.0006197318434715271,0.0003929212689399719,0.00016110390424728394,0.0,0.0,0.0,0.0,0.0,0.0,0.0,0.0,0.0,0.0,0.0,0.0,0.0,0.0,0.0,0.0,0.0,0.0,0.0,0.0,0.09421467408537865
21,0.005915436893701553,0.005688019096851349,0.005477730184793472,0.005400057882070541,0.005222376435995102,0.018061693757772446,0.004843689501285553,0.004716362804174423,0.004480283707380295,0.004254788160324097,0.004164744168519974,0.0170171856880188,0.003824763000011444,0.0035681575536727905,0.016478125005960464,0.003268655389547348,0.003041457384824753,0.0029036961495876312,0.0026436708867549896,0.0025007836520671844,0.002377007156610489,0.00209701806306839,0.0019767917692661285,0.001740630716085434,0.0015228353440761566,0.0012424550950527191,0.0009660162031650543,0.0007081925868988037,0.0005107112228870392,0.00026133283972740173,0.0,0.0,0.0,0.0,0.0,0.0,0.0,0.0,0.0,0.0,0.0,0.0,0.0,0.0,0.0,0.0,0.0,0.0,0.0,0.0,0.13687466830015182
22,0.0058021582663059235,0.005666583776473999,0.005509916692972183,0.005326777696609497,0.018177468329668045,0.004949454218149185,0.004861839115619659,0.004725057631731033,0.004659645259380341,0.004434984177350998,0.004142332822084427,0.003887411206960678,0.003700077533721924,0.003492068499326706,0.0033648647367954254,0.003195095807313919,0.002945534884929657,0.002742752432823181,0.015626396983861923,0.002433210611343384,0.002210959792137146,0.0019599981606006622,0.0017972514033317566,0.0015767887234687805,0.0013660043478012085,0.0011491812765598297,0.0009483546018600464,0.0007150433957576752,0.000495661050081253,0.00026495009660720825,0.0,0.0,0.0,0.0,0.0,0.0,0.0,0.0,0.0,0.0,0.0,0.0,0.0,0.0,0.0,0.0,0.0,0.0,0.0,0.0,0.12212782353162766
23,0.005805511027574539,0.005636885762214661,0.005469921976327896,0.005388054996728897,0.005184736102819443,0.005023542791604996,0.00486316904425621,0.004701722413301468,0.004483573138713837,0.004404287785291672,0.004298567771911621,0.004058673977851868,0.003872796893119812,0.0037544816732406616,0.0035270191729068756,0.0033002980053424835,0.003138352185487747,0.0029196441173553467,0.0027054473757743835,0.0025442466139793396,0.002371612936258316,0.0021092742681503296,0.0019000694155693054,0.0016134008765220642,0.0014668069779872894,0.0012699738144874573,0.0010281354188919067,0.0007739290595054626,0.0005431100726127625,0.00027452409267425537,0.0,0.0,0.0,0.0,0.0,0.0,0.0,0.0,0.0,0.0,0.0,0.0,0.0,0.0,0.0,0.0,0.0,0.0,0.0,0.0,0.0984317697584629
24,0.005807824432849884,0.005620371550321579,0.0055856406688690186,0.005388539284467697,0.005273111164569855,0.005107507109642029,0.004911947995424271,0.00477103516459465,0.004554096609354019,0.004442788660526276,0.004200108349323273,0.003998126834630966,0.003872353583574295,0.0037436410784721375,0.003482464700937271,0.0032497569918632507,0.0031625740230083466,0.0029786303639411926,0.002722460776567459,0.015462994575500488,0.002313949167728424,0.0020516179502010345,0.0017880313098430634,0.0015820600092411041,0.0013456754386425018,0.0011569000780582428,0.0009300112724304199,0.0007123984396457672,0.0005494430661201477,0.0002894476056098938,0.0,0.0,0.0,0.0,0.0,0.0,0.0,0.0,0.0,0.0,0.0,0.0,0.0,0.0,0.0,0.0,0.0,0.0,0.0,0.0,0.11105550825595856
25,0.005835287272930145,0.005677174776792526,0.005508318543434143,0.005381923168897629,0.005218639969825745,0.004983261227607727,0.0047902911901474,0.004675567150115967,0.004568576812744141,0.004317641258239746,0.004154093563556671,0.004024334251880646,0.0038436315953731537,0.0035944096744060516,0.0034129545092582703,0.003277599811553955,0.003146618604660034,0.002953939139842987,0.0027627646923065186,0.002546515315771103,0.002362627536058426,0.002222307026386261,0.001953158527612686,0.0016959980130195618,0.0014433450996875763,0.0011810846626758575,0.001016460359096527,0.0007605850696563721,0.00051850825548172,0.0002690814435482025,0.0,0.0,0.0,0.0,0.0,0.0,0.0,0.0,0.0,0.0,0.0,0.0,0.0,0.0,0.0,0.0,0.0,0.0,0.0,0.0,0.09809669852256775
26,0.005682043731212616,0.005644012242555618,0.00547381117939949,0.005309972912073135,0.005158092826604843,0.004998665302991867,0.004758045077323914,0.004666540771722794,0.0044601187109947205,0.004370428621768951,0.004172086715698242,0.004020243883132935,0.0037971436977386475,0.0036860257387161255,0.0034160465002059937,0.003221467137336731,0.0030022338032722473,0.002857394516468048,0.0026116855442523956,0.0023602060973644257,0.0020944513380527496,0.0019561611115932465,0.0017473511397838593,0.0014549829065799713,0.0013043172657489777,0.0011027529835700989,0.0008395351469516754,0.0006275027990341187,0.0004231184720993042,0.00016751885414123535,0.0,0.0,0.0,0.0,0.0,0.0,0.0,0.0,0.0,0.0,0.0,0.0,0.0,0.0,0.0,0.0,0.0,0.0,0.0,0.0,0.09538395702838898
27,0.0056863874197006226,0.005600035190582275,0.005457635968923569,0.005250118672847748,0.005107644945383072,0.0049461983144283295,0.0047710128128528595,0.004684466868638992,0.004635438323020935,0.004435576498508453,0.0042266882956027985,0.0039469338953495026,0.0037475116550922394,0.0035888180136680603,0.003393668681383133,0.003247879445552826,0.0030376464128494263,0.002775575965642929,0.0025366656482219696,0.0023278966546058655,0.002122148871421814,0.001944221556186676,0.0017108917236328125,0.0014678463339805603,0.00130501389503479,0.0010801255702972412,0.0008544325828552246,0.0006321519613265991,0.000429447740316391,0.00015905499458312988,0.0,0.0,0.0,0.0,0.0,0.0,0.0,0.0,0.0,0.0,0.0,0.0,0.0,0.0,0.0,0.0,0.0,0.0,0.0,0.0,0.09510913491249084
28,0.005655702203512192,0.005610242486000061,0.005401723086833954,0.0053077563643455505,0.005217555910348892,0.005109831690788269,0.004891138523817062,0.0046548545360565186,0.004442714154720306,0.00431104376912117,0.004140153527259827,0.003910087049007416,0.0037677213549613953,0.0035699382424354553,0.0033108219504356384,0.003184426575899124,0.0029580332338809967,0.0028973035514354706,0.002615317702293396,0.0023220106959342957,0.002199307084083557,0.0019802190363407135,0.001805569976568222,0.0015383027493953705,0.0013471655547618866,0.0011446885764598846,0.0008919350802898407,0.0006727278232574463,0.00043438374996185303,0.0001615472137928009,0.0,0.0,0.0,0.0,0.0,0.0,0.0,0.0,0.0,0.0,0.0,0.0,0.0,0.0,0.0,0.0,0.0,0.0,0.0,0.0,0.09545422345399857
29,0.005748294293880463,0.005623579025268555,0.005456510931253433,0.0053442902863025665,0.005062960088253021,0.004857651889324188,0.004662986844778061,0.0044220685958862305,0.004297621548175812,0.004072893410921097,0.003927268087863922,0.0038204938173294067,0.010850399732589722,0.003532804548740387,0.0033738650381565094,0.003190312534570694,0.002980586141347885,0.002741187810897827,0.002665553241968155,0.00239747017621994,0.0020964741706848145,0.0018868111073970795,0.0017277710139751434,0.0014857612550258636,0.0013352595269680023,0.001105520874261856,0.0008780509233474731,0.000669337809085846,0.0004459470510482788,0.00015697255730628967,0.0,0.0,0.0,0.0,0.0,0.0,0.0,0.0,0.0,0.0,0.0,0.0,0.0,0.0,0.0,0.0,0.0,0.0,0.0,0.0,0.10081670433282852
30,0.005733121186494827,0.005558166652917862,0.005505729466676712,0.005300935357809067,0.005076989531517029,0.0049704574048519135,0.004862748086452484,0.004666026681661606,0.0045291706919670105,0.004385512322187424,0.004199419170618057,0.0039049386978149414,0.003655608743429184,0.0035445690155029297,0.0034576021134853363,0.0032858774065971375,0.0031054578721523285,0.002879798412322998,0.0026480667293071747,0.002300053834915161,0.0021232999861240387,0.0019038692116737366,0.0016882158815860748,0.001465391367673874,0.001266680657863617,0.0010252594947814941,0.0008332841098308563,0.0006450265645980835,0.0004167519509792328,0.00015466287732124329,0.0,0.0,0.0,0.0,0.0,0.0,0.0,0.0,0.0,0.0,0.0,0.0,0.0,0.0,0.0,0.0,0.0,0.0,0.0,0.0,0.09509269148111343
31,0.005922634154558182,0.005698557943105698,0.005471587181091309,0.005395941436290741,0.00528346374630928,0.005109112709760666,0.004965920001268387,0.00479525700211525,0.004635535180568695,0.004651650786399841,0.004359915852546692,0.004143964499235153,0.0038983523845672607,0.003746364265680313,0.0034971460700035095,0.003403089940547943,0.003183078020811081,0.002934437245130539,0.0027874186635017395,0.0025672726333141327,0.002400040626525879,0.002185564488172531,0.0019211359322071075,0.001647762954235077,0.0013958439230918884,0.0012011677026748657,0.0010057836771011353,0.0007903017103672028,0.0005349442362785339,0.0002799108624458313,0.0,0.0,0.0,0.0,0.0,0.0,0.0,0.0,0.0,0.0,0.0,0.0,0.0,0.0,0.0,0.0,0.0,0.0,0.0,0.0,0.09981315582990646
32,0.00579434260725975,0.005648575723171234,0.005549564957618713,0.0053231380879879,0.005138978362083435,0.004932090640068054,0.0048620328307151794,0.004699490964412689,0.0045737624168396,0.004352297633886337,0.004119027405977249,0.00408727303147316,0.0038914866745471954,0.003605946898460388,0.0033765360713005066,0.0031432025134563446,0.0030120834708213806,0.0027727819979190826,0.002631116658449173,0.0024776868522167206,0.00224250927567482,0.002057105302810669,0.0018782839179039001,0.001653190702199936,0.0013864487409591675,0.001139327883720398,0.0009446144104003906,0.0007329955697059631,0.0004617050290107727,0.000270891934633255,0.0,0.0,0.0,0.0,0.0,0.0,0.0,0.0,0.0,0.0,0.0,0.0,0.0,0.0,0.0,0.0,0.0,0.0,0.0,0.0,0.09675848856568336
33,0.005818329751491547,0.005672179162502289,0.005509242415428162,0.005348078906536102,0.005136597901582718,0.005046416074037552,0.004883229732513428,0.004674777388572693,0.004611052572727203,0.004444006830453873,0.004203394055366516,0.004075083881616592,0.003920748829841614,0.0037162117660045624,0.003557030111551285,0.003425445407629013,0.0031534358859062195,0.003031417727470398,0.0027719661593437195,0.0025067105889320374,0.002290584146976471,0.002090003341436386,0.0018795356154441833,0.0016433186829090118,0.0014297738671302795,0.0012209117412567139,0.0010380186140537262,0.0007738843560218811,0.0005186721682548523,0.0002716965973377228,0.0,0.0,0.0,0.0,0.0,0.0,0.0,0.0,0.0,0.0,0.0,0.0,0.0,0.0,0.0,0.0,0.0,0.0,0.0,0.0,0.09866175428032875
34,0.005801774561405182,0.005670376121997833,0.00547848641872406,0.0054102204740047455,0.005293469876050949,0.005112644284963608,0.004955559968948364,0.004840344190597534,0.00455903634428978,0.004446864128112793,0.004380941390991211,0.004094857722520828,0.0038609839975833893,0.0036512166261672974,0.003467123955488205,0.0033141709864139557,0.0031047239899635315,0.0029155053198337555,0.002622324973344803,0.00248602032661438,0.0022785812616348267,0.002148538827896118,0.001943729817867279,0.0017307624220848083,0.0014640316367149353,0.0012212395668029785,0.0009759850800037384,0.0007329694926738739,0.0005264356732368469,0.0002809353172779083,0.0,0.0,0.0,0.0,0.0,0.0,0.0,0.0,0.0,0.0,0.0,0.0,0.0,0.0,0.0,0.0,0.0,0.0,0.0,0.0,0.09876985475420952
35,0.0058383941650390625,0.0056162066757678986,0.005501043051481247,0.005290888249874115,0.00520116463303566,0.005043040961027145,0.004890665411949158,0.004714302718639374,0.004559721797704697,0.004351843148469925,0.0042389556765556335,0.004028584808111191,0.003880079835653305,0.003676239401102066,0.0034705810248851776,0.0033518224954605103,0.00321805477142334,0.002950608730316162,0.002820037305355072,0.0025132223963737488,0.002265568822622299,0.0020627863705158234,0.0018332451581954956,0.0016544833779335022,0.0014395415782928467,0.0012383684515953064,0.0010148398578166962,0.0007819123566150665,0.0005501210689544678,0.00028241053223609924,0.0,0.0,0.0,0.0,0.0,0.0,0.0,0.0,0.0,0.0,0.0,0.0,0.0,0.0,0.0,0.0,0.0,0.0,0.0,0.0,0.09827873483300209
36,0.005669988691806793,0.005589354783296585,0.005406644195318222,0.005263645201921463,0.005095910280942917,0.004988647997379303,0.004809346050024033,0.0046593137085437775,0.004454337060451508,0.004276357591152191,0.004134126007556915,0.003943100571632385,0.0038354508578777313,0.0035647153854370117,0.003429882228374481,0.0031866393983364105,0.002932310104370117,0.0027442537248134613,0.0025999881327152252,0.00242435559630394,0.0021217651665210724,0.0019609257578849792,0.0016866400837898254,0.0014705322682857513,0.0012864544987678528,0.001032654196023941,0.0008573867380619049,0.000645853579044342,0.0003923848271369934,0.00015203282237052917,0.0,0.0,0.0,0.0,0.0,0.0,0.0,0.0,0.0,0.0,0.0,0.0,0.0,0.0,0.0,0.0,0.0,0.0,0.0,0.0,0.09461499750614166
37,0.005688805133104324,0.005610086023807526,0.005433868616819382,0.005261044949293137,0.005026958882808685,0.0049400366842746735,0.004679754376411438,0.004540916532278061,0.004277043044567108,0.004060409963130951,0.003990329802036285,0.0038452893495559692,0.0035615041851997375,0.003311045467853546,0.003082290291786194,0.0029934532940387726,0.002737969160079956,0.002564121037721634,0.0024505332112312317,0.0022928714752197266,0.002056639641523361,0.001910615712404251,0.001728702336549759,0.0015664920210838318,0.001302819699048996,0.0010646097362041473,0.0008568502962589264,0.0006359592080116272,0.0004374086856842041,0.00016603991389274597,0.0,0.0,0.0,0.0,0.0,0.0,0.0,0.0,0.0,0.0,0.0,0.0,0.0,0.0,0.0,0.0,0.0,0.0,0.0,0.0,0.09207446873188019
38,0.005726486444473267,0.005507420748472214,0.005397319793701172,0.005312126129865646,0.00513351708650589,0.004895966500043869,0.00484534353017807,0.004656363278627396,0.00449800118803978,0.004372406750917435,0.004152949899435043,0.003958657383918762,0.003829333931207657,0.0036702342331409454,0.0035021603107452393,0.0033048614859580994,0.0031216517090797424,0.0027921274304389954,0.0025922730565071106,0.002330861985683441,0.0021651163697242737,0.001864071935415268,0.0016966648399829865,0.0014393553137779236,0.0011951439082622528,0.0009562000632286072,0.0007803291082382202,0.0005704276263713837,0.0004202648997306824,0.00016208365559577942,0.0,0.0,0.0,0.0,0.0,0.0,0.0,0.0,0.0,0.0,0.0,0.0,0.0,0.0,0.0,0.0,0.0,0.0,0.0,0.0,0.09484972059726715
39,0.005714882165193558,0.005583669990301132,0.005380470305681229,0.005383800715208054,0.0051476918160915375,0.004960749298334122,0.0048155151307582855,0.004722975194454193,0.00449458509683609,0.004334360361099243,0.004162602126598358,0.004006221890449524,0.0037716813385486603,0.003546427935361862,0.003348562866449356,0.0031799115240573883,0.0030063875019550323,0.0027322210371494293,0.0025529861450195312,0.002358701080083847,0.0022275634109973907,0.001967046409845352,0.0016914904117584229,0.0014511309564113617,0.0012355931103229523,0.0010802783071994781,0.0008891448378562927,0.0006375536322593689,0.00041685253381729126,0.00015546754002571106,0.0,0.0,0.0,0.0,0.0,0.0,0.0,0.0,0.0,0.0,0.0,0.0,0.0,0.0,0.0,0.0,0.0,0.0,0.0,0.0,0.09495652467012405
40,0.0056923069059848785,0.005549788475036621,0.005446821451187134,0.005293067544698715,0.0052236951887607574,0.004993412643671036,0.004809871315956116,0.004708200693130493,0.00456758588552475,0.004352405667304993,0.004118297249078751,0.003937918692827225,0.0037842392921447754,0.0035948604345321655,0.003388170152902603,0.003233160823583603,0.0030091702938079834,0.0027468688786029816,0.0025676265358924866,0.0024194009602069855,0.002176191657781601,0.0019502416253089905,0.0017102807760238647,0.0014649555087089539,0.001279335469007492,0.0010478347539901733,0.0008378885686397552,0.000618521124124527,0.00038612261414527893,0.00015495717525482178,0.0,0.0,0.0,0.0,0.0,0.0,0.0,0.0,0.0,0.0,0.0,0.0,0.0,0.0,0.0,0.0,0.0,0.0,0.0,0.0,0.09506319835782051
41,0.005829650908708572,0.005621511489152908,0.005465630441904068,0.00538552924990654,0.005166780203580856,0.005091335624456406,0.004934050142765045,0.0047742873430252075,0.00450708344578743,0.0044552236795425415,0.00423397496342659,0.004091035574674606,0.003849778324365616,0.0037103556096553802,0.0034928396344184875,0.0032642893493175507,0.0030723176896572113,0.0028694160282611847,0.002593986690044403,0.002506505697965622,0.0023354291915893555,0.002195693552494049,0.0018586255609989166,0.001663006842136383,0.0014271698892116547,0.0011569671332836151,0.0009172633290290833,0.0007310919463634491,0.0005027465522289276,0.00028607621788978577,0.0,0.0,0.0,0.0,0.0,0.0,0.0,0.0,0.0,0.0,0.0,0.0,0.0,0.0,0.0,0.0,0.0,0.0,0.0,0.0,0.09798965230584145
42,0.0057816654443740845,0.005661357194185257,0.005550529807806015,0.00537727028131485,0.005245469510555267,0.004996180534362793,0.004896890372037888,0.004652559757232666,0.004566855728626251,0.004401121288537979,0.004206351935863495,0.004041876643896103,0.0038476288318634033,0.0037078894674777985,0.0035160407423973083,0.0032994039356708527,0.003062557429075241,0.002777654677629471,0.0026329755783081055,0.0024233460426330566,0.00227472186088562,0.0020787864923477173,0.0018466785550117493,0.0016377270221710205,0.0013849623501300812,0.0011976175010204315,0.0009646564722061157,0.000747334212064743,0.0005210041999816895,0.0002971850335597992,0.0,0.0,0.0,0.0,0.0,0.0,0.0,0.0,0.0,0.0,0.0,0.0,0.0,0.0,0.0,0.0,0.0,0.0,0.0,0.0,0.09759629890322685
43,0.005788199603557587,0.005626443773508072,0.005497980862855911,0.0053307972848415375,0.0052299052476882935,0.00506177544593811,0.004840243607759476,0.0046724602580070496,0.004543740302324295,0.004345782101154327,0.004219964146614075,0.003978881984949112,0.0037959925830364227,0.00369160994887352,0.003463219851255417,0.003252387046813965,0.003039747476577759,0.002705298364162445,0.0024238228797912598,0.0023318007588386536,0.002133239060640335,0.0019524171948432922,0.0018192939460277557,0.001610197126865387,0.001308683305978775,0.0011444948613643646,0.0009307302534580231,0.0007664300501346588,0.0005288980901241302,0.00028892233967781067,0.0,0.0,0.0,0.0,0.0,0.0,0.0,0.0,0.0,0.0,0.0,0.0,0.0,0.0,0.0,0.0,0.0,0.0,0.0,0.0,0.09632335975766182
44,0.005840372294187546,0.00563439354300499,0.005517955869436264,0.005345698446035385,0.005240611732006073,0.005112346261739731,0.00493771955370903,0.004752371460199356,0.004608623683452606,0.004495885223150253,0.0043550170958042145,0.0041420795023441315,0.0038962438702583313,0.0037022829055786133,0.0035178102552890778,0.003296568989753723,0.0029961615800857544,0.0029267631471157074,0.0027373209595680237,0.002402331680059433,0.002196352928876877,0.0019744746387004852,0.0017509274184703827,0.001594826579093933,0.001375533640384674,0.001169588416814804,0.0009500905871391296,0.0007667280733585358,0.000532541424036026,0.0002669990062713623,0.0,0.0,0.0,0.0,0.0,0.0,0.0,0.0,0.0,0.0,0.0,0.0,0.0,0.0,0.0,0.0,0.0,0.0,0.0,0.0,0.09803662076592445
45,0.005791846662759781,0.00565231591463089,0.005478240549564362,0.005345676094293594,0.0051874928176403046,0.0050441548228263855,0.00490063801407814,0.0046243928372859955,0.0045886412262916565,0.004370570182800293,0.004184737801551819,0.003949262201786041,0.0038059577345848083,0.0035848096013069153,0.0033950433135032654,0.0032124891877174377,0.002994716167449951,0.00284026563167572,0.002598937600851059,0.0024537071585655212,0.0021664053201675415,0.0019390247762203217,0.0016830898821353912,0.0014663971960544586,0.001290060579776764,0.0010841712355613708,0.0008758567273616791,0.000692460685968399,0.0005850754678249359,0.0002782009541988373,0.0,0.0,0.0,0.0,0.0,0.0,0.0,0.0,0.0,0.0,0.0,0.0,0.0,0.0,0.0,0.0,0.0,0.0,0.0,0.0,0.09606463834643364
46,0.0056604258716106415,0.005620110780000687,0.0054558031260967255,0.005273245275020599,0.005067281424999237,0.004943441599607468,0.004770044237375259,0.004620645195245743,0.004438236355781555,0.004219528287649155,0.004033084958791733,0.0039732083678245544,0.0038498081266880035,0.003650091588497162,0.0033714771270751953,0.0032432228326797485,0.0030566081404685974,0.0028047487139701843,0.002634827047586441,0.0023726224899291992,0.002167254686355591,0.001911945641040802,0.0016923919320106506,0.0014817938208580017,0.001274947077035904,0.0010769590735435486,0.0008821748197078705,0.0006652437150478363,0.0004733763635158539,0.00016377493739128113,0.0,0.0,0.0,0.0,0.0,0.0,0.0,0.0,0.0,0.0,0.0,0.0,0.0,0.0,0.0,0.0,0.0,0.0,0.0,0.0,0.09484832361340523
47,0.005703102797269821,0.005491491407155991,0.005349569022655487,0.005308467894792557,0.005097292363643646,0.004945814609527588,0.004734613001346588,0.0045858994126319885,0.004416007548570633,0.004170134663581848,0.004047993570566177,0.0038498789072036743,0.003769710659980774,0.0035269446671009064,0.003389008343219757,0.0031334832310676575,0.002931002527475357,0.0027356892824172974,0.0024293512105941772,0.002270203083753586,0.0021354369819164276,0.001918308436870575,0.0016794092953205109,0.001428447663784027,0.0012648925185203552,0.0010522156953811646,0.000835418701171875,0.0005519017577171326,0.00036459043622016907,0.00016953051090240479,0.0,0.0,0.0,0.0,0.0,0.0,0.0,0.0,0.0,0.0,0.0,0.0,0.0,0.0,0.0,0.0,0.0,0.0,0.0,0.0,0.09328581020236015
48,0.005756884813308716,0.005609791725873947,0.005509678274393082,0.005308847874403,0.005158085376024246,0.004994060844182968,0.004793751984834671,0.0048013366758823395,0.004556085914373398,0.004301566630601883,0.0041181668639183044,0.0038857609033584595,0.0037675388157367706,0.0035208910703659058,0.003376588225364685,0.0032090991735458374,0.003010619431734085,0.0028059855103492737,0.0025914236903190613,0.0023632273077964783,0.0021610409021377563,0.0018865354359149933,0.0017084591090679169,0.0015439987182617188,0.0013232901692390442,0.0011143200099468231,0.0009053871035575867,0.0006427466869354248,0.00042640790343284607,0.00028975680470466614,0.0,0.0,0.0,0.0,0.0,0.0,0.0,0.0,0.0,0.0,0.0,0.0,0.0,0.0,0.0,0.0,0.0,0.0,0.0,0.0,0.09544133394956589
49,0.005697861313819885,0.005624022334814072,0.0054078251123428345,0.005335941910743713,0.005092952400445938,0.004909023642539978,0.004751022905111313,0.0045873187482357025,0.004465959966182709,0.004346348345279694,0.004153456538915634,0.0038892626762390137,0.003678787499666214,0.003467865288257599,0.0032133981585502625,0.00295986607670784,0.0027498528361320496,0.0025911591947078705,0.002347715198993683,0.002184685319662094,0.001972626894712448,0.001810658723115921,0.0016696415841579437,0.0014198645949363708,0.0012463480234146118,0.0010294727981090546,0.0008248649537563324,0.0006349161267280579,0.0003890208899974823,0.00015600770711898804,0.0,0.0,0.0,0.0,0.0,0.0,0.0,0.0,0.0,0.0,0.0,0.0,0.0,0.0,0.0,0.0,0.0,0.0,0.0,0.0,0.09260774776339531
50,0.005730103701353073,0.005562253296375275,0.0053951554000377655,0.005294010043144226,0.0051331594586372375,0.0050424374639987946,0.004843607544898987,0.004738226532936096,0.004577185958623886,0.004389382898807526,0.0042343586683273315,0.003959387540817261,0.003728684037923813,0.0035961605608463287,0.0034714825451374054,0.0032950229942798615,0.003054991364479065,0.0028503313660621643,0.0025589242577552795,0.0023570358753204346,0.0022258535027503967,0.002030514180660248,0.0017438419163227081,0.00150362029671669,0.0012336969375610352,0.001058284193277359,0.0008285753428936005,0.0006466172635555267,0.0004210136830806732,0.0001660175621509552,0.0,0.0,0.0,0.0,0.0,0.0,0.0,0.0,0.0,0.0,0.0,0.0,0.0,0.0,0.0,0.0,0.0,0.0,0.0,0.0,0.095669936388731
51,0.005829975008964539,0.005677405744791031,0.005538832396268845,0.00530841201543808,0.005140695720911026,0.004981614649295807,0.004948645830154419,0.004760507494211197,0.004591032862663269,0.004375692456960678,0.004205841571092606,0.004080742597579956,0.003877032548189163,0.003682989627122879,0.00357886403799057,0.0034231506288051605,0.0032768137753009796,0.0029970072209835052,0.0027415454387664795,0.0025819800794124603,0.0023367032408714294,0.0020588599145412445,0.0018216148018836975,0.0016563497483730316,0.0014369562268257141,0.0012225881218910217,0.000995047390460968,0.0007640905678272247,0.000520315021276474,0.0002748630940914154,0.0,0.0,0.0,0.0,0.0,0.0,0.0,0.0,0.0,0.0,0.0,0.0,0.0,0.0,0.0,0.0,0.0,0.0,0.0,0.0,0.09868616983294487
52,0.005842771381139755,0.005658328533172607,0.005513928830623627,0.005275774747133255,0.005148354917764664,0.005072399973869324,0.0048557668924331665,0.0046769678592681885,0.0045187585055828094,0.008306112140417099,0.004192609339952469,0.0038961470127105713,0.0038463138043880463,0.0036332719027996063,0.003495149314403534,0.0032919682562351227,0.003051888197660446,0.0028442181646823883,0.002599373459815979,0.0023709796369075775,0.0022238194942474365,0.0019577927887439728,0.0017498917877674103,0.0015200711786746979,0.0013306140899658203,0.0010741055011749268,0.0009422898292541504,0.0007389038801193237,0.0004706643521785736,0.00026810169219970703,0.0,0.0,0.0,0.0,0.0,0.0,0.0,0.0,0.0,0.0,0.0,0.0,0.0,0.0,0.0,0.0,0.0,0.0,0.0,0.0,0.10036733746528625
53,0.005823235958814621,0.005614861845970154,0.005434650927782059,0.005349036306142807,0.005163721740245819,0.00494808703660965,0.004722103476524353,0.00465913861989975,0.004448439925909042,0.0043210312724113464,0.00412905216217041,0.0039714425802230835,0.0060914866626262665,0.003559630364179611,0.0033912397921085358,0.0031328238546848297,0.002897661179304123,0.0027072541415691376,0.0024903006851673126,0.0023311451077461243,0.0022031739354133606,0.0020298436284065247,0.0018121935427188873,0.0015521012246608734,0.0014183297753334045,0.0011734738945960999,0.000962425023317337,0.0007653161883354187,0.000516202300786972,0.00028360262513160706,0.0,0.0,0.0,0.0,0.0,0.0,0.0,0.0,0.0,0.0,0.0,0.0,0.0,0.0,0.0,0.0,0.0,0.0,0.0,0.0,0.09790300577878952
54,0.005824431777000427,0.005641516298055649,0.005560383200645447,0.005421329289674759,0.005238980054855347,0.005046717822551727,0.004866369068622589,0.0046557895839214325,0.004570998251438141,0.004382818937301636,0.004228562116622925,0.004053354263305664,0.003896959125995636,0.00373879075050354,0.0035329684615135193,0.0033610649406909943,0.0032780691981315613,0.0030420348048210144,0.0027440451085567474,0.0025236792862415314,0.0023142844438552856,0.0019997134804725647,0.0017396770417690277,0.001603648066520691,0.001365114003419876,0.0011851415038108826,0.000994320958852768,0.0007716231048107147,0.0005365796387195587,0.0002859644591808319,0.0,0.0,0.0,0.0,0.0,0.0,0.0,0.0,0.0,0.0,0.0,0.0,0.0,0.0,0.0,0.0,0.0,0.0,0.0,0.0,0.09840492904186249
55,0.0058518461883068085,0.005683004856109619,0.005518164485692978,0.005379203706979752,0.0051693059504032135,0.005055129528045654,0.004964835941791534,0.004816371947526932,0.00456324964761734,0.004358924925327301,0.004226397722959518,0.004065070301294327,0.003937911242246628,0.00375916063785553,0.0035832449793815613,0.00338546559214592,0.0031587593257427216,0.0029802434146404266,0.0027196407318115234,0.0025055482983589172,0.0022421441972255707,0.002007942646741867,0.001818772405385971,0.0015494488179683685,0.0013532787561416626,0.0011391304433345795,0.0009388737380504608,0.0006798617541790009,0.0004492625594139099,0.0002715550363063812,0.0,0.0,0.0,0.0,0.0,0.0,0.0,0.0,0.0,0.0,0.0,0.0,0.0,0.0,0.0,0.0,0.0,0.0,0.0,0.0,0.09813174977898598
56,0.005688365548849106,0.005615655332803726,0.005420483648777008,0.005314663052558899,0.005151122808456421,0.0050644539296627045,0.004892822355031967,0.004688285291194916,0.004480250179767609,0.004366390407085419,0.004159498959779739,0.003961585462093353,0.003754694014787674,0.0035890378057956696,0.003347117453813553,0.003115452826023102,0.00298251211643219,0.002722267061471939,0.0025314874947071075,0.0022698529064655304,0.0021589919924736023,0.0019372031092643738,0.001713249832391739,0.0015274323523044586,0.001301005482673645,0.0011062398552894592,0.0008697286248207092,0.0006537139415740967,0.0003955736756324768,0.00016184523701667786,0.0,0.0,0.0,0.0,0.0,0.0,0.0,0.0,0.0,0.0,0.0,0.0,0.0,0.0,0.0,0.0,0.0,0.0,0.0,0.0,0.09494098275899887
57,0.005713570863008499,0.005573078989982605,0.005451332777738571,0.0052487812936306,0.005053721368312836,0.004950031638145447,0.0048506855964660645,0.004646841436624527,0.004329051822423935,0.004139713943004608,0.003920145332813263,0.0036264434456825256,0.0034634023904800415,0.0033967792987823486,0.0032507851719856262,0.003025796264410019,0.0028491802513599396,0.0027490071952342987,0.0025117509067058563,0.0022958293557167053,0.002097301185131073,0.0018944554030895233,0.0016566924750804901,0.0014220550656318665,0.001245003193616867,0.0010367222130298615,0.0007891431450843811,0.0006717108190059662,0.00037085264921188354,0.00015345588326454163,0.0,0.0,0.0,0.0,0.0,0.0,0.0,0.0,0.0,0.0,0.0,0.0,0.0,0.0,0.0,0.0,0.0,0.0,0.0,0.0,0.09238332137465477
58,0.0056946054100990295,0.005506172776222229,0.005376450717449188,0.005262460559606552,0.00508345291018486,0.004909146577119827,0.004803653806447983,0.00467706099152565,0.004464041441679001,0.004313189536333084,0.004225257784128189,0.004042487591505051,0.003908261656761169,0.003685310482978821,0.003463536500930786,0.0032624490559101105,0.003070652484893799,0.0028731822967529297,0.0026950500905513763,0.002465423196554184,0.0022594891488552094,0.002062588930130005,0.001851499080657959,0.0016079656779766083,0.0013379715383052826,0.0010039471089839935,0.000772569328546524,0.0006025917828083038,0.000431060791015625,0.0001619867980480194,0.0,0.0,0.0,0.0,0.0,0.0,0.0,0.0,0.0,0.0,0.0,0.0,0.0,0.0,0.0,0.0,0.0,0.0,0.0,0.0,0.09587351605296135
59,0.0057042501866817474,0.005616631358861923,0.005445156246423721,0.005269266664981842,0.0051299333572387695,0.005035568028688431,0.004837147891521454,0.004670128226280212,0.004541967064142227,0.004255946725606918,0.0042368583381175995,0.003972277045249939,0.0037496984004974365,0.0035008490085601807,0.003273390233516693,0.0031311064958572388,0.002958204597234726,0.002838507294654846,0.0026096701622009277,0.002286020666360855,0.0021251216530799866,0.0019066855311393738,0.0017123967409133911,0.0015427395701408386,0.0013737566769123077,0.0011675618588924408,0.0008765198290348053,0.0006391555070877075,0.0003875456750392914,0.00016444921493530273,0.0,0.0,0.0,0.0,0.0,0.0,0.0,0.0,0.0,0.0,0.0,0.0,0.0,0.0,0.0,0.0,0.0,0.0,0.0,0.0,0.09495851024985313
60,0.005642395466566086,0.005580969154834747,0.005482509732246399,0.0052775368094444275,0.005164641886949539,0.004947144538164139,0.004697900265455246,0.004605177789926529,0.004439502954483032,0.00423797219991684,0.0040155574679374695,0.0038128308951854706,0.0037162788212299347,0.0035299137234687805,0.003348264843225479,0.003086403012275696,0.002908580005168915,0.0025947652757167816,0.0024812407791614532,0.002273980528116226,0.002089783549308777,0.0018110387027263641,0.0016419179737567902,0.0014856122434139252,0.0013129860162734985,0.0010919012129306793,0.0008519217371940613,0.0006573237478733063,0.00042274221777915955,0.00017378851771354675,0.0,0.0,0.0,0.0,0.0,0.0,0.0,0.0,0.0,0.0,0.0,0.0,0.0,0.0,0.0,0.0,0.0,0.0,0.0,0.0,0.0933825820684433
61,0.005841892212629318,0.005620613694190979,0.00547013059258461,0.005330268293619156,0.005182288587093353,0.0049530938267707825,0.0048946477472782135,0.004684582352638245,0.004462793469429016,0.004334509372711182,0.004155181348323822,0.004047289490699768,0.003807526081800461,0.0035600513219833374,0.003471456468105316,0.0031147971749305725,0.00292930006980896,0.002702675759792328,0.0025180988013744354,0.002311352640390396,0.002036411315202713,0.0019195452332496643,0.0017414875328540802,0.001565355807542801,0.0012978538870811462,0.0011243000626564026,0.0009370110929012299,0.0007569938898086548,0.0005108900368213654,0.0002704933285713196,0.0,0.0,0.0,0.0,0.0,0.0,0.0,0.0,0.0,0.0,0.0,0.0,0.0,0.0,0.0,0.0,0.0,0.0,0.0,0.0,0.09555289149284363
62,0.005796689540147781,0.005620893090963364,0.0054357051849365234,0.0053800418972969055,0.0052301883697509766,0.005024775862693787,0.004839606583118439,0.004600167274475098,0.004460006952285767,0.004301469773054123,0.004248291254043579,0.004012405872344971,0.003908101469278336,0.0036623701453208923,0.003486860543489456,0.0033722780644893646,0.0030873268842697144,0.002917889505624771,0.002735961228609085,0.002511400729417801,0.0023068785667419434,0.0020749904215335846,0.0018915832042694092,0.0016770288348197937,0.001455593854188919,0.001258905977010727,0.0009689107537269592,0.0007257536053657532,0.0005122832953929901,0.00028256699442863464,0.0,0.0,0.0,0.0,0.0,0.0,0.0,0.0,0.0,0.0,0.0,0.0,0.0,0.0,0.0,0.0,0.0,0.0,0.0,0.0,0.09778692573308945
63,0.005796521902084351,0.005641881376504898,0.005506690591573715,0.0053969621658325195,0.005225908011198044,0.005047831684350967,0.0048357173800468445,0.004774738103151321,0.004508599638938904,0.004375237971544266,0.004130315035581589,0.003956224769353867,0.0037910379469394684,0.0036555491387844086,0.0034951195120811462,0.003331352025270462,0.003052927553653717,0.0029424764215946198,0.0027869567275047302,0.002553090453147888,0.002325385808944702,0.0020844191312789917,0.001873217523097992,0.001629311591386795,0.001380961388349533,0.001199670135974884,0.0009680353105068207,0.0007302947342395782,0.0004841536283493042,0.0002834498882293701,0.0,0.0,0.0,0.0,0.0,0.0,0.0,0.0,0.0,0.0,0.0,0.0,0.0,0.0,0.0,0.0,0.0,0.0,0.0,0.0,0.0977640375494957
64,0.005821991711854935,0.005676981061697006,0.005525704473257065,0.005309723317623138,0.005227748304605484,0.005070079118013382,0.004897359758615494,0.0047888197004795074,0.004640351980924606,0.004428360611200333,0.004262205213308334,0.004082731902599335,0.003811221569776535,0.0036118514835834503,0.0033637620508670807,0.003159794956445694,0.0029054470360279083,0.0027317404747009277,0.0025175251066684723,0.002352684736251831,0.0021359026432037354,0.001998063176870346,0.001767776906490326,0.0015924759209156036,0.0013535991311073303,0.0011231154203414917,0.0009268485009670258,0.0007557831704616547,0.0005307644605636597,0.0002664811909198761,0.0,0.0,0.0,0.0,0.0,0.0,0.0,0.0,0.0,0.0,0.0,0.0,0.0,0.0,0.0,0.0,0.0,0.0,0.0,0.0,0.09663689509034157
65,0.005829542875289917,0.005667779594659805,0.00552087277173996,0.005361586809158325,0.005124479532241821,0.005061846226453781,0.004889141768217087,0.004824444651603699,0.004610460251569748,0.004388622939586639,0.004177037626504898,0.004072420299053192,0.003917776048183441,0.003651488572359085,0.0034514404833316803,0.0032766275107860565,0.003132123500108719,0.0028991661965847015,0.002733927220106125,0.0025308802723884583,0.0023032203316688538,0.0020276829600334167,0.0018109679222106934,0.0015859715640544891,0.0013517588376998901,0.0011314451694488525,0.0009504035115242004,0.0007640384137630463,0.0005521699786186218,0.00026984140276908875,0.0,0.0,0.0,0.0,0.0,0.0,0.0,0.0,0.0,0.0,0.0,0.0,0.0,0.0,0.0,0.0,0.0,0.0,0.0,0.0,0.09786916524171829
66,0.005692251026630402,0.00548417866230011,0.005394674837589264,0.005177047103643417,0.0050527602434158325,0.0049724280834198,0.004876747727394104,0.0047601014375686646,0.004540860652923584,0.004311889410018921,0.004091914743185043,0.0038882791996002197,0.003832876682281494,0.0036015212535858154,0.003402154892683029,0.0032021477818489075,0.003063969314098358,0.002780534327030182,0.002637341618537903,0.0024334751069545746,0.002267856150865555,0.002047557383775711,0.001763768494129181,0.001501280814409256,0.0013333633542060852,0.0011417567729949951,0.0008750855922698975,0.0006298162043094635,0.00039881840348243713,0.00016840919852256775,0.0,0.0,0.0,0.0,0.0,0.0,0.0,0.0,0.0,0.0,0.0,0.0,0.0,0.0,0.0,0.0,0.0,0.0,0.0,0.0,0.09532486647367477
67,0.005726292729377747,0.005627978593111038,0.00544888898730278,0.005282901227474213,0.0051837824285030365,0.0049415528774261475,0.00489329919219017,0.0046527571976184845,0.004445381462574005,0.004253119230270386,0.00406603142619133,0.0039859339594841,0.003803689032793045,0.0034609511494636536,0.0032822340726852417,0.0031019672751426697,0.0028852857649326324,0.002740558236837387,0.002554219216108322,0.0023468807339668274,0.002035103738307953,0.0018253661692142487,0.0016248077154159546,0.0014175400137901306,0.0012591369450092316,0.001007121056318283,0.0007889717817306519,0.0005944781005382538,0.0003602541983127594,0.00017010048031806946,0.0,0.0,0.0,0.0,0.0,0.0,0.0,0.0,0.0,0.0,0.0,0.0,0.0,0.0,0.0,0.0,0.0,0.0,0.0,0.0,0.09376658499240875
68,0.0056997910141944885,0.005595322698354721,0.005384188145399094,0.005344130098819733,0.0057159848511219025,0.005013074725866318,0.004773993045091629,0.004570290446281433,0.004481714218854904,0.004335686564445496,0.004094041883945465,0.003980517387390137,0.003797776997089386,0.0036008022725582123,0.0033759698271751404,0.003188684582710266,0.002939622849225998,0.00274784117937088,0.002518225461244583,0.002361401915550232,0.002129320055246353,0.0019466988742351532,0.0018002763390541077,0.001567784696817398,0.0013249702751636505,0.001090720295906067,0.0008145943284034729,0.0006482228636741638,0.0004096813499927521,0.0001574307680130005,0.0,0.0,0.0,0.0,0.0,0.0,0.0,0.0,0.0,0.0,0.0,0.0,0.0,0.0,0.0,0.0,0.0,0.0,0.0,0.0,0.09540876001119614
69,0.005707230418920517,0.005522292107343674,0.0054452866315841675,0.005274344235658646,0.00522216409444809,0.005059715360403061,0.004899416118860245,0.004741169512271881,0.004501882940530777,0.004341471940279007,0.004148408770561218,0.0039548687636852264,0.003739837557077408,0.003448653966188431,0.003343060612678528,0.0032355226576328278,0.0030724816024303436,0.0029000304639339447,0.002749975770711899,0.0024726130068302155,0.0022567547857761383,0.002003289759159088,0.0018203333020210266,0.0015629380941390991,0.0013190433382987976,0.0010994374752044678,0.0008744262158870697,0.0006410405039787292,0.0004135705530643463,0.00015207380056381226,0.0,0.0,0.0,0.0,0.0,0.0,0.0,0.0,0.0,0.0,0.0,0.0,0.0,0.0,0.0,0.0,0.0,0.0,0.0,0.0,0.09592333436012268
70,0.005679834634065628,0.00562480092048645,0.005408484488725662,0.005282394587993622,0.005113769322633743,0.004946567118167877,0.004810582846403122,0.004592966288328171,0.004468116909265518,0.0043930672109127045,0.004104912281036377,0.0038939714431762695,0.003703966736793518,0.0034954845905303955,0.00318806990981102,0.0030339136719703674,0.002742454409599304,0.0025879591703414917,0.0024601928889751434,0.0023039281368255615,0.002158030867576599,0.0019473060965538025,0.0016881488263607025,0.0014756731688976288,0.0012519881129264832,0.0010733343660831451,0.0008977875113487244,0.0006495155394077301,0.0004173368215560913,0.00016620010137557983,0.0,0.0,0.0,0.0,0.0,0.0,0.0,0.0,0.0,0.0,0.0,0.0,0.0,0.0,0.0,0.0,0.0,0.0,0.0,0.0,0.09356075897812843
71,0.005829989910125732,0.005620699375867844,0.005531910806894302,0.005307890474796295,0.00522155687212944,0.005088444799184799,0.004938889294862747,0.004767671227455139,0.004535656422376633,0.004424501210451126,0.004170626401901245,0.004034701734781265,0.0038576945662498474,0.003703337162733078,0.0035441704094409943,0.003300592303276062,0.0031766220927238464,0.002930115908384323,0.0027549900114536285,0.002548426389694214,0.0024360306560993195,0.002212420105934143,0.0019310787320137024,0.0016622059047222137,0.0014409124851226807,0.0011926665902137756,0.0009527802467346191,0.0007720477879047394,0.0005401819944381714,0.00029165297746658325,0.0,0.0,0.0,0.0,0.0,0.0,0.0,0.0,0.0,0.0,0.0,0.0,0.0,0.0,0.0,0.0,0.0,0.0,0.0,0.0,0.09872046485543251
72,0.005886029452085495,0.005647171288728714,0.005468424409627914,0.005427449941635132,0.005249306559562683,0.005031619220972061,0.004869583994150162,0.004756566137075424,0.004638414829969406,0.00452939048409462,0.00430678203701973,0.004067324101924896,0.0038464516401290894,0.0036052092909812927,0.0034036636352539062,0.0031278878450393677,0.002940438687801361,0.0027844086289405823,0.0026189833879470825,0.0024783238768577576,0.0021812431514263153,0.001948423683643341,0.0016868524253368378,0.0015296563506126404,0.001292739063501358,0.0010834857821464539,0.0009225457906723022,0.0007399506866931915,0.0005080811679363251,0.0002846159040927887,0.0,0.0,0.0,0.0,0.0,0.0,0.0,0.0,0.0,0.0,0.0,0.0,0.0,0.0,0.0,0.0,0.0,0.0,0.0,0.0,0.09686102345585823
73,0.005887232720851898,0.005673710256814957,0.005509141832590103,0.005319502204656601,0.005189422518014908,0.005047522485256195,0.004823688417673111,0.004660714417695999,0.004457946866750717,0.004226911813020706,0.004132010042667389,0.003921538591384888,0.00374627485871315,0.0034688524901866913,0.003323625773191452,0.003156505525112152,0.0028982162475585938,0.0026932917535305023,0.00259515643119812,0.002372153103351593,0.0021625645458698273,0.0020059607923030853,0.001737356185913086,0.0015165992081165314,0.0012797340750694275,0.0011256635189056396,0.0009271353483200073,0.0007306411862373352,0.0005141608417034149,0.00028143078088760376,0.0,0.0,0.0,0.0,0.0,0.0,0.0,0.0,0.0,0.0,0.0,0.0,0.0,0.0,0.0,0.0,0.0,0.0,0.0,0.0,0.09538466483354568
74,0.005815822631120682,0.005652900785207748,0.00552179291844368,0.005485378205776215,0.005206558853387833,0.005101460963487625,0.004947144538164139,0.004768669605255127,0.004573918879032135,0.004305288195610046,0.004089299589395523,0.003925573080778122,0.0037965886294841766,0.003677651286125183,0.003435816615819931,0.0032967478036880493,0.00305238738656044,0.002915523946285248,0.0026797018945217133,0.0023780688643455505,0.002169601619243622,0.001990273594856262,0.0017786994576454163,0.0015988871455192566,0.0014775246381759644,0.0011995062232017517,0.0010590329766273499,0.0007553957402706146,0.0005063936114311218,0.00027336180210113525,0.0,0.0,0.0,0.0,0.0,0.0,0.0,0.0,0.0,0.0,0.0,0.0,0.0,0.0,0.0,0.0,0.0,0.0,0.0,0.0,0.09743497148156166
75,0.005918111652135849,0.0056799836456775665,0.0055650100111961365,0.005479395389556885,0.005219660699367523,0.005040451884269714,0.004844333976507187,0.004610426723957062,0.0045327432453632355,0.004323903471231461,0.004078242927789688,0.0039892420172691345,0.0036915168166160583,0.0035118870437145233,0.0032147057354450226,0.003243744373321533,0.0028153397142887115,0.0026422105729579926,0.002516932785511017,0.002291180193424225,0.0021714866161346436,0.0019880682229995728,0.0017957985401153564,0.0016260519623756409,0.0014256387948989868,0.0012074001133441925,0.0009824112057685852,0.0007759444415569305,0.0005260184407234192,0.000300724059343338,0.00015402212738990784,0.0,0.0,0.0,0.0,0.0,0.0,0.0,0.0,0.0,0.0,0.0,0.0,0.0,0.0,0.0,0.0,0.0,0.0,0.0,0.0961625874042511
76,0.005695901811122894,0.005571030080318451,0.005425572395324707,0.005296152085065842,0.005106229335069656,0.004925943911075592,0.004704535007476807,0.0045129768550395966,0.00444469228386879,0.00428524985909462,0.004150543361902237,0.003959134221076965,0.0038033537566661835,0.0036031976342201233,0.0034093260765075684,0.0032402202486991882,0.0029715783894062042,0.002761155366897583,0.002674408257007599,0.0024484507739543915,0.0022191256284713745,0.002005450427532196,0.00178547203540802,0.0015440434217453003,0.0013030841946601868,0.0010729283094406128,0.0008424147963523865,0.0006386004388332367,0.00037653371691703796,0.00016353651881217957,0.0,0.0,0.0,0.0,0.0,0.0,0.0,0.0,0.0,0.0,0.0,0.0,0.0,0.0,0.0,0.0,0.0,0.0,0.0,0.0,0.09494084119796753
77,0.005723215639591217,0.005608618259429932,0.005464665591716766,0.00527692586183548,0.005141213536262512,0.004956122487783432,0.004767265170812607,0.0046858713030815125,0.004428505897521973,0.004229661077260971,0.004084162414073944,0.003888983279466629,0.003709409385919571,0.0035687200725078583,0.0034520402550697327,0.0032089948654174805,0.0030517764389514923,0.002813495695590973,0.002634979784488678,0.0023908205330371857,0.002153802663087845,0.0019209757447242737,0.0017514340579509735,0.0014796890318393707,0.0012669116258621216,0.0010285638272762299,0.0008523762226104736,0.0006814450025558472,0.00041254982352256775,0.00014888867735862732,0.0,0.0,0.0,0.0,0.0,0.0,0.0,0.0,0.0,0.0,0.0,0.0,0.0,0.0,0.0,0.0,0.0,0.0,0.0,0.0,0.09478208422660828
78,0.005722761154174805,0.005582526326179504,0.005427461117506027,0.005288328975439072,0.005134738981723785,0.004993189126253128,0.004846479743719101,0.00464484840631485,0.004426926374435425,0.004268970340490341,0.004053916782140732,0.003944475203752518,0.003789525479078293,0.0035745948553085327,0.003351926803588867,0.003138504922389984,0.0028106383979320526,0.0026171058416366577,0.002424962818622589,0.00223550945520401,0.0020473822951316833,0.0018825680017471313,0.0016552284359931946,0.001475498080253601,0.0012727081775665283,0.001048397272825241,0.0008059367537498474,0.0006442144513130188,0.000432576984167099,0.00016313418745994568,0.0,0.0,0.0,0.0,0.0,0.0,0.0,0.0,0.0,0.0,0.0,0.0,0.0,0.0,0.0,0.0,0.0,0.0,0.0,0.0,0.09370503574609756
79,0.005653753876686096,0.005591828376054764,0.005452487617731094,0.0053202323615550995,0.005127910524606705,0.00497860461473465,0.0048098452389240265,0.0046355389058589935,0.0044662728905677795,0.004247978329658508,0.004104971885681152,0.004019055515527725,0.0037212856113910675,0.00361836701631546,0.003416717052459717,0.0032828524708747864,0.0030857399106025696,0.0028795935213565826,0.0026920773088932037,0.002508852630853653,0.0022832751274108887,0.0020161792635917664,0.0017528906464576721,0.0015488676726818085,0.0012892186641693115,0.0011011585593223572,0.0008508265018463135,0.0006120949983596802,0.00040690600872039795,0.0001653619110584259,0.0,0.0,0.0,0.0,0.0,0.0,0.0,0.0,0.0,0.0,0.0,0.0,0.0,0.0,0.0,0.0,0.0,0.0,0.0,0.0,0.09564074501395226
80,0.00567072257399559,0.005586348474025726,0.005432736128568649,0.005254246294498444,0.005113638937473297,0.005018744617700577,0.004778467118740082,0.00463668629527092,0.004488527774810791,0.004189111292362213,0.003973629325628281,0.0037782080471515656,0.003597509115934372,0.00344989076256752,0.0032734014093875885,0.0031147561967372894,0.0029531605541706085,0.002722829580307007,0.0025704242289066315,0.0022591128945350647,0.001994021236896515,0.0018694214522838593,0.0017901994287967682,0.0016479603946208954,0.0013836659491062164,0.0011340007185935974,0.0008788406848907471,0.000622086226940155,0.00036292895674705505,0.00016894936561584473,0.0,0.0,0.0,0.0,0.0,0.0,0.0,0.0,0.0,0.0,0.0,0.0,0.0,0.0,0.0,0.0,0.0,0.0,0.0,0.0,0.09371422603726387
81,0.00584503635764122,0.005670569837093353,0.005517303943634033,0.005316294729709625,0.005162142217159271,0.0050746724009513855,0.004931248724460602,0.004776626825332642,0.004590991884469986,0.004420507699251175,0.004234045743942261,0.0040809474885463715,0.0038840100169181824,0.0036310628056526184,0.0033963918685913086,0.0031894296407699585,0.0030135251581668854,0.0028323978185653687,0.0026539526879787445,0.002411607652902603,0.002232871949672699,0.0020145922899246216,0.0018436871469020844,0.0016017109155654907,0.0014041922986507416,0.001162499189376831,0.000848911702632904,0.0007149241864681244,0.000462949275970459,0.00028229132294654846,0.0,0.0,0.0,0.0,0.0,0.0,0.0,0.0,0.0,0.0,0.0,0.0,0.0,0.0,0.0,0.0,0.0,0.0,0.0,0.0,0.0972013957798481
82,0.005830537527799606,0.00565614178776741,0.005478542298078537,0.005437474697828293,0.005131121724843979,0.005020551383495331,0.004847284406423569,0.004601970314979553,0.004467274993658066,0.004270140081644058,0.0040762946009635925,0.003855530172586441,0.003712620586156845,0.003443170338869095,0.003343861550092697,0.003229323774576187,0.0031448230147361755,0.0029307156801223755,0.0026982203125953674,0.002558235079050064,0.0023517534136772156,0.0020732134580612183,0.0018977373838424683,0.0017021819949150085,0.0014260485768318176,0.0011864341795444489,0.0009478479623794556,0.000727526843547821,0.0005396045744419098,0.0002908743917942047,0.0,0.0,0.0,0.0,0.0,0.0,0.0,0.0,0.0,0.0,0.0,0.0,0.0,0.0,0.0,0.0,0.0,0.0,0.0,0.0,0.09687705710530281
83,0.0058294907212257385,0.005683142691850662,0.005589962005615234,0.005376208573579788,0.005236580967903137,0.005135040730237961,0.004893854260444641,0.004690617322921753,0.004595380276441574,0.004358716309070587,0.004224367439746857,0.004036840051412582,0.0038883760571479797,0.003700658679008484,0.003513570874929428,0.003320731222629547,0.0031637512147426605,0.002958245575428009,0.0027958638966083527,0.0026248283684253693,0.0023450441658496857,0.0021017491817474365,0.0018500089645385742,0.0015959031879901886,0.0013565756380558014,0.001173693686723709,0.0009686388075351715,0.0007279664278030396,0.000510137528181076,0.0002775266766548157,0.0,0.0,0.0,0.0,0.0,0.0,0.0,0.0,0.0,0.0,0.0,0.0,0.0,0.0,0.0,0.0,0.0,0.0,0.0,0.0,0.09852347150444984
84,0.005820974707603455,0.005618445575237274,0.005466461181640625,0.005360301584005356,0.005147799849510193,0.005102477967739105,0.004892222583293915,0.004766728729009628,0.004574421793222427,0.004359651356935501,0.00411103293299675,0.003942463546991348,0.0037764161825180054,0.0036132484674453735,0.003496665507555008,0.003282904624938965,0.0030532553791999817,0.002864465117454529,0.0026131868362426758,0.0024970099329948425,0.0022290758788585663,0.0021102391183376312,0.0019521303474903107,0.0017333701252937317,0.0015014372766017914,0.0012658722698688507,0.0010195635259151459,0.0007760673761367798,0.0005394294857978821,0.00029727816581726074,0.0,0.0,0.0,0.0,0.0,0.0,0.0,0.0,0.0,0.0,0.0,0.0,0.0,0.0,0.0,0.0,0.0,0.0,0.0,0.0,0.09778459742665291
85,0.00581783801317215,0.005628302693367004,0.005508389323949814,0.005330003798007965,0.005183719098567963,0.005028262734413147,0.0048738569021224976,0.004734639078378677,0.004601430147886276,0.0044301897287368774,0.004220128059387207,0.004027035087347031,0.0038180090487003326,0.0035640783607959747,0.0033112503588199615,0.0030309930443763733,0.0028984136879444122,0.0027287937700748444,0.0025245584547519684,0.0022923462092876434,0.0020221583545207977,0.0019103065133094788,0.001666393131017685,0.001575421541929245,0.0013678930699825287,0.0011689625680446625,0.0009545795619487762,0.0007429048418998718,0.0005009695887565613,0.000261504203081131,0.0,0.0,0.0,0.0,0.0,0.0,0.0,0.0,0.0,0.0,0.0,0.0,0.0,0.0,0.0,0.0,0.0,0.0,0.0,0.0,0.09572333097457886
86,0.005681205540895462,0.005620744079351425,0.005445379763841629,0.0052856504917144775,0.00500478595495224,0.004857145249843597,0.01774699240922928,0.0047263093292713165,0.004360031336545944,0.004162043333053589,0.0040629468858242035,0.003937635570764542,0.0037468113005161285,0.003530047833919525,0.003403119742870331,0.0032015033066272736,0.0029858872294425964,0.0028583668172359467,0.0026621855795383453,0.002457793802022934,0.0021676085889339447,0.0019323155283927917,0.0016423016786575317,0.0014195926487445831,0.0012247823178768158,0.001078438013792038,0.0008211098611354828,0.0005999654531478882,0.0004085339605808258,0.00015962496399879456,0.0,0.0,0.0,0.0,0.0,0.0,0.0,0.0,0.0,0.0,0.0,0.0,0.0,0.0,0.0,0.0,0.0,0.0,0.0,0.0,0.10719085857272148
87,0.00575709342956543,0.005581207573413849,0.005467891693115234,0.005287494510412216,0.0051742009818553925,0.011105731129646301,0.004811577498912811,0.004696115851402283,0.004482384771108627,0.004348304122686386,0.004130661487579346,0.004021875560283661,0.003808680921792984,0.0036247558891773224,0.0034856610000133514,0.003274686634540558,0.003065008670091629,0.002868685871362686,0.002684488892555237,0.0024546608328819275,0.0022909417748451233,0.0020699091255664825,0.001864168792963028,0.0016430281102657318,0.0013438574969768524,0.0011199042201042175,0.0008803978562355042,0.0006312988698482513,0.0004231296479701996,0.00015333667397499084,0.0,0.0,0.0,0.0,0.0,0.0,0.0,0.0,0.0,0.0,0.0,0.0,0.0,0.0,0.0,0.0,0.0,0.0,0.0,0.0,0.10255113989114761
88,0.005769252777099609,0.005588941276073456,0.005449678748846054,0.005284350365400314,0.005169034004211426,0.005048587918281555,0.004803616553544998,0.004632975906133652,0.004437591880559921,0.004322882741689682,0.004144381731748581,0.0038909316062927246,0.003672812134027481,0.0034286007285118103,0.0033035986125469208,0.003112003207206726,0.0029011890292167664,0.002764366567134857,0.0025478526949882507,0.002390187233686447,0.002159692347049713,0.001908235251903534,0.0016440898180007935,0.0015058740973472595,0.0012405551970005035,0.00106097012758255,0.0008142478764057159,0.0006388947367668152,0.0004066750407218933,0.00015720725059509277,0.0,0.0,0.0,0.0,0.0,0.0,0.0,0.0,0.0,0.0,0.0,0.0,0.0,0.0,0.0,0.0,0.0,0.0,0.0,0.0,0.0941992774605751
89,0.005717873573303223,0.005570542067289352,0.0054314471781253815,0.005331758409738541,0.005114935338497162,0.00491100549697876,0.004782471805810928,0.004581764340400696,0.004444297403097153,0.004303332418203354,0.00402885302901268,0.0038848258554935455,0.003752727061510086,0.003609728068113327,0.0034181326627731323,0.0031980760395526886,0.003015942871570587,0.0027979575097560883,0.002578847110271454,0.0023565664887428284,0.0022334307432174683,0.0019749216735363007,0.0017412342131137848,0.0016167573630809784,0.0013224519789218903,0.0010578334331512451,0.0008323267102241516,0.0006225556135177612,0.00040613487362861633,0.0001558437943458557,0.0,0.0,0.0,0.0,0.0,0.0,0.0,0.0,0.0,0.0,0.0,0.0,0.0,0.0,0.0,0.0,0.0,0.0,0.0,0.0,0.09479457512497902
90,0.005715470761060715,0.005493324249982834,0.005349218845367432,0.0052593424916267395,0.00509701669216156,0.0049369558691978455,0.004841364920139313,0.004661876708269119,0.004454556852579117,0.004183288663625717,0.004081331193447113,0.0038166195154190063,0.0035848766565322876,0.016453135758638382,0.003311511129140854,0.0031465739011764526,0.0030540525913238525,0.008272204548120499,0.0026847943663597107,0.0025087930262088776,0.0021723397076129913,0.0019649267196655273,0.0017387978732585907,0.0015111491084098816,0.0012990385293960571,0.0010730847716331482,0.0008413083851337433,0.0006445907056331635,0.00040288642048835754,0.00016924738883972168,0.0,0.0,0.0,0.0,0.0,0.0,0.0,0.0,0.0,0.0,0.0,0.0,0.0,0.0,0.0,0.0,0.0,0.0,0.0,0.0,0.11272367835044861
91,0.005823791027069092,0.005636848509311676,0.005475711077451706,0.005354162305593491,0.005130872130393982,0.005011964589357376,0.004920933395624161,0.004739556461572647,0.004561439156532288,0.004387982189655304,0.004269931465387344,0.004066586494445801,0.003832899034023285,0.003680761903524399,0.0034556128084659576,0.003217644989490509,0.0030070021748542786,0.0027894899249076843,0.0026055090129375458,0.0024595968425273895,0.0023183003067970276,0.0021151043474674225,0.0019255392253398895,0.0016318485140800476,0.0014135874807834625,0.0011829361319541931,0.0009399689733982086,0.0007415935397148132,0.0005364902317523956,0.00026731565594673157,0.0,0.0,0.0,0.0,0.0,0.0,0.0,0.0,0.0,0.0,0.0,0.0,0.0,0.0,0.0,0.0,0.0,0.0,0.0,0.0,0.09750097990036011
92,0.005847468972206116,0.005648896098136902,0.005493927747011185,0.005392301827669144,0.005220957100391388,0.005138903856277466,0.00498851016163826,0.004785846918821335,0.004563950002193451,0.004426170140504837,0.004170890897512436,0.00408283993601799,0.00386606901884079,0.0036636032164096832,0.003461230546236038,0.0032803043723106384,0.0031348206102848053,0.0028421543538570404,0.0027418918907642365,0.0025150030851364136,0.002298962324857712,0.0020738765597343445,0.001909155398607254,0.0016623958945274353,0.0013957954943180084,0.001185055822134018,0.0009622015058994293,0.0007201768457889557,0.0005020797252655029,0.00029630959033966064,0.00015500187873840332,0.0,0.0,0.0,0.0,0.0,0.0,0.0,0.0,0.0,0.0,0.0,0.0,0.0,0.0,0.0,0.0,0.0,0.0,0.0,0.09842675179243088
93,0.0058537982404232025,0.0056438446044921875,0.005573183298110962,0.005411885678768158,0.00531855970621109,0.005125686526298523,0.004965770989656448,0.00478019192814827,0.004555147141218185,0.004486631602048874,0.004268515855073929,0.004106730222702026,0.003934752196073532,0.00367581844329834,0.0033521465957164764,0.0032429955899715424,0.0029741935431957245,0.0027712546288967133,0.0024763457477092743,0.0022619105875492096,0.002163901925086975,0.0019829794764518738,0.0017847567796707153,0.0015405938029289246,0.0013529062271118164,0.0011229664087295532,0.0009425915777683258,0.00074014812707901,0.000536646693944931,0.00027904286980628967,0.0,0.0,0.0,0.0,0.0,0.0,0.0,0.0,0.0,0.0,0.0,0.0,0.0,0.0,0.0,0.0,0.0,0.0,0.0,0.0,0.09722589701414108
94,0.005797617137432098,0.0056371502578258514,0.0054989345371723175,0.0052834972739219666,0.005226995795965195,0.005096498876810074,0.004895292222499847,0.0047464631497859955,0.0046028681099414825,0.004316441714763641,0.004183012992143631,0.0039934441447257996,0.003941424190998077,0.0036835484206676483,0.0034959353506565094,0.0033683590590953827,0.0031418614089488983,0.01594596356153488,0.002721283584833145,0.0025649406015872955,0.0023652762174606323,0.0022059641778469086,0.0020159482955932617,0.0017541833221912384,0.0014837831258773804,0.0012222826480865479,0.0009688809514045715,0.0007576420903205872,0.0005103610455989838,0.000253286212682724,0.0,0.0,0.0,0.0,0.0,0.0,0.0,0.0,0.0,0.0,0.0,0.0,0.0,0.0,0.0,0.0,0.0,0.0,0.0,0.0,0.11167914047837257
95,0.005790356546640396,0.0056511834263801575,0.005476195365190506,0.0053629688918590546,0.005111221224069595,0.005028851330280304,0.00485721230506897,0.004702664911746979,0.004527520388364792,0.004339586943387985,0.004284240305423737,0.004056241363286972,0.003856990486383438,0.0036864541471004486,0.0034990794956684113,0.0032668262720108032,0.0030660629272460938,0.0028298161923885345,0.0026026852428913116,0.0025418438017368317,0.0022956468164920807,0.0021047592163085938,0.0019052661955356598,0.0016883239150047302,0.0014169104397296906,0.0012109875679016113,0.0009612664580345154,0.0007482916116714478,0.0005381852388381958,0.0002710111439228058,0.0,0.0,0.0,0.0,0.0,0.0,0.0,0.0,0.0,0.0,0.0,0.0,0.0,0.0,0.0,0.0,0.0,0.0,0.0,0.0,0.09767865017056465
96,0.0057015977799892426,0.005555994808673859,0.0054534003138542175,0.005274791270494461,0.005142912268638611,0.004909910261631012,0.004671446979045868,0.004521872848272324,0.004268154501914978,0.0041631050407886505,0.003995712846517563,0.0038671009242534637,0.004005633294582367,0.0035360418260097504,0.0034563466906547546,0.003214959055185318,0.0029982104897499084,0.0027834512293338776,0.0026440992951393127,0.002367038279771805,0.002192869782447815,0.001911647617816925,0.0018130168318748474,0.0015454404056072235,0.0013116076588630676,0.0010897442698478699,0.0008859224617481232,0.0006647594273090363,0.0004115961492061615,0.00016890838742256165,0.0,0.0,0.0,0.0,0.0,0.0,0.0,0.0,0.0,0.0,0.0,0.0,0.0,0.0,0.0,0.0,0.0,0.0,0.0,0.0,0.09452729299664497
97,0.00572456419467926,0.00554962083697319,0.0055082738399505615,0.005298342555761337,0.005077149718999863,0.00492517277598381,0.004720211029052734,0.0046332478523254395,0.004462305456399918,0.004314851015806198,0.004152305424213409,0.004001837223768234,0.0037406794726848602,0.003671005368232727,0.0034353546798229218,0.003299117088317871,0.0030069611966609955,0.0028384439647197723,0.0025862306356430054,0.0024231746792793274,0.0022329501807689667,0.0019706785678863525,0.0017061680555343628,0.0014061518013477325,0.0011715404689311981,0.0010244585573673248,0.0007964931428432465,0.0005807355046272278,0.0004077889025211334,0.00016227737069129944,0.0,0.0,0.0,0.0,0.0,0.0,0.0,0.0,0.0,0.0,0.0,0.0,0.0,0.0,0.0,0.0,0.0,0.0,0.0,0.0,0.09482809156179428
98,0.005715623497962952,0.005599193274974823,0.005375981330871582,0.005227427929639816,0.00517909973859787,0.0050572603940963745,0.004891298711299896,0.004701320081949234,0.004457969218492508,0.004228599369525909,0.004163797944784164,0.003975175321102142,0.0037257708609104156,0.003499172627925873,0.003376040607690811,0.0031850188970565796,0.0029787980020046234,0.0027779191732406616,0.0024662278592586517,0.002289704978466034,0.0020973198115825653,0.0019108355045318604,0.0017022602260112762,0.00145803764462471,0.0012406408786773682,0.0010583475232124329,0.0008711628615856171,0.0006613396108150482,0.0004357472062110901,0.0001645199954509735,0.0,0.0,0.0,0.0,0.0,0.0,0.0,0.0,0.0,0.0,0.0,0.0,0.0,0.0,0.0,0.0,0.0,0.0,0.0,0.0,0.09447161108255386
99,0.005799181759357452,0.005535148084163666,0.005479734390974045,0.0053369104862213135,0.005115438252687454,0.004931744188070297,0.004730697721242905,0.004564747214317322,0.004457943141460419,0.004300937056541443,0.004093293100595474,0.003908567130565643,0.003715038299560547,0.003438342362642288,0.003305446356534958,0.0030771195888519287,0.0028739087283611298,0.002762332558631897,0.0025944747030735016,0.002384137362241745,0.002111319452524185,0.0020014792680740356,0.0017512664198875427,0.0015447139739990234,0.0012601949274539948,0.0010348372161388397,0.0008583143353462219,0.0006190985441207886,0.00036977604031562805,0.0001618005335330963,0.0,0.0,0.0,0.0,0.0,0.0,0.0,0.0,0.0,0.0,0.0,0.0,0.0,0.0,0.0,0.0,0.0,0.0,0.0,0.0,0.09411794319748878
100,0.005695004016160965,0.005613494664430618,0.0054342299699783325,0.005261920392513275,0.005117036402225494,0.004966035485267639,0.004809200763702393,0.004609283059835434,0.0045061372220516205,0.004331573843955994,0.004176683723926544,0.0040049441158771515,0.00383903831243515,0.0036170370876789093,0.0034108199179172516,0.003233823925256729,0.0160738006234169,0.002841915935277939,0.002671103924512863,0.002386953681707382,0.0021715760231018066,0.0019696541130542755,0.0017314143478870392,0.001499328762292862,0.0013328976929187775,0.0009840242564678192,0.0007907599210739136,0.0005764476954936981,0.0003774687647819519,0.00016970932483673096,0.0,0.0,0.0,0.0,0.0,0.0,0.0,0.0,0.0,0.0,0.0,0.0,0.0,0.0,0.0,0.0,0.0,0.0,0.0,0.0,0.10820331797003746

total time per move x,0.5767119936645031,0.5617204234004021,0.5472183749079704,0.5327214077115059,0.5297387801110744,0.5197213366627693,0.49755430221557617,0.4678633287549019,0.4705851264297962,0.4373686648905277,0.42890431731939316,0.4109298549592495,0.38955171406269073,0.3894735090434551,0.35455283150076866,0.32240983843803406,0.3155859187245369,0.30066853016614914,0.2750282809138298,0.2543482445180416,0.220595370978117,0.19944803416728973,0.1781020164489746,0.15600375086069107,0.13450653851032257,0.11243925988674164,0.0905984416604042,0.06900153681635857,0.046423181891441345,0.02213989943265915,0.00030902400612831116,0,0,0,0,0,0,0,0,0,0,0,0,0,0,0,0,0,0,0,9.812223833054304
average time per move x,0.005767119936645031,0.005617204234004021,0.005472183749079704,0.0053272140771150585,0.005297387801110744,0.0051972133666276935,0.004975543022155761,0.004678633287549019,0.0047058512642979625,0.0043736866489052775,0.004289043173193932,0.004109298549592495,0.0038955171406269075,0.003894735090434551,0.0035455283150076866,0.0032240983843803404,0.003155859187245369,0.003006685301661491,0.002750282809138298,0.002543482445180416,0.0022059537097811697,0.0019944803416728973,0.0017810201644897462,0.0015600375086069107,0.0013450653851032257,0.0011243925988674165,0.000905984416604042,0.0006900153681635856,0.00046423181891441345,0.00022139899432659148,0.00015451200306415558,nan,nan,nan,nan,nan,nan,nan,nan,nan,nan,nan,nan,nan,nan,nan,nan,nan,nan,nan,0.09812223833054304
std of time per move x,7.34478428876955e-05,4.880464347976625e-05,5.180467389642052e-05,5.644610605528708e-05,0.0013037025181518954,0.0014370428521175665,0.0012920243091096271,7.612706548290698e-05,0.0020114047633321393,0.00040810548659400806,0.0013017516539821005,0.0013069703562054408,0.0007444912510331676,0.002059744201199694,0.0013095600720748621,9.732477748776791e-05,0.0013096435255822525,0.0014197471527242884,0.00130418514032381,0.001308445384465198,9.733761888510242e-05,9.02150064482974e-05,8.91916867050889e-05,8.670729373549171e-05,7.605629000380052e-05,7.025843773295072e-05,6.943052712782867e-05,6.32224529503104e-05,6.133683977540176e-05,5.9778333353379733e-05,6.927888223978206e-07,nan,nan,nan,nan,nan,nan,nan,nan,nan,nan,nan,nan,nan,nan,nan,nan,nan,nan,nan,0.007060354156915651
err of average time,7.34478428876955e-06,4.880464347976624e-06,5.180467389642052e-06,5.644610605528708e-06,0.00013037025181518954,0.00014370428521175664,0.0001292024309109627,7.612706548290698e-06,0.00020114047633321394,4.081054865940081e-05,0.00013017516539821005,0.00013069703562054407,7.444912510331676e-05,0.0002059744201199694,0.0001309560072074862,9.73247774877679e-06,0.00013096435255822525,0.00014197471527242883,0.00013041851403238102,0.00013084453844651982,9.733761888510241e-06,9.021500644829738e-06,8.919168670508889e-06,8.67072937354917e-06,7.605629000380052e-06,7.025843773295072e-06,6.943052712782867e-06,6.322245295031039e-06,6.133683977540176e-06,5.977833335337973e-06,4.898756742477417e-07,nan,nan,nan,nan,nan,nan,nan,nan,nan,nan,nan,nan,nan,nan,nan,nan,nan,nan,nan,0.0007060354156915651
