Contains move time for player StaticBoard4; opponent is AlphaBeta4
Colums refer to move number, rows to game number
game,1,2,3,4,5,6,7,8,9,10,11,12,13,14,15,16,17,18,19,20,21,22,23,24,25,26,27,28,29,30,31,32,33,34,35,36,37,38,39,40,41,42,43,44,45,46,47,48,49,50,total
1,0.13048474999999993,0.12523524999999935,0.45045470799999965,0.3790140829999995,0.38352354100000063,1.2069119589999993,1.1452492920000008,0.8330727499999995,0.9646688329999975,1.065716708,0.7985640839999988,1.0218334589999998,0.907098750000003,0.6450239999999994,0.6679230409999946,0.1950614590000015,0.40722583299999826,0.24940729099999714,0.3303078329999991,0.29581416599999955,0.14037804099999818,0.16445799999999622,0.15839558300000078,0.1336031250000005,0.0316837920000026,0.016554624999997714,0.00039383299999684596,0.0003322499999995898,0.00031116599999592154,0.004820625000000689,0.0005723749999972938,6.504099999915525e-05,0.0,0.0,0.0,0.0,0.0,0.0,0.0,0.0,0.0,0.0,0.0,0.0,0.0,0.0,0.0,0.0,0.0,0.0,12.854160245999973
2,0.13084924999999714,0.125069332999999,0.4474593750000011,0.3971291249999993,0.3916420409999972,1.198630915999999,1.1145542910000046,0.8363428749999997,0.968668957999995,1.0611778749999985,0.7958783340000082,1.003412666999992,0.910205708999996,0.6446704579999931,0.6641904589999967,0.19314512500000092,0.4068913750000007,0.2483300419999921,0.3235734580000127,0.29735879199999715,0.14067683300000056,0.1633881669999937,0.15837895800000013,0.13282066700000428,0.03145708299999228,0.0164977499999992,0.00038170899999556696,0.000333083000001011,0.0002902920000025233,0.0049180419999999,0.0005649169999912829,6.487500000673663e-05,0.0,0.0,0.0,0.0,0.0,0.0,0.0,0.0,0.0,0.0,0.0,0.0,0.0,0.0,0.0,0.0,0.0,0.0,12.808952833999967
3,0.1304664159999902,0.12437054199999409,0.4512408749999963,0.38556216700000334,0.39545266599999707,1.1994577500000076,1.1155519579999975,0.8417609579999947,0.97055791599999,1.0829470830000076,0.8066329579999945,1.0025652919999999,0.9040327909999917,0.6438255829999946,0.6716823330000068,0.19332108300000073,0.40700495900000533,0.2468590000000006,0.32417841700001304,0.2941582500000095,0.14174950000000308,0.16357137500000363,0.15924920899999506,0.13305887499998903,0.03173616600000173,0.016485916000021916,0.00038070799999445626,0.0003307500000175878,0.0002924579999898924,0.004826915999984749,0.0005666659999974399,6.454199998984222e-05,0.0,0.0,0.0,0.0,0.0,0.0,0.0,0.0,0.0,0.0,0.0,0.0,0.0,0.0,0.0,0.0,0.0,0.0,12.843942077999984
4,0.1300953340000035,0.12460237500002336,0.45160029199999485,0.386199916999999,0.3963048340000057,1.2041473329999803,1.1161171669999987,0.8370440409999844,0.9770980420000228,1.06383279100001,0.795268875000005,1.016160124999999,0.9036922909999987,0.6473675409999942,0.6619184169999812,0.19298004100002686,0.407487959000008,0.24669895799999608,0.3284237919999953,0.2984949169999993,0.14009970899999757,0.1635125840000171,0.158752542000002,0.13319058400000472,0.031560332999987395,0.016519375000001446,0.00038133300000708914,0.00033112500000243017,0.00029270800001768293,0.004833000000019183,0.0005718749999914507,6.512499999189458e-05,0.0,0.0,0.0,0.0,0.0,0.0,0.0,0.0,0.0,0.0,0.0,0.0,0.0,0.0,0.0,0.0,0.0,0.0,12.835645335000066
5,0.13015712499998244,0.12489149999998972,0.44673349999999346,0.380466250000012,0.3903485830000193,1.199435292000004,1.1373320829999898,0.8419582080000225,0.968845750000014,1.0621656250000058,0.8032336660000112,1.0188657079999928,0.9042461250000144,0.6467854160000002,0.6646480409999924,0.19635275000001684,0.40732166699999084,0.24697512500000585,0.32928095799999824,0.29923770900001045,0.13973191700000598,0.1642240410000113,0.1591380830000162,0.13340008299999795,0.03156049999998345,0.016523250000005874,0.0003807500000050368,0.00033833300000196687,0.0002917919999845253,0.004824624999997695,0.0005701670000064496,6.604099999663049e-05,0.0,0.0,0.0,0.0,0.0,0.0,0.0,0.0,0.0,0.0,0.0,0.0,0.0,0.0,0.0,0.0,0.0,0.0,12.85033066300008
6,0.13033095899999125,0.1247750419999818,0.44841237500000375,0.3815866250000113,0.3917020419999915,1.1999621250000132,1.1227185420000012,0.8493705829999953,0.9726358749999804,1.0643789579999918,0.7964949580000109,1.003158500000012,0.9022483339999781,0.6431245830000307,0.6632156670000313,0.19375783300000649,0.4076689999999985,0.24692504199998666,0.3233002909999527,0.2932746249999809,0.1393609589999869,0.16360008300000572,0.15842020799999545,0.13269791700002997,0.03151487500002759,0.016476374999967902,0.0003798750000214568,0.0003314170000408012,0.0002899579999962043,0.004811249999988831,0.0005659579999814923,6.529199998794866e-05,0.0,0.0,0.0,0.0,0.0,0.0,0.0,0.0,0.0,0.0,0.0,0.0,0.0,0.0,0.0,0.0,0.0,0.0,12.80755612599998
7,0.12972124999998869,0.12447650000001431,0.44643595899998445,0.38055054099999097,0.3901170420000426,1.1991769170000453,1.1151593339999977,0.8423511659999576,0.972347458999991,1.0763002909999955,0.7962147090000258,1.0005089160000011,0.9066611670000384,0.6471574169999599,0.6727534999999989,0.19394187500000726,0.4094118749999893,0.2479424169999902,0.3254446660000099,0.2948360419999858,0.1399885000000154,0.1637546249999673,0.1590913750000027,0.13390541700005087,0.031632333000004564,0.016550332999997863,0.00038220800001909083,0.0003433749999999236,0.00029608300002337273,0.004844584000011309,0.0005696659999898657,6.462499999315696e-05,0.0,0.0,0.0,0.0,0.0,0.0,0.0,0.0,0.0,0.0,0.0,0.0,0.0,0.0,0.0,0.0,0.0,0.0,12.82293216700009
8,0.13127370799998062,0.12490704199996117,0.450295208,0.382843916000013,0.39094854199998963,1.2042889169999853,1.1178873750000093,0.8485229580000464,0.9713831249999885,1.0672962499999699,0.7975240000000099,1.0167801659999895,0.9090025830000172,0.6476760830000217,0.6627598750000061,0.1939345419999654,0.40760662499997125,0.25052433300004395,0.3289808750000134,0.2939887920000501,0.13938400000000684,0.1635192499999789,0.15857037499995386,0.13317258299997548,0.03153604199997062,0.01652916699998741,0.0003863750000050459,0.0003327080000303795,0.00031100000001060835,0.004823375000000851,0.000568291999968551,6.466600001431289e-05,0.0,0.0,0.0,0.0,0.0,0.0,0.0,0.0,0.0,0.0,0.0,0.0,0.0,0.0,0.0,0.0,0.0,0.0,12.847622747999935
9,0.13046312499994883,0.12458008400000153,0.4476178749999917,0.38341129200000523,0.3911274579999713,1.2004769590000137,1.1197383749999972,0.8480364999999779,0.9655820829999584,1.0596252500000105,0.7962905829999727,0.9993064999999888,0.9037137499999517,0.6432642500000156,0.6621483339999941,0.19373758299997235,0.406795958000032,0.24722537500002773,0.32896541700000625,0.2983993750000309,0.139937290999967,0.16359929200001488,0.15835908299999346,0.1330031250000161,0.03147341700002926,0.016469625000013366,0.00038195900003756833,0.00033037500003274545,0.00029183300000568124,0.004818750000026739,0.0005744160000062948,6.533300000910458e-05,0.0,0.0,0.0,0.0,0.0,0.0,0.0,0.0,0.0,0.0,0.0,0.0,0.0,0.0,0.0,0.0,0.0,0.0,12.79981062500002
10,0.130403790999992,0.12476100000003498,0.4468552499999987,0.380695333999995,0.3898062910000135,1.2001454580000086,1.122498165999957,0.8509074579999947,0.9653341250000267,1.0605541250000101,0.7962425829999802,1.0053948340000147,0.9196407500000419,0.6449412919999986,0.6609900000000266,0.19316037499999084,0.40631270800002994,0.24674320799999805,0.3236440420000122,0.2933238329999881,0.13949612499999375,0.16423808299998655,0.15817141700000548,0.13280758299998752,0.03154920800000127,0.016508874999999534,0.0003799579999963498,0.00033174999998664134,0.00029954100000395556,0.0048326670000164995,0.0005659579999814923,6.487500002094748e-05,0.0,0.0,0.0,0.0,0.0,0.0,0.0,0.0,0.0,0.0,0.0,0.0,0.0,0.0,0.0,0.0,0.0,0.0,12.811600663000092
11,0.1303446249999638,0.12466366699999298,0.4553740840000273,0.3862544589999857,0.39617020899999034,1.202588999999989,1.1215018749999786,0.8390135419999751,0.9666154579999784,1.0634524159999614,0.8100460420000104,1.001918958000033,0.9082767500000273,0.6478658749999795,0.6615913750000004,0.19352845899999238,0.40771283300000505,0.2466837919999989,0.32387975000000324,0.29342320800003563,0.1393262920000211,0.16348891699999513,0.16129287499995826,0.1332144169999765,0.03154520800001137,0.0165315410000062,0.00038204200001246136,0.0003517079999824091,0.0002937920000363192,0.0048267079999959606,0.0005662080000092828,6.500000000642103e-05,0.0,0.0,0.0,0.0,0.0,0.0,0.0,0.0,0.0,0.0,0.0,0.0,0.0,0.0,0.0,0.0,0.0,0.0,12.83279108499994
12,0.12989758300000176,0.12446545799997466,0.44634879099999125,0.3820123339999668,0.3900306250000085,1.1987477089999743,1.1361833330000195,0.8385707080000202,0.9636087920000591,1.0609004169999707,0.8084191660000215,1.0010256250000111,0.9033608330000789,0.6429823750000878,0.6622007920000215,0.19387600000004568,0.40593570800001544,0.24662675000001855,0.32864566700004616,0.29413466599999083,0.1395809169999893,0.16366800000002968,0.15869574999999259,0.1329118749999907,0.03151912500004528,0.016467750000060732,0.0003834999999980937,0.0003336669999498554,0.0002915420000135782,0.004821583999955692,0.0005676659999380718,6.591600003957865e-05,0.0,0.0,0.0,0.0,0.0,0.0,0.0,0.0,0.0,0.0,0.0,0.0,0.0,0.0,0.0,0.0,0.0,0.0,12.807280624000327
13,0.1299370420000514,0.12428783300003943,0.44672095799990075,0.3800921249999192,0.3945851670000593,1.2006003749999081,1.1309996249999585,0.8366198749999967,0.9742650409999669,1.0611641250000048,0.794684375000088,1.0070283750000044,0.9056604170000355,0.6441540419999683,0.6611257920000071,0.1934689579999258,0.40774662499995884,0.24678591600002164,0.32412333299998863,0.2937931669999898,0.1396303330000137,0.16432620900002348,0.15883691599992744,0.13300149999997757,0.031504749999953674,0.016483375000007072,0.0003801249999924039,0.00034254100000907783,0.0003005410000014308,0.004807749999940825,0.000578916999984358,6.424999992304947e-05,0.0,0.0,0.0,0.0,0.0,0.0,0.0,0.0,0.0,0.0,0.0,0.0,0.0,0.0,0.0,0.0,0.0,0.0,12.808100372999547
14,0.12987325000005967,0.12609183400002166,0.4548215419999906,0.386915541999997,0.3955268750000869,1.2018121669999573,1.1201582089998965,0.839817041999936,0.9696458340000618,1.0774483750000172,0.8002402910000228,1.0074802499999578,0.9085569579999628,0.6442674170000373,0.6723947499999667,0.19365895800001454,0.4081041250000226,0.24733724999998685,0.3289882909999733,0.2940151660000083,0.13964383299992278,0.16421033300002819,0.160249207999982,0.13920295899993107,0.032000250000010055,0.016689375000055406,0.00039179099996999867,0.0003345830000398564,0.00029591700001674326,0.004859124999939013,0.000572583999996823,6.441599998652237e-05,0.0,0.0,0.0,0.0,0.0,0.0,0.0,0.0,0.0,0.0,0.0,0.0,0.0,0.0,0.0,0.0,0.0,0.0,12.865668499999856
15,0.13164800000004107,0.12488970799995514,0.450348125000005,0.3808199169999398,0.3906405000000177,1.2229164589999755,1.1209385829999974,0.8404581659999621,0.9668899580000243,1.0620850410000457,0.7982971659999976,1.019980124999961,0.9255440840000801,0.65195441700007,0.6749778749999678,0.197823334000077,0.40853908400004,0.24732358300002488,0.3306077089999917,0.29760141600002044,0.14405275000001438,0.16391683300003024,0.15994308300003013,0.13735066699996423,0.031816959000025236,0.016573332999996637,0.00038412499998230487,0.0003309590000526441,0.00029366700005084567,0.004823041999998168,0.0005670840000675526,7.083399998464301e-05,0.0,0.0,0.0,0.0,0.0,0.0,0.0,0.0,0.0,0.0,0.0,0.0,0.0,0.0,0.0,0.0,0.0,0.0,12.904406586000391
16,0.13049716600005468,0.12943741599997338,0.44937162500002614,0.382331540999985,0.3930979159999879,1.22149458399997,1.1304335419999916,0.8469546249999667,0.9726475830000254,1.0683390829999553,0.8321302079999668,1.0249478330000557,0.9081479999999829,0.6445550420000927,0.6641329159999714,0.19325395800001388,0.4077111670000022,0.24722908300009294,0.3247984170000109,0.29455849999999373,0.1398020000000315,0.16741333300001315,0.16139399999997295,0.13551749999999174,0.032142458000066654,0.016893750000008367,0.00039691699998911645,0.00034237499994560494,0.0002984170000672748,0.004905083000039667,0.0005862079999587877,6.620800002110627e-05,0.0,0.0,0.0,0.0,0.0,0.0,0.0,0.0,0.0,0.0,0.0,0.0,0.0,0.0,0.0,0.0,0.0,0.0,12.925828454000225
17,0.1326162079999449,0.12648187499996766,0.44822070899999744,0.38277095799992367,0.39383454100004656,1.2075622500000236,1.1395418339999424,0.8446096669999861,0.9820046250000587,1.0613852090000364,0.8127888330000133,1.0040639999999712,0.907378584000071,0.6559780830000363,0.6645089579999421,0.19425954100006493,0.4083885409999084,0.2468991250000272,0.32563537499993345,0.2939634169999863,0.14091224999992846,0.1666227919999983,0.16119979199993395,0.13536462500007929,0.03207562499994765,0.016809290999958648,0.00039879099995232536,0.0003384159999768599,0.00029974999995374674,0.004920957999956954,0.0005808749999687279,6.587500001842272e-05,0.0,0.0,0.0,0.0,0.0,0.0,0.0,0.0,0.0,0.0,0.0,0.0,0.0,0.0,0.0,0.0,0.0,0.0,12.892481372999555
18,0.1324536250000392,0.12701891599999726,0.44840608300000895,0.38084200000002966,0.39026783300005263,1.1990508750000117,1.1352459579999277,0.8438562080000338,0.9710111670000288,1.0785873339999625,0.808448750000025,1.0058948329999566,0.903894207999997,0.6527479169999424,0.6694079169999441,0.19316537500003506,0.4069113750000497,0.24712754200004383,0.32409774999996444,0.29351258300005156,0.13924870799996825,0.16351145800001632,0.15813683400006084,0.13305541600004744,0.0315190830000347,0.016585458000008657,0.0003788749999102947,0.00033291699992332724,0.00029187500001626177,0.0048137920000499435,0.0005675419999988662,6.40419999626829e-05,0.0,0.0,0.0,0.0,0.0,0.0,0.0,0.0,0.0,0.0,0.0,0.0,0.0,0.0,0.0,0.0,0.0,0.0,12.8604542490001
19,0.13035066700001607,0.1246638750000102,0.4479145409999319,0.3805632499999092,0.39095899999995254,1.2137675420000278,1.1295944999999392,0.8386275420000402,0.9699589169999854,1.0612464160000172,0.8133416250000209,1.0077243749999525,0.9073817920000238,0.6478831669999181,0.6609760000000051,0.19429137500003435,0.4137919580000471,0.2474531670000033,0.32449370899996666,0.2941305830000829,0.13966225000001486,0.1637862090000226,0.15893066700004965,0.13367670899992845,0.03161787499993807,0.01689854199992169,0.0003836660000615666,0.00033495799993943365,0.0002906249999341526,0.004875333000086357,0.0005701659999886033,6.504199996015814e-05,0.0,0.0,0.0,0.0,0.0,0.0,0.0,0.0,0.0,0.0,0.0,0.0,0.0,0.0,0.0,0.0,0.0,0.0,12.85020604299973
20,0.13041516699991007,0.12510387500003617,0.4493019589999676,0.3842400419999876,0.39260637500001394,1.2077024999999821,1.1331598329999224,0.8452700840000489,0.9663157920000458,1.0604515420000098,0.7959592919999068,1.0003704169999992,0.9171189999999569,0.6432854580000367,0.6621219590000464,0.19365987499998027,0.4075033330000224,0.24795466599994143,0.32632266699999946,0.29351279200000135,0.1402055419999897,0.16589904199997818,0.16155416599997352,0.13472816700004842,0.03200591700010591,0.016729999999938627,0.0003972920000023805,0.00033958300002723263,0.00029954100000395556,0.004899874999978238,0.0005763749999232459,6.53340000553726e-05,0.0,0.0,0.0,0.0,0.0,0.0,0.0,0.0,0.0,0.0,0.0,0.0,0.0,0.0,0.0,0.0,0.0,0.0,12.84007746199984
21,0.1335618749999412,0.12621949999993376,0.45307212499994876,0.3806877499999928,0.3903562079999574,1.200673791999975,1.1245807920000743,0.8454920829999537,0.9785070409999435,1.101948708000009,0.80113187500001,1.0178482500000428,0.9144707080000671,0.6663719160000028,0.6766732919999185,0.19611779199999546,0.4069439169999214,0.24839629100006277,0.3292442499999879,0.29568408300008286,0.1425467919999619,0.1636364160000312,0.15875662499990995,0.13307220799993047,0.031543082999974104,0.016702915999985635,0.00037962499993682286,0.0003294169999890073,0.0002911659998972027,0.004873000000088723,0.0005710409999437616,6.520800002363103e-05,0.0,0.0,0.0,0.0,0.0,0.0,0.0,0.0,0.0,0.0,0.0,0.0,0.0,0.0,0.0,0.0,0.0,0.0,12.940749744999493
22,0.13021745800006101,0.1250121670000226,0.45223187499993855,0.38620899999989433,0.397284333000016,1.212041875000068,1.1213290420000703,0.8392668750000212,0.969881125000029,1.06472158400004,0.7967937920000168,1.0012078329999667,0.9121435419999671,0.6483704579999312,0.6628303329999881,0.19334941699992214,0.4071270419999564,0.2509362920000058,0.32969825000009223,0.2930191250000007,0.13909695800009558,0.1636985420000201,0.15813579100006336,0.13290845799997442,0.0317032499999641,0.016491208000047664,0.00037666699995497765,0.0003307499999891661,0.00029229200004010636,0.004813458999933573,0.0005675830000200222,6.491599992841657e-05,0.0,0.0,0.0,0.0,0.0,0.0,0.0,0.0,0.0,0.0,0.0,0.0,0.0,0.0,0.0,0.0,0.0,0.0,12.84215129200004
23,0.12978462500007026,0.12470508399997016,0.4462275829999953,0.38200783299998875,0.390858417000004,1.2020181670000056,1.1349934169999187,0.8361599170000318,0.9637066249999862,1.0585896669999784,0.7955240420000109,1.00552629099991,0.9175897499999337,0.6437647499999457,0.6650397079999948,0.19753749999995307,0.40721270799986087,0.24724683299996286,0.3243877090001206,0.2941025840000293,0.13998191699988638,0.16365658399990934,0.15913495800009514,0.13337124999998196,0.03162829199982298,0.016485999999986234,0.00038116699988677283,0.00032941700010269415,0.00029091599981256877,0.004818417000024056,0.000569334000147137,6.525000003421155e-05,0.0,0.0,0.0,0.0,0.0,0.0,0.0,0.0,0.0,0.0,0.0,0.0,0.0,0.0,0.0,0.0,0.0,0.0,12.81769671199936
24,0.13039312499995503,0.12511770900005104,0.44647291600017525,0.3807352080000328,0.39594258400006765,1.218605000000025,1.1208756250000533,0.8424093339999672,0.975726707999911,1.0620366670000294,0.798942334000003,1.0064228749999984,0.9048561250001512,0.6464199590000135,0.6765479580001283,0.19802291700011665,0.4067398750000848,0.24648400000000947,0.3236658749999606,0.29451845800008414,0.14076520799994796,0.1636015409999345,0.160876541999869,0.1350737500001742,0.032014791999927183,0.01676129099996615,0.00039012499996715633,0.000336207999907856,0.000298917000009169,0.004913208999823837,0.000581750000037573,6.58330000078422e-05,0.0,0.0,0.0,0.0,0.0,0.0,0.0,0.0,0.0,0.0,0.0,0.0,0.0,0.0,0.0,0.0,0.0,0.0,12.85661441800039
25,0.13231370800008335,0.12741420899988043,0.45455087499999536,0.38236370899994654,0.39279095799997776,1.2101320000001579,1.1174890830000095,0.84348591700018,0.9744253750000098,1.084381915999984,0.8005332089999229,1.0084644170001411,0.9118606669999281,0.6623952499999177,0.6782414169999811,0.19466491699995458,0.41036800000006224,0.24877845799983334,0.32564533400000073,0.29716837499995563,0.1403417910000826,0.16376441699981115,0.15885745900004622,0.13359316699984447,0.03160420799986241,0.016492749999997613,0.00038237499984461465,0.0003325410000343254,0.00029095900003994757,0.004830707999872175,0.0005670419998295984,6.495800016637077e-05,0.0,0.0,0.0,0.0,0.0,0.0,0.0,0.0,0.0,0.0,0.0,0.0,0.0,0.0,0.0,0.0,0.0,0.0,12.908590168999353
26,0.1300852079998549,0.12874045800003842,0.4540714999998272,0.3827707919999739,0.39368662499987295,1.2095796250000603,1.1383493340001678,0.8566988749998927,0.9743798749998405,1.069127750000007,0.8016589579999618,1.004549999999881,0.9188152499998523,0.6497241669999312,0.6625784160000876,0.19363620800004355,0.4133423750001839,0.24791616600009547,0.3238602500000525,0.2934688749999168,0.13966070800006491,0.1637206249999963,0.15860641599988412,0.13333924999983537,0.03152016600006391,0.016563291000011304,0.00038270899995040963,0.0003360419998443831,0.00029195900015110965,0.004829959000062445,0.0005641660000037518,6.487500013463432e-05,0.0,0.0,0.0,0.0,0.0,0.0,0.0,0.0,0.0,0.0,0.0,0.0,0.0,0.0,0.0,0.0,0.0,0.0,12.896920872999544
27,0.13042666599994845,0.12488016600013907,0.44764837499997157,0.3849500409999109,0.3911809579999499,1.1999891250000019,1.136190666000175,0.8380216670000209,0.9700408749999951,1.0609792499999458,0.7972212079998826,1.0016888339998786,0.9218023749999702,0.6445891250000386,0.6625413749998188,0.19344437499989908,0.40709591700010606,0.2503055829999994,0.32395391699992615,0.29331758400007857,0.13908354099999087,0.16364979200011476,0.15813716699994984,0.13541329200006658,0.03139887500014993,0.016495207999923878,0.00037904200007687905,0.00032925000004979665,0.00029004199996052193,0.004827917000056914,0.0005689580000307615,6.5333000065948e-05,0.0,0.0,0.0,0.0,0.0,0.0,0.0,0.0,0.0,0.0,0.0,0.0,0.0,0.0,0.0,0.0,0.0,0.0,12.830906499000093
28,0.13007999999990716,0.12442483399991033,0.44686237499990966,0.3798859169999105,0.39042362500003946,1.1985972499999207,1.116132959000197,0.841635709000002,0.9783649579999292,1.0600854589999926,0.7966703750000761,1.005431499999986,0.9107057919998169,0.646452624999938,0.6630900420000216,0.1929394589999447,0.4070486250000158,0.24671375000002627,0.32392291699989073,0.29345375000002605,0.13940866699999788,0.16364566700008254,0.1584504160000506,0.13292458299997634,0.03143658299995877,0.016494959000056042,0.0003823329998340341,0.00033512499999233114,0.0002901249999922584,0.0048192499998549465,0.0005664579998665431,6.441599998652237e-05,0.0,0.0,0.0,0.0,0.0,0.0,0.0,0.0,0.0,0.0,0.0,0.0,0.0,0.0,0.0,0.0,0.0,0.0,12.80174050299911
29,0.12974104199997782,0.1246009999999842,0.4460988749999615,0.38709862499990777,0.39645537499995953,1.2092223329998433,1.1189305829998375,0.8365266670000437,0.9690991659999781,1.0718517919999613,0.7961734159998741,1.003827666999996,0.9092880830000922,0.6488347919998887,0.6727489590000459,0.1938199999999597,0.4072139590000461,0.2472176250000757,0.32588733300008244,0.2950849170001675,0.13947212499988382,0.16551916699995672,0.15892541599987453,0.1332512910000787,0.03142512500016892,0.016528041000128724,0.0003794579999976122,0.000334374999965803,0.0002974590001940669,0.004853082999943581,0.0005686669999249716,6.508299998131406e-05,0.0,0.0,0.0,0.0,0.0,0.0,0.0,0.0,0.0,0.0,0.0,0.0,0.0,0.0,0.0,0.0,0.0,0.0,12.841341498999782
30,0.13020475000007536,0.12454750000006243,0.44799016699994354,0.38593358299999636,0.3910355840000648,1.1993177080000805,1.1618807500001367,0.847933292000107,0.9953785420000258,1.0654254580001634,0.8132410829998662,1.0079252919999817,0.9101460419999512,0.6461626249999881,0.6639158749999297,0.19390279200001714,0.4120677920000162,0.25064020799982245,0.32418150000012247,0.29461862500011193,0.1403125409999575,0.16465074999996432,0.1588325000000168,0.13352708299998994,0.03159837500015783,0.01659649999987778,0.0003819579999344569,0.0003349169999182777,0.0002938329998869449,0.004819708000013634,0.0005657499998505955,6.46670000605809e-05,0.0,0.0,0.0,0.0,0.0,0.0,0.0,0.0,0.0,0.0,0.0,0.0,0.0,0.0,0.0,0.0,0.0,0.0,12.918427750000092
31,0.13009600000009414,0.12467820899996696,0.456921249999823,0.38441745899990565,0.39568983399999524,1.1983846670000275,1.1286302920000253,0.852873708000061,0.9744180840000354,1.0676549580000483,0.805639790999976,1.0207433750001655,0.9071961249999276,0.6476249170000301,0.6629236250000758,0.1931400420000955,0.4069487920000938,0.24721070900000086,0.32525154199993267,0.2982701250000446,0.1411838330000137,0.16392749999999978,0.15921204200003558,0.15726050000012037,0.03145295800004533,0.01646025000013651,0.00037616700001308345,0.0003371249999872816,0.0002879999999549909,0.00485441599994374,0.0005663330000515998,6.545800010826497e-05,0.0,0.0,0.0,0.0,0.0,0.0,0.0,0.0,0.0,0.0,0.0,0.0,0.0,0.0,0.0,0.0,0.0,0.0,12.904698086000735
32,0.1298701659998187,0.12478412499990554,0.44738237499996103,0.38096283400000175,0.39027375000000575,1.2022512500000175,1.1188735410000845,0.8454367920001005,0.9704645839999557,1.0614857499999744,0.7979133750000074,1.0066815840000345,0.9173376250000729,0.6444111670000439,0.6619609589999982,0.19384500000001026,0.40662858299992877,0.24638212499985457,0.32364258400002655,0.2944774999998572,0.1394024169999284,0.16430383300007634,0.15942225000003418,0.133395167000117,0.031529166999916924,0.01647966600012296,0.0003884170000674203,0.00034512499996708357,0.00029391699990810594,0.004876417000104993,0.0005907919999117439,6.487499990726064e-05,0.0,0.0,0.0,0.0,0.0,0.0,0.0,0.0,0.0,0.0,0.0,0.0,0.0,0.0,0.0,0.0,0.0,0.0,12.816157711999722
33,0.13024979200008602,0.12449149999997644,0.4467896670000755,0.3800471250001465,0.3994266659999539,1.2270128749999003,1.1219785840000895,0.841876917000036,0.967245708000064,1.103952333000052,0.8004092920000403,1.0082166669999424,0.9109982500001479,0.655414958999927,0.6655474589999812,0.19719770799997605,0.41663704100005816,0.24742391600011615,0.32519862499998453,0.2951206249999814,0.1412033330000213,0.1641804589999083,0.16017712500001835,0.13357645899986892,0.03175583300003382,0.01645045800000844,0.00038004199996066745,0.0003353749998495914,0.0002917909998814139,0.0048323339999569725,0.0005688329999884445,6.624999991799996e-05,0.0,0.0,0.0,0.0,0.0,0.0,0.0,0.0,0.0,0.0,0.0,0.0,0.0,0.0,0.0,0.0,0.0,0.0,12.91905400099995
34,0.13012229199989633,0.12767012499989505,0.4502802920001159,0.38801516600005925,0.39252704199998334,1.2112950830000955,1.1291512910001984,0.844365874999994,0.9763223339998603,1.0656942920002166,0.8042365829999198,1.0083793329999935,0.9134372080000048,0.657145249999985,0.6681285409999873,0.19417654099993342,0.4069917080000778,0.2502316249999694,0.3339169999999285,0.29351133300019683,0.1404341669999667,0.16410545899998397,0.15923045800013824,0.13387637499999983,0.0316266249999444,0.016583791999892128,0.00038391599991882686,0.00034358300013082044,0.0003278330000284768,0.004992000000129337,0.0005678340000940807,6.499999994957761e-05,0.0,0.0,0.0,0.0,0.0,0.0,0.0,0.0,0.0,0.0,0.0,0.0,0.0,0.0,0.0,0.0,0.0,0.0,12.898135956000488
35,0.1329142500001126,0.12478854200003298,0.4476583750001737,0.38729829199996857,0.3938320830000066,1.2232289590001528,1.1288551669999833,0.8499137909998353,0.9794212090000656,1.064409749999868,0.802093541999966,1.011226790999899,0.9068915000000288,0.6717762499999935,0.663120125000205,0.19435204199999134,0.40790791699987494,0.24832420899997487,0.3257424579999224,0.29877600000008897,0.14122004199998628,0.16774729199983085,0.1623229580000043,0.13589862499998162,0.032609374999992724,0.016980874999944717,0.0003861669999878359,0.0003392500000245491,0.0002982920000249578,0.004911624999976993,0.0005774999999630381,6.625000014537363e-05,0.0,0.0,0.0,0.0,0.0,0.0,0.0,0.0,0.0,0.0,0.0,0.0,0.0,0.0,0.0,0.0,0.0,0.0,12.925889503000008
36,0.13261341599991283,0.12692095799980052,0.4483909999999014,0.3856559999999263,0.3932873329999893,1.2015610419998666,1.119019875000049,0.8467230839999047,0.975409208000201,1.0640990839999631,0.8142894999998589,1.008592832999966,0.9070676249998542,0.6499002499999733,0.6721886249999898,0.19810945799986257,0.40774533400008295,0.24852500000019973,0.32582233300013286,0.29777112500005387,0.14098970800000643,0.16348091700001532,0.15937012500012315,0.13693970799999988,0.0315625830000954,0.016544625000051383,0.0004030830000374408,0.00033262500005548645,0.0002921669999977894,0.004816749999918102,0.0005646249999244901,6.408300009752566e-05,0.0,0.0,0.0,0.0,0.0,0.0,0.0,0.0,0.0,0.0,0.0,0.0,0.0,0.0,0.0,0.0,0.0,0.0,12.879054081999811
37,0.1299769169997944,0.12470562500016058,0.46115016700014166,0.38468279200014877,0.39277108400006,1.2108168329998534,1.1162215419999484,0.8445576670001174,0.9703820419999829,1.0649619169998914,0.797819957999991,1.0048897500000749,0.9249456669999745,0.6450864169999022,0.6643166250000831,0.19495675000007395,0.40838795800004846,0.2520316659999935,0.3324052500001926,0.29457254200019634,0.13951445899988357,0.16435524999997142,0.160740541999985,0.13401300000009542,0.03161404100001164,0.01655158400012624,0.0003905830001258437,0.000336542000013651,0.00028929200016136747,0.004832915999941179,0.0005651670001043385,6.441699997594696e-05,0.0,0.0,0.0,0.0,0.0,0.0,0.0,0.0,0.0,0.0,0.0,0.0,0.0,0.0,0.0,0.0,0.0,0.0,12.872906962001025
38,0.1310364999999365,0.12531945799992172,0.4485604589999639,0.38391216600007283,0.3927083749999838,1.2186976250000043,1.1197062909998294,0.8442426670001169,0.9808122080000885,1.0579001250000601,0.7949193749998358,1.0011357920000137,0.9037503330000618,0.644606500000009,0.6620810419999543,0.19306570899993858,0.4071348749998833,0.24674787499998274,0.3235754579998229,0.29573558300012337,0.13911654100002124,0.1636214170000585,0.15784537499985163,0.13338249999992513,0.031432250000079875,0.01656287500009057,0.00038220800001909083,0.00035033399990425096,0.00029208399996605294,0.004821333000109007,0.0005661669999881269,6.441699997594696e-05,0.0,0.0,0.0,0.0,0.0,0.0,0.0,0.0,0.0,0.0,0.0,0.0,0.0,0.0,0.0,0.0,0.0,0.0,12.824085916999593
39,0.13034591700011333,0.12982125000007727,0.45593208299987964,0.3880586249999851,0.3956725830000778,1.2075642920001428,1.1271653750000041,0.8474659169999086,0.9742586659999688,1.0877126249999947,0.8108616250001432,1.0108705840000312,0.9152500000000146,0.6503684159999921,0.6787953750001634,0.1952273750000586,0.41148016600004667,0.24922220799999195,0.32448120799995195,0.29427224999994905,0.1398622090000572,0.16546599999992395,0.15890254199985065,0.13441095800021685,0.03157337500010726,0.016751082999917344,0.00040183400005844305,0.0003452089999882446,0.0002952499999082647,0.004848209000101633,0.0005683749998297571,6.41670001186867e-05,0.0,0.0,0.0,0.0,0.0,0.0,0.0,0.0,0.0,0.0,0.0,0.0,0.0,0.0,0.0,0.0,0.0,0.0,12.938315751000573
40,0.13014337499998874,0.12523624999994354,0.4479994590001297,0.38216562499997053,0.39232866699990154,1.2086896249998063,1.1448701669999082,0.8584399579999626,0.9803280000000996,1.073940999999877,0.8075181659999089,1.0086192920000485,0.9071051250000437,0.6557222499998261,0.6720417079998242,0.19744375000004766,0.43073041699994974,0.24820979200012516,0.33026266599995324,0.29917908399988846,0.1393970829999489,0.16441149999991467,0.15846429099997295,0.13337299999989227,0.03148841699999139,0.016564209000080155,0.0003794159999870317,0.000334374999965803,0.0002915000000029977,0.004822041000124955,0.0005692909999197582,6.458300003941986e-05,0.0,0.0,0.0,0.0,0.0,0.0,0.0,0.0,0.0,0.0,0.0,0.0,0.0,0.0,0.0,0.0,0.0,0.0,12.951134081999044
41,0.13064862499982155,0.12524858400001904,0.44879666699989684,0.3824925409999196,0.3949357090000376,1.2101052919999802,1.1255838329998369,0.8405178329999217,0.9740050830000655,1.079533124999898,0.8067617919998611,1.0192572500000097,0.9067347499999414,0.6522454160001416,0.6706504999999652,0.1940894169999865,0.41081099999996695,0.2481126249999761,0.324551541999881,0.29456037499994636,0.13942599999995764,0.16697999999996682,0.1607423339999059,0.13496687499991822,0.03204566700014766,0.017441167000015412,0.0004084580000380811,0.0003412920000300801,0.00030225000000427826,0.004891749999842432,0.00057674999993651,6.512499999189458e-05,0.0,0.0,0.0,0.0,0.0,0.0,0.0,0.0,0.0,0.0,0.0,0.0,0.0,0.0,0.0,0.0,0.0,0.0,12.897829626998828
42,0.131993083999987,0.12638637499981087,0.4554887920000965,0.38825266699996064,0.3987902500000473,1.22133841699997,1.121807416000138,0.8397995840000476,0.9773902499998712,1.0694009579999602,0.7988347499999691,1.0040744580001046,0.9109925410000415,0.6595897500001229,0.6762540409999929,0.19309674999999515,0.4081750000000284,0.24666954100007388,0.3247660409999753,0.2948794579999685,0.13978233400007412,0.16375087500000518,0.15908391600009963,0.13416962499991314,0.0319495830001415,0.01656049999996867,0.00038912499985599425,0.00033366700017722906,0.0002941669999927399,0.004838667000058194,0.0005675840000094468,6.508399997073866e-05,0.0,0.0,0.0,0.0,0.0,0.0,0.0,0.0,0.0,0.0,0.0,0.0,0.0,0.0,0.0,0.0,0.0,0.0,12.899765250000428
43,0.13023854199991547,0.12473004200001014,0.4479005410000809,0.38187470799994117,0.395537916999956,1.2164503330000116,1.1203431250000904,0.8397447910001574,0.9685271670000475,1.0845114589999412,0.827966250000145,1.0126922500001,0.9134428330000901,0.6465707499999098,0.6676312919998963,0.1985007079999832,0.4095105420001346,0.24792891699985375,0.32580637500018383,0.29719554200005405,0.14019549999989067,0.16434579199994914,0.1584240839999893,0.13332562499999767,0.03229425000017727,0.016952624999930777,0.000379167000119196,0.00032941700010269415,0.00029091599981256877,0.004848000000038155,0.0005678749998878629,6.454200001826393e-05,0.0,0.0,0.0,0.0,0.0,0.0,0.0,0.0,0.0,0.0,0.0,0.0,0.0,0.0,0.0,0.0,0.0,0.0,12.909121877000416
44,0.1306236660000195,0.12599966700008736,0.45059154199998375,0.39088479199995163,0.4058006249999835,1.2150124170000254,1.140180375,0.84379899999999,0.9817619159998685,1.0680903340000896,0.8224446249998891,1.0062673750001068,0.9071609589998388,0.6515401669998937,0.6670494170000438,0.19547670900010417,0.40808941599993886,0.255323166999915,0.32565412499980084,0.30077112499998293,0.14555862500014882,0.16726937499993255,0.165792915999873,0.13352912499999547,0.0316373329999351,0.01652845800003888,0.0003809580000506685,0.00033258300004490593,0.00029162500004531466,0.004834124999888445,0.0005673749999459687,6.437499996536644e-05,0.0,0.0,0.0,0.0,0.0,0.0,0.0,0.0,0.0,0.0,0.0,0.0,0.0,0.0,0.0,0.0,0.0,0.0,12.959308291999378
45,0.13228570799992667,0.12511766700004046,0.4497721249999813,0.3897884160001013,0.4026479169999675,1.208866209000007,1.1300868749999609,0.8765649590000066,0.9931769580000491,1.0764527080000335,0.8027093339999283,1.017961624999998,0.9078197910000654,0.6473925000000236,0.683197625000048,0.1982522499999959,0.4137556250000216,0.24760991699986334,0.32470166600000994,0.31387645900008465,0.14092254199999843,0.16388024999992012,0.1610312079999403,0.1342559170000186,0.03159791699999914,0.016477207999969323,0.00038245900009314937,0.0003298750000340078,0.00029004199996052193,0.004842666000058671,0.0005704159998458636,6.462500005000038e-05,0.0,0.0,0.0,0.0,0.0,0.0,0.0,0.0,0.0,0.0,0.0,0.0,0.0,0.0,0.0,0.0,0.0,0.0,12.996681459000001
46,0.13114474999997583,0.12614470800008348,0.45184212499998466,0.3832929579998563,0.39279949999991004,1.2135862919999454,1.2517355840000164,0.8466765000000578,0.9773417500000505,1.0708897499998784,0.8003158750002513,1.0286892089998219,0.9101557920002961,0.6514475829999355,0.6624802080000336,0.19326066699977673,0.40858445799995025,0.24828420799985906,0.32414220900000146,0.2944513329998699,0.13991845800001101,0.16401595800016366,0.15917512500027442,0.1337837920000311,0.03162945799977024,0.016721416999644134,0.0003875840002365294,0.0003511660002004646,0.00029412499998215935,0.004832165999687277,0.0005655830000250717,6.416699989131303e-05,0.0,0.0,0.0,0.0,0.0,0.0,0.0,0.0,0.0,0.0,0.0,0.0,0.0,0.0,0.0,0.0,0.0,0.0,13.019004457999472
47,0.13244850000000952,0.12982983399979275,0.46763662499961356,0.38801529199963625,0.3993985420001991,1.225225374999809,1.119473624999955,0.8507715410000856,0.9730613749998156,1.072023375000299,0.8129906660001325,1.010365874999934,0.9091783329999998,0.6491423339998619,0.669743040999947,0.19775591600000553,0.41232545899993056,0.25260179099996094,0.3266359590002139,0.29634854200003247,0.1411531250000735,0.16546645800008264,0.15882295800020074,0.13424045800002204,0.031772374999945896,0.01658950000000914,0.0003817919996436103,0.0003406249998079147,0.000300292000247282,0.004942125000070519,0.000578791999942041,6.58330000078422e-05,0.0,0.0,0.0,0.0,0.0,0.0,0.0,0.0,0.0,0.0,0.0,0.0,0.0,0.0,0.0,0.0,0.0,0.0,12.949626332999287
48,0.13403362500002913,0.12761137500001496,0.45814470899995285,0.38831808299983095,0.40696412499983126,1.2381844999999885,1.119809332999921,0.8561644999999771,0.9794477909999841,1.0714449580000291,0.8276405829997202,1.0126174579995677,0.9076370000002498,0.6563295419996393,0.6726186669998242,0.19799716699981218,0.40940379199992094,0.2513838330000908,0.32771045799972853,0.2976611250001042,0.14016620900019916,0.16349683299995377,0.15897875000018757,0.13452458300025683,0.032174250000025495,0.016570041000250058,0.00038479100021504564,0.00033541699986017193,0.0002943750000667933,0.004823917000067013,0.0005657080000673886,6.504200018753181e-05,0.0,0.0,0.0,0.0,0.0,0.0,0.0,0.0,0.0,0.0,0.0,0.0,0.0,0.0,0.0,0.0,0.0,0.0,12.993502539999554
49,0.13048662500023056,0.12482637499988414,0.45288954200032094,0.38222629199981384,0.3921448750002128,1.2122345419998055,1.181652958000086,0.8558043749999342,0.9802858330003801,1.067047999999886,0.8116009999998823,1.0048977500000547,0.9392698750002637,0.6556192089997239,0.6651197080000202,0.19517658400036453,0.4169835000002422,0.2473852920002173,0.32575741599976027,0.29362541599994074,0.14016520899986062,0.1641160829999535,0.1588963330000297,0.13271741599965026,0.0315400409999711,0.01649108299989166,0.0003760419999707665,0.0003307080000922724,0.0002912909999395197,0.004827792000014597,0.0005648749997817504,6.525000026158523e-05,0.0,0.0,0.0,0.0,0.0,0.0,0.0,0.0,0.0,0.0,0.0,0.0,0.0,0.0,0.0,0.0,0.0,0.0,12.985417290000441
50,0.1306328749997192,0.12486433300000499,0.44939420799983054,0.38546133399995597,0.3947735419997116,1.2322419170000103,1.1229597500000637,0.8579731669997273,0.9944639169998482,1.072413625000081,0.7942314169999918,1.031124458999784,0.9052959579998969,0.6758585420002419,0.6710477090000495,0.19806954099976792,0.4145552080003654,0.2598006660000465,0.3344041659997856,0.2955412090000209,0.14018245800025397,0.1654606249999233,0.16018008400033068,0.13441512500003228,0.03169987499995841,0.016547541999898385,0.0003784589998758747,0.00033191700003953883,0.00028783299967471976,0.004940583000006882,0.0005797080002594157,6.566700039911666e-05,0.0,0.0,0.0,0.0,0.0,0.0,0.0,0.0,0.0,0.0,0.0,0.0,0.0,0.0,0.0,0.0,0.0,0.0,13.000177418999556
51,0.10674483299999338,0.24710270900004616,0.3233634590001202,0.33030491699992126,0.772012999999788,0.607970916999875,1.0551172499999666,1.7895424999996976,0.9375917500001378,0.7565398339997955,0.2944979159997274,0.6558838749997449,0.5746891250000772,0.5396583749998172,0.7048229590000119,0.8589855840000382,0.7990424169997823,0.2091259999997419,0.25266687500015905,0.1424074169999585,0.24409120899963455,0.2166824999999335,0.16250787499984654,0.09129745800009914,0.04036870900017675,0.016099083999961294,0.003615500000250904,0.000244416999976238,0.0001998329998968984,0.00016283300010400126,0.00021424999977170955,0.0,0.0,0.0,0.0,0.0,0.0,0.0,0.0,0.0,0.0,0.0,0.0,0.0,0.0,0.0,0.0,0.0,0.0,0.0,12.733555379998052
52,0.1084157079999386,0.25040716699959376,0.3221587919997546,0.3294490409998616,0.781845708000219,0.5996182919998319,1.060734666999906,1.7965772499997001,0.9454607920001763,0.7619077920003292,0.31624383400003353,0.6553114169996661,0.5754452080000192,0.5466004169998087,0.7046201250000195,0.8526808749998054,0.8075623750000887,0.21125320800001646,0.24870237499999348,0.14206641700002365,0.24465491599994493,0.21959383300008994,0.16331504199979463,0.08918545899996388,0.03985420900016834,0.009586750000380562,0.0034295420000489685,0.00023900000041976455,0.00019316599991725525,0.0001440000000911823,0.0001995840002564364,0.0,0.0,0.0,0.0,0.0,0.0,0.0,0.0,0.0,0.0,0.0,0.0,0.0,0.0,0.0,0.0,0.0,0.0,0.0,12.787456960999862
53,0.10642616600034671,0.24706854199985173,0.33062887500000215,0.33144704200003616,0.790464250000241,0.5919430419999117,1.078501334000066,1.8082352910000736,0.9214748750000581,0.7569827919996897,0.2948905000002924,0.6743825839998863,0.5838946250000845,0.5456572920002145,0.7010982910001076,0.8670826249999664,0.8027783749998889,0.2100258330001452,0.2515407079999932,0.14246037499970043,0.24489624999978332,0.221123291999902,0.15937683299989658,0.08884112499981711,0.03993045800007167,0.009602250000170898,0.003431374999763648,0.0002366660000916454,0.00019779200010816567,0.00014587499981644214,0.000198041000203375,0.0,0.0,0.0,0.0,0.0,0.0,0.0,0.0,0.0,0.0,0.0,0.0,0.0,0.0,0.0,0.0,0.0,0.0,0.0,12.804963374000181
54,0.10659091699972123,0.24743408300037117,0.33559283400018103,0.3355998750002982,0.7702037919998475,0.5879908750002869,1.0617374170001312,1.8066432919999897,0.9212980419997621,0.7621436250001352,0.2992251670002588,0.6523224580000715,0.5728470419999212,0.5442431249998663,0.7069906250003442,0.8626122910000049,0.7919208329999492,0.20964004200004638,0.25027541600002223,0.14503366600001755,0.24637441699996998,0.22114058300030592,0.16047670800026026,0.09119608300034088,0.041187416999946436,0.00963016699961372,0.0034353330001977156,0.00023687499970037607,0.00019408300022405456,0.00014375000000654836,0.00019658300016089925,0.0,0.0,0.0,0.0,0.0,0.0,0.0,0.0,0.0,0.0,0.0,0.0,0.0,0.0,0.0,0.0,0.0,0.0,0.0,12.744557416001953
55,0.10880566600008024,0.25025562499968146,0.3306265000001076,0.3417254999999386,0.7730918329998531,0.587006792000011,1.0545998749998944,1.77856225000005,0.9183530410000458,0.7500630829999864,0.2953784999999698,0.6503462080004283,0.580809374999717,0.5446067090001634,0.6968589169996449,0.8512802919999558,0.7897939169997699,0.21017095900015192,0.2493272080000679,0.14272908300017662,0.24645954200013875,0.2187579999999798,0.15923308300034478,0.08914175000018076,0.03991041600011158,0.00959954200016,0.0034301249997952254,0.00023908399998617824,0.0001980420001927996,0.0001445420002710307,0.00020025000003442983,0.0,0.0,0.0,0.0,0.0,0.0,0.0,0.0,0.0,0.0,0.0,0.0,0.0,0.0,0.0,0.0,0.0,0.0,0.0,12.67170570900089
56,0.10731858300005115,0.25003783300007854,0.3230286250000063,0.3292186250000668,0.78329554200036,0.5861030830001255,1.0593392499999936,1.7832419169999412,0.931480959000055,0.7523167919998741,0.29521687499982363,0.6466276669998479,0.5805569999997715,0.547175832999983,0.699707166999815,0.8522794590003286,0.7944242500002474,0.21654954099994939,0.25030583299985665,0.14313250000031985,0.24549125000021377,0.2183277089998228,0.1603107920000184,0.0891164170002412,0.03988987499997165,0.00959987500027637,0.003412999999909516,0.00023741699988022447,0.00019166699985362357,0.00014379200001712888,0.0002011659998970572,0.0,0.0,0.0,0.0,0.0,0.0,0.0,0.0,0.0,0.0,0.0,0.0,0.0,0.0,0.0,0.0,0.0,0.0,0.0,12.698280294000597
57,0.10666016699997272,0.24940862499988725,0.32440991699968436,0.3311692919996858,0.781536708999738,0.5905477079995762,1.0734295409997685,1.793084375000035,0.9229157089998807,0.7661196670001118,0.3019454170002973,0.6517815419997532,0.5706947080002465,0.5408094580002398,0.713345333000234,0.8672569169998496,0.7923607500001708,0.21069808399988688,0.24996295799974177,0.1431222500000331,0.24525104199983616,0.2186124589998144,0.16466600000012477,0.08914154200010671,0.03979004199982228,0.009611166000013327,0.0034169590003330086,0.00024029200039876741,0.0001963330000762653,0.0001447090003239282,0.00019795800017163856,0.0,0.0,0.0,0.0,0.0,0.0,0.0,0.0,0.0,0.0,0.0,0.0,0.0,0.0,0.0,0.0,0.0,0.0,0.0,12.752527628999815
58,0.10665812500019456,0.24900125000021944,0.32424241699982304,0.33160999999972773,0.7923284169996805,0.5896956249998766,1.06739749999997,1.7934604160000163,0.932992834000288,0.766831916999763,0.297691209000277,0.652671707999616,0.5777846669998326,0.5511413330000323,0.7073730419997446,0.8558429580002667,0.7884593750000022,0.21016720800025723,0.24953008400007093,0.14249437499984197,0.2495203749999746,0.22166537499970218,0.1623460000000705,0.09046129199987263,0.0403257080001822,0.009720624999772554,0.0034785840002768964,0.00024408299987044302,0.0001973329999600537,0.00015404199984914158,0.0002081249999719148,0.0,0.0,0.0,0.0,0.0,0.0,0.0,0.0,0.0,0.0,0.0,0.0,0.0,0.0,0.0,0.0,0.0,0.0,0.0,12.765696001999004
59,0.1065749159997722,0.24814337500038164,0.32323795799993604,0.33226879199992254,0.7761359159999301,0.5883155420001458,1.0601762910000616,1.812378708000324,0.9256922499998836,0.7566882080000141,0.30119104100003824,0.6513757090001491,0.5731631250000646,0.547278500000175,0.7081600000001345,0.8493223750001562,0.7867684160000863,0.20992345900003784,0.24932191700008843,0.14466708300005848,0.24891324999998687,0.22133304099997986,0.16200533400024142,0.08900120799989963,0.03969679199963139,0.009578374999819061,0.003418917000090005,0.00024145799989128136,0.00019812500022453605,0.00014591699982702266,0.00021270799970807275,0.0,0.0,0.0,0.0,0.0,0.0,0.0,0.0,0.0,0.0,0.0,0.0,0.0,0.0,0.0,0.0,0.0,0.0,0.0,12.72552870600066
60,0.10647312500032058,0.24960754199992152,0.32218404199966244,0.32949837500018475,0.7764400420001039,0.586585458999707,1.0565074999999524,1.7925640000003114,0.9156937499997184,0.7521155839999665,0.29648608300021806,0.6492403339998418,0.5782568750000792,0.5383632920002128,0.6960285410000324,0.8631717919997755,0.7882361659999333,0.2100945000001957,0.24877191699988543,0.1426734579999902,0.24979941700030395,0.21932895800000551,0.1600215839998782,0.0899970000000394,0.03972849999991013,0.009718791999603127,0.003468874999725813,0.0002419999996163824,0.0001966670001820603,0.00014808299965807237,0.0002030830000876449,0.0,0.0,0.0,0.0,0.0,0.0,0.0,0.0,0.0,0.0,0.0,0.0,0.0,0.0,0.0,0.0,0.0,0.0,0.0,12.671845335999024
61,0.10789533300021503,0.25107812499982174,0.3266203339999265,0.3291116250002233,0.7720864580001034,0.5856513339999765,1.0593695420002405,1.783459832999597,0.9144368750003196,0.7649462089998451,0.29549495899982503,0.6470979159998933,0.571431708000091,0.538681749999796,0.700364250000348,0.8477472500003387,0.785465375000058,0.20927437499994994,0.2487761249999494,0.14237175000016578,0.24485404200004268,0.21726716600005602,0.15923620900002788,0.09058812500006752,0.03967224999996688,0.009571499999765365,0.003406375000395201,0.0002415419999124424,0.0001934580000124697,0.00014637499998571002,0.00019974999986516195,0.0,0.0,0.0,0.0,0.0,0.0,0.0,0.0,0.0,0.0,0.0,0.0,0.0,0.0,0.0,0.0,0.0,0.0,0.0,12.646737918000781
62,0.10623695800040878,0.24690858400026627,0.3209092919996692,0.3291367080000782,0.7707462920002399,0.5867758749996028,1.0593554580000273,1.7776232080000227,0.9177632079999967,0.749646207999831,0.29489154200018675,0.6572334999996201,0.5798187499999585,0.5459294170000248,0.6967201249999562,0.8479760840000381,0.7843597910000426,0.2120919999997568,0.2520751659999405,0.14409216700005345,0.24770549999993818,0.2204927919997317,0.1614802500002952,0.08991533300013543,0.04017470799999501,0.009710958000141545,0.003464666000127181,0.0002420830001028662,0.00019520900013958453,0.00014683300014439737,0.00020437500006664777,0.0,0.0,0.0,0.0,0.0,0.0,0.0,0.0,0.0,0.0,0.0,0.0,0.0,0.0,0.0,0.0,0.0,0.0,0.0,12.654023040000538
63,0.10796887500009689,0.24684416699983558,0.3207382499999767,0.3298832499999662,0.7698324160000993,0.5846353330002785,1.0542401249999784,1.8007787500000632,0.912354083000082,0.7515358750001724,0.2944350419998045,0.6551879580001696,0.5744777079999039,0.5380555830001867,0.6942447500000526,0.8473167920001288,0.7852624170000126,0.2088342920001196,0.24907725000002756,0.1418832909998855,0.2446877500001392,0.21771641700024702,0.15953016599996772,0.08880945800001427,0.03971641699990869,0.009537792000173795,0.003403749999961292,0.00024399999983870657,0.00019258299971625092,0.0001431660002708668,0.00019916599967473303,0.0,0.0,0.0,0.0,0.0,0.0,0.0,0.0,0.0,0.0,0.0,0.0,0.0,0.0,0.0,0.0,0.0,0.0,0.0,12.631766872000753
64,0.10670708400039075,0.24683425000011994,0.32058150000011665,0.3293069999999716,0.7696708749999743,0.5892534999998134,1.0578584169998066,1.8024502080002094,0.9120284579998952,0.7506422090000342,0.2945319160003237,0.6455425420003849,0.5698621669998829,0.5381818749997365,0.6943208329998924,0.8593194160002895,0.7850465419996908,0.20895487500001764,0.2486104169997816,0.14193950000026234,0.2468189579999489,0.21703195899999628,0.15918775000000096,0.08849441600023056,0.039613250000002154,0.009569124999870837,0.003396082999643113,0.0002369579997321125,0.0001937910001288401,0.00014395800008060178,0.00019837499985442264,0.0,0.0,0.0,0.0,0.0,0.0,0.0,0.0,0.0,0.0,0.0,0.0,0.0,0.0,0.0,0.0,0.0,0.0,0.0,12.636528207000083
65,0.10613195799987807,0.24635204200012595,0.3251052079999681,0.33251570800030095,0.7700489170001674,0.5851724170001944,1.0516933750000135,1.7794541250000293,0.9249098329996741,0.7495886249998875,0.29490850000001956,0.6567767500000627,0.5681739999999991,0.5392268750001676,0.6942142499997317,0.849983207999685,0.7840412499999729,0.2088548750002701,0.24854754199986928,0.14196208300018043,0.2437574579998909,0.21664641699999265,0.1590310420001515,0.08857358300019769,0.039658916000007594,0.009513041999980487,0.003407333999803086,0.00023962500017660204,0.0001961250000022119,0.00014466699985860032,0.0001992080001400609,0.0,0.0,0.0,0.0,0.0,0.0,0.0,0.0,0.0,0.0,0.0,0.0,0.0,0.0,0.0,0.0,0.0,0.0,0.0,12.6190289580004
66,0.10628499999984342,0.2513074999997116,0.3254039590001412,0.333228292000058,0.7710804170001211,0.584533083000224,1.0599176670002635,1.7878280830000222,0.9279108330001691,0.7614737920002881,0.2945467090003149,0.6495186249999279,0.5700258330002725,0.5462951659997088,0.6957457920002525,0.8493194999996376,0.7860427079999681,0.21044370800018442,0.24903595899968423,0.14314887499995166,0.24496850000014092,0.2180310419998932,0.15990587499982212,0.08881854199989903,0.03979279100030908,0.009788749999643187,0.0034183749999101565,0.00023987499980648863,0.00019675000021379674,0.00014683299968965002,0.00019870899996021762,0.0,0.0,0.0,0.0,0.0,0.0,0.0,0.0,0.0,0.0,0.0,0.0,0.0,0.0,0.0,0.0,0.0,0.0,0.0,12.668597543000033
67,0.10721666699964771,0.24911087500004214,0.32291820899990853,0.3333178749999206,0.7734968750000917,0.5864514999998391,1.056006625000009,1.8019882079997842,0.9145733329996801,0.7523332910000136,0.2948860420001438,0.6528821249999055,0.5784241670003212,0.5391368330001569,0.6988693339999372,0.848382958000002,0.7960204580003847,0.20904129099972124,0.24822612500020114,0.14208316700023715,0.24526633300001777,0.2169264999997722,0.15905062499996347,0.08864958399999523,0.03978233299994827,0.009858291000000463,0.003480834000129107,0.0002414160003354482,0.0002015420000134327,0.00014779200000702986,0.00020312500009822543,0.0,0.0,0.0,0.0,0.0,0.0,0.0,0.0,0.0,0.0,0.0,0.0,0.0,0.0,0.0,0.0,0.0,0.0,0.0,12.669174333000228
68,0.10629079099999217,0.24816345799990813,0.32036283400020693,0.32870645799994236,0.7710775420000573,0.5831158750002032,1.0512822910000068,1.774839625000368,0.91076537500021,0.7609225839996725,0.2984831249996205,0.6548822079998899,0.5694593749999513,0.5371438329998455,0.6944477090000873,0.8466570829996272,0.8145400829998835,0.21471724999992148,0.24856358399983947,0.14215445800027737,0.2448152089996256,0.21720858400021825,0.15878895799960446,0.08850770800017926,0.03959441599999991,0.00956037500009188,0.00341466700001547,0.00023645800001759198,0.00019337499998073326,0.00014425000017581624,0.00019791699969573529,0.0,0.0,0.0,0.0,0.0,0.0,0.0,0.0,0.0,0.0,0.0,0.0,0.0,0.0,0.0,0.0,0.0,0.0,0.0,12.639237457999116
69,0.10637004199998046,0.24685883300026035,0.320934834000127,0.32806329100003495,0.7708578749998196,0.5878910420001375,1.0551049999999123,1.7734387909999896,0.9128772079998271,0.7542559590001474,0.29481629199972303,0.6550130420000642,0.5775369580001097,0.5374597500003802,0.6949014159999933,0.8468951250001737,0.7911461249996137,0.2095511659999829,0.2617676249997203,0.1430736249999427,0.24434987500035277,0.21733395899991592,0.15916412499973376,0.08853449999969598,0.03974554200021885,0.00961791599956996,0.003422917000079906,0.00023858299982748576,0.0001919169999382575,0.00014529200007018517,0.00019858299992847606,0.0,0.0,0.0,0.0,0.0,0.0,0.0,0.0,0.0,0.0,0.0,0.0,0.0,0.0,0.0,0.0,0.0,0.0,0.0,12.631757207999271
70,0.10635725000020102,0.2469629580000401,0.3205626660001144,0.32865899999978865,0.7710624999999709,0.5858241659998384,1.0576237919999585,1.78758016699976,0.9131977500001085,0.7514159580000523,0.2946308330001557,0.6515113750001547,0.5702991670000301,0.5371525830000792,0.6957647500003077,0.8487745409997842,0.7851298340001449,0.20899837500019203,0.2479975410001316,0.14184408299979623,0.24386283400008324,0.21714016699979766,0.15891762500041295,0.08851395800002138,0.0396451659999002,0.009599667000202317,0.0033952079998016416,0.00023591699982716818,0.00019158300028720987,0.00016404200005126768,0.00019862499993905658,0.0,0.0,0.0,0.0,0.0,0.0,0.0,0.0,0.0,0.0,0.0,0.0,0.0,0.0,0.0,0.0,0.0,0.0,0.0,12.613214081000933
71,0.10630870899967704,0.24663262500007477,0.32689220900010696,0.33358029200007877,0.7704762080002183,0.5847905000000537,1.052830458000244,1.7745468749999418,0.9128948339998715,0.761968374999924,0.295612083999913,0.6447225839997373,0.572646375000204,0.5374382079999123,0.693496000000323,0.847789333000037,0.7895371250001517,0.21235729199997877,0.24814995900032955,0.14186866699992606,0.24363741699971797,0.21703970899989145,0.15902687499965396,0.0889201659997525,0.039666957999997976,0.009555167000144138,0.0033970829999816488,0.00023824999971111538,0.00019925000015064143,0.0001459999998587591,0.00019862499993905658,0.0,0.0,0.0,0.0,0.0,0.0,0.0,0.0,0.0,0.0,0.0,0.0,0.0,0.0,0.0,0.0,0.0,0.0,0.0,12.616564211999503
72,0.10632341600012296,0.2470972090000032,0.321067290999963,0.3281854580000072,0.7703217499997663,0.5862875410002744,1.1082771669998692,1.7915895000001,0.9130212500003836,0.7541110840002148,0.29418508299977475,0.6551421250001113,0.5707972499999414,0.5374870840000767,0.6940847079999912,0.8493213749998176,0.7900560419998328,0.2124462090000634,0.25221095799997784,0.1442116669995812,0.24753891700038366,0.21978541699991183,0.16122299999960887,0.08984116700003142,0.04018404099997497,0.009697833000245737,0.0034405410001454584,0.00024141599988070084,0.00019933300018237787,0.00014566699974238873,0.00020162500004516914,0.0,0.0,0.0,0.0,0.0,0.0,0.0,0.0,0.0,0.0,0.0,0.0,0.0,0.0,0.0,0.0,0.0,0.0,0.0,12.698723124000026
73,0.10779508299992813,0.24646666700027708,0.3199765830004253,0.3281677079999099,0.7742150419999234,0.5837746250003875,1.052478582999811,1.783815499999946,0.911984874999689,0.7494539170002099,0.2940747500001635,0.6443696669998644,0.5686638330003007,0.5365913330001604,0.6930490419999842,0.8464901669999563,0.7824582919997738,0.2088694580002084,0.2486747920002017,0.1450924999999188,0.2445510830002604,0.21983908299989707,0.16127154100013286,0.08990991700011364,0.040174833000037324,0.009685500000159664,0.0034522500000093714,0.0002398339997853327,0.00020066600018253666,0.00014541600012307754,0.00020179200009806664,0.0,0.0,0.0,0.0,0.0,0.0,0.0,0.0,0.0,0.0,0.0,0.0,0.0,0.0,0.0,0.0,0.0,0.0,0.0,12.596134332001839
74,0.10776066700009324,0.25005366699997467,0.3254952920001415,0.3332411249998586,0.7720503750001626,0.5852237079998304,1.053025333000278,1.7985003750000033,0.9252836250002474,0.7598194160000276,0.29390166700022746,0.6447801659996912,0.572517790999882,0.5368988750001336,0.6950189170001977,0.8603554999999687,0.7838649169998462,0.20871795899984136,0.24816024999972797,0.1419429580000724,0.2441020840001329,0.22084124999992127,0.15899345799971343,0.0884848749997218,0.03962366700034181,0.009541333000015584,0.003394542000023648,0.0002382919997216959,0.00019529099972714903,0.00014220799994291156,0.0001984999998967396,0.0,0.0,0.0,0.0,0.0,0.0,0.0,0.0,0.0,0.0,0.0,0.0,0.0,0.0,0.0,0.0,0.0,0.0,0.0,12.662368082999365
75,0.10656337499995061,0.2464722909999182,0.32390208400011034,0.3279177089998484,0.7827642500001275,0.5841359169999123,1.0549376249996385,1.778373209000165,0.9134554160000334,0.7488664160000553,0.2943823750001684,0.6561204999998154,0.579221250000046,0.5375712080003723,0.696460541000306,0.8517702919998555,0.784729999999854,0.20925879199967312,0.2485593329997755,0.14240625000002183,0.2441428749998522,0.21682908299999326,0.1590326659998027,0.08859337500007314,0.039711875000193686,0.009547957999984646,0.0034044999997604464,0.00023733399984848802,0.0001940000001923181,0.0001441660001546552,0.0001993750001929584,0.0,0.0,0.0,0.0,0.0,0.0,0.0,0.0,0.0,0.0,0.0,0.0,0.0,0.0,0.0,0.0,0.0,0.0,0.0,12.629906039999696
76,0.10624824999968041,0.2472174169997743,0.3216937090001011,0.3286932920000254,0.7701062080000156,0.593848791000255,1.0717783750001217,1.7742268749998402,0.9173913330000687,0.7501757089999046,0.29872395799975493,0.6452780000004168,0.569868334000148,0.5383532079999895,0.6946026669997991,0.8489421250001215,0.7844744999997602,0.2095086250001259,0.24880254099980448,0.1419191250001859,0.2446082089995798,0.21655291700017187,0.15911624999989726,0.08847816599973157,0.03959212500012654,0.009567332999722566,0.0034009579999292328,0.0002396249997218547,0.00019279199977972894,0.00014216699992175563,0.0001972909999494732,0.0,0.0,0.0,0.0,0.0,0.0,0.0,0.0,0.0,0.0,0.0,0.0,0.0,0.0,0.0,0.0,0.0,0.0,0.0,12.623940874998425
77,0.10639475000016319,0.24688495800000965,0.3232391669998833,0.32888304199968843,0.7703936660000181,0.5852492909998546,1.0538877909998519,1.793490500000189,0.9130912910000006,0.7495480000002317,0.2948734159999731,0.6463439580002159,0.5687306660001923,0.5382575839998935,0.6952121249996708,0.8469036669998786,0.7824666669998805,0.20893645800015292,0.24867158300003211,0.1418829160002133,0.24382212500040623,0.2167158750003182,0.15900570799976776,0.08853962500006674,0.03958416700015732,0.009508957999969425,0.0034197919999314763,0.0002506249998077692,0.00019399999973757076,0.00014320799982669996,0.00020024999957968248,0.0,0.0,0.0,0.0,0.0,0.0,0.0,0.0,0.0,0.0,0.0,0.0,0.0,0.0,0.0,0.0,0.0,0.0,0.0,12.604725828999563
78,0.10665133399970728,0.24690979099977994,0.32047849999980826,0.3284987080000974,0.7708910420001303,0.5883594170004471,1.0546489999996993,1.7836366249998719,0.922675999999683,0.7485308750001423,0.29405233300030886,0.645356499999707,0.5687785830000394,0.5369616250000036,0.6940069580000454,0.8595097499996882,0.7949299580000115,0.2087807090001661,0.2484259579996433,0.1419088330003433,0.24378229200010537,0.21661479199974565,0.1590224159999707,0.0883095840003989,0.039577625000219996,0.009516582999822276,0.0033942089999072778,0.00023449999980584835,0.0001927910002450517,0.00014433299975280534,0.0001990000000660075,0.0,0.0,0.0,0.0,0.0,0.0,0.0,0.0,0.0,0.0,0.0,0.0,0.0,0.0,0.0,0.0,0.0,0.0,0.0,12.624980623999363
79,0.10824733300023581,0.2466775000002599,0.32075220900014756,0.32887845799996285,0.7840913750001164,0.5942446250001012,1.0531331659999523,1.7787336250003136,0.9127241670003059,0.7496137920002184,0.2983462500001224,0.6543545419999646,0.5693853749999107,0.5371238749999065,0.6945022919999246,0.8497320410001521,0.7852457500002856,0.2090398750001441,0.2493212079998557,0.1421337499996298,0.24407949999977063,0.21664041699978043,0.15967637499988996,0.08851729200023328,0.03951170900018042,0.009514542000033543,0.0033907090000866447,0.00023554099971079268,0.0001934580000124697,0.00014550000014423858,0.00019854199990732013,0.0,0.0,0.0,0.0,0.0,0.0,0.0,0.0,0.0,0.0,0.0,0.0,0.0,0.0,0.0,0.0,0.0,0.0,0.0,12.62838479300126
80,0.10631391700007953,0.24742366600003152,0.3209565410002142,0.32894620899969595,0.7694815830000152,0.5880938329996752,1.0558864579998044,1.8022789999999986,0.9136355000000549,0.7545304170002964,0.294314833000044,0.654306916999758,0.5768219579999823,0.5414691249998214,0.706848791000084,0.8475546250001571,0.7890789170000971,0.20943379199979972,0.2520429590003914,0.14433620899990274,0.2479038749997926,0.22027766700011853,0.15925937500014697,0.0900031249998392,0.039676166999925044,0.009528583999781404,0.003402207999897655,0.00023862500029281364,0.00019454199991741916,0.00014412500013349927,0.00019770800008700462,0.0,0.0,0.0,0.0,0.0,0.0,0.0,0.0,0.0,0.0,0.0,0.0,0.0,0.0,0.0,0.0,0.0,0.0,0.0,12.674581250999836
81,0.10628558300004443,0.247207915999752,0.3231751250000343,0.32901670899991586,0.7841701670004113,0.5926981250004246,1.0538889169997674,1.7770886660000542,0.9145228749998751,0.7509162500000457,0.2986382499998399,0.6553946249996443,0.5775100420000854,0.5371237499998642,0.699838125000042,0.8517194999999447,0.7954142499997943,0.20926074999988487,0.24820033300011346,0.14236470800005918,0.244208499999786,0.21650229199985915,0.15872141699992426,0.08846395799992024,0.03958541600013632,0.009549417000016547,0.003398708000077022,0.00023841700021876022,0.00019454199991741916,0.00014433299975280534,0.00020008399997095694,0.0,0.0,0.0,0.0,0.0,0.0,0.0,0.0,0.0,0.0,0.0,0.0,0.0,0.0,0.0,0.0,0.0,0.0,0.0,12.655641749999177
82,0.10619758399980128,0.2467989579999994,0.3210676670000794,0.3287905420002062,0.769395583000005,0.5851161249997858,1.0702418750001925,1.7793116670000018,0.9184968339995976,0.7521794160002173,0.2984615830000621,0.6569077089998245,0.5699382910001987,0.5383986660003757,0.6951062909997745,0.8489155830002346,0.7862884999999551,0.21098345900009008,0.24956791700014946,0.14255795899998702,0.24624933399991278,0.21702600000025996,0.15915633300028276,0.08866079100016577,0.03968170899997858,0.009590167000169458,0.0034128749998671992,0.0002384579997851688,0.00019287500026621274,0.00015604099962729379,0.0001999999999497959,0.0,0.0,0.0,0.0,0.0,0.0,0.0,0.0,0.0,0.0,0.0,0.0,0.0,0.0,0.0,0.0,0.0,0.0,0.0,12.639286792000803
83,0.10637375000032989,0.2528399999996509,0.32623583399981726,0.33361087499997666,0.7713441250002688,0.5869729999999436,1.0577245840004252,1.8016216249998251,0.9113003749998825,0.7493903750000754,0.29433000000017273,0.6460978330001126,0.5699722499998643,0.5460265409997191,0.6977965830001267,0.8460086249997403,0.7837401250003495,0.20906166700024187,0.2482484580000346,0.14192429200011247,0.2439363329999651,0.21674483400011013,0.16065074999960416,0.0884512919997178,0.03999029199985671,0.009520958999928553,0.0034396249998280837,0.0002362919999541191,0.00020995799968659412,0.00014241700000638957,0.0002017080000769056,0.0,0.0,0.0,0.0,0.0,0.0,0.0,0.0,0.0,0.0,0.0,0.0,0.0,0.0,0.0,0.0,0.0,0.0,0.0,12.644145376999404
84,0.1062883330000659,0.2474284580002859,0.32116404199996396,0.3283127079998849,0.7710371670000313,0.5855920829999377,1.0575465829997484,1.775267791999795,0.9119318749999366,0.7619596670001556,0.2991557499999544,0.6443262080001659,0.5697874580000644,0.5390830420001294,0.6969844169998396,0.8477375410002423,0.7949657909998677,0.2088173749998532,0.24802720899970154,0.1419065000000046,0.2438569579999239,0.21675404100005835,0.1585997080001107,0.08877816700032781,0.03988275000028807,0.0095456250001007,0.0034076670003742038,0.00023804100010238471,0.00019370800009710365,0.0001422919999640726,0.00019829100028800895,0.0,0.0,0.0,0.0,0.0,0.0,0.0,0.0,0.0,0.0,0.0,0.0,0.0,0.0,0.0,0.0,0.0,0.0,0.0,12.618917247001264
85,0.10731183300003977,0.24779966699998113,0.3212897920002433,0.3279437919995871,0.7831139999998413,0.5852098330001354,1.0561879169999884,1.773137958999996,0.9125238750002609,0.760302416000286,0.2991762920000838,0.6458013750002465,0.5697980420000022,0.5369591670000773,0.6944246250000106,0.8548803749999934,0.7843532500000947,0.20896600000014587,0.24825579100024697,0.14186195899992526,0.2440073749999101,0.21628087499993853,0.1587645419999717,0.08862875000022541,0.04002124999988155,0.00955500000009124,0.0034012090000032913,0.00023745800035612774,0.00019366699962120038,0.0001436249999642314,0.0001980420001927996,0.0,0.0,0.0,0.0,0.0,0.0,0.0,0.0,0.0,0.0,0.0,0.0,0.0,0.0,0.0,0.0,0.0,0.0,0.0,12.620729753001342
86,0.10621491599977162,0.2476480000000265,0.32103925000001254,0.32746079200023814,0.7696456250000665,0.590553459000148,1.073165667000012,1.771173292000185,0.9162954169996738,0.753914542000075,0.2947562500003187,0.648369915999865,0.579975000000104,0.5398116250003113,0.7059800829997585,0.8456337919997168,0.7886974589996498,0.20919929199999387,0.2524639580001349,0.14177562499980922,0.2484810410001046,0.21995591699987926,0.16117670799985717,0.08979866599975139,0.040208500000062486,0.009676709000359551,0.0034512499996708357,0.00024120899979607202,0.00019795900016106316,0.00014916700001776917,0.00020074999974895036,0.0,0.0,0.0,0.0,0.0,0.0,0.0,0.0,0.0,0.0,0.0,0.0,0.0,0.0,0.0,0.0,0.0,0.0,0.0,12.65731183599928
87,0.1078936670000985,0.24940145899972777,0.32538229099964155,0.3327526250000119,0.7697582920000059,0.5860461249999389,1.0526292079998711,1.7724787080001079,0.9112151659996925,0.7503147910001644,0.29547904199989716,0.6510468340002262,0.569695541999863,0.5386926249998396,0.7062979160000395,0.8466892910000752,0.7845993749997433,0.21137454199970307,0.24788437500001237,0.1417946250003297,0.24341279200007193,0.21712916699971174,0.15878812500022832,0.08829637500002718,0.0395520420001958,0.009520332999727543,0.00338724999983242,0.00023612500035596895,0.00019295799984320183,0.00014325000029202783,0.00019712500034074765,0.0,0.0,0.0,0.0,0.0,0.0,0.0,0.0,0.0,0.0,0.0,0.0,0.0,0.0,0.0,0.0,0.0,0.0,0.0,12.612282040999617
88,0.10632404100033455,0.24668024999982663,0.32586887500019657,0.3324064590001399,0.7829205839998394,0.5840877919999912,1.0516217920003328,1.775391749999926,0.9287750829998913,0.7602443749997292,0.29892937499971595,0.6441181250002046,0.5713284170001316,0.5413272499999948,0.6958779999999933,0.8602554160002001,0.7976974999996855,0.21165079200000037,0.24842633399975966,0.1420168339996053,0.2442325830002119,0.21658629099965765,0.15918545800013817,0.08843354200007525,0.03969129199958843,0.00953354200009926,0.003418541999963054,0.0002397080002083385,0.0001943330003086885,0.00016025000013542012,0.00019833300029858947,0.0,0.0,0.0,0.0,0.0,0.0,0.0,0.0,0.0,0.0,0.0,0.0,0.0,0.0,0.0,0.0,0.0,0.0,0.0,12.667822918000184
89,0.10618187499994747,0.24680875000012747,0.32103854200022397,0.32917795799994565,0.7706091669997477,0.5953510419999475,1.0554162079997695,1.7738287079996553,0.9136989579997135,0.7544096669998908,0.2994794579999507,0.6548442919997797,0.5770576670001901,0.5371666669998376,0.6933300830000917,0.8477654170001188,0.7896547919999648,0.2127333749999707,0.2535317919996487,0.14410404199998084,0.2481568339999285,0.21968504100004793,0.16110787499974322,0.08971199999996315,0.04027108299987958,0.009703459000320436,0.0034616249999999127,0.00023987499980648863,0.00019570799986468046,0.00014645800001744647,0.00020120900035180966,0.0,0.0,0.0,0.0,0.0,0.0,0.0,0.0,0.0,0.0,0.0,0.0,0.0,0.0,0.0,0.0,0.0,0.0,0.0,12.649069626998426
90,0.10781375000033222,0.246380708000288,0.3203647919999639,0.328477374999693,0.7740392499999871,0.5850453329999254,1.0522750420000193,1.7713641669997742,0.9256241670000236,0.7501800000000003,0.3054516249999324,0.6464510840000912,0.5689029999998638,0.5455917499998577,0.6972856669999601,0.8478624999997919,0.7845363339997675,0.2091080420000253,0.24845554200010156,0.14207658399982392,0.24374212500015346,0.2166178749998835,0.16137837499991292,0.08980008300022746,0.04024058300001343,0.009716499999740336,0.003448458000093524,0.00024208399963754346,0.00019770800008700462,0.0001447919999009173,0.00020070900018254179,0.0,0.0,0.0,0.0,0.0,0.0,0.0,0.0,0.0,0.0,0.0,0.0,0.0,0.0,0.0,0.0,0.0,0.0,0.0,12.623016003999055
91,0.1079573340002753,0.25076216600018597,0.32051220800030933,0.33098599999993894,0.7852359580001576,0.5840338329999213,1.0565660000002026,1.7806503749998228,0.9261839579999105,0.7631105000000389,0.2943801250003162,0.6487448339998991,0.5699644579999585,0.5378551250000783,0.6951081669999439,0.8528102909999689,0.7847436249999191,0.20995295800003078,0.2487694169999486,0.1423082919995977,0.24373745899993082,0.21665016700035267,0.1593569159999788,0.08874541599971053,0.039611874999991414,0.009522042000298825,0.003411583999877621,0.00023708300022917683,0.00019925000015064143,0.00014287500016507693,0.00019804099974862766,0.0,0.0,0.0,0.0,0.0,0.0,0.0,0.0,0.0,0.0,0.0,0.0,0.0,0.0,0.0,0.0,0.0,0.0,0.0,12.652448332000858
92,0.10633949999964898,0.24667950000002747,0.3231132500000058,0.3285885000000235,0.7704622079995715,0.5875134160000925,1.0538665419999234,1.7764067919997615,0.9114261669992629,0.7604226249995918,0.2996250840005814,0.6558572499998263,0.5706762499994511,0.5381155000004583,0.6977505840004596,0.8526847080001971,0.7942197089996625,0.21219291600027645,0.2482850829992458,0.1425907909997477,0.24476566699922842,0.2171465840001474,0.15933229199981724,0.08925141700001404,0.03974945799927809,0.009549708999657014,0.0034051250004267786,0.00023800000053597614,0.00019654200059449067,0.00014433300020755269,0.00019862499993905658,0.0,0.0,0.0,0.0,0.0,0.0,0.0,0.0,0.0,0.0,0.0,0.0,0.0,0.0,0.0,0.0,0.0,0.0,0.0,12.640794126997662
93,0.10649700000067241,0.24799762499969802,0.3225553749998653,0.3294334579995848,0.7768842919995222,0.5849717080000119,1.0557853330001308,1.7767044590000296,0.9194572500000504,0.7498633329996665,0.2945753750000222,0.655013957999472,0.5691992080001,0.5379386250006064,0.6963679999998931,0.8479092910001782,0.7838195000003907,0.20941345800019917,0.24786508299985144,0.14177699999981996,0.24418362500000512,0.21630487500078743,0.15932633300053567,0.08859570799995709,0.03970170899992809,0.009573958000146376,0.0033997079999608104,0.0002358329993512598,0.0001920830000017304,0.0001441670001440798,0.00021216700042714365,0.0,0.0,0.0,0.0,0.0,0.0,0.0,0.0,0.0,0.0,0.0,0.0,0.0,0.0,0.0,0.0,0.0,0.0,0.0,12.61589949700101
94,0.10643008300030488,0.24695537499974307,0.32073537499945814,0.3289526670005216,0.7729133749999164,0.5875223339999138,1.0540485410001565,1.804171791999579,0.9134674169999926,0.7496799579994331,0.2943080420000115,0.645946417000232,0.5743475420003961,0.5381836250007836,0.6941639169999689,0.848346415999913,0.7846874169999865,0.20904645799964783,0.24870712499978254,0.1420283749994269,0.24395641700084525,0.21668570800011366,0.16148079100003088,0.08843504100059363,0.03967300000022078,0.0095438340003966,0.003394375000425498,0.00023599999985890463,0.00019108299966319464,0.00015233399972203188,0.00020049999966431642,0.0,0.0,0.0,0.0,0.0,0.0,0.0,0.0,0.0,0.0,0.0,0.0,0.0,0.0,0.0,0.0,0.0,0.0,0.0,12.628591334000703
95,0.1066396669993992,0.24721599999975297,0.3208394169996609,0.32866658399962034,0.7717945000003965,0.5843258749991946,1.0562298750000991,1.7770727499992063,0.9258431250000285,0.7596924170002239,0.2942507919997297,0.6453295829996932,0.5691032919994541,0.5374312499998268,0.699301500000729,0.8591848330006542,0.7845967920002295,0.20965799999976298,0.24871379199976218,0.14187016599953495,0.24374837499999558,0.2166033339999558,0.1590245839997806,0.08874504100003833,0.040360416999646986,0.009715291000247817,0.0034830419999707374,0.00024575000043114414,0.0001960419995157281,0.0001512079998065019,0.00019999999949504854,0.0,0.0,0.0,0.0,0.0,0.0,0.0,0.0,0.0,0.0,0.0,0.0,0.0,0.0,0.0,0.0,0.0,0.0,0.0,12.630233293995843
96,0.10640312499981519,0.2467718750003769,0.3204009999999471,0.3320359589997679,0.7693829999998343,0.5841182500007562,1.0528655830003117,1.7746222079995277,0.9146626669999023,0.7614583330005189,0.29929591699965385,0.6460567080002875,0.5688524579991281,0.537581458999739,0.6966611669995473,0.8484873749994222,0.7979175829996166,0.21288304200061248,0.25226691700027004,0.14432529199984856,0.24748179100060952,0.21657274999961373,0.15930454200042732,0.0886212079994948,0.03962441699968622,0.009517958000287763,0.0034370410003248253,0.0002365829996051616,0.00021520800055441214,0.0001446249998480198,0.00019866699949488975,0.0,0.0,0.0,0.0,0.0,0.0,0.0,0.0,0.0,0.0,0.0,0.0,0.0,0.0,0.0,0.0,0.0,0.0,0.0,12.63240470799883
97,0.10616066600050544,0.24668383300013375,0.32148750000033033,0.3280786249997618,0.7711979170007908,0.5945496250005817,1.0558759169998666,1.7745122910000646,0.9154449170000589,0.7514627919999839,0.29412670900001103,0.6444469159996515,0.5684582090007098,0.5451885000002221,0.6964649169995027,0.8592759169996498,0.7881793330006985,0.2092028749993915,0.25004033299956063,0.14199537500007864,0.24379975000010745,0.21623362499940413,0.15963858299983258,0.08926216700001532,0.040187582999351434,0.009692750000795058,0.0034506669999245787,0.00024391600072704023,0.00020070899972779443,0.00014441700022871373,0.00020087499979126733,0.0,0.0,0.0,0.0,0.0,0.0,0.0,0.0,0.0,0.0,0.0,0.0,0.0,0.0,0.0,0.0,0.0,0.0,0.0,12.62588820900146
98,0.1076436659996034,0.2504803339998034,0.32467074999931356,0.32752895899920986,0.7694265410000298,0.5843817499999204,1.0518437919999997,1.7728477919999932,0.913416084000346,0.7492571249995308,0.2940336660003595,0.6501165420004327,0.5688767499996175,0.5372587080000812,0.7058939589996953,0.8637781659999746,0.7874908330004473,0.20957354199981637,0.24969475000034436,0.14404954200017528,0.24692274999961228,0.21985241699985636,0.16164904099969135,0.08996441599992977,0.040218124999228166,0.009695540999928198,0.0034460829992895015,0.00024012499943637522,0.00019745800000237068,0.00014695800018671434,0.00020095800027775113,0.0,0.0,0.0,0.0,0.0,0.0,0.0,0.0,0.0,0.0,0.0,0.0,0.0,0.0,0.0,0.0,0.0,0.0,0.0,12.634797122996133
99,0.10725216700029705,0.24692325000069104,0.32167124999978114,0.32783041699985915,0.7721374169996125,0.5941613339991818,1.051778624999315,1.7747703330005606,0.9148360839999441,0.7506967910003368,0.2957615830000577,0.6546551250003176,0.5786454999997659,0.5453906659995482,0.69907670900011,0.8472654170000169,0.7994484999999258,0.21190566699988267,0.24829083300028287,0.14217187499980355,0.24746620899986738,0.22113899999931164,0.16105887499998062,0.08983183300006203,0.04022833300041384,0.009693874999356922,0.0034443340000507305,0.00024212500011344673,0.0001996669998334255,0.00014570800067303935,0.00019995899947389262,0.0,0.0,0.0,0.0,0.0,0.0,0.0,0.0,0.0,0.0,0.0,0.0,0.0,0.0,0.0,0.0,0.0,0.0,0.0,12.658319460998428
100,0.10854704099983792,0.24735383299957903,0.32264904099974956,0.32872712500011403,0.7716732090002552,0.5892977920002522,1.0529341659994316,1.7746266659996763,0.912856124999962,0.7535697909997907,0.29439787499995873,0.6564032920005047,0.579181250000147,0.5385149170006116,0.6942110829995727,0.8486746249991484,0.7890065419996972,0.2097425829997519,0.2524359999997614,0.14234470800056442,0.24418208299994149,0.216936374999932,0.15943975000027422,0.08868875000007392,0.03963837500032241,0.009547083999677852,0.0033928749999176944,0.00023641600000701146,0.00019154100027662935,0.0001437500004612957,0.00019795799926214386,0.0,0.0,0.0,0.0,0.0,0.0,0.0,0.0,0.0,0.0,0.0,0.0,0.0,0.0,0.0,0.0,0.0,0.0,0.0,12.629742620998513

total time per move x,11.88448270200103, 18.677152044999314, 38.67600796899832, 35.710757838995484, 58.41026641900116, 89.85244004899968, 109.42679016499912, 131.494480790998, 94.62002737399845, 91.20993646000072, 55.031259333001266, 83.02091075499817, 74.18556212400087, 59.514977834001776, 68.28057371099993, 52.348145038998425, 59.953320543999524, 22.933582956000137, 28.800802040996793, 21.917452167999954, 19.27856675500012, 19.119538133997253, 15.973609367999615, 11.177759413001148, 3.5778084119998326, 1.316900414000358, 0.19057921299941682, 0.028772413998240154, 0.024555704001038237, 0.24986216700072106, 0.03855053699709998, 0.0032570810013368146, 0.0, 0.0, 0.0, 0.0, 0.0, 0.0, 0.0, 0.0, 0.0, 0.0, 0.0, 0.0, 0.0, 0.0, 0.0, 0.0, 0.0, 0.0, 1276.928687929984
number move x executed,100,100,100,100,100,100,100,100,100,100,100,100,100,100,100,100,100,100,100,100,100,100,100,100,100,100,100,100,100,100,100,50,0,0,0,0,0,0,0,0,0,0,0,0,0,0,0,0,0,0,100
average time per move x,0.1188448270200103,0.18677152044999315,0.3867600796899832,0.3571075783899548,0.5841026641900116,0.8985244004899968,1.0942679016499912,1.3149448079099801,0.9462002737399845,0.9120993646000072,0.5503125933300127,0.8302091075499817,0.7418556212400087,0.5951497783400178,0.6828057371099994,0.5234814503899843,0.5995332054399952,0.22933582956000137,0.2880080204099679,0.21917452167999954,0.1927856675500012,0.19119538133997252,0.15973609367999614,0.11177759413001148,0.035778084119998325,0.01316900414000358,0.0019057921299941683,0.00028772413998240154,0.00024555704001038236,0.0024986216700072107,0.0003855053699709998,6.514162002673628e-05,0.0,0.0,0.0,0.0,0.0,0.0,0.0,0.0,0.0,0.0,0.0,0.0,0.0,0.0,0.0,0.0,0.0,0.0,12.769286879299841
